0 1 2 48 56 80 81 82 83 84 85 86 87 88 89 90 91
4 6 11 49 56 94 95 100 101 106 110 112 113 116 119 120 122
7 9 10 51 56 93 96 97 103 104 105 108 114 117 123 124 127
3 5 8 50 56 92 98 99 102 107 109 111 115 118 121 125 126
25 26 27 48 72 108 109 110 128 130 131 132 133 134 135 136 137
28 29 31 48 73 107 113 114 129 141 144 146 151 155 157 158 161
24 33 34 48 74 105 112 115 138 142 145 148 149 152 154 160 163
30 32 35 48 75 104 106 111 139 140 143 147 150 153 156 159 162
16 18 20 48 78 95 97 102 236 239 241 244 246 252 260 263 271
19 21 23 48 76 93 99 101 237 238 247 250 255 258 259 267 268
12 14 15 48 77 94 96 98 240 243 251 256 262 264 266 269 270
13 17 22 48 79 92 100 103 242 245 248 249 253 254 257 261 265
14 19 22 51 78 82 115 116 130 144 153 181 189 193 203 214 230
15 20 23 51 79 88 109 119 129 150 154 173 175 191 211 217 227
16 17 21 51 77 87 107 120 134 138 159 169 180 184 201 210 233
12 16 19 50 79 89 110 123 145 151 162 171 176 183 206 207 228
13 15 21 50 78 83 112 117 128 139 146 185 188 198 205 229 231
14 18 21 49 79 85 108 121 140 152 158 164 166 196 213 220 225
15 16 22 49 76 86 104 126 132 141 149 170 195 197 204 219 222
13 19 20 49 77 84 114 125 131 156 163 168 179 182 200 216 224
14 17 20 50 76 81 106 127 133 148 161 165 172 192 215 218 234
12 17 23 49 78 91 105 118 136 143 155 178 186 187 209 221 223
18 22 23 50 77 80 113 124 137 142 147 167 177 190 202 232 235
12 13 18 51 76 90 111 122 135 157 160 174 194 199 208 212 226
26 29 30 50 74 91 97 116 175 184 199 220 222 224 243 248 268
28 30 33 49 72 88 92 123 167 188 192 210 214 226 256 259 263
24 29 32 51 72 89 100 121 168 178 195 205 218 235 247 251 271
31 34 35 50 72 85 103 119 169 181 194 200 209 219 241 255 270
26 31 33 51 75 81 101 126 166 182 187 207 229 232 236 249 266
25 28 35 51 74 83 95 118 164 179 197 202 215 228 261 267 269
24 27 28 50 75 86 93 122 173 180 193 213 216 221 240 257 260
25 32 33 50 73 84 96 120 174 189 191 204 223 225 237 242 244
25 29 34 49 75 90 99 127 171 177 185 201 203 211 246 262 265
24 26 35 49 73 87 98 124 172 176 198 212 217 230 245 252 258
27 31 32 49 74 82 102 117 165 183 190 208 227 233 238 254 264
27 30 34 51 73 80 94 125 170 186 196 206 231 234 239 250 253
9 15 32 55 61 90 107 116 131 142 192 196 207 221 241 258 261
10 13 31 53 67 87 109 116 140 145 177 195 223 234 256 260 267
7 21 27 54 62 88 111 116 141 148 176 182 209 235 244 265 269
9 19 28 52 57 87 111 119 133 149 187 190 225 231 248 262 271
11 17 32 52 59 86 108 125 129 145 188 199 203 232 252 255 269
8 15 26 52 68 89 113 127 138 156 164 189 209 226 238 253 260
10 14 25 52 65 88 107 122 147 163 183 186 205 219 236 245 268
7 22 35 52 60 90 109 120 151 152 165 178 216 229 239 243 259
4 23 31 52 58 84 104 121 135 148 184 185 206 230 240 261 263
3 21 29 52 66 80 106 123 132 160 179 193 217 223 241 254 266
6 12 27 52 64 85 114 126 142 159 175 198 214 218 242 246 267
5 13 30 52 63 81 110 124 154 158 181 197 201 221 244 247 264
8 18 32 54 57 81 112 123 136 144 170 184 211 216 245 267 270
11 15 34 53 57 91 114 121 134 147 172 193 208 228 244 249 259
3 22 33 54 64 83 110 127 129 140 169 186 208 224 240 258 271
4 14 30 55 67 86 114 118 137 138 176 194 211 229 237 254 271
6 20 35 54 66 86 105 121 130 146 174 190 201 207 253 256 268
3 20 27 53 60 89 112 124 153 155 166 199 210 219 237 261 262
5 16 31 55 65 80 112 127 130 143 168 175 212 225 257 259 269
10 16 30 54 58 90 115 119 128 155 172 179 213 232 238 242 251
3 12 35 55 62 81 113 117 134 163 191 195 203 213 248 250 263
9 17 34 54 68 82 109 122 158 162 168 198 202 222 237 263 266
8 19 34 55 59 83 106 124 135 141 173 178 220 233 236 242 256
6 21 33 55 60 91 104 125 133 157 171 181 202 227 245 251 260
8 17 28 53 61 80 110 117 150 152 182 194 204 230 246 251 268
5 14 24 53 58 83 113 123 131 159 174 187 222 227 239 255 265
4 13 24 54 65 91 108 126 150 151 167 189 215 233 241 250 262
4 16 25 53 63 85 105 125 139 144 165 173 226 235 248 258 266
11 19 26 54 61 85 104 118 160 161 177 191 205 210 239 257 264
6 22 29 53 62 84 108 118 154 162 180 192 212 231 236 238 270
5 23 25 54 67 89 106 117 149 157 180 196 200 214 243 249 252
7 20 29 55 64 87 115 122 136 139 164 167 204 206 249 255 264
11 18 28 55 68 84 105 126 128 153 169 183 217 234 243 247 265
9 18 26 53 59 88 115 120 143 146 171 197 200 218 240 250 254
10 23 24 55 63 82 111 120 132 161 166 188 224 228 246 253 270
7 12 33 53 66 82 107 119 137 156 170 185 215 220 247 252 257
5 7 11 48 69 202 207 211 213 218 219 223 224 226 230 231 233
6 8 10 48 70 200 203 206 208 210 215 217 221 222 225 229 235
3 4 9 48 71 201 204 205 209 212 214 216 220 227 228 232 234
0 20 33 52 62 93 98 100 128 143 144 177 194 196 222 228 233
2 18 34 52 61 92 96 101 130 139 155 176 180 195 215 224 227
1 16 24 52 67 94 99 103 136 146 153 182 191 192 202 208 220
2 17 26 55 57 93 94 102 140 151 154 174 179 185 214 219 235
1 13 25 55 58 97 98 101 129 152 162 170 190 193 209 210 218
0 12 29 54 60 101 102 103 131 138 147 173 188 197 225 230 234
1 23 30 53 65 96 100 102 133 141 160 164 169 198 203 207 216
2 19 32 53 68 95 98 103 132 148 157 167 175 186 201 213 229
0 22 27 55 66 95 96 99 145 150 158 172 184 187 200 205 226
1 14 31 54 63 92 93 95 134 142 156 171 178 199 204 217 231
0 21 35 53 64 92 94 97 135 149 161 168 183 189 211 221 232
2 15 28 54 59 97 99 100 137 159 163 165 166 181 206 212 223
2 4 7 50 70 129 134 153 160 168 187 196 197 238 245 246 256
1 6 9 50 69 135 138 144 150 166 179 186 195 252 259 264 265
2 5 6 51 71 136 141 152 156 172 177 183 188 237 240 241 248
0 5 9 49 70 137 139 148 151 169 191 193 199 236 251 253 267
0 10 11 50 71 130 154 157 159 164 170 178 182 254 258 262 263
1 7 8 49 71 128 145 147 161 174 175 180 181 250 261 266 271
0 4 8 51 69 132 140 155 163 171 190 192 198 243 244 255 257
1 3 11 51 70 131 143 149 158 165 167 176 185 242 260 268 270
2 3 10 49 69 133 142 146 162 173 184 189 194 239 247 249 269
83 102 105 116 132 156 158 180 191 194 206 218 232 245 259 262 272
91 95 115 117 129 135 159 176 177 192 216 219 225 247 253 266 272
85 100 109 123 138 153 157 172 185 190 204 221 224 236 250 269 272
80 98 114 120 136 140 149 173 181 199 205 207 215 238 263 265 272
82 97 112 118 133 147 151 182 195 196 201 217 226 240 242 255 272
84 94 107 124 130 150 160 165 171 188 209 213 222 249 267 271 272
88 103 110 121 139 142 161 170 179 187 203 212 233 237 243 260 272
81 99 104 122 131 152 155 169 175 189 228 231 235 252 254 256 272
86 101 111 127 134 144 154 167 183 198 200 220 223 239 251 261 272
89 92 108 119 141 143 163 174 184 193 202 229 234 246 258 264 272
90 93 106 126 137 145 146 164 168 186 210 227 230 244 248 270 272
87 96 113 125 128 148 162 166 178 197 208 211 214 241 257 268 272
52 53 54 55 56 69 70 71 72 73 74 75 76 77 78 79 272
48 49 50 51 57 58 59 60 61 62 63 64 65 66 67 68 272
22 25 42 56 57 148 155 159 168 188 194 207 217 220 250 260 264
19 35 47 56 65 129 136 142 166 180 185 222 226 234 244 251 254
23 32 46 56 64 128 138 158 171 182 193 212 215 219 239 248 256
13 26 43 56 66 144 147 149 169 178 192 206 213 227 237 246 269
20 24 38 56 61 137 140 157 183 184 197 203 209 231 242 259 266
18 33 39 56 67 134 141 162 165 175 179 205 221 230 253 255 262
17 27 40 56 58 146 156 160 167 181 195 211 225 228 236 243 258
16 34 37 56 62 131 150 161 164 190 199 214 223 229 240 245 247
21 30 36 56 68 130 151 163 173 177 187 204 208 218 252 261 270
15 29 41 56 63 133 152 153 174 176 186 200 232 233 257 263 267
12 31 44 56 59 132 139 154 172 189 196 202 210 216 265 268 271
14 28 45 56 60 135 143 145 170 191 198 201 224 235 238 241 249
12 24 36 57 69 80 92 104 116 128 129 164 165 200 201 236 237
17 33 41 65 71 89 99 114 116 135 139 190 197 213 217 239 270
23 34 43 60 70 81 98 108 116 146 159 179 183 204 226 257 271
20 30 44 57 70 82 103 113 126 135 152 171 180 205 223 258 269
21 31 38 57 71 86 100 115 124 131 162 186 191 215 226 243 246
16 26 46 60 71 82 96 106 121 129 163 167 194 221 231 265 267
22 31 36 61 70 88 97 106 125 136 138 174 198 213 228 247 262
18 27 47 63 71 83 98 104 119 138 151 168 192 203 223 249 268
17 29 47 67 70 85 95 111 124 128 163 170 189 207 227 240 259
13 34 45 64 71 88 93 113 118 132 153 165 184 207 225 251 252
23 28 37 66 71 90 103 112 125 134 140 176 189 218 222 236 264
12 25 38 68 70 87 93 112 121 141 150 181 192 224 232 239 254
17 35 39 63 69 88 96 112 126 131 157 177 193 206 220 238 271
23 26 45 62 69 86 95 107 123 139 152 168 181 208 234 242 262
12 30 42 61 71 84 95 109 127 146 149 166 193 233 235 245 255
18 35 41 58 70 91 100 107 127 132 145 173 182 214 231 237 264
18 29 40 65 69 82 93 110 125 149 159 172 191 209 229 256 261
22 24 44 68 71 85 101 107 117 133 143 179 199 206 211 244 256
20 31 42 68 69 83 99 108 120 147 160 170 176 214 221 248 251
19 29 39 58 71 81 92 105 120 137 150 196 198 208 219 260 269
21 24 42 59 70 90 96 110 118 144 156 175 190 219 234 249 263
14 32 43 62 71 87 97 110 126 155 160 173 185 200 202 253 259
21 25 44 61 69 81 102 114 119 145 153 167 178 212 222 240 253
14 34 46 66 69 84 100 111 117 136 151 175 197 210 232 258 260
19 27 41 67 69 90 97 113 121 143 154 169 188 204 215 245 266
14 26 37 64 70 80 99 105 119 157 162 188 195 216 233 244 261
15 27 39 65 70 84 101 115 123 140 161 178 194 201 202 248 252
19 33 40 63 70 86 94 109 117 147 155 164 184 212 218 241 265
13 28 46 62 70 89 102 104 120 130 142 172 186 211 220 255 266
22 30 38 59 69 89 98 105 122 134 161 182 185 225 227 241 267
20 25 36 59 71 91 94 111 123 142 158 169 195 229 230 238 257
16 28 43 64 69 91 101 109 124 148 156 174 196 203 205 254 270
15 35 40 67 71 80 102 108 122 144 148 171 187 210 224 242 247
15 33 47 58 69 87 103 106 118 130 158 183 199 216 235 246 250
13 32 37 60 69 85 94 115 127 137 141 180 187 217 228 263 268
16 32 45 66 70 83 92 114 122 133 154 166 177 209 230 243 250
3 16 47 59 72 84 93 116 147 152 157 187 198 211 215 253 264
8 20 45 58 75 85 96 116 134 149 151 186 188 202 212 247 254
5 18 42 64 73 86 103 116 133 150 163 178 185 210 228 238 266
3 23 39 57 73 85 97 122 130 145 156 192 197 229 233 251 265
6 16 41 57 75 88 98 117 137 158 160 178 189 224 234 255 261
7 14 47 57 74 89 101 125 132 146 150 169 177 212 221 242 263
6 14 39 68 72 90 102 124 129 139 149 182 184 223 228 250 257
5 19 44 62 72 91 96 122 138 140 146 165 170 217 232 246 261
4 18 36 60 72 87 99 117 154 156 161 186 193 207 222 242 269
10 15 38 64 72 81 95 125 143 151 160 180 190 220 230 237 265
9 20 46 63 72 80 101 118 141 145 159 185 189 208 213 243 245
8 12 37 65 72 86 97 120 148 153 158 177 179 227 231 249 258
11 21 45 67 72 82 98 127 142 150 155 174 197 206 216 236 248
7 23 41 61 72 83 94 126 144 162 163 172 199 201 225 254 260
8 21 43 63 74 84 103 122 129 137 143 172 195 207 214 239 262
10 18 44 66 75 89 94 118 129 131 148 181 198 204 233 248 259
7 13 39 59 75 80 95 121 133 138 155 183 191 214 222 258 270
11 20 43 65 73 90 92 117 132 138 162 181 187 220 235 240 267
9 21 37 58 73 89 95 126 136 147 154 165 194 203 224 256 257
6 23 40 59 74 87 92 127 131 151 153 170 194 205 213 244 266
11 22 37 63 75 87 102 123 135 146 163 175 196 209 215 237 251
5 17 38 60 75 84 97 119 132 142 144 164 176 205 208 250 256
6 13 47 61 73 82 99 123 134 143 148 164 173 219 232 243 271
9 12 43 67 75 83 100 125 130 152 161 167 184 217 219 238 244
3 13 41 68 74 86 96 119 136 159 161 171 196 230 235 236 259
7 16 40 68 73 81 100 118 135 140 142 188 193 200 227 262 268
5 15 36 66 74 85 93 120 135 155 162 167 182 203 234 245 271
10 19 42 60 74 80 100 126 134 139 158 174 192 209 211 240 252
4 19 38 66 73 88 102 127 128 152 159 195 199 202 221 249 270
3 14 40 61 75 91 103 120 128 141 154 168 190 206 226 252 267
11 12 46 58 74 88 99 124 133 140 144 168 180 204 229 241 253
10 17 36 62 73 83 101 121 137 149 153 171 175 216 226 241 264
8 22 46 67 73 91 93 119 131 139 160 166 183 201 218 263 269
4 17 44 64 74 90 98 123 130 141 147 166 191 200 231 247 260
9 22 45 65 74 81 94 121 128 156 157 173 176 210 223 246 255
4 15 42 62 75 82 92 124 136 145 157 169 179 218 225 239 268
10 35 45 57 78 84 99 110 138 141 167 196 199 218 227 257 266
5 33 46 57 77 90 95 108 153 161 173 195 198 206 209 254 268
4 29 37 57 76 83 96 109 142 143 181 182 183 210 213 252 253
9 30 40 62 77 85 99 112 129 132 174 178 183 215 230 249 260
5 27 45 61 76 87 100 105 129 147 171 179 189 220 229 263 270
3 28 38 58 76 82 94 108 138 139 175 177 178 200 207 244 245
10 27 37 68 77 91 92 106 144 152 185 191 197 207 212 255 271
7 26 44 67 76 84 92 112 158 159 173 186 190 203 228 241 251
10 29 46 61 79 86 98 112 135 156 165 169 187 202 214 244 250
8 24 40 60 76 88 95 114 130 162 169 185 196 223 232 248 264
3 34 44 65 79 87 95 104 137 144 174 182 188 218 221 238 243
8 25 39 64 77 82 100 104 146 154 176 187 199 213 234 241 259
7 28 42 65 78 85 98 106 131 154 171 184 195 208 232 237 253
8 31 47 62 79 90 94 105 133 159 167 193 197 205 224 237 252
11 25 41 62 76 80 103 115 151 156 166 184 198 221 227 256 271
3 26 36 63 78 90 100 114 148 150 170 180 183 202 225 255 256
4 27 46 59 78 81 103 107 149 162 164 174 177 217 224 251 259
4 33 45 68 79 80 97 111 131 146 172 178 180 203 219 264 267
8 30 41 66 78 87 101 108 142 157 165 168 191 219 228 240 265
11 31 40 64 78 89 96 111 137 152 173 179 192 201 222 245 250
3 32 42 67 77 88 101 105 135 151 164 172 181 222 231 246 257
5 35 37 59 79 82 101 114 128 160 184 186 192 204 235 260 262
6 32 44 58 78 80 93 109 161 163 169 176 197 220 226 249 262
6 28 36 67 79 81 96 115 132 147 168 185 199 209 233 239 258
5 29 43 68 78 88 94 104 134 145 166 190 194 215 216 242 258
11 24 47 66 77 81 97 109 139 141 171 186 194 214 225 238 261
10 33 43 59 76 85 102 113 136 150 168 176 193 201 231 243 261
7 34 36 58 77 86 102 110 143 157 166 189 192 205 217 248 267
11 30 39 60 79 83 93 107 136 148 189 190 195 200 212 246 266
9 24 41 64 79 84 102 106 134 155 170 177 181 226 229 268 269
6 26 38 65 77 83 103 111 145 155 165 193 196 204 211 247 263
4 35 43 61 77 89 93 115 133 158 170 175 188 208 223 236 265
6 34 42 63 76 89 97 107 128 140 167 187 191 216 230 254 269
9 25 47 60 78 86 92 113 140 160 172 175 182 206 233 247 270
9 31 39 66 76 91 98 110 153 163 164 180 188 211 235 239 242
7 32 38 63 79 91 99 113 130 149 179 194 198 210 234 236 240
2 25 40 66 79 116 124 126 138 143 161 208 216 231 251 255 263
0 28 44 63 77 116 121 127 136 160 162 219 227 229 242 250 252
1 35 46 68 76 116 123 125 137 154 155 205 225 233 240 246 249
1 27 43 57 79 118 120 127 139 157 163 222 230 232 241 247 256
0 34 38 67 78 120 123 126 129 133 156 212 213 235 261 264 268
2 24 39 62 78 119 125 127 135 147 158 204 207 210 243 254 267
1 29 45 59 77 117 119 126 130 140 148 221 226 228 237 239 245
0 26 42 58 79 117 122 125 141 142 153 201 215 223 259 270 271
2 30 47 64 76 117 120 121 131 144 145 202 209 217 236 257 262
2 31 41 60 77 118 122 123 128 149 150 203 218 220 244 253 258
1 33 37 61 78 121 122 124 132 151 159 200 211 234 238 248 269
0 32 36 65 76 118 119 124 134 146 152 206 214 224 260 265 266
0 13 40 57 72 105 106 107 166 175 176 202 203 204 238 239 240
2 22 43 58 72 111 112 114 164 171 191 221 233 234 252 266 268
1 17 42 66 72 104 113 115 173 183 196 212 224 229 244 262 267
0 14 41 59 73 104 109 112 167 179 180 207 208 209 246 247 248
1 19 36 64 75 107 108 112 172 194 197 223 227 235 243 253 263
1 15 44 60 73 105 110 111 168 177 184 213 214 215 236 254 255
0 16 39 61 74 108 111 113 181 185 186 216 217 218 237 249 256
1 18 38 62 74 106 109 114 187 188 189 201 206 219 251 257 258
2 12 45 63 73 106 108 115 169 182 190 205 211 222 259 260 261
0 23 47 68 75 110 114 115 165 174 195 210 220 231 241 245 269
2 21 46 65 75 105 109 113 170 192 199 200 228 230 242 264 271
2 20 37 67 74 104 107 110 178 193 198 225 226 232 250 265 270
37 38 39 48 52 116 117 118 166 167 168 169 170 171 172 173 174
41 44 45 48 54 120 124 125 164 175 183 185 187 192 193 194 195
40 42 43 48 55 119 121 123 165 177 180 182 186 189 197 198 199
36 46 47 48 53 122 126 127 176 178 179 181 184 188 190 191 196
40 44 46 49 52 83 97 115 134 150 157 207 234 235 237 257 270
42 45 47 51 52 91 102 112 137 161 162 200 204 213 256 258 265
36 41 43 50 52 82 95 105 131 140 141 210 211 212 249 250 251
37 41 42 49 53 81 93 111 129 130 138 202 205 206 241 242 243
36 37 40 51 54 84 98 113 133 139 145 219 220 221 246 254 259
38 41 46 51 55 85 92 110 146 147 148 216 222 223 238 252 262
39 43 44 51 53 86 99 106 128 142 151 209 224 225 245 263 264
39 42 46 50 54 87 94 114 132 143 152 203 226 227 236 247 261
38 43 47 49 54 80 96 107 135 153 154 218 228 229 248 255 260
37 44 47 50 55 88 100 108 149 155 156 201 208 230 239 266 267
38 40 45 50 53 90 101 104 136 158 163 214 217 233 253 269 271
36 39 45 49 55 89 103 109 144 159 160 215 231 232 240 244 268
0 3 6 7 15 17 18 19 24 25 30 31 37 43 45 46 272
2 8 9 11 13 14 16 23 27 29 33 35 36 38 42 44 272
1 4 5 10 12 20 21 22 26 28 32 34 39 40 41 47 272
