0 17 18 19 20 21 22 23 24 25 26 27 28 29 30 31 32
0 34 48 103 128 129 130 131 132 133 134 135 136 137 138 139 140
0 35 49 63 77 141 142 143 144 145 146 147 148 149 150 151 152
0 33 50 76 90 153 154 155 156 157 158 159 160 161 162 163 164
0 36 51 64 78 91 104 116 165 177 189 201 213 225 237 249 261
0 46 55 71 89 102 109 119 167 181 197 206 220 230 246 250 264
0 44 62 73 83 92 110 127 176 188 190 210 223 228 239 257 265
0 40 58 66 84 101 115 124 170 178 192 207 218 233 248 252 262
0 37 61 75 86 93 107 125 173 186 193 211 222 227 240 253 266
0 39 57 70 79 99 114 118 169 187 195 204 215 235 242 258 271
0 43 53 74 82 96 113 117 172 182 198 208 219 236 247 251 263
0 38 59 68 88 95 105 122 174 184 196 212 221 226 241 256 270
0 42 60 69 80 94 112 120 175 185 194 209 224 229 238 254 267
0 45 54 65 85 98 108 123 166 180 191 205 216 234 243 260 268
0 47 56 72 81 97 111 121 171 179 200 202 214 232 245 259 272
0 41 52 67 87 100 106 126 168 183 199 203 217 231 244 255 269
1 17 33 34 35 36 37 38 39 40 41 42 43 44 45 46 47
2 17 48 49 50 51 52 53 54 55 56 57 58 59 60 61 62
2 19 34 63 90 91 92 93 94 95 96 97 98 99 100 101 102
2 18 35 76 128 165 166 167 168 169 170 171 172 173 174 175 176
2 20 33 77 103 177 178 179 180 181 182 183 184 185 186 187 188
2 27 41 74 81 112 118 133 146 157 191 207 223 227 246 256 261
2 30 42 72 83 115 125 136 143 161 196 203 219 225 243 250 271
2 26 46 68 78 111 117 132 151 156 192 211 217 234 239 258 267
2 24 45 71 79 110 121 135 147 159 199 201 224 226 247 253 262
2 32 38 65 86 113 127 137 142 164 194 204 218 230 245 249 269
2 23 47 64 87 107 123 129 145 153 195 206 221 229 248 257 263
2 29 37 67 88 109 120 139 144 162 190 202 213 236 242 252 268
2 22 40 73 82 106 116 138 150 160 197 209 214 235 241 260 266
2 31 39 66 85 105 126 131 152 155 200 208 222 228 237 254 264
2 28 44 70 80 104 122 140 141 163 193 205 220 233 244 251 272
2 25 43 75 84 114 119 134 148 154 189 212 216 231 238 259 265
2 21 36 69 89 108 124 130 149 158 198 210 215 232 240 255 270
1 19 48 76 77 78 79 80 81 82 83 84 85 86 87 88 89
1 20 50 63 128 189 190 191 192 193 194 195 196 197 198 199 200
1 18 49 90 103 116 117 118 119 120 121 122 123 124 125 126 127
1 29 61 66 95 111 137 143 163 175 188 206 216 235 247 255 261
1 24 54 75 99 104 131 145 157 171 183 210 218 236 241 250 267
1 31 57 69 98 113 135 146 153 168 179 212 220 225 239 252 266
1 32 59 64 93 114 139 141 161 176 185 208 217 232 246 260 262
1 21 51 67 102 110 132 150 154 170 182 205 221 227 245 254 271
1 25 53 72 101 105 138 151 158 167 177 204 223 229 244 253 268
1 30 60 71 92 106 140 144 164 173 184 207 215 234 237 259 263
1 28 62 74 94 108 136 142 162 174 186 201 214 231 248 258 264
1 22 58 65 96 112 134 149 156 165 181 203 222 226 242 257 272
1 27 52 68 97 115 129 152 159 169 180 209 213 230 240 251 265
1 26 55 70 91 107 130 148 160 172 178 202 224 228 243 256 269
1 23 56 73 100 109 133 147 155 166 187 211 219 233 238 249 270
0 1 2 3 4 5 6 7 8 9 10 11 12 13 14 15 16
4 17 63 76 103 104 105 106 107 108 109 110 111 112 113 114 115
3 17 77 90 128 201 202 203 204 205 206 207 208 209 210 211 212
13 17 67 82 101 121 134 145 161 166 184 194 220 228 240 258 261
16 17 74 86 95 124 139 150 155 165 179 195 224 234 244 250 265
5 17 70 84 96 123 138 147 164 171 185 196 213 227 239 255 264
11 17 65 89 91 118 132 152 163 168 186 190 219 229 241 259 262
7 17 72 78 102 126 130 146 162 169 188 193 218 226 238 260 263
10 17 64 80 92 119 136 151 159 172 183 191 222 235 245 252 270
9 17 69 81 100 127 129 141 160 174 181 192 216 236 237 253 271
14 17 66 83 94 117 140 148 157 167 180 199 221 232 242 249 266
8 17 71 88 93 116 137 149 153 170 187 200 223 231 243 251 267
6 17 73 79 98 120 131 143 158 173 182 189 217 230 248 256 272
12 17 68 85 99 125 135 144 154 175 177 198 214 233 246 257 269
15 17 75 87 97 122 133 142 156 176 178 197 215 225 247 254 268
3 18 33 48 63 64 65 66 67 68 69 70 71 72 73 74 75
4 20 35 48 90 213 214 215 216 217 218 219 220 221 222 223 224
12 24 39 48 98 106 124 148 162 176 181 196 211 229 245 251 261
15 27 47 48 100 108 116 151 164 175 182 193 212 228 242 250 262
8 32 37 48 95 112 126 145 158 172 180 197 201 233 239 259 271
6 31 45 48 99 111 119 149 161 174 178 190 209 227 244 249 263
11 26 36 48 102 115 120 141 155 171 184 191 204 231 247 257 266
9 23 41 48 97 114 117 150 163 173 177 194 210 226 243 252 264
14 28 42 48 92 107 121 146 154 165 187 192 208 230 241 255 268
5 22 43 48 101 109 125 142 159 168 188 195 205 232 237 256 267
7 21 46 48 91 113 122 144 157 166 185 200 203 235 248 253 265
10 30 44 48 94 105 118 147 156 170 179 189 206 236 240 260 269
13 25 40 48 96 104 127 143 153 169 186 199 202 234 246 254 270
16 29 38 48 93 110 123 152 160 167 183 198 207 225 238 258 272
4 19 33 49 128 225 226 227 228 229 230 231 232 233 234 235 236
3 19 35 50 103 237 238 239 240 241 242 243 244 245 246 247 248
10 19 42 62 68 114 123 140 149 155 168 182 197 202 218 253 261
13 19 43 58 64 110 120 138 146 163 174 180 200 211 215 250 269
14 19 44 60 75 111 126 136 150 153 166 181 198 204 213 256 262
16 19 37 59 73 108 118 137 148 159 171 177 192 203 220 254 263
7 19 36 55 74 105 125 132 145 164 176 187 199 209 216 252 272
8 19 38 61 69 106 121 139 151 157 169 178 189 205 219 257 264
6 19 39 54 72 109 116 135 141 156 172 186 194 207 221 255 265
15 19 41 56 65 104 119 129 144 158 170 188 196 208 224 258 266
9 19 47 52 70 113 124 133 143 154 167 184 190 201 222 260 267
11 19 46 51 66 112 127 130 147 161 173 183 195 212 214 251 268
5 19 40 53 71 107 122 134 152 162 175 179 191 210 217 249 271
12 19 45 57 67 115 117 131 142 160 165 185 193 206 223 259 270
4 18 34 50 77 249 250 251 252 253 254 255 256 257 258 259 260
3 20 34 49 76 261 262 263 264 265 266 267 268 269 270 271 272
9 27 34 56 71 87 105 120 148 161 165 186 198 205 218 235 239
14 30 34 62 65 80 109 124 145 160 169 177 200 212 217 227 247
15 23 34 52 66 81 110 125 149 162 172 185 189 204 220 234 241
8 29 34 59 70 86 115 119 146 156 166 182 199 210 214 229 237
11 21 34 55 75 78 106 123 143 159 174 179 194 208 223 233 242
6 24 34 57 74 85 107 127 151 163 170 184 197 203 213 232 238
5 25 34 58 69 82 111 118 144 155 176 183 193 201 221 230 243
13 22 34 53 68 84 108 126 141 157 173 187 190 206 224 225 245
7 26 34 51 73 89 114 121 142 153 175 180 196 207 222 236 244
10 28 34 60 67 83 113 116 152 158 171 178 195 211 216 226 246
16 32 34 61 72 88 104 117 147 154 168 181 191 209 215 228 248
12 31 34 54 64 79 112 122 150 164 167 188 192 202 219 231 240
6 28 40 56 63 86 126 132 159 167 185 212 215 236 243 257 261
8 26 45 60 63 84 127 133 162 168 177 208 221 235 240 250 272
10 21 47 59 63 82 125 131 163 169 181 207 224 231 239 249 268
9 30 36 57 63 88 123 134 157 172 188 211 214 230 244 254 262
11 24 38 58 63 87 117 136 158 175 187 202 220 227 237 260 265
13 27 37 51 63 85 119 140 160 176 179 204 219 226 248 255 267
12 32 46 52 63 80 121 138 155 170 186 210 216 225 242 256 263
14 22 39 61 63 89 122 129 161 171 182 201 223 234 238 252 269
16 25 41 62 63 78 120 135 164 166 178 206 222 232 241 251 271
15 29 43 54 63 83 118 130 153 165 184 209 217 233 245 253 264
5 31 44 55 63 81 116 139 154 173 180 203 218 229 247 258 270
7 23 42 53 63 79 124 137 156 174 183 205 213 228 246 259 266
4 25 38 57 71 80 100 125 130 150 156 171 180 190 208 248 261
4 30 41 58 75 85 91 121 137 141 162 167 182 195 209 239 270
4 26 37 56 74 83 98 122 138 149 154 169 183 194 206 237 262
4 31 43 59 67 78 92 124 129 147 157 175 186 197 204 243 272
4 21 44 54 66 86 97 120 134 151 160 168 187 196 201 246 263
4 29 47 55 69 79 96 126 140 142 161 170 177 191 211 241 265
4 22 42 52 64 88 99 127 132 148 158 166 179 193 207 247 264
4 24 36 62 72 82 95 119 133 152 153 173 185 192 205 242 269
4 28 45 51 68 87 101 118 139 143 164 172 181 200 210 238 266
4 27 40 60 70 89 93 117 135 145 155 174 188 189 203 245 268
4 32 39 53 73 81 102 123 136 144 163 165 178 199 212 240 267
4 23 46 61 65 84 94 116 131 146 159 176 184 198 202 244 271
9 18 44 59 84 102 107 135 142 158 183 200 209 219 234 242 261
16 18 40 51 79 97 109 136 149 157 184 193 208 216 229 239 269
6 18 42 61 78 96 105 133 144 160 180 195 210 220 231 245 262
10 18 46 53 85 100 115 139 148 153 188 194 201 215 227 241 272
5 18 45 56 88 94 106 130 145 163 182 192 204 222 225 246 265
15 18 38 62 89 101 112 131 141 154 179 199 211 213 235 243 263
12 18 37 60 82 91 110 129 143 156 187 191 212 218 232 244 264
11 18 39 52 83 93 111 134 146 164 177 197 205 224 236 248 270
13 18 47 54 80 95 114 132 147 162 178 198 203 223 230 237 266
7 18 41 57 86 92 108 138 152 161 181 189 202 221 233 247 267
8 18 36 58 81 99 113 140 150 159 186 196 206 217 228 238 268
14 18 43 55 87 98 104 137 151 155 185 190 207 214 226 240 271
11 31 41 49 73 88 101 107 140 156 169 185 198 201 216 245 250
12 29 42 49 74 89 100 104 134 159 173 178 200 204 221 239 260
5 24 47 49 68 83 102 112 137 160 166 186 189 208 215 244 252
6 30 37 49 64 84 97 113 130 155 175 181 199 205 223 241 258
16 22 36 49 70 87 92 111 131 162 170 180 194 212 219 246 253
13 23 45 49 69 86 91 105 136 154 171 188 197 207 217 242 251
7 27 39 49 75 80 96 110 139 158 168 184 192 206 214 243 249
8 21 40 49 72 85 94 114 129 164 165 183 190 211 220 247 256
15 32 44 49 71 82 98 115 132 157 174 177 195 202 222 238 255
9 28 38 49 66 78 99 109 138 153 176 182 191 203 224 240 259
14 25 46 49 67 79 93 108 133 163 172 179 196 209 218 237 257
10 26 43 49 65 81 95 106 135 161 167 187 193 210 213 248 254
15 22 33 55 85 93 113 120 136 147 169 192 210 221 244 259 261
7 28 33 61 82 97 112 123 135 148 170 190 204 217 237 250 270
14 24 33 52 86 101 114 116 130 144 174 191 206 219 239 254 272
12 21 33 53 87 95 109 127 140 146 171 189 209 222 243 258 262
9 26 33 58 79 94 104 125 139 152 166 197 212 223 245 255 263
13 32 33 60 78 100 107 118 131 149 167 196 205 214 247 252 265
8 31 33 56 80 102 108 117 134 143 176 195 207 213 241 253 269
6 25 33 51 81 92 115 122 137 145 168 198 211 224 242 260 264
5 30 33 59 89 99 110 126 133 151 165 194 202 216 248 251 266
16 23 33 57 83 96 106 119 132 141 175 200 201 218 240 256 268
11 29 33 62 84 98 105 121 129 150 172 193 203 215 246 249 267
10 27 33 54 88 91 111 124 138 142 173 199 208 220 238 257 271
3 25 39 59 87 94 113 121 132 149 160 173 188 191 213 233 250
3 32 43 57 89 97 105 116 140 143 162 166 183 192 224 227 257
3 21 45 62 81 93 104 126 138 148 156 175 184 195 219 230 252
3 28 36 54 84 100 110 117 137 144 161 169 179 197 222 229 256
3 30 40 52 78 98 112 119 139 142 163 171 187 198 221 228 253
3 27 42 58 86 102 106 122 131 147 153 172 177 190 216 232 258
3 22 41 60 79 95 115 123 130 151 154 176 186 200 220 236 249
3 23 37 55 80 101 111 127 135 152 157 165 182 196 215 231 260
3 31 38 53 83 91 114 120 133 145 159 170 181 193 214 234 255
3 24 44 51 88 96 108 125 129 146 155 167 178 194 217 235 259
3 26 47 61 85 92 109 118 134 150 158 174 185 199 218 225 251
3 29 46 56 82 99 107 124 136 141 164 168 180 189 223 226 254
10 23 38 51 70 76 98 126 134 144 186 192 209 223 232 247 250
15 25 45 61 64 76 102 124 140 152 187 194 203 214 236 239 256
13 29 36 52 73 76 94 122 135 151 181 195 208 218 227 243 259
6 22 47 62 71 76 91 117 139 146 183 196 204 216 233 240 254
16 27 44 53 65 76 99 121 130 143 185 197 211 221 231 237 252
9 21 39 60 74 76 101 119 137 147 180 193 202 217 225 241 257
7 30 43 56 68 76 93 127 131 150 178 191 201 220 229 242 255
12 26 41 59 66 76 96 116 136 145 179 190 205 215 230 238 253
5 28 46 57 75 76 95 120 129 149 177 199 207 219 228 245 260
14 31 37 58 72 76 100 123 132 142 184 189 210 224 235 246 251
8 24 42 55 67 76 97 118 138 141 188 198 212 222 234 248 249
11 32 40 54 69 76 92 125 133 148 182 200 206 213 226 244 258
7 32 45 58 70 83 90 109 129 151 173 179 198 231 241 254 261
12 22 44 56 69 78 90 114 137 152 172 184 199 227 248 250 268
13 28 39 55 65 88 90 115 133 150 175 183 189 232 239 253 263
5 29 41 51 72 80 90 113 131 148 174 187 197 234 240 257 262
6 26 38 52 75 82 90 108 140 147 165 188 200 229 246 252 271
11 30 47 53 67 86 90 104 135 149 176 180 192 235 238 256 264
10 31 40 61 74 87 90 110 130 141 166 177 196 230 242 259 267
14 23 36 59 71 85 90 112 138 143 168 178 193 236 245 258 265
16 24 46 60 64 81 90 105 134 142 169 182 190 233 243 255 266
15 21 42 57 73 84 90 111 139 145 167 186 191 226 237 251 269
8 27 43 62 66 79 90 107 132 144 171 181 194 225 244 260 270
9 25 37 54 68 89 90 106 136 146 170 185 195 228 247 249 272
8 30 46 54 73 87 96 103 152 154 174 193 204 224 232 252 261
14 29 40 57 68 81 91 103 147 158 176 194 205 222 231 250 263
16 28 43 52 69 85 102 103 145 156 173 196 202 223 235 249 262
7 25 47 60 66 88 98 103 141 159 165 197 210 219 227 258 269
10 32 36 56 75 79 101 103 146 160 175 190 203 221 234 251 264
13 21 41 61 71 83 99 103 142 155 172 192 212 213 229 260 272
6 23 44 58 67 89 95 103 148 164 169 191 208 214 225 253 267
9 31 42 51 65 82 93 103 151 162 171 199 206 215 233 256 265
12 27 38 55 72 84 92 103 149 163 166 195 201 217 236 254 266
5 26 39 62 64 86 100 103 143 157 170 198 209 220 226 259 268
15 24 37 53 70 78 94 103 150 161 168 200 207 216 230 257 270
11 22 45 59 74 80 97 103 144 153 167 189 211 218 228 255 271
11 23 43 60 72 77 99 108 122 139 160 170 199 222 230 239 261
13 31 46 62 70 77 97 106 125 137 158 165 191 221 236 238 262
16 26 42 54 71 77 101 113 126 129 163 176 189 214 227 242 270
5 27 36 61 67 77 98 114 127 136 156 167 200 224 233 241 263
7 24 40 59 65 77 100 111 120 140 154 172 195 223 225 240 264
10 22 37 57 66 77 102 104 121 133 164 174 198 217 229 243 265
9 29 45 53 75 77 92 112 116 132 155 169 196 220 232 248 269
8 25 44 52 74 77 91 109 123 131 161 175 192 215 226 245 266
14 21 38 56 64 77 96 115 118 135 162 173 197 216 228 244 267
15 30 39 51 69 77 95 107 117 138 159 166 190 218 231 246 272
6 32 41 55 68 77 94 110 124 134 153 171 193 219 235 237 268
12 28 47 58 73 77 93 105 119 130 157 168 194 213 234 247 271
14 26 35 53 69 88 97 110 119 131 164 186 195 203 233 260 261
9 32 35 62 67 85 96 111 122 130 159 187 189 207 229 250 266
10 25 35 55 73 86 99 112 117 129 162 184 200 205 225 255 262
15 28 35 59 72 79 91 106 127 134 155 180 198 206 227 252 267
16 21 35 58 68 80 98 107 116 133 161 188 199 204 236 259 264
8 22 35 51 75 83 100 105 124 135 163 185 191 202 230 258 263
11 27 35 57 64 82 94 109 126 137 154 178 196 210 234 253 272
12 30 35 61 70 81 101 108 120 132 153 183 197 208 226 249 265
7 31 35 52 71 84 95 104 118 136 160 182 194 211 232 257 268
13 24 35 56 66 89 92 113 123 139 156 177 193 209 231 256 271
5 23 35 54 74 78 93 115 121 140 158 181 190 212 235 254 269
6 29 35 60 65 87 102 114 125 138 157 179 192 201 228 251 270
16 31 47 50 75 89 94 115 127 138 144 172 187 205 217 226 261
8 23 39 50 68 82 92 104 120 130 142 167 179 203 216 227 262
10 24 41 50 69 84 93 109 122 132 143 165 180 204 214 228 263
14 27 45 50 73 78 95 113 125 134 141 170 183 202 215 229 264
15 26 40 50 67 80 99 105 123 137 146 173 181 201 219 232 265
6 21 43 50 70 88 100 112 121 136 152 176 177 206 218 234 266
12 25 36 50 65 83 97 107 126 139 147 174 182 207 220 235 267
5 32 42 50 66 87 91 108 119 135 150 169 184 211 223 236 272
13 30 38 50 74 79 102 111 116 129 148 168 185 210 222 233 268
11 28 37 50 71 81 96 114 124 131 151 166 188 209 221 225 269
7 29 44 50 64 85 101 106 117 133 149 171 186 212 224 230 271
9 22 46 50 72 86 98 110 118 140 145 175 178 208 213 231 270
5 21 37 52 65 79 92 105 117 128 141 153 178 214 238 250 261
7 22 38 54 67 81 94 107 119 128 143 155 177 215 239 251 262
11 25 42 56 70 85 95 110 116 128 142 157 181 217 240 252 263
13 26 44 57 72 87 93 112 124 128 144 159 182 216 241 249 264
14 32 47 51 74 84 99 106 120 128 152 156 188 220 243 253 270
8 28 41 53 64 89 98 111 125 128 147 160 184 218 242 254 265
10 29 39 58 71 78 97 108 127 128 145 154 185 219 244 256 266
16 30 45 55 66 82 100 114 122 128 146 158 186 213 245 257 267
9 24 43 61 73 80 91 115 126 128 149 164 179 221 246 258 268
6 27 46 59 69 83 101 104 123 128 150 162 187 222 247 259 269
12 23 40 62 75 88 102 113 118 128 151 161 180 224 237 255 272
15 31 36 60 68 86 96 109 121 128 148 163 183 223 248 260 271
6 20 36 53 66 80 93 106 118 129 142 154 166 202 226 239 250
9 20 40 55 64 83 95 108 121 131 144 156 168 204 227 238 251
12 20 43 51 71 86 94 111 123 133 141 158 169 203 228 241 252
15 20 46 58 74 88 92 114 126 135 143 160 171 205 229 240 249
5 20 38 60 73 85 97 104 124 132 146 161 172 206 231 242 253
11 20 44 61 68 79 100 113 119 138 145 162 165 207 232 243 254
7 20 37 62 69 87 99 115 116 134 147 163 167 208 234 245 256
8 20 47 57 65 78 101 110 122 136 148 155 173 209 236 246 255
13 20 42 59 75 81 98 109 117 130 152 164 170 201 235 244 257
16 20 39 56 67 84 91 112 125 140 151 153 174 210 230 247 260
10 20 45 52 72 89 96 107 120 137 150 157 176 212 233 237 258
14 20 41 54 70 82 102 105 127 139 149 159 175 211 225 248 259
