0 17 48 49 50 51 52 53 54 55 56 57 58 59 60 61 62
0 19 34 63 90 91 92 93 94 95 96 97 98 99 100 101 102
0 20 35 65 77 127 128 129 130 131 132 133 134 135 136 137 138
0 21 36 67 76 103 174 175 176 177 178 179 180 181 182 183 184
0 18 37 78 112 122 148 152 165 225 229 233 237 242 248 251 252
0 31 42 64 79 105 140 157 163 228 238 240 245 250 259 261 265
0 22 38 70 81 106 118 142 151 164 189 219 220 221 222 223 224
0 29 33 87 110 119 139 159 172 196 201 212 213 239 254 260 266
0 30 46 68 86 113 120 146 153 167 192 197 211 214 232 241 272
0 28 40 69 88 111 121 143 154 171 190 199 200 210 236 243 262
0 26 47 72 83 108 126 145 158 173 187 193 202 218 257 258 267
0 24 39 73 84 114 123 150 162 166 185 204 206 215 234 247 256
0 32 43 75 85 107 124 149 155 168 188 198 205 207 230 235 255
0 25 44 71 80 104 117 141 161 170 191 226 231 246 249 268 269
0 23 45 74 89 109 125 144 160 169 186 194 209 216 227 244 263
0 27 41 66 82 115 116 147 156 195 203 208 217 253 264 270 271
1 17 18 19 20 21 22 23 24 25 26 27 28 29 30 31 32
1 34 48 103 127 139 140 141 142 143 144 145 146 147 148 149 150
1 36 50 63 77 151 152 153 154 155 156 157 158 159 160 161 162
1 35 49 64 76 90 116 117 118 119 120 121 122 123 124 125 126
1 37 51 68 79 92 104 130 164 176 186 200 201 202 203 204 205
1 38 52 69 80 94 105 132 165 175 188 213 214 215 216 217 218
1 33 53 82 96 108 134 167 178 190 194 206 219 228 229 230 231
1 42 54 73 78 91 106 131 170 181 227 235 241 257 260 262 264
1 40 55 71 84 98 109 135 168 179 192 193 208 221 237 238 239
1 46 56 75 83 99 115 136 172 184 185 209 223 226 236 248 250
1 47 57 66 86 97 110 137 183 189 199 207 225 247 259 263 269
1 43 60 67 89 95 114 138 171 187 195 220 240 242 249 266 272
1 44 59 72 81 93 112 129 163 177 232 243 244 253 254 255 256
1 41 62 74 87 100 113 133 173 180 191 198 210 222 234 252 265
1 45 61 70 85 101 111 128 166 182 196 211 246 251 261 267 271
1 39 58 65 88 102 107 169 174 197 212 224 233 245 258 268 270
2 17 33 34 35 36 37 38 39 40 41 42 43 44 45 46 47
4 17 63 78 116 128 139 163 174 185 186 187 188 189 190 191 192
5 17 64 82 95 107 133 142 153 166 177 193 200 213 225 226 227
12 17 71 85 94 103 120 129 159 171 203 209 222 229 245 247 257
11 17 70 88 100 105 117 127 162 183 202 208 230 244 248 260 272
3 17 87 90 115 135 148 157 182 194 204 207 218 220 241 243 268
9 17 66 81 101 109 122 132 143 158 180 197 201 206 235 249 250
8 17 73 76 93 113 130 149 154 172 195 216 221 231 251 258 259
13 17 67 84 91 110 126 134 141 160 164 214 236 252 255 261 270
7 17 68 83 102 111 118 131 144 156 165 178 198 239 240 256 269
15 17 65 89 96 104 124 146 152 173 181 199 215 223 238 254 271
10 17 69 86 99 112 125 138 145 161 168 176 196 224 228 234 264
6 17 75 80 92 108 119 137 150 151 169 179 211 242 253 262 265
16 17 72 79 98 106 123 136 147 155 167 175 210 233 246 263 266
14 17 74 77 97 114 121 140 170 184 205 212 217 219 232 237 267
2 19 48 76 77 78 79 80 81 82 83 84 85 86 87 88 89
2 20 49 63 103 104 105 106 107 108 109 110 111 112 113 114 115
2 21 50 66 90 127 163 164 165 166 167 168 169 170 171 172 173
2 18 51 91 117 129 140 151 175 185 193 194 195 196 197 198 199
2 22 52 64 93 131 141 152 176 187 206 207 208 209 210 211 212
2 29 53 71 100 126 137 147 153 184 186 215 224 235 240 243 251
2 31 54 74 92 118 132 148 161 177 192 230 236 247 258 266 271
2 30 56 70 97 116 133 145 159 178 204 216 233 238 249 255 262
2 26 57 73 99 119 134 146 156 180 188 200 220 237 244 245 246
2 24 58 68 98 124 138 143 160 182 191 213 219 248 253 257 259
2 28 55 67 102 125 128 150 155 202 217 222 225 231 241 250 254
2 32 60 65 101 123 144 154 179 189 203 218 226 228 232 252 260
2 23 61 72 95 121 135 149 162 174 201 214 223 229 264 265 269
2 25 59 75 94 122 130 142 157 181 190 234 239 263 267 270 272
2 27 62 69 96 120 136 139 158 183 205 221 227 242 256 261 268
3 18 33 48 63 64 65 66 67 68 69 70 71 72 73 74 75
14 31 35 48 99 104 154 166 183 187 194 214 222 233 235 239 253
12 21 43 48 93 111 119 132 153 185 202 219 238 252 263 264 268
4 29 37 48 90 105 138 156 179 197 210 223 227 231 247 255 267
9 28 38 48 95 115 126 129 152 169 178 192 205 234 246 259 260
5 22 41 48 101 114 120 134 157 168 175 186 248 254 258 262 269
11 20 40 48 96 123 161 163 184 198 201 211 216 220 225 257 270
10 26 46 48 97 107 117 128 160 165 181 203 206 221 243 265 266
7 23 47 48 98 112 116 130 151 171 180 212 215 226 230 241 261
16 27 42 48 102 113 124 137 162 164 177 190 196 209 218 237 249
8 32 36 48 94 110 121 131 167 191 193 204 224 242 244 250 271
13 25 39 48 92 106 125 133 158 172 182 188 199 208 229 232 240
15 30 45 48 100 108 122 135 155 170 176 189 195 213 236 245 256
6 24 44 48 91 109 118 136 159 173 174 200 207 217 228 251 272
3 19 41 49 128 140 152 172 179 200 214 224 230 249 256 257 263
8 19 35 59 71 115 144 162 173 176 188 197 219 225 261 262 266
4 19 42 50 65 112 119 147 182 193 205 206 216 222 236 269 272
6 19 38 51 73 107 116 135 143 161 167 183 209 240 252 254 267
14 19 37 57 72 103 118 133 160 168 190 195 211 215 250 260 268
7 19 46 58 64 109 137 139 154 170 175 202 220 229 234 255 271
12 19 45 52 75 114 126 127 156 177 191 199 201 221 228 233 241
5 19 44 60 70 110 124 130 150 158 165 184 192 194 210 245 264
9 19 33 61 105 125 136 141 153 171 181 189 198 204 237 253 258
15 19 39 53 67 113 121 132 145 151 163 203 207 227 239 246 248
13 19 40 54 66 104 120 138 142 155 178 185 212 218 244 251 265
10 19 47 56 74 111 123 129 146 157 164 174 208 213 231 235 242
11 19 36 62 68 106 122 134 149 169 187 196 217 226 238 243 247
16 19 43 55 69 108 117 131 148 159 166 180 186 223 232 259 270
4 27 34 49 67 79 135 159 165 199 211 219 226 234 235 244 258
3 31 34 50 82 110 122 138 174 198 202 209 215 221 232 246 262
14 21 34 56 71 78 107 125 134 151 201 210 218 256 259 271 272
16 18 34 58 85 114 119 130 161 173 178 189 208 214 227 243 250
13 22 34 51 72 88 115 124 128 153 170 180 216 228 239 242 247
10 30 34 57 64 83 106 132 162 171 179 191 194 205 251 254 270
8 23 34 52 66 77 108 123 181 192 196 200 222 240 248 255 268
5 24 34 61 74 80 112 126 131 155 172 183 190 197 203 220 238
12 20 34 59 68 89 116 158 166 175 207 224 231 236 237 260 265
11 32 34 53 69 76 109 133 152 164 185 241 245 253 266 267 269
6 28 34 54 65 81 113 117 156 168 184 187 204 213 229 261 263
15 26 34 62 75 84 105 118 129 154 167 182 186 212 225 249 264
7 29 34 55 70 86 104 121 136 157 169 177 188 195 206 252 257
9 25 34 60 73 87 111 120 137 160 163 176 193 217 223 230 233
12 27 35 51 63 84 145 169 181 210 213 220 230 232 250 251 269
11 21 45 57 63 81 124 136 148 193 203 212 214 231 234 240 262
5 26 37 55 63 87 123 132 149 170 178 199 209 224 253 261 272
6 25 46 52 63 85 121 138 147 164 180 194 225 238 256 258 260
10 31 38 53 63 88 120 131 150 173 182 195 201 226 237 255 263
15 22 42 56 63 86 126 130 143 166 179 198 217 229 244 266 268
8 24 47 54 63 82 125 127 175 205 211 223 239 243 245 249 252
9 30 40 58 63 79 117 134 144 172 177 207 215 222 242 264 267
7 28 44 61 63 89 119 133 140 167 176 218 221 235 247 248 270
14 23 43 62 63 76 137 142 165 197 204 208 228 236 246 254 257
16 29 39 60 63 83 122 129 141 168 183 200 216 219 241 265 271
13 32 41 59 63 80 118 135 146 171 184 196 202 206 227 233 259
8 21 46 49 70 87 92 129 143 155 187 215 227 228 237 269 270
9 18 45 49 82 98 131 145 154 164 184 188 247 254 265 268 272
10 23 37 49 65 85 100 141 158 167 177 185 217 220 239 259 262
16 24 38 49 71 86 101 133 149 156 163 181 194 202 212 236 242
5 31 43 49 66 84 102 136 146 151 176 191 216 229 243 260 267
7 22 40 49 75 78 95 132 147 160 173 183 196 204 231 232 245
13 26 33 49 81 94 137 144 161 166 174 195 205 210 238 241 248
6 29 47 49 69 89 93 134 142 162 170 182 192 198 203 233 250
11 25 42 49 72 77 99 150 171 178 186 197 207 213 221 252 271
15 32 44 49 73 83 97 138 148 153 169 175 190 201 208 222 261
14 28 39 49 68 80 96 127 157 180 189 193 209 251 255 264 266
12 30 36 49 74 88 91 130 139 168 206 218 223 225 240 246 253
11 24 35 50 75 79 97 111 141 180 192 195 218 224 227 229 254
3 21 35 61 83 98 113 142 161 186 199 206 217 242 245 255 260
4 30 35 55 73 80 95 103 158 164 198 212 228 243 248 263 271
7 18 35 52 87 96 106 150 153 168 174 203 236 244 249 259 267
5 25 35 56 67 88 93 109 148 156 167 189 196 205 215 257 265
10 22 35 58 66 89 92 105 149 159 184 190 193 241 246 252 256
6 26 35 53 68 78 101 110 140 155 171 177 208 216 223 234 268
9 32 35 54 72 86 100 114 139 151 165 182 200 209 231 238 270
13 29 35 57 74 85 102 108 143 152 163 175 204 221 226 264 272
15 23 35 60 69 81 91 107 147 157 172 178 191 202 211 237 247
16 28 35 62 70 82 94 112 146 160 170 179 185 201 207 240 258
15 18 47 50 80 99 109 120 128 149 177 204 210 219 240 260 270
7 27 37 50 73 88 101 108 125 129 142 184 191 207 214 238 266
14 20 44 50 64 84 100 143 178 188 196 203 223 241 242 258 263
13 23 38 50 68 87 93 114 117 136 145 179 190 225 235 245 271
5 30 39 50 69 85 98 115 118 137 140 181 187 201 231 244 252
6 22 45 50 67 83 94 104 123 133 139 197 230 237 243 259 264
8 28 33 50 86 91 103 124 132 186 208 220 226 233 256 265 267
12 29 40 50 72 76 92 107 131 146 189 194 217 234 248 249 261
9 26 41 50 71 89 102 106 121 130 148 183 185 211 213 228 255
10 25 43 50 70 78 96 113 126 135 144 175 200 212 247 250 253
16 32 46 50 74 81 95 105 116 134 150 176 199 239 251 257 268
4 21 44 58 69 77 101 106 126 146 195 204 209 225 230 239 265
10 21 33 51 80 102 114 122 133 147 154 192 207 223 244 257 261
13 21 37 60 75 86 96 109 116 131 140 162 213 222 243 246 258
9 21 47 62 64 85 91 104 135 150 156 190 216 224 232 248 266
16 21 40 52 73 89 100 110 118 128 145 157 197 205 226 229 253
5 21 38 59 65 79 99 108 121 139 160 198 208 241 247 249 251
7 21 42 53 74 84 94 115 117 138 149 158 189 200 211 233 254
15 21 41 54 68 88 95 112 123 137 141 159 188 194 221 250 267
6 21 39 55 72 82 97 105 120 130 144 152 191 196 220 235 236
4 18 46 54 84 93 108 124 133 144 157 171 183 201 217 224 246
4 23 39 51 64 86 94 111 134 148 155 173 184 221 249 253 260
4 32 47 52 71 88 92 113 122 136 140 160 166 178 220 254 264
4 26 38 60 74 76 98 104 127 153 196 207 229 250 256 262 270
4 20 36 61 75 81 102 120 145 170 194 200 208 215 252 259 266
4 22 43 57 68 82 100 109 121 129 150 161 172 181 218 233 261
4 25 33 62 89 97 115 123 131 143 151 168 177 202 214 245 251
4 28 45 53 66 87 99 107 118 130 141 162 175 232 238 242 257
4 31 40 59 70 83 91 114 125 137 149 152 167 180 203 213 268
4 24 41 56 72 85 96 110 117 132 142 154 169 176 237 240 241
11 18 38 56 89 90 103 137 155 191 200 206 232 239 258 261 264
5 18 40 57 77 94 113 116 141 169 182 202 223 228 235 256 266
12 18 44 53 86 102 105 123 135 142 160 172 180 187 205 262 271
13 18 42 62 83 101 107 121 127 159 176 192 215 220 231 253 263
8 18 43 61 88 97 104 118 134 147 158 163 179 209 213 234 241
6 18 36 60 79 100 115 125 132 146 166 190 212 221 255 257 269
14 18 41 55 81 92 111 126 138 139 162 167 181 207 216 226 245
10 18 39 59 76 95 110 136 143 156 170 186 211 218 222 230 238
5 28 47 51 75 76 100 106 138 144 159 163 206 214 237 268 271
8 20 41 51 69 83 90 150 160 177 189 212 229 235 238 246 272
15 25 40 51 74 82 101 103 119 136 162 165 187 224 241 255 259
11 26 44 51 66 85 95 113 125 131 139 157 179 215 219 233 236
7 30 43 51 71 81 99 110 123 127 152 182 190 217 227 258 265
16 31 36 51 65 87 97 109 126 142 171 188 211 231 248 256 264
14 32 42 51 70 89 98 108 120 132 141 156 172 174 225 234 243
3 24 45 51 78 93 105 121 137 146 158 168 178 222 226 266 270
9 29 46 51 67 77 96 112 118 149 166 191 208 218 245 262 263
8 25 37 53 64 81 98 114 128 146 159 169 183 198 218 236 264
15 24 37 52 70 76 102 115 134 139 161 171 193 232 235 263 265
16 20 37 56 66 80 91 121 144 153 182 187 221 230 234 245 254
9 22 37 59 69 84 97 113 119 127 155 174 194 226 240 257 271
3 30 37 54 89 94 107 126 136 150 154 163 180 196 208 219 269
12 32 37 61 67 82 99 106 117 137 143 157 173 192 212 216 256
6 31 37 62 71 77 95 111 124 145 172 175 189 206 241 244 270
11 28 37 58 74 83 93 110 120 135 147 151 166 181 188 228 249
15 27 38 61 64 77 92 110 144 168 180 185 231 233 243 257 272
11 29 43 54 64 80 101 115 130 145 160 167 174 199 222 237 256
16 26 45 59 64 88 96 103 138 151 172 192 204 217 235 252 269
6 32 40 56 64 87 102 112 127 158 181 186 195 214 219 246 247
12 28 41 60 64 78 97 108 136 149 161 164 182 197 215 239 244
13 24 36 55 64 89 99 113 129 147 165 189 201 230 262 267 268
5 29 42 52 68 81 97 103 125 135 154 173 185 230 242 246 270
9 20 39 52 74 78 99 124 142 159 167 179 195 202 243 261 269
14 27 33 52 83 95 109 117 130 146 155 163 182 224 247 252 262
3 26 43 52 79 91 112 120 133 143 162 169 184 189 231 239 271
13 30 44 52 65 82 90 111 149 151 183 186 234 237 250 257 266
10 28 36 52 72 84 101 104 116 137 148 172 198 219 227 245 272
11 31 41 52 67 86 98 107 119 129 144 158 170 190 204 223 251
7 20 38 54 67 85 97 122 146 162 172 186 193 210 228 253 268
3 32 38 57 84 96 111 125 130 147 159 170 177 187 197 248 265
12 25 38 55 66 83 100 112 124 134 140 154 174 204 211 227 266
8 30 38 62 72 78 102 109 119 138 141 157 166 184 199 203 230
14 29 38 58 75 82 91 113 123 128 148 158 171 176 238 244 269
5 20 45 62 73 86 92 117 147 152 171 174 218 219 239 250 255
5 32 33 58 78 90 104 129 145 162 180 211 217 221 236 240 263
5 27 46 53 72 89 91 111 122 127 161 179 188 204 212 222 259
5 23 36 54 71 83 96 105 119 128 143 164 195 207 232 233 234
6 20 33 57 88 98 126 149 157 165 176 185 222 227 232 249 271
13 20 47 53 70 79 95 119 148 154 168 181 191 197 209 217 256
15 20 43 58 72 87 94 125 140 156 164 183 192 206 226 251 262
3 20 46 55 76 101 141 151 173 190 205 213 233 240 244 247 264
10 20 42 60 71 82 93 118 139 155 169 180 199 204 214 248 267
16 22 33 54 76 99 111 135 140 158 169 191 203 215 225 255 272
14 22 36 53 73 85 90 112 136 144 192 199 202 213 249 265 270
11 22 39 61 71 87 91 108 116 138 146 154 165 177 205 250 263
12 22 46 62 65 80 98 110 125 148 162 163 178 195 200 235 267
3 22 47 60 77 102 103 117 167 188 201 227 234 236 238 251 253
8 22 44 55 74 79 96 107 122 137 145 156 171 182 185 214 260
12 23 33 56 79 101 113 118 138 150 152 170 183 188 193 243 270
7 24 33 59 77 100 107 120 148 164 179 187 199 216 246 250 264
11 30 33 60 84 92 112 121 128 142 156 173 175 209 235 259 268
15 31 33 55 85 93 106 116 127 160 184 197 200 218 234 242 269
3 23 40 53 80 97 106 124 129 139 156 166 176 250 252 258 272
16 30 41 53 75 77 93 104 125 143 165 174 193 220 247 260 261
9 24 43 53 65 83 92 103 116 157 170 196 210 214 221 225 244
12 26 39 54 70 77 90 109 147 176 190 198 214 226 242 254 259
14 25 45 54 69 79 102 110 116 129 149 153 173 179 206 220 248
10 27 44 54 75 87 98 103 121 134 152 166 189 197 202 216 240
3 27 39 56 81 100 104 119 131 149 160 171 175 192 225 228 267
7 25 41 57 65 76 91 105 145 155 166 192 201 209 219 242 243
14 26 40 61 65 86 93 115 122 150 159 164 175 191 227 230 240
10 24 40 62 67 81 90 108 130 140 153 188 209 233 260 269 271
8 27 40 60 68 85 99 105 126 133 148 151 170 174 206 254 263
7 26 36 56 69 82 92 114 124 135 141 163 197 222 251 260 263
13 28 43 56 73 77 98 105 122 139 173 177 194 203 211 224 269
9 31 44 56 68 76 94 108 128 147 162 168 199 212 220 227 252
8 29 45 56 65 84 95 106 120 140 161 165 180 190 202 207 253
9 27 36 57 70 80 93 107 123 138 140 173 186 229 236 239 241
8 31 39 57 75 89 101 112 117 135 139 153 164 178 210 217 257
15 28 46 57 71 79 90 114 131 142 158 174 196 216 230 252 253
16 23 44 57 67 78 92 115 120 127 154 198 206 213 224 238 267
12 24 42 57 69 87 95 104 122 128 144 151 167 184 208 255 258
8 26 42 58 67 80 100 111 116 136 142 152 168 194 201 232 247
6 27 43 59 74 86 90 106 128 141 154 178 193 201 215 245 248
10 32 45 55 68 77 91 115 119 142 163 183 210 215 229 249 258
13 31 46 61 69 78 100 103 123 130 156 169 193 207 219 249 254
6 23 41 58 70 84 99 103 122 131 153 163 199 205 218 231 266
14 24 46 60 66 88 94 106 119 135 145 152 177 186 198 231 261
6 30 42 61 66 76 96 114 129 148 160 188 202 210 224 226 239
13 27 45 58 71 76 97 112 132 150 157 167 187 198 200 223 260
3 25 36 58 86 95 108 118 127 185 203 210 216 235 237 254 261
3 29 44 62 88 99 114 116 132 144 155 164 181 193 211 229 259
3 28 42 59 85 92 109 123 134 145 153 165 183 191 195 212 223
9 23 42 55 75 88 90 110 133 146 161 175 187 203 219 251 256
11 27 47 55 65 78 94 114 118 143 153 172 176 194 246 255 265
7 32 39 62 66 79 93 103 126 128 161 194 213 223 237 262 272
7 31 45 60 72 80 90 113 134 143 159 181 185 205 208 224 225
12 31 47 58 73 81 96 115 121 133 141 155 165 179 186 196 272
10 29 41 61 73 79 94 109 124 127 151 178 187 225 232 236 268
16 25 47 61 68 84 90 107 132 139 152 184 195 222 228 244 262
11 23 46 59 73 82 102 104 126 132 140 159 168 182 189 210 242
14 30 47 59 67 87 101 105 124 131 147 161 169 185 200 221 229
15 29 36 59 66 78 98 111 117 133 150 205 209 214 220 228 258
0 1 2 3 4 5 6 7 8 9 10 11 12 13 14 15 16
