n64
1,2,4,8,15,16,47;
0,3,5,9,14,17,46;
0,3,6,10,13,18,45;
1,2,7,11,12,19,44;
0,5,6,11,12,20,43;
1,4,7,10,13,21,42;
2,4,7,9,14,22,41;
3,5,6,8,15,23,40;
0,7,9,10,12,24,39;
1,6,8,11,13,25,38;
2,5,8,11,14,26,37;
3,4,9,10,15,27,36;
3,4,8,13,14,28,35;
2,5,9,12,15,29,34;
1,6,10,12,15,30,33;
0,7,11,13,14,31,32;
0,17,18,20,24,32,48;
1,16,19,21,25,33,49;
2,16,19,22,26,34,50;
3,17,18,23,27,35,51;
4,16,21,22,28,36,52;
5,17,20,23,29,37,53;
6,18,20,23,30,38,54;
7,19,21,22,31,39,55;
8,16,25,26,28,40,56;
9,17,24,27,29,41,57;
10,18,24,27,30,42,58;
11,19,25,26,31,43,59;
12,20,24,29,30,44,60;
13,21,25,28,31,45,61;
14,22,26,28,31,46,62;
15,23,27,29,30,47,63;
15,16,33,34,36,40,63;
14,17,32,35,37,41,62;
13,18,32,35,38,42,61;
12,19,33,34,39,43,60;
11,20,32,37,38,44,59;
10,21,33,36,39,45,58;
9,22,34,36,39,46,57;
8,23,35,37,38,47,56;
7,24,32,41,42,44,55;
6,25,33,40,43,45,54;
5,26,34,40,43,46,53;
4,27,35,41,42,47,52;
3,28,36,40,45,46,51;
2,29,37,41,44,47,50;
1,30,38,42,44,47,49;
0,31,39,43,45,46,48;
16,47,49,50,52,56,63;
17,46,48,51,53,57,62;
18,45,48,51,54,58,61;
19,44,49,50,55,59,60;
20,43,48,53,54,59,60;
21,42,49,52,55,58,61;
22,41,50,52,55,57,62;
23,40,51,53,54,56,63;
24,39,48,55,57,58,60;
25,38,49,54,56,59,61;
26,37,50,53,56,59,62;
27,36,51,52,57,58,63;
28,35,51,52,56,61,62;
29,34,50,53,57,60,63;
30,33,49,54,58,60,63;
31,32,48,55,59,61,62.
