n48
1,2,3,4,5,6,7;
0,4,5,8,9,10,11;
0,8,12,13,14,15,16;
0,9,12,17,18,19,20;
0,1,5,13,17,21,22;
0,1,4,14,18,23,24;
0,10,15,19,21,23,25;
0,11,16,20,22,24,25;
1,2,22,24,26,27,28;
1,3,21,23,26,29,30;
1,6,17,18,27,29,31;
1,7,13,14,28,30,31;
2,3,27,30,31,32,33;
2,4,11,24,32,34,35;
2,5,11,22,33,36,37;
2,6,28,31,34,36,38;
2,7,26,30,35,37,38;
3,4,10,23,32,39,40;
3,5,10,21,33,41,42;
3,6,26,27,38,39,41;
3,7,29,31,38,40,42;
4,6,9,18,34,39,43;
4,7,8,14,35,40,43;
5,6,9,17,36,41,44;
5,7,8,13,37,42,44;
6,7,26,28,29,43,44;
8,9,16,19,25,43,44;
8,10,12,19,40,42,45;
8,11,15,25,35,37,45;
9,10,20,25,39,41,45;
9,11,12,16,34,36,45;
10,11,12,15,20,32,33;
12,13,17,31,33,36,42;
12,14,18,31,32,34,40;
13,15,21,30,33,37,46;
13,16,22,28,36,44,46;
14,15,23,30,32,35,47;
14,16,24,28,34,43,47;
15,16,19,20,45,46,47;
17,19,21,29,42,44,46;
17,20,22,27,33,41,46;
18,19,23,29,40,43,47;
18,20,24,27,32,39,47;
21,22,25,26,37,41,44;
23,24,25,26,35,39,43;
27,28,29,30,38,46,47;
34,35,38,39,40,45,47;
36,37,38,41,42,45,46.
