n64
1,2,4,8,15,16,32;
0,3,5,9,14,17,33;
0,3,6,10,13,18,34;
1,2,7,11,12,19,35;
0,5,6,11,12,20,36;
1,4,7,10,13,21,37;
2,4,7,9,14,22,38;
3,5,6,8,15,23,39;
0,7,9,10,12,24,40;
1,6,8,11,13,25,41;
2,5,8,11,14,26,42;
3,4,9,10,15,27,43;
3,4,8,13,14,28,44;
2,5,9,12,15,29,45;
1,6,10,12,15,30,46;
0,7,11,13,14,31,47;
0,17,18,20,24,31,48;
1,16,19,21,25,30,49;
2,16,19,22,26,29,50;
3,17,18,23,27,28,51;
4,16,21,22,27,28,52;
5,17,20,23,26,29,53;
6,18,20,23,25,30,54;
7,19,21,22,24,31,55;
8,16,23,25,26,28,56;
9,17,22,24,27,29,57;
10,18,21,24,27,30,58;
11,19,20,25,26,31,59;
12,19,20,24,29,30,60;
13,18,21,25,28,31,61;
14,17,22,26,28,31,62;
15,16,23,27,29,30,63;
0,33,34,36,40,47,48;
1,32,35,37,41,46,49;
2,32,35,38,42,45,50;
3,33,34,39,43,44,51;
4,32,37,38,43,44,52;
5,33,36,39,42,45,53;
6,34,36,39,41,46,54;
7,35,37,38,40,47,55;
8,32,39,41,42,44,56;
9,33,38,40,43,45,57;
10,34,37,40,43,46,58;
11,35,36,41,42,47,59;
12,35,36,40,45,46,60;
13,34,37,41,44,47,61;
14,33,38,42,44,47,62;
15,32,39,43,45,46,63;
16,32,49,50,52,56,63;
17,33,48,51,53,57,62;
18,34,48,51,54,58,61;
19,35,49,50,55,59,60;
20,36,48,53,54,59,60;
21,37,49,52,55,58,61;
22,38,50,52,55,57,62;
23,39,51,53,54,56,63;
24,40,48,55,57,58,60;
25,41,49,54,56,59,61;
26,42,50,53,56,59,62;
27,43,51,52,57,58,63;
28,44,51,52,56,61,62;
29,45,50,53,57,60,63;
30,46,49,54,58,60,63;
31,47,48,55,59,61,62.
