i(3,2,2,1; 1,1,2,3)
i(4,3,2,1; 1,2,3,4)
i(4,3,3,1; 1,1,3,4)
i(5,4,4,1; 1,1,4,5)
i(6,5,4,1; 1,2,5,6)
i(6,5,5,1; 1,1,5,6)
i(7,6,6,1; 1,1,6,7)
i(8,7,4,1; 1,4,7,8)
i(8,7,6,1; 1,2,7,8)
i(8,7,7,1; 1,1,7,8)
i(9,8,6,1; 1,3,8,9)
i(9,8,8,1; 1,1,8,9)
i(10,9,8,1; 1,2,9,10)
i(10,9,9,1; 1,1,9,10)
i(11,10,10,1; 1,1,10,11)
i(12,11,6,1; 1,6,11,12)
i(12,11,8,1; 1,4,11,12)
i(12,11,9,1; 1,3,11,12)
i(12,11,10,1; 1,2,11,12)
i(12,11,11,1; 1,1,11,12)
i(13,12,12,1; 1,1,12,13)
i(14,13,12,1; 1,2,13,14)
i(14,13,13,1; 1,1,13,14)
i(15,14,10,1; 1,5,14,15)
i(15,14,12,1; 1,3,14,15)
i(15,14,14,1; 1,1,14,15)
i(16,15,8,1; 1,8,15,16)
i(16,15,12,1; 1,4,15,16)
i(16,15,14,1; 1,2,15,16)
i(16,15,15,1; 1,1,15,16)
i(17,16,16,1; 1,1,16,17)
i(18,17,12,1; 1,6,17,18)
i(18,17,15,1; 1,3,17,18)
i(18,17,16,1; 1,2,17,18)
i(18,17,17,1; 1,1,17,18)
i(19,18,18,1; 1,1,18,19)
i(20,19,10,1; 1,10,19,20)
i(20,19,15,1; 1,5,19,20)
i(20,19,16,1; 1,4,19,20)
i(20,19,18,1; 1,2,19,20)
i(20,19,19,1; 1,1,19,20)
i(21,20,14,1; 1,7,20,21)
i(21,20,18,1; 1,3,20,21)
i(21,20,20,1; 1,1,20,21)
i(22,21,20,1; 1,2,21,22)
i(22,21,21,1; 1,1,21,22)
i(23,22,22,1; 1,1,22,23)
i(24,23,12,1; 1,12,23,24)
i(24,23,16,1; 1,8,23,24)
i(24,23,18,1; 1,6,23,24)
i(24,23,20,1; 1,4,23,24)
i(24,23,21,1; 1,3,23,24)
i(24,23,22,1; 1,2,23,24)
i(24,23,23,1; 1,1,23,24)
i(25,24,20,1; 1,5,24,25)
i(25,24,24,1; 1,1,24,25)
i(26,25,24,1; 1,2,25,26)
i(26,25,25,1; 1,1,25,26)
i(27,26,18,1; 1,9,26,27)
i(27,26,24,1; 1,3,26,27)
i(27,26,26,1; 1,1,26,27)
i(28,27,14,1; 1,14,27,28)
i(28,27,21,1; 1,7,27,28)
i(28,27,24,1; 1,4,27,28)
i(28,27,26,1; 1,2,27,28)
i(28,27,27,1; 1,1,27,28)
i(29,28,28,1; 1,1,28,29)
i(30,29,20,1; 1,10,29,30)
i(30,29,24,1; 1,6,29,30)
i(30,29,25,1; 1,5,29,30)
i(30,29,27,1; 1,3,29,30)
i(30,29,28,1; 1,2,29,30)
i(30,29,29,1; 1,1,29,30)
i(31,30,30,1; 1,1,30,31)
i(32,31,16,1; 1,16,31,32)
i(32,31,24,1; 1,8,31,32)
i(32,31,28,1; 1,4,31,32)
i(32,31,30,1; 1,2,31,32)
i(32,31,31,1; 1,1,31,32)
i(33,32,22,1; 1,11,32,33)
i(33,32,30,1; 1,3,32,33)
i(33,32,32,1; 1,1,32,33)
i(34,33,32,1; 1,2,33,34)
i(34,33,33,1; 1,1,33,34)
i(35,34,28,1; 1,7,34,35)
i(35,34,30,1; 1,5,34,35)
i(35,34,34,1; 1,1,34,35)
i(36,35,18,1; 1,18,35,36)
i(36,35,24,1; 1,12,35,36)
i(36,35,27,1; 1,9,35,36)
i(36,35,30,1; 1,6,35,36)
i(36,35,32,1; 1,4,35,36)
i(36,35,33,1; 1,3,35,36)
i(36,35,34,1; 1,2,35,36)
i(36,35,35,1; 1,1,35,36)
i(37,36,36,1; 1,1,36,37)
i(38,37,36,1; 1,2,37,38)
i(38,37,37,1; 1,1,37,38)
i(39,38,26,1; 1,13,38,39)
i(39,38,36,1; 1,3,38,39)
i(39,38,38,1; 1,1,38,39)
i(40,39,20,1; 1,20,39,40)
i(40,39,30,1; 1,10,39,40)
i(40,39,32,1; 1,8,39,40)
i(40,39,35,1; 1,5,39,40)
i(40,39,36,1; 1,4,39,40)
i(40,39,38,1; 1,2,39,40)
i(40,39,39,1; 1,1,39,40)
i(41,40,40,1; 1,1,40,41)
i(42,41,28,1; 1,14,41,42)
i(42,41,35,1; 1,7,41,42)
i(42,41,36,1; 1,6,41,42)
i(42,41,39,1; 1,3,41,42)
i(42,41,40,1; 1,2,41,42)
i(42,41,41,1; 1,1,41,42)
i(43,42,42,1; 1,1,42,43)
i(44,43,22,1; 1,22,43,44)
i(44,43,33,1; 1,11,43,44)
i(44,43,40,1; 1,4,43,44)
i(44,43,42,1; 1,2,43,44)
i(44,43,43,1; 1,1,43,44)
i(45,44,30,1; 1,15,44,45)
i(45,44,36,1; 1,9,44,45)
i(45,44,40,1; 1,5,44,45)
i(45,44,42,1; 1,3,44,45)
i(45,44,44,1; 1,1,44,45)
i(46,45,44,1; 1,2,45,46)
i(48,47,24,1; 1,24,47,48)
i(48,47,32,1; 1,16,47,48)
i(48,47,36,1; 1,12,47,48)
i(48,47,40,1; 1,8,47,48)
i(48,47,42,1; 1,6,47,48)
i(48,47,44,1; 1,4,47,48)
i(48,47,45,1; 1,3,47,48)
i(48,47,46,1; 1,2,47,48)
i(49,48,42,1; 1,7,48,49)
i(50,49,40,1; 1,10,49,50)
i(50,49,45,1; 1,5,49,50)
i(50,49,48,1; 1,2,49,50)
i(51,50,34,1; 1,17,50,51)
i(51,50,48,1; 1,3,50,51)
i(52,51,26,1; 1,26,51,52)
i(52,51,39,1; 1,13,51,52)
i(52,51,48,1; 1,4,51,52)
i(52,51,50,1; 1,2,51,52)
i(54,53,36,1; 1,18,53,54)
i(54,53,45,1; 1,9,53,54)
i(54,53,48,1; 1,6,53,54)
i(54,53,51,1; 1,3,53,54)
i(54,53,52,1; 1,2,53,54)
i(55,54,44,1; 1,11,54,55)
i(55,54,50,1; 1,5,54,55)
i(56,55,28,1; 1,28,55,56)
i(56,55,42,1; 1,14,55,56)
i(56,55,48,1; 1,8,55,56)
i(56,55,49,1; 1,7,55,56)
i(56,55,52,1; 1,4,55,56)
i(56,55,54,1; 1,2,55,56)
i(57,56,38,1; 1,19,56,57)
i(57,56,54,1; 1,3,56,57)
i(58,57,56,1; 1,2,57,58)
i(60,59,30,1; 1,30,59,60)
i(60,59,40,1; 1,20,59,60)
i(60,59,45,1; 1,15,59,60)
i(60,59,48,1; 1,12,59,60)
i(60,59,50,1; 1,10,59,60)
i(60,59,54,1; 1,6,59,60)
i(60,59,55,1; 1,5,59,60)
i(60,59,56,1; 1,4,59,60)
i(60,59,57,1; 1,3,59,60)
i(60,59,58,1; 1,2,59,60)
i(62,61,60,1; 1,2,61,62)
i(63,62,42,1; 1,21,62,63)
i(63,62,54,1; 1,9,62,63)
i(63,62,56,1; 1,7,62,63)
i(63,62,60,1; 1,3,62,63)
i(64,63,32,1; 1,32,63,64)
i(64,63,48,1; 1,16,63,64)
i(64,63,56,1; 1,8,63,64)
i(64,63,60,1; 1,4,63,64)
i(64,63,62,1; 1,2,63,64)
i(65,64,52,1; 1,13,64,65)
i(65,64,60,1; 1,5,64,65)
i(66,65,44,1; 1,22,65,66)
i(66,65,55,1; 1,11,65,66)
i(66,65,60,1; 1,6,65,66)
i(66,65,63,1; 1,3,65,66)
i(68,67,34,1; 1,34,67,68)
i(68,67,51,1; 1,17,67,68)
i(68,67,64,1; 1,4,67,68)
i(69,68,46,1; 1,23,68,69)
i(69,68,66,1; 1,3,68,69)
i(70,69,56,1; 1,14,69,70)
i(70,69,60,1; 1,10,69,70)
i(70,69,63,1; 1,7,69,70)
i(70,69,65,1; 1,5,69,70)
i(72,71,36,1; 1,36,71,72)
i(72,71,48,1; 1,24,71,72)
i(72,71,54,1; 1,18,71,72)
i(72,71,60,1; 1,12,71,72)
i(72,71,63,1; 1,9,71,72)
i(72,71,64,1; 1,8,71,72)
i(72,71,66,1; 1,6,71,72)
i(72,71,68,1; 1,4,71,72)
i(72,71,69,1; 1,3,71,72)
i(75,74,50,1; 1,25,74,75)
i(75,74,60,1; 1,15,74,75)
i(75,74,70,1; 1,5,74,75)
i(75,74,72,1; 1,3,74,75)
i(76,75,38,1; 1,38,75,76)
i(76,75,57,1; 1,19,75,76)
i(76,75,72,1; 1,4,75,76)
i(77,76,66,1; 1,11,76,77)
i(77,76,70,1; 1,7,76,77)
i(78,77,52,1; 1,26,77,78)
i(78,77,65,1; 1,13,77,78)
i(78,77,72,1; 1,6,77,78)
i(78,77,75,1; 1,3,77,78)
i(80,79,40,1; 1,40,79,80)
i(80,79,60,1; 1,20,79,80)
i(80,79,64,1; 1,16,79,80)
i(80,79,70,1; 1,10,79,80)
i(80,79,72,1; 1,8,79,80)
i(80,79,75,1; 1,5,79,80)
i(80,79,76,1; 1,4,79,80)
i(81,80,54,1; 1,27,80,81)
i(81,80,72,1; 1,9,80,81)
i(84,83,42,1; 1,42,83,84)
i(84,83,56,1; 1,28,83,84)
i(84,83,63,1; 1,21,83,84)
i(84,83,70,1; 1,14,83,84)
i(84,83,72,1; 1,12,83,84)
i(84,83,77,1; 1,7,83,84)
i(84,83,78,1; 1,6,83,84)
i(84,83,80,1; 1,4,83,84)
i(85,84,68,1; 1,17,84,85)
i(85,84,80,1; 1,5,84,85)
i(87,86,58,1; 1,29,86,87)
i(88,87,44,1; 1,44,87,88)
i(88,87,66,1; 1,22,87,88)
i(88,87,77,1; 1,11,87,88)
i(88,87,80,1; 1,8,87,88)
i(88,87,84,1; 1,4,87,88)
i(90,89,60,1; 1,30,89,90)
i(90,89,72,1; 1,18,89,90)
i(90,89,75,1; 1,15,89,90)
i(90,89,80,1; 1,10,89,90)
i(90,89,81,1; 1,9,89,90)
i(90,89,84,1; 1,6,89,90)
i(90,89,85,1; 1,5,89,90)
i(91,90,78,1; 1,13,90,91)
i(91,90,84,1; 1,7,90,91)
i(92,91,46,1; 1,46,91,92)
i(92,91,69,1; 1,23,91,92)
i(93,92,62,1; 1,31,92,93)
i(95,94,76,1; 1,19,94,95)
i(95,94,90,1; 1,5,94,95)
i(96,95,48,1; 1,48,95,96)
i(96,95,64,1; 1,32,95,96)
i(96,95,72,1; 1,24,95,96)
i(96,95,80,1; 1,16,95,96)
i(96,95,84,1; 1,12,95,96)
i(96,95,88,1; 1,8,95,96)
i(96,95,90,1; 1,6,95,96)
i(98,97,84,1; 1,14,97,98)
i(98,97,91,1; 1,7,97,98)
i(99,98,66,1; 1,33,98,99)
i(99,98,88,1; 1,11,98,99)
i(99,98,90,1; 1,9,98,99)
i(100,99,50,1; 1,50,99,100)
i(100,99,75,1; 1,25,99,100)
i(100,99,80,1; 1,20,99,100)
i(100,99,90,1; 1,10,99,100)
i(100,99,95,1; 1,5,99,100)
i(102,101,68,1; 1,34,101,102)
i(102,101,85,1; 1,17,101,102)
i(102,101,96,1; 1,6,101,102)
i(104,103,52,1; 1,52,103,104)
i(104,103,78,1; 1,26,103,104)
i(104,103,91,1; 1,13,103,104)
i(104,103,96,1; 1,8,103,104)
i(105,104,70,1; 1,35,104,105)
i(105,104,84,1; 1,21,104,105)
i(105,104,90,1; 1,15,104,105)
i(105,104,98,1; 1,7,104,105)
i(108,107,54,1; 1,54,107,108)
i(108,107,72,1; 1,36,107,108)
i(108,107,81,1; 1,27,107,108)
i(108,107,90,1; 1,18,107,108)
i(108,107,96,1; 1,12,107,108)
i(108,107,99,1; 1,9,107,108)
i(108,107,102,1; 1,6,107,108)
i(110,109,88,1; 1,22,109,110)
i(110,109,99,1; 1,11,109,110)
i(110,109,100,1; 1,10,109,110)
i(111,110,74,1; 1,37,110,111)
i(112,111,56,1; 1,56,111,112)
i(112,111,84,1; 1,28,111,112)
i(112,111,96,1; 1,16,111,112)
i(112,111,98,1; 1,14,111,112)
i(112,111,104,1; 1,8,111,112)
i(112,111,105,1; 1,7,111,112)
i(114,113,76,1; 1,38,113,114)
i(114,113,95,1; 1,19,113,114)
i(115,114,92,1; 1,23,114,115)
i(116,115,58,1; 1,58,115,116)
i(116,115,87,1; 1,29,115,116)
i(117,116,78,1; 1,39,116,117)
i(117,116,104,1; 1,13,116,117)
i(117,116,108,1; 1,9,116,117)
i(119,118,102,1; 1,17,118,119)
i(119,118,112,1; 1,7,118,119)
i(120,119,60,1; 1,60,119,120)
i(120,119,80,1; 1,40,119,120)
i(120,119,90,1; 1,30,119,120)
i(120,119,96,1; 1,24,119,120)
i(120,119,100,1; 1,20,119,120)
i(120,119,105,1; 1,15,119,120)
i(120,119,108,1; 1,12,119,120)
i(120,119,110,1; 1,10,119,120)
i(120,119,112,1; 1,8,119,120)
i(121,120,110,1; 1,11,120,121)
i(123,122,82,1; 1,41,122,123)
i(124,123,62,1; 1,62,123,124)
i(124,123,93,1; 1,31,123,124)
i(125,124,100,1; 1,25,124,125)
i(126,125,84,1; 1,42,125,126)
i(126,125,105,1; 1,21,125,126)
i(126,125,108,1; 1,18,125,126)
i(126,125,112,1; 1,14,125,126)
i(126,125,117,1; 1,9,125,126)
i(128,127,64,1; 1,64,127,128)
i(128,127,96,1; 1,32,127,128)
i(128,127,112,1; 1,16,127,128)
i(128,127,120,1; 1,8,127,128)
i(129,128,86,1; 1,43,128,129)
i(130,129,104,1; 1,26,129,130)
i(130,129,117,1; 1,13,129,130)
i(130,129,120,1; 1,10,129,130)
i(132,131,66,1; 1,66,131,132)
i(132,131,88,1; 1,44,131,132)
i(132,131,99,1; 1,33,131,132)
i(132,131,110,1; 1,22,131,132)
i(132,131,120,1; 1,12,131,132)
i(132,131,121,1; 1,11,131,132)
i(133,132,114,1; 1,19,132,133)
i(135,134,90,1; 1,45,134,135)
i(135,134,108,1; 1,27,134,135)
i(135,134,120,1; 1,15,134,135)
i(135,134,126,1; 1,9,134,135)
i(136,135,68,1; 1,68,135,136)
i(136,135,102,1; 1,34,135,136)
i(136,135,119,1; 1,17,135,136)
i(138,137,92,1; 1,46,137,138)
i(138,137,115,1; 1,23,137,138)
i(140,139,70,1; 1,70,139,140)
i(140,139,105,1; 1,35,139,140)
i(140,139,112,1; 1,28,139,140)
i(140,139,120,1; 1,20,139,140)
i(140,139,126,1; 1,14,139,140)
i(140,139,130,1; 1,10,139,140)
i(141,140,94,1; 1,47,140,141)
i(143,142,130,1; 1,13,142,143)
i(143,142,132,1; 1,11,142,143)
i(144,143,72,1; 1,72,143,144)
i(144,143,96,1; 1,48,143,144)
i(144,143,108,1; 1,36,143,144)
i(144,143,120,1; 1,24,143,144)
i(144,143,126,1; 1,18,143,144)
i(144,143,128,1; 1,16,143,144)
i(144,143,132,1; 1,12,143,144)
i(145,144,116,1; 1,29,144,145)
i(147,146,98,1; 1,49,146,147)
i(147,146,126,1; 1,21,146,147)
i(148,147,74,1; 1,74,147,148)
i(148,147,111,1; 1,37,147,148)
i(150,149,100,1; 1,50,149,150)
i(150,149,120,1; 1,30,149,150)
i(150,149,125,1; 1,25,149,150)
i(150,149,135,1; 1,15,149,150)
i(152,151,76,1; 1,76,151,152)
i(152,151,114,1; 1,38,151,152)
i(152,151,133,1; 1,19,151,152)
i(153,152,102,1; 1,51,152,153)
i(153,152,136,1; 1,17,152,153)
i(154,153,132,1; 1,22,153,154)
i(154,153,140,1; 1,14,153,154)
i(155,154,124,1; 1,31,154,155)
i(156,155,78,1; 1,78,155,156)
i(156,155,104,1; 1,52,155,156)
i(156,155,117,1; 1,39,155,156)
i(156,155,130,1; 1,26,155,156)
i(156,155,143,1; 1,13,155,156)
i(156,155,144,1; 1,12,155,156)
i(159,158,106,1; 1,53,158,159)
i(160,159,80,1; 1,80,159,160)
i(160,159,120,1; 1,40,159,160)
i(160,159,128,1; 1,32,159,160)
i(160,159,140,1; 1,20,159,160)
i(160,159,144,1; 1,16,159,160)
i(161,160,138,1; 1,23,160,161)
i(162,161,108,1; 1,54,161,162)
i(162,161,135,1; 1,27,161,162)
i(162,161,144,1; 1,18,161,162)
i(164,163,82,1; 1,82,163,164)
i(164,163,123,1; 1,41,163,164)
i(165,164,110,1; 1,55,164,165)
i(165,164,132,1; 1,33,164,165)
i(165,164,150,1; 1,15,164,165)
i(168,167,84,1; 1,84,167,168)
i(168,167,112,1; 1,56,167,168)
i(168,167,126,1; 1,42,167,168)
i(168,167,140,1; 1,28,167,168)
i(168,167,144,1; 1,24,167,168)
i(168,167,147,1; 1,21,167,168)
i(168,167,154,1; 1,14,167,168)
i(170,169,136,1; 1,34,169,170)
i(170,169,153,1; 1,17,169,170)
i(171,170,114,1; 1,57,170,171)
i(171,170,152,1; 1,19,170,171)
i(172,171,86,1; 1,86,171,172)
i(172,171,129,1; 1,43,171,172)
i(174,173,116,1; 1,58,173,174)
i(174,173,145,1; 1,29,173,174)
i(175,174,140,1; 1,35,174,175)
i(175,174,150,1; 1,25,174,175)
i(176,175,88,1; 1,88,175,176)
i(176,175,132,1; 1,44,175,176)
i(176,175,154,1; 1,22,175,176)
i(176,175,160,1; 1,16,175,176)
i(177,176,118,1; 1,59,176,177)
i(180,179,90,1; 1,90,179,180)
i(180,179,120,1; 1,60,179,180)
i(180,179,135,1; 1,45,179,180)
i(180,179,144,1; 1,36,179,180)
i(180,179,150,1; 1,30,179,180)
i(180,179,160,1; 1,20,179,180)
i(180,179,162,1; 1,18,179,180)
i(182,181,156,1; 1,26,181,182)
i(183,182,122,1; 1,61,182,183)
i(184,183,92,1; 1,92,183,184)
i(184,183,138,1; 1,46,183,184)
i(184,183,161,1; 1,23,183,184)
i(185,184,148,1; 1,37,184,185)
i(186,185,124,1; 1,62,185,186)
i(186,185,155,1; 1,31,185,186)
i(188,187,94,1; 1,94,187,188)
i(188,187,141,1; 1,47,187,188)
i(189,188,126,1; 1,63,188,189)
i(189,188,162,1; 1,27,188,189)
i(189,188,168,1; 1,21,188,189)
i(190,189,152,1; 1,38,189,190)
i(190,189,171,1; 1,19,189,190)
i(192,191,96,1; 1,96,191,192)
i(192,191,128,1; 1,64,191,192)
i(192,191,144,1; 1,48,191,192)
i(192,191,160,1; 1,32,191,192)
i(192,191,168,1; 1,24,191,192)
i(195,194,130,1; 1,65,194,195)
i(195,194,156,1; 1,39,194,195)
i(196,195,98,1; 1,98,195,196)
i(196,195,147,1; 1,49,195,196)
i(196,195,168,1; 1,28,195,196)
i(198,197,132,1; 1,66,197,198)
i(198,197,165,1; 1,33,197,198)
i(198,197,176,1; 1,22,197,198)
i(200,199,100,1; 1,100,199,200)
i(200,199,150,1; 1,50,199,200)
i(200,199,160,1; 1,40,199,200)
i(200,199,175,1; 1,25,199,200)
i(200,199,180,1; 1,20,199,200)
i(201,200,134,1; 1,67,200,201)
i(203,202,174,1; 1,29,202,203)
i(204,203,102,1; 1,102,203,204)
i(204,203,136,1; 1,68,203,204)
i(204,203,153,1; 1,51,203,204)
i(204,203,170,1; 1,34,203,204)
i(205,204,164,1; 1,41,204,205)
i(207,206,138,1; 1,69,206,207)
i(207,206,184,1; 1,23,206,207)
i(208,207,104,1; 1,104,207,208)
i(208,207,156,1; 1,52,207,208)
i(208,207,182,1; 1,26,207,208)
i(210,209,140,1; 1,70,209,210)
i(210,209,168,1; 1,42,209,210)
i(210,209,175,1; 1,35,209,210)
i(210,209,180,1; 1,30,209,210)
i(212,211,106,1; 1,106,211,212)
i(212,211,159,1; 1,53,211,212)
i(213,212,142,1; 1,71,212,213)
i(215,214,172,1; 1,43,214,215)
i(216,215,108,1; 1,108,215,216)
i(216,215,144,1; 1,72,215,216)
i(216,215,162,1; 1,54,215,216)
i(216,215,180,1; 1,36,215,216)
i(216,215,189,1; 1,27,215,216)
i(216,215,192,1; 1,24,215,216)
i(217,216,186,1; 1,31,216,217)
i(219,218,146,1; 1,73,218,219)
i(220,219,110,1; 1,110,219,220)
i(220,219,165,1; 1,55,219,220)
i(220,219,176,1; 1,44,219,220)
i(222,221,148,1; 1,74,221,222)
i(222,221,185,1; 1,37,221,222)
i(224,223,112,1; 1,112,223,224)
i(224,223,168,1; 1,56,223,224)
i(224,223,192,1; 1,32,223,224)
i(224,223,196,1; 1,28,223,224)
i(225,224,150,1; 1,75,224,225)
i(225,224,180,1; 1,45,224,225)
i(225,224,200,1; 1,25,224,225)
i(228,227,114,1; 1,114,227,228)
i(228,227,152,1; 1,76,227,228)
i(228,227,171,1; 1,57,227,228)
i(228,227,190,1; 1,38,227,228)
i(230,229,184,1; 1,46,229,230)
i(231,230,154,1; 1,77,230,231)
i(231,230,198,1; 1,33,230,231)
i(232,231,116,1; 1,116,231,232)
i(232,231,174,1; 1,58,231,232)
i(232,231,203,1; 1,29,231,232)
i(234,233,156,1; 1,78,233,234)
i(234,233,195,1; 1,39,233,234)
i(235,234,188,1; 1,47,234,235)
i(236,235,118,1; 1,118,235,236)
i(236,235,177,1; 1,59,235,236)
i(237,236,158,1; 1,79,236,237)
i(238,237,204,1; 1,34,237,238)
i(240,239,120,1; 1,120,239,240)
i(240,239,160,1; 1,80,239,240)
i(240,239,180,1; 1,60,239,240)
i(240,239,192,1; 1,48,239,240)
i(240,239,200,1; 1,40,239,240)
i(240,239,210,1; 1,30,239,240)
i(243,242,162,1; 1,81,242,243)
i(244,243,122,1; 1,122,243,244)
i(244,243,183,1; 1,61,243,244)
i(245,244,196,1; 1,49,244,245)
i(245,244,210,1; 1,35,244,245)
i(246,245,164,1; 1,82,245,246)
i(246,245,205,1; 1,41,245,246)
i(248,247,124,1; 1,124,247,248)
i(248,247,186,1; 1,62,247,248)
i(248,247,217,1; 1,31,247,248)
i(249,248,166,1; 1,83,248,249)
i(250,249,200,1; 1,50,249,250)
i(252,251,126,1; 1,126,251,252)
i(252,251,168,1; 1,84,251,252)
i(252,251,189,1; 1,63,251,252)
i(252,251,210,1; 1,42,251,252)
i(252,251,216,1; 1,36,251,252)
i(255,254,170,1; 1,85,254,255)
i(255,254,204,1; 1,51,254,255)
i(256,255,128,1; 1,128,255,256)
i(256,255,192,1; 1,64,255,256)
i(256,255,224,1; 1,32,255,256)
i(258,257,172,1; 1,86,257,258)
i(258,257,215,1; 1,43,257,258)
i(259,258,222,1; 1,37,258,259)
i(260,259,130,1; 1,130,259,260)
i(260,259,195,1; 1,65,259,260)
i(260,259,208,1; 1,52,259,260)
i(261,260,174,1; 1,87,260,261)
i(264,263,132,1; 1,132,263,264)
i(264,263,176,1; 1,88,263,264)
i(264,263,198,1; 1,66,263,264)
i(264,263,220,1; 1,44,263,264)
i(265,264,212,1; 1,53,264,265)
i(266,265,228,1; 1,38,265,266)
i(267,266,178,1; 1,89,266,267)
i(268,267,134,1; 1,134,267,268)
i(268,267,201,1; 1,67,267,268)
i(270,269,180,1; 1,90,269,270)
i(270,269,216,1; 1,54,269,270)
i(270,269,225,1; 1,45,269,270)
i(272,271,136,1; 1,136,271,272)
i(272,271,204,1; 1,68,271,272)
i(273,272,182,1; 1,91,272,273)
i(273,272,234,1; 1,39,272,273)
i(275,274,220,1; 1,55,274,275)
i(276,275,138,1; 1,138,275,276)
i(276,275,184,1; 1,92,275,276)
i(276,275,207,1; 1,69,275,276)
i(276,275,230,1; 1,46,275,276)
i(279,278,186,1; 1,93,278,279)
i(280,279,140,1; 1,140,279,280)
i(280,279,210,1; 1,70,279,280)
i(280,279,224,1; 1,56,279,280)
i(280,279,240,1; 1,40,279,280)
i(282,281,188,1; 1,94,281,282)
i(282,281,235,1; 1,47,281,282)
i(284,283,142,1; 1,142,283,284)
i(284,283,213,1; 1,71,283,284)
i(285,284,190,1; 1,95,284,285)
i(285,284,228,1; 1,57,284,285)
i(287,286,246,1; 1,41,286,287)
i(288,287,144,1; 1,144,287,288)
i(288,287,192,1; 1,96,287,288)
i(288,287,216,1; 1,72,287,288)
i(288,287,240,1; 1,48,287,288)
i(290,289,232,1; 1,58,289,290)
i(291,290,194,1; 1,97,290,291)
i(292,291,146,1; 1,146,291,292)
i(292,291,219,1; 1,73,291,292)
i(294,293,196,1; 1,98,293,294)
i(294,293,245,1; 1,49,293,294)
i(295,294,236,1; 1,59,294,295)
i(296,295,148,1; 1,148,295,296)
i(296,295,222,1; 1,74,295,296)
i(297,296,198,1; 1,99,296,297)
i(300,299,150,1; 1,150,299,300)
i(300,299,200,1; 1,100,299,300)
i(300,299,225,1; 1,75,299,300)
i(300,299,240,1; 1,60,299,300)
i(300,299,250,1; 1,50,299,300)
i(303,302,202,1; 1,101,302,303)
i(304,303,152,1; 1,152,303,304)
i(304,303,228,1; 1,76,303,304)
i(305,304,244,1; 1,61,304,305)
i(306,305,204,1; 1,102,305,306)
i(306,305,255,1; 1,51,305,306)
i(308,307,154,1; 1,154,307,308)
i(308,307,231,1; 1,77,307,308)
i(309,308,206,1; 1,103,308,309)
i(310,309,248,1; 1,62,309,310)
i(312,311,156,1; 1,156,311,312)
i(312,311,208,1; 1,104,311,312)
i(312,311,234,1; 1,78,311,312)
i(312,311,260,1; 1,52,311,312)
i(315,314,210,1; 1,105,314,315)
i(315,314,252,1; 1,63,314,315)
i(316,315,158,1; 1,158,315,316)
i(316,315,237,1; 1,79,315,316)
i(318,317,212,1; 1,106,317,318)
i(318,317,265,1; 1,53,317,318)
i(320,319,160,1; 1,160,319,320)
i(320,319,240,1; 1,80,319,320)
i(320,319,256,1; 1,64,319,320)
i(321,320,214,1; 1,107,320,321)
i(324,323,162,1; 1,162,323,324)
i(324,323,216,1; 1,108,323,324)
i(324,323,243,1; 1,81,323,324)
i(324,323,270,1; 1,54,323,324)
i(325,324,260,1; 1,65,324,325)
i(327,326,218,1; 1,109,326,327)
i(328,327,164,1; 1,164,327,328)
i(328,327,246,1; 1,82,327,328)
i(330,329,220,1; 1,110,329,330)
i(330,329,264,1; 1,66,329,330)
i(330,329,275,1; 1,55,329,330)
i(332,331,166,1; 1,166,331,332)
i(332,331,249,1; 1,83,331,332)
i(333,332,222,1; 1,111,332,333)
i(335,334,268,1; 1,67,334,335)
i(336,335,168,1; 1,168,335,336)
i(336,335,224,1; 1,112,335,336)
i(336,335,252,1; 1,84,335,336)
i(336,335,280,1; 1,56,335,336)
i(339,338,226,1; 1,113,338,339)
i(340,339,170,1; 1,170,339,340)
i(340,339,255,1; 1,85,339,340)
i(340,339,272,1; 1,68,339,340)
i(342,341,228,1; 1,114,341,342)
i(344,343,172,1; 1,172,343,344)
i(344,343,258,1; 1,86,343,344)
i(345,344,276,1; 1,69,344,345)
i(352,351,176,1; 1,176,351,352)
i(354,353,236,1; 1,118,353,354)
i(355,354,284,1; 1,71,354,355)
i(356,355,178,1; 1,178,355,356)
i(356,355,267,1; 1,89,355,356)
i(357,356,238,1; 1,119,356,357)
i(360,359,180,1; 1,180,359,360)
i(360,359,240,1; 1,120,359,360)
i(360,359,270,1; 1,90,359,360)
i(360,359,288,1; 1,72,359,360)
i(363,362,242,1; 1,121,362,363)
i(364,363,182,1; 1,182,363,364)
i(364,363,273,1; 1,91,363,364)
i(365,364,292,1; 1,73,364,365)
i(366,365,244,1; 1,122,365,366)
i(368,367,184,1; 1,184,367,368)
i(368,367,276,1; 1,92,367,368)
i(369,368,246,1; 1,123,368,369)
i(370,369,296,1; 1,74,369,370)
i(372,371,186,1; 1,186,371,372)
i(372,371,248,1; 1,124,371,372)
i(372,371,279,1; 1,93,371,372)
i(375,374,250,1; 1,125,374,375)
i(375,374,300,1; 1,75,374,375)
i(376,375,188,1; 1,188,375,376)
i(376,375,282,1; 1,94,375,376)
i(378,377,252,1; 1,126,377,378)
i(380,379,190,1; 1,190,379,380)
i(380,379,285,1; 1,95,379,380)
i(380,379,304,1; 1,76,379,380)
i(381,380,254,1; 1,127,380,381)
i(384,383,192,1; 1,192,383,384)
i(384,383,256,1; 1,128,383,384)
i(384,383,288,1; 1,96,383,384)
i(385,384,308,1; 1,77,384,385)
i(387,386,258,1; 1,129,386,387)
i(388,387,194,1; 1,194,387,388)
i(388,387,291,1; 1,97,387,388)
i(390,389,260,1; 1,130,389,390)
i(390,389,312,1; 1,78,389,390)
i(392,391,196,1; 1,196,391,392)
i(392,391,294,1; 1,98,391,392)
i(393,392,262,1; 1,131,392,393)
i(395,394,316,1; 1,79,394,395)
i(396,395,198,1; 1,198,395,396)
i(396,395,264,1; 1,132,395,396)
i(396,395,297,1; 1,99,395,396)
i(399,398,266,1; 1,133,398,399)
i(400,399,200,1; 1,200,399,400)
i(400,399,300,1; 1,100,399,400)
i(400,399,320,1; 1,80,399,400)
i(402,401,268,1; 1,134,401,402)
i(404,403,202,1; 1,202,403,404)
i(404,403,303,1; 1,101,403,404)
i(405,404,270,1; 1,135,404,405)
i(405,404,324,1; 1,81,404,405)
i(408,407,204,1; 1,204,407,408)
i(408,407,272,1; 1,136,407,408)
i(408,407,306,1; 1,102,407,408)
i(411,410,274,1; 1,137,410,411)
i(412,411,206,1; 1,206,411,412)
i(412,411,309,1; 1,103,411,412)
i(414,413,276,1; 1,138,413,414)
i(416,415,208,1; 1,208,415,416)
i(416,415,312,1; 1,104,415,416)
i(417,416,278,1; 1,139,416,417)
i(420,419,210,1; 1,210,419,420)
i(420,419,280,1; 1,140,419,420)
i(420,419,315,1; 1,105,419,420)
i(423,422,282,1; 1,141,422,423)
i(424,423,212,1; 1,212,423,424)
i(424,423,318,1; 1,106,423,424)
i(426,425,284,1; 1,142,425,426)
i(428,427,214,1; 1,214,427,428)
i(428,427,321,1; 1,107,427,428)
i(429,428,286,1; 1,143,428,429)
i(432,431,216,1; 1,216,431,432)
i(432,431,288,1; 1,144,431,432)
i(432,431,324,1; 1,108,431,432)
i(435,434,290,1; 1,145,434,435)
i(436,435,218,1; 1,218,435,436)
i(436,435,327,1; 1,109,435,436)
i(438,437,292,1; 1,146,437,438)
i(440,439,220,1; 1,220,439,440)
i(440,439,330,1; 1,110,439,440)
i(441,440,294,1; 1,147,440,441)
i(444,443,222,1; 1,222,443,444)
i(444,443,296,1; 1,148,443,444)
i(444,443,333,1; 1,111,443,444)
i(447,446,298,1; 1,149,446,447)
i(448,447,224,1; 1,224,447,448)
i(448,447,336,1; 1,112,447,448)
i(450,449,300,1; 1,150,449,450)
i(452,451,226,1; 1,226,451,452)
i(452,451,339,1; 1,113,451,452)
i(453,452,302,1; 1,151,452,453)
i(456,455,228,1; 1,228,455,456)
i(456,455,304,1; 1,152,455,456)
i(456,455,342,1; 1,114,455,456)
i(459,458,306,1; 1,153,458,459)
i(460,459,230,1; 1,230,459,460)
i(460,459,345,1; 1,115,459,460)
i(462,461,308,1; 1,154,461,462)
i(464,463,232,1; 1,232,463,464)
i(464,463,348,1; 1,116,463,464)
i(465,464,310,1; 1,155,464,465)
i(468,467,234,1; 1,234,467,468)
i(468,467,312,1; 1,156,467,468)
i(468,467,351,1; 1,117,467,468)
i(471,470,314,1; 1,157,470,471)
i(472,471,236,1; 1,236,471,472)
i(472,471,354,1; 1,118,471,472)
i(474,473,316,1; 1,158,473,474)
i(476,475,238,1; 1,238,475,476)
i(476,475,357,1; 1,119,475,476)
i(477,476,318,1; 1,159,476,477)
i(480,479,240,1; 1,240,479,480)
i(480,479,320,1; 1,160,479,480)
i(480,479,360,1; 1,120,479,480)
i(483,482,322,1; 1,161,482,483)
i(484,483,242,1; 1,242,483,484)
i(484,483,363,1; 1,121,483,484)
i(486,485,324,1; 1,162,485,486)
i(488,487,244,1; 1,244,487,488)
i(488,487,366,1; 1,122,487,488)
i(489,488,326,1; 1,163,488,489)
i(492,491,246,1; 1,246,491,492)
i(492,491,328,1; 1,164,491,492)
i(492,491,369,1; 1,123,491,492)
i(495,494,330,1; 1,165,494,495)
i(496,495,248,1; 1,248,495,496)
i(496,495,372,1; 1,124,495,496)
i(498,497,332,1; 1,166,497,498)
i(500,499,250,1; 1,250,499,500)
i(500,499,375,1; 1,125,499,500)
i(501,500,334,1; 1,167,500,501)
i(504,503,252,1; 1,252,503,504)
i(504,503,336,1; 1,168,503,504)
i(504,503,378,1; 1,126,503,504)
i(507,506,338,1; 1,169,506,507)
i(508,507,254,1; 1,254,507,508)
i(508,507,381,1; 1,127,507,508)
i(510,509,340,1; 1,170,509,510)
i(512,511,256,1; 1,256,511,512)
i(512,511,384,1; 1,128,511,512)
i(513,512,342,1; 1,171,512,513)
i(516,515,258,1; 1,258,515,516)
i(516,515,344,1; 1,172,515,516)
i(519,518,346,1; 1,173,518,519)
i(520,519,260,1; 1,260,519,520)
i(522,521,348,1; 1,174,521,522)
i(524,523,262,1; 1,262,523,524)
i(525,524,350,1; 1,175,524,525)
i(528,527,264,1; 1,264,527,528)
i(528,527,352,1; 1,176,527,528)
i(531,530,354,1; 1,177,530,531)
i(532,531,266,1; 1,266,531,532)
i(534,533,356,1; 1,178,533,534)
i(536,535,268,1; 1,268,535,536)
i(537,536,358,1; 1,179,536,537)
i(540,539,270,1; 1,270,539,540)
i(540,539,360,1; 1,180,539,540)
i(543,542,362,1; 1,181,542,543)
i(544,543,272,1; 1,272,543,544)
i(546,545,364,1; 1,182,545,546)
i(548,547,274,1; 1,274,547,548)
i(549,548,366,1; 1,183,548,549)
i(552,551,276,1; 1,276,551,552)
i(552,551,368,1; 1,184,551,552)
i(555,554,370,1; 1,185,554,555)
i(556,555,278,1; 1,278,555,556)
i(558,557,372,1; 1,186,557,558)
i(560,559,280,1; 1,280,559,560)
i(561,560,374,1; 1,187,560,561)
i(564,563,282,1; 1,282,563,564)
i(564,563,376,1; 1,188,563,564)
i(567,566,378,1; 1,189,566,567)
i(568,567,284,1; 1,284,567,568)
i(570,569,380,1; 1,190,569,570)
i(572,571,286,1; 1,286,571,572)
i(573,572,382,1; 1,191,572,573)
