<v, Krein array>
<1176, [ 125, 98, 21, 1, 14, 105 ]>

P =
[  1 125 875 175]
[  1  27  -7 -21]
[  1  -1  -7   7]
[  1 -15  35 -21]

Q =
[  1 125 875 175]
[  1  27  -7 -21]
[  1  -1  -7   7]
[  1 -15  35 -21]

L = 
[
    [1 0 0 0]
    [0 1 0 0]
    [0 0 1 0]
    [0 0 0 1],

    [  0 125   0   0]
    [  1  26  98   0]
    [  0  14  90  21]
    [  0   0 105  20],

    [  0   0 875   0]
    [  0  98 630 147]
    [  1  90 658 126]
    [  0 105 630 140],

    [  0   0   0 175]
    [  0   0 147  28]
    [  0  21 126  28]
    [  1  20 140  14]
]

L* =
[
    [1 0 0 0]
    [0 1 0 0]
    [0 0 1 0]
    [0 0 0 1],

    [  0 125   0   0]
    [  1  26  98   0]
    [  0  14  90  21]
    [  0   0 105  20],

    [  0   0 875   0]
    [  0  98 630 147]
    [  1  90 658 126]
    [  0 105 630 140],

    [  0   0   0 175]
    [  0   0 147  28]
    [  0  21 126  28]
    [  1  20 140  14]
]
