<v, Krein array>
<2541, [ 120, 110, 144/23, 1, 132/23, 120 ]>
r.1 = sqrt(161)

P =
[                 1                920                920                700]
[                 1  1/2*(11*r.1 + 69) 1/2*(-11*r.1 + 69)                -70]
[                 1                 -4                 -4                  7]
[                 1 1/2*(-11*r.1 + 69)  1/2*(11*r.1 + 69)                -70]

Q =
[                   1                  120                 2300                  120]
[                   1  1/46*(33*r.1 + 207)                  -10 1/46*(-33*r.1 + 207)]
[                   1 1/46*(-33*r.1 + 207)                  -10  1/46*(33*r.1 + 207)]
[                   1                  -12                   23                  -12]

L = 
[
    [1 0 0 0]
    [0 1 0 0]
    [0 0 1 0]
    [0 0 0 1],

    [  0 920   0   0]
    [  1 389 320 210]
    [  0 320 320 280]
    [  0 276 368 276],

    [  0   0 920   0]
    [  0 320 320 280]
    [  1 320 389 210]
    [  0 368 276 276],

    [  0   0   0 700]
    [  0 210 280 210]
    [  0 280 210 210]
    [  1 276 276 147]
]

L* =
[
    [1 0 0 0]
    [0 1 0 0]
    [0 0 1 0]
    [0 0 0 1],

    [     0    120      0      0]
    [     1      9    110      0]
    [     0 132/23    108 144/23]
    [     0      0    120      0],

    [   0    0 2300    0]
    [   0  110 2070  120]
    [   1  108 2083  108]
    [   0  120 2070  110],

    [     0      0      0    120]
    [     0      0    120      0]
    [     0 144/23    108 132/23]
    [     1      0    110      9]
]
