<v, Krein array>
<729, [ 35, 243/8, 6, 1, 15/8, 27 ]>

P =
[  1 210 168 350]
[  1  48   6 -55]
[  1   0  -6   5]
[  1 -15  24 -10]

Q =
[    1    35   567   126]
[    1     8     0    -9]
[    1   5/4 -81/4    18]
[    1 -11/2 81/10 -18/5]

L = 
[
    [1 0 0 0]
    [0 1 0 0]
    [0 0 1 0]
    [0 0 0 1],

    [  0 210   0   0]
    [  1  83  56  70]
    [  0  70  40 100]
    [  0  42  48 120],

    [  0   0 168   0]
    [  0  56  32  80]
    [  1  40  52  75]
    [  0  48  36  84],

    [  0   0   0 350]
    [  0  70  80 200]
    [  0 100  75 175]
    [  1 120  84 145]
]

L* =
[
    [1 0 0 0]
    [0 1 0 0]
    [0 0 1 0]
    [0 0 0 1],

    [    0    35     0     0]
    [    1  29/8 243/8     0]
    [    0  15/8 217/8     6]
    [    0     0    27     8],

    [       0        0      567        0]
    [       0    243/8 17577/40    486/5]
    [       1    217/8 17523/40    504/5]
    [       0       27   2268/5    432/5],

    [    0     0     0   126]
    [    0     0 486/5 144/5]
    [    0     6 504/5  96/5]
    [    1     8 432/5 153/5]
]
