<v, Krein array>
<392, [ 34, 63/2, 5, 1, 7/2, 30 ]>

P =
[  1 153 136 102]
[  1  27  -4 -24]
[  1  -1  -4   4]
[  1 -15  24 -10]

Q =
[  1  34 306  51]
[  1   6  -2  -5]
[  1  -1  -9   9]
[  1  -8  12  -5]

L = 
[
    [1 0 0 0]
    [0 1 0 0]
    [0 0 1 0]
    [0 0 0 1],

    [  0 153   0   0]
    [  1  68  56  28]
    [  0  63  45  45]
    [  0  42  60  51],

    [  0   0 136   0]
    [  0  56  40  40]
    [  1  45  60  30]
    [  0  60  40  36],

    [  0   0   0 102]
    [  0  28  40  34]
    [  0  45  30  27]
    [  1  51  36  14]
]

L* =
[
    [1 0 0 0]
    [0 1 0 0]
    [0 0 1 0]
    [0 0 0 1],

    [   0   34    0    0]
    [   1  3/2 63/2    0]
    [   0  7/2 51/2    5]
    [   0    0   30    4],

    [    0     0   306     0]
    [    0  63/2 459/2    45]
    [    1  51/2 479/2    40]
    [    0    30   240    36],

    [ 0  0  0 51]
    [ 0  0 45  6]
    [ 0  5 40  6]
    [ 1  4 36 10]
]

Ext Q-bip Double
{35,34,63/2,5;1,7/2,30,35}
