<v, Krein array>
<2080, [ 54, 1125/26, 55/3, 1, 45/26, 110/3 ]>

P =
[  1 405 864 810]
[  1 105 -16 -90]
[  1   1 -16  14]
[  1 -11  32 -22]

Q =
[    1    54  1350   675]
[    1    14  10/3 -55/3]
[    1    -1   -25    25]
[    1    -6  70/3 -55/3]

L = 
[
    [1 0 0 0]
    [0 1 0 0]
    [0 0 1 0]
    [0 0 0 1],

    [  0 405   0   0]
    [  1 152 160  92]
    [  0  75 165 165]
    [  0  46 176 183],

    [  0   0 864   0]
    [  0 160 352 352]
    [  1 165 368 330]
    [  0 176 352 336],

    [  0   0   0 810]
    [  0  92 352 366]
    [  0 165 330 315]
    [  1 183 336 290]
]

L* =
[
    [1 0 0 0]
    [0 1 0 0]
    [0 0 1 0]
    [0 0 0 1],

    [      0      54       0       0]
    [      1  253/26 1125/26       0]
    [      0   45/26 2647/78    55/3]
    [      0       0   110/3    52/3],

    [       0        0     1350        0]
    [       0  1125/26 66175/78   1375/3]
    [       1  2647/78 68255/78      440]
    [       0    110/3      880   1300/3],

    [     0      0      0    675]
    [     0      0 1375/3  650/3]
    [     0   55/3    440  650/3]
    [     1   52/3 1300/3  670/3]
]
