<v, Krein array>
<1445, [ 84, 1275/16, 25/4, 1, 85/16, 315/4 ]>

P =
[  1 576 420 448]
[  1  66  -5 -62]
[  1  -2  -5   6]
[  1 -36  63 -28]

Q =
[    1    84  1260   100]
[    1  77/8 -35/8 -25/4]
[    1    -1   -15    15]
[    1 -93/8 135/8 -25/4]

L = 
[
    [1 0 0 0]
    [0 1 0 0]
    [0 0 1 0]
    [0 0 0 1],

    [  0 576   0   0]
    [  1 253 175 147]
    [  0 240 144 192]
    [  0 189 180 207],

    [  0   0 420   0]
    [  0 175 105 140]
    [  1 144 163 112]
    [  0 180 105 135],

    [  0   0   0 448]
    [  0 147 140 161]
    [  0 192 112 144]
    [  1 207 135 105]
]

L* =
[
    [1 0 0 0]
    [0 1 0 0]
    [0 0 1 0]
    [0 0 0 1],

    [      0      84       0       0]
    [      1   53/16 1275/16       0]
    [      0   85/16 1159/16    25/4]
    [      0       0   315/4    21/4],

    [       0        0     1260        0]
    [       0  1275/16 17385/16    375/4]
    [       1  1159/16 17585/16    175/2]
    [       0    315/4   2205/2    315/4],

    [    0     0     0   100]
    [    0     0 375/4  25/4]
    [    0  25/4 175/2  25/4]
    [    1  21/4 315/4    15]
]

Ext Q-bip Double
{85,84,1275/16,25/4;1,85/16,315/4,85}
