<v, Krein array>
<2205, [ 58, 40, 343/10, 1, 16/5, 35/2 ]>

P =
[   1  174  870 1160]
[   1   69   30 -100]
[   1    6  -33   26]
[   1   -6   15  -10]

Q =
[    1    58   725  1421]
[    1    23    25   -49]
[    1     2 -55/2  49/2]
[    1    -5  65/4 -49/4]

L = 
[
    [1 0 0 0]
    [0 1 0 0]
    [0 0 1 0]
    [0 0 0 1],

    [  0 174   0   0]
    [  1  63  90  20]
    [  0  18  72  84]
    [  0   3  63 108],

    [  0   0 870   0]
    [  0  90 360 420]
    [  1  72 333 464]
    [  0  63 348 459],

    [   0    0    0 1160]
    [   0   20  420  720]
    [   0   84  464  612]
    [   1  108  459  592]
]

L* =
[
    [1 0 0 0]
    [0 1 0 0]
    [0 0 1 0]
    [0 0 0 1],

    [     0     58      0      0]
    [     1     17     40      0]
    [     0   16/5   41/2 343/10]
    [     0      0   35/2   81/2],

    [     0      0    725      0]
    [     0     40 1025/4 1715/4]
    [     1   41/2 1855/8 3773/8]
    [     0   35/2 1925/8 3735/8],

    [       0        0        0     1421]
    [       0        0   1715/4   3969/4]
    [       0   343/10   3773/8 36603/40]
    [       1     81/2   3735/8   7301/8]
]
