<v, Krein array>
<512, [ 49, 36, 16, 1, 6, 28 ]>

P =
[  1  49 294 168]
[  1  17   6 -24]
[  1   1 -10   8]
[  1  -7  14  -8]

Q =
[  1  49 294 168]
[  1  17   6 -24]
[  1   1 -10   8]
[  1  -7  14  -8]

L = 
[
    [1 0 0 0]
    [0 1 0 0]
    [0 0 1 0]
    [0 0 0 1],

    [ 0 49  0  0]
    [ 1 12 36  0]
    [ 0  6 27 16]
    [ 0  0 28 21],

    [  0   0 294   0]
    [  0  36 162  96]
    [  1  27 170  96]
    [  0  28 168  98],

    [  0   0   0 168]
    [  0   0  96  72]
    [  0  16  96  56]
    [  1  21  98  48]
]

L* =
[
    [1 0 0 0]
    [0 1 0 0]
    [0 0 1 0]
    [0 0 0 1],

    [ 0 49  0  0]
    [ 1 12 36  0]
    [ 0  6 27 16]
    [ 0  0 28 21],

    [  0   0 294   0]
    [  0  36 162  96]
    [  1  27 170  96]
    [  0  28 168  98],

    [  0   0   0 168]
    [  0   0  96  72]
    [  0  16  96  56]
    [  1  21  98  48]
]
