<v, Krein array>
<2025, [ 22, 21, 625/33, 1, 11/6, 30/11 ]>

P =
[   1  462 1232  330]
[   1  147  -28 -120]
[   1   27  -58   30]
[   1   -6    8   -3]

Q =
[      1      22     252    1750]
[      1       7  162/11 -250/11]
[      1    -1/2 -261/22  125/11]
[      1      -8  252/11 -175/11]

L = 
[
    [1 0 0 0]
    [0 1 0 0]
    [0 0 1 0]
    [0 0 0 1],

    [  0 462   0   0]
    [  1 185 256  20]
    [  0  96 291  75]
    [  0  28 280 154],

    [   0    0 1232    0]
    [   0  256  776  200]
    [   1  291  730  210]
    [   0  280  784  168],

    [  0   0   0 330]
    [  0  20 200 110]
    [  0  75 210  45]
    [  1 154 168   7]
]

L* =
[
    [1 0 0 0]
    [0 1 0 0]
    [0 0 1 0]
    [0 0 0 1],

    [     0     22      0      0]
    [     1      0     21      0]
    [     0   11/6  27/22 625/33]
    [     0      0  30/11 212/11],

    [        0         0       252         0]
    [        0        21  1701/121 26250/121]
    [        1     27/22  9195/242 25625/121]
    [        0     30/11  3690/121 26472/121],

    [         0          0          0       1750]
    [         0          0  26250/121 185500/121]
    [         0     625/33  25625/121 551500/363]
    [         1     212/11  26472/121 182825/121]
]
