<v, Krein array>
<665, [ 56, 1805/36, 931/80, 1, 266/45, 665/16 ]>

P =
[  1 120 384 160]
[  1  25   4 -30]
[  1   1  -8   6]
[  1 -15  24 -10]

Q =
[      1      56     475     133]
[      1    35/3   95/24  -133/8]
[      1    7/12 -475/48  133/16]
[      1   -21/2  285/16 -133/16]

L = 
[
    [1 0 0 0]
    [0 1 0 0]
    [0 0 1 0]
    [0 0 0 1],

    [  0 120   0   0]
    [  1  27  80  12]
    [  0  25  65  30]
    [  0   9  72  39],

    [  0   0 384   0]
    [  0  80 208  96]
    [  1  65 228  90]
    [  0  72 216  96],

    [  0   0   0 160]
    [  0  12  96  52]
    [  0  30  90  40]
    [  1  39  96  24]
]

L* =
[
    [1 0 0 0]
    [0 1 0 0]
    [0 0 1 0]
    [0 0 0 1],

    [       0       56        0        0]
    [       1   175/36  1805/36        0]
    [       0   266/45 5537/144   931/80]
    [       0        0   665/16   231/16],

    [          0           0         475           0]
    [          0     1805/36 375725/1152   12635/128]
    [          1    5537/144 392825/1152   12103/128]
    [          0      665/16   43225/128   12255/128],

    [        0         0         0       133]
    [        0         0 12635/128  4389/128]
    [        0    931/80 12103/128 17157/640]
    [        1    231/16 12255/128  2793/128]
]
