<v, Krein array>
<2016, [ 62, 1215/32, 33, 1, 81/32, 30 ]>

P =
[   1  155 1364  496]
[   1   65  -22  -44]
[   1    1  -22   20]
[   1   -5   20  -16]

Q =
[    1    62   930  1023]
[    1    26     6   -33]
[    1    -1   -15    15]
[    1 -11/2  75/2   -33]

L = 
[
    [1 0 0 0]
    [0 1 0 0]
    [0 0 1 0]
    [0 0 0 1],

    [  0 155   0   0]
    [  1  66  88   0]
    [  0  10 105  40]
    [  0   0 110  45],

    [   0    0 1364    0]
    [   0   88  924  352]
    [   1  105  922  336]
    [   0  110  924  330],

    [  0   0   0 496]
    [  0   0 352 144]
    [  0  40 336 120]
    [  1  45 330 120]
]

L* =
[
    [1 0 0 0]
    [0 1 0 0]
    [0 0 1 0]
    [0 0 0 1],

    [      0      62       0       0]
    [      1  737/32 1215/32       0]
    [      0   81/32  847/32      33]
    [      0       0      30      32],

    [       0        0      930        0]
    [       0  1215/32 12705/32      495]
    [       1   847/32 14097/32      462]
    [       0       30      420      480],

    [   0    0    0 1023]
    [   0    0  495  528]
    [   0   33  462  528]
    [   1   32  480  510]
]
