<v, Krein array>
<1716, [ 98, 60, 27, 1, 5, 72 ]>

P =
[   1   98 1176  441]
[   1   38  -12  -27]
[   1   -1  -12   12]
[   1   -6   32  -27]

Q =
[   1   98 1176  441]
[   1   38  -12  -27]
[   1   -1  -12   12]
[   1   -6   32  -27]

L = 
[
    [1 0 0 0]
    [0 1 0 0]
    [0 0 1 0]
    [0 0 0 1],

    [ 0 98  0  0]
    [ 1 37 60  0]
    [ 0  5 66 27]
    [ 0  0 72 26],

    [   0    0 1176    0]
    [   0   60  792  324]
    [   1   66  812  297]
    [   0   72  792  312],

    [  0   0   0 441]
    [  0   0 324 117]
    [  0  27 297 117]
    [  1  26 312 102]
]

L* =
[
    [1 0 0 0]
    [0 1 0 0]
    [0 0 1 0]
    [0 0 0 1],

    [ 0 98  0  0]
    [ 1 37 60  0]
    [ 0  5 66 27]
    [ 0  0 72 26],

    [   0    0 1176    0]
    [   0   60  792  324]
    [   1   66  812  297]
    [   0   72  792  312],

    [  0   0   0 441]
    [  0   0 324 117]
    [  0  27 297 117]
    [  1  26 312 102]
]
