<v, Krein array>
<1944, [ 29, 22, 25, 1, 2, 5 ]>

P =
[   1  319 1305  319]
[   1  121  -45  -77]
[   1   13  -45   31]
[   1   -5    9   -5]

Q =
[   1   29  319 1595]
[   1   11   13  -25]
[   1   -1  -11   11]
[   1   -7   31  -25]

L = 
[
    [1 0 0 0]
    [0 1 0 0]
    [0 0 1 0]
    [0 0 0 1],

    [  0 319   0   0]
    [  1 136 180   2]
    [  0  44 220  55]
    [  0   2 225  92],

    [   0    0 1305    0]
    [   0  180  900  225]
    [   1  220  864  220]
    [   0  225  900  180],

    [  0   0   0 319]
    [  0   2 225  92]
    [  0  55 220  44]
    [  1  92 180  46]
]

L* =
[
    [1 0 0 0]
    [0 1 0 0]
    [0 0 1 0]
    [0 0 0 1],

    [ 0 29  0  0]
    [ 1  6 22  0]
    [ 0  2  2 25]
    [ 0  0  5 24],

    [  0   0 319   0]
    [  0  22  22 275]
    [  1   2  66 250]
    [  0   5  50 264],

    [   0    0    0 1595]
    [   0    0  275 1320]
    [   0   25  250 1320]
    [   1   24  264 1306]
]
