<v, Krein array>
<1365, [ 124, 1400/13, 125/8, 1, 160/13, 875/8 ]>

P =
[  1 248 868 248]
[  1  38  -7 -32]
[  1  -1  -7   7]
[  1 -25  49 -25]

Q =
[     1    124   1085    155]
[     1     19  -35/8 -125/8]
[     1     -1  -35/4   35/4]
[     1    -16  245/8 -125/8]

L = 
[
    [1 0 0 0]
    [0 1 0 0]
    [0 0 1 0]
    [0 0 0 1],

    [  0 248   0   0]
    [  1  58 168  21]
    [  0  48 150  50]
    [  0  21 175  52],

    [  0   0 868   0]
    [  0 168 525 175]
    [  1 150 567 150]
    [  0 175 525 168],

    [  0   0   0 248]
    [  0  21 175  52]
    [  0  50 150  48]
    [  1  52 168  27]
]

L* =
[
    [1 0 0 0]
    [0 1 0 0]
    [0 0 1 0]
    [0 0 0 1],

    [       0      124        0        0]
    [       1   199/13  1400/13        0]
    [       0   160/13 9991/104    125/8]
    [       0        0    875/8    117/8],

    [         0          0       1085          0]
    [         0    1400/13 349685/416    4375/32]
    [         1   9991/104 360605/416    3875/32]
    [         0      875/8   27125/32    4095/32],

    [      0       0       0     155]
    [      0       0 4375/32  585/32]
    [      0   125/8 3875/32  585/32]
    [      1   117/8 4095/32  365/32]
]
