<v, Krein array>
<1792, [ 199, 168, 25, 1, 24, 175 ]>

P =
[   1  199 1393  199]
[   1   31   -7  -25]
[   1   -1   -7    7]
[   1  -25   49  -25]

Q =
[   1  199 1393  199]
[   1   31   -7  -25]
[   1   -1   -7    7]
[   1  -25   49  -25]

L = 
[
    [1 0 0 0]
    [0 1 0 0]
    [0 0 1 0]
    [0 0 0 1],

    [  0 199   0   0]
    [  1  30 168   0]
    [  0  24 150  25]
    [  0   0 175  24],

    [   0    0 1393    0]
    [   0  168 1050  175]
    [   1  150 1092  150]
    [   0  175 1050  168],

    [  0   0   0 199]
    [  0   0 175  24]
    [  0  25 150  24]
    [  1  24 168   6]
]

L* =
[
    [1 0 0 0]
    [0 1 0 0]
    [0 0 1 0]
    [0 0 0 1],

    [  0 199   0   0]
    [  1  30 168   0]
    [  0  24 150  25]
    [  0   0 175  24],

    [   0    0 1393    0]
    [   0  168 1050  175]
    [   1  150 1092  150]
    [   0  175 1050  168],

    [  0   0   0 199]
    [  0   0 175  24]
    [  0  25 150  24]
    [  1  24 168   6]
]
