<v, Krein array>
<2376, [ 76, 363/5, 44/3, 1, 44/15, 66 ]>

P =
[  1 912 950 513]
[  1 120 -40 -81]
[  1   0 -10   9]
[  1 -24  50 -27]

Q =
[    1    76  1881   418]
[    1    10     0   -11]
[    1 -16/5 -99/5    22]
[    1   -12    33   -22]

L = 
[
    [1 0 0 0]
    [0 1 0 0]
    [0 0 1 0]
    [0 0 0 1],

    [  0 912   0   0]
    [  1 408 350 153]
    [  0 336 360 216]
    [  0 272 400 240],

    [  0   0 950   0]
    [  0 350 375 225]
    [  1 360 400 189]
    [  0 400 350 200],

    [  0   0   0 513]
    [  0 153 225 135]
    [  0 216 189 108]
    [  1 240 200  72]
]

L* =
[
    [1 0 0 0]
    [0 1 0 0]
    [0 0 1 0]
    [0 0 0 1],

    [    0    76     0     0]
    [    1  12/5 363/5     0]
    [    0 44/15 292/5  44/3]
    [    0     0    66    10],

    [     0      0   1881      0]
    [     0  363/5 7227/5    363]
    [     1  292/5 7458/5    330]
    [     0     66   1485    330],

    [    0     0     0   418]
    [    0     0   363    55]
    [    0  44/3   330 220/3]
    [    1    10   330    77]
]
