<v, Krein array>
<2744, [ 39, 26, 13, 1, 2, 3 ]>

P =
[   1   39  507 2197]
[   1   25  143 -169]
[   1   11  -25   13]
[   1   -3    3   -1]

Q =
[   1   39  507 2197]
[   1   25  143 -169]
[   1   11  -25   13]
[   1   -3    3   -1]

L = 
[
    [1 0 0 0]
    [0 1 0 0]
    [0 0 1 0]
    [0 0 0 1],

    [ 0 39  0  0]
    [ 1 12 26  0]
    [ 0  2 24 13]
    [ 0  0  3 36],

    [  0   0 507   0]
    [  0  26 312 169]
    [  1  24 170 312]
    [  0   3  72 432],

    [   0    0    0 2197]
    [   0    0  169 2028]
    [   0   13  312 1872]
    [   1   36  432 1728]
]

L* =
[
    [1 0 0 0]
    [0 1 0 0]
    [0 0 1 0]
    [0 0 0 1],

    [ 0 39  0  0]
    [ 1 12 26  0]
    [ 0  2 24 13]
    [ 0  0  3 36],

    [  0   0 507   0]
    [  0  26 312 169]
    [  1  24 170 312]
    [  0   3  72 432],

    [   0    0    0 2197]
    [   0    0  169 2028]
    [   0   13  312 1872]
    [   1   36  432 1728]
]
