<v, Krein array>
<1470, [ 104, 70, 25, 1, 7, 80 ]>

P =
[   1  104 1040  325]
[   1   34  -10  -25]
[   1   -1  -10   10]
[   1   -8   32  -25]

Q =
[   1  104 1040  325]
[   1   34  -10  -25]
[   1   -1  -10   10]
[   1   -8   32  -25]

L = 
[
    [1 0 0 0]
    [0 1 0 0]
    [0 0 1 0]
    [0 0 0 1],

    [  0 104   0   0]
    [  1  33  70   0]
    [  0   7  72  25]
    [  0   0  80  24],

    [   0    0 1040    0]
    [   0   70  720  250]
    [   1   72  742  225]
    [   0   80  720  240],

    [  0   0   0 325]
    [  0   0 250  75]
    [  0  25 225  75]
    [  1  24 240  60]
]

L* =
[
    [1 0 0 0]
    [0 1 0 0]
    [0 0 1 0]
    [0 0 0 1],

    [  0 104   0   0]
    [  1  33  70   0]
    [  0   7  72  25]
    [  0   0  80  24],

    [   0    0 1040    0]
    [   0   70  720  250]
    [   1   72  742  225]
    [   0   80  720  240],

    [  0   0   0 325]
    [  0   0 250  75]
    [  0  25 225  75]
    [  1  24 240  60]
]
