625 626 627 628 629 630 631 632 633 634 635 636 637 638 639 640 641
 642 643 644 645 646 647 648 649 650
0 1 8 9 10 321 322 335 336 337 341 342 343 344 360 461 462
 471 472 473 585 586 587 588 595 645
6 7 17 18 19 331 332 333 334 339 351 352 353 354 359 469 470
 477 478 479 593 594 602 603 604 645
4 5 14 15 16 327 328 329 330 338 347 348 349 350 358 467 468
 475 476 480 591 592 599 600 601 645
2 3 11 12 13 323 324 325 326 340 345 346 355 356 357 463 464
 465 466 474 589 590 596 597 598 645
73 75 79 83 94 196 208 209 210 211 221 233 234 235 245 361 362
 374 375 376 481 482 494 495 496 645
72 74 80 86 92 207 217 218 219 220 232 241 242 243 244 372 373
 382 383 384 492 493 502 503 504 645
71 78 85 90 93 204 205 206 215 216 229 230 231 239 240 368 369
 370 371 381 489 490 491 501 505 645
76 81 84 88 91 201 202 203 213 214 226 227 228 237 238 365 366
 367 380 385 485 486 487 488 500 645
77 82 87 89 95 197 198 199 200 212 222 223 224 225 236 363 364
 377 378 379 483 484 497 498 499 645
70 72 79 82 84 90 296 308 309 310 311 386 387 399 400 401 436
 437 449 450 451 463 471 477 480 632
70 75 77 80 85 88 307 317 318 319 320 397 398 407 408 409 447
 448 457 458 459 473 474 476 479 633
70 76 78 86 87 94 304 305 306 315 316 393 394 395 396 406 444
 445 446 456 460 462 466 468 478 630
70 71 81 83 89 92 301 302 303 313 314 390 391 392 405 410 440
 441 442 443 455 465 470 472 475 634
70 73 74 91 93 95 297 298 299 300 312 388 389 402 403 404 438
 439 452 453 454 461 464 467 469 631
70 122 134 135 137 145 229 232 233 236 237 271 272 287 288 289 323
 327 335 339 411 412 413 414 425 642
70 121 126 128 140 144 225 228 235 240 244 285 286 292 293 294 322
 330 334 340 421 422 423 424 434 644
70 124 130 131 139 141 224 231 234 238 243 281 282 283 284 291 326
 329 333 337 419 420 432 433 435 643
70 123 129 132 136 143 223 227 239 242 245 277 278 279 280 290 321
 325 328 332 417 418 429 430 431 640
70 125 127 133 138 142 221 222 226 230 241 273 274 275 276 295 324
 331 336 338 415 416 426 427 428 641
70 98 103 112 115 120 196 201 212 215 217 246 247 262 263 264 341
 351 355 358 506 507 508 509 520 626
70 97 104 105 114 118 200 203 211 216 219 258 259 260 261 269 344
 346 350 354 518 519 528 529 530 627
70 96 101 108 113 119 199 206 210 214 218 254 255 256 257 270 343
 349 357 359 514 515 516 517 527 625
70 100 106 109 111 116 198 205 209 213 220 250 251 252 253 268 342
 348 353 356 512 513 524 525 526 629
70 99 102 107 110 117 197 202 204 207 208 248 249 265 266 267 345
 347 352 360 510 511 521 522 523 628
8 11 14 17 74 79 81 85 87 101 104 109 110 115 126 129 133
 135 139 545 548 553 554 555 556 648
3 10 16 19 71 75 82 86 91 116 117 118 119 120 121 122 123
 124 125 534 540 544 547 551 556 647
7 9 13 15 72 76 77 83 93 96 97 98 99 100 141 142 143
 144 145 532 536 542 549 552 556 646
1 5 12 18 88 90 92 94 95 103 105 107 111 113 127 130 134
 136 140 533 539 543 546 550 556 649
0 2 4 6 73 78 80 84 89 102 106 108 112 114 128 131 132
 137 138 531 535 537 538 541 556 650
254 258 262 265 268 273 277 287 291 292 296 304 312 313 317 533 541
 547 552 555 557 558 559 560 571 645
253 257 264 267 269 272 280 284 286 295 300 303 311 316 319 531 540
 542 548 550 567 568 569 570 580 645
249 252 256 261 263 271 276 279 283 294 299 306 310 314 318 536 538
 543 545 551 565 566 578 579 581 645
247 251 255 260 266 275 278 282 285 289 298 302 309 315 320 532 537
 544 546 553 563 564 575 576 577 645
246 248 250 259 270 274 281 288 290 293 297 301 305 307 308 534 535
 539 549 554 561 562 572 573 574 645
21 23 25 38 43 71 76 79 80 95 146 147 160 161 162 247 249
 257 259 268 322 326 327 331 584 640
22 27 32 42 44 75 84 87 92 93 158 159 167 168 169 248 252
 254 260 264 321 323 330 333 584 641
20 24 26 36 41 72 85 89 91 94 156 157 165 166 170 246 253
 255 261 265 324 329 332 335 584 644
29 30 33 37 40 74 78 82 83 88 152 153 154 155 164 250 256
 262 266 269 328 336 339 340 584 643
28 31 34 35 39 73 77 81 86 90 148 149 150 151 163 251 258
 263 267 270 325 334 337 338 584 642
46 48 53 58 68 72 75 78 81 95 171 172 185 186 187 276 277
 281 286 289 343 346 352 358 583 629
49 54 55 64 69 80 83 87 90 91 183 184 192 193 194 273 280
 283 285 288 341 345 350 353 583 625
45 50 52 59 67 79 86 88 89 93 181 182 190 191 195 272 274
 279 282 292 342 349 354 355 583 628
51 57 60 62 66 71 74 77 84 94 177 178 179 180 189 275 284
 287 290 294 348 351 357 360 583 627
47 56 61 63 65 73 76 82 85 92 173 174 175 176 188 271 278
 291 293 295 344 347 356 359 583 626
70 556 582 583 584 605 606 607 608 609 610 611 612 613 614 615 616
 617 618 619 620 621 622 623 624 645
55 56 57 58 59 198 201 208 216 218 333 335 338 340 388 395 401
 405 409 531 532 533 534 545 582 640
54 65 66 67 68 197 211 214 215 220 323 328 331 337 387 389 392
 393 398 541 542 543 544 554 582 644
52 53 62 63 64 196 200 206 207 213 326 330 332 336 386 394 397
 403 410 538 539 540 552 553 582 642
48 49 50 51 61 199 203 204 209 217 322 325 329 339 391 400 402
 406 408 537 549 550 551 555 582 641
45 46 47 60 69 202 205 210 212 219 321 324 327 334 390 396 399
 404 407 535 536 546 547 548 582 643
2 9 14 19 23 26 30 35 42 45 58 61 64 66 70 481 485
 489 497 502 561 563 571 580 581 649
5 10 13 17 22 29 31 36 38 46 51 55 63 67 70 484 491
 493 496 500 560 562 564 566 570 650
3 4 8 18 20 25 27 28 33 50 56 62 68 69 70 488 490
 495 499 504 559 569 574 577 579 646
1 6 11 15 21 34 40 41 44 47 48 52 54 57 70 482 487
 492 498 501 558 565 568 573 576 647
0 7 12 16 24 32 37 39 43 49 53 59 60 65 70 483 486
 494 503 505 557 567 572 575 578 648
70 148 160 164 165 167 171 173 177 192 195 365 368 374 377 382 531
 543 547 549 553 585 596 599 602 638
70 147 155 159 163 166 180 182 184 187 188 362 364 367 381 384 534
 538 542 546 555 588 590 592 594 636
70 151 154 157 162 169 172 176 179 181 194 366 371 373 376 379 533
 536 537 540 554 589 591 595 604 635
70 146 150 153 156 168 175 178 183 186 191 363 370 375 383 385 532
 539 541 548 551 587 598 601 603 637
70 149 152 158 161 170 174 185 189 190 193 361 369 372 378 380 535
 544 545 550 552 586 593 597 600 639
344 353 357 358 421 425 426 429 432 436 452 455 457 460 484 485 490
 492 494 540 541 545 546 549 584 628
350 355 359 360 414 418 420 428 434 439 443 446 448 451 482 486 491
 497 504 533 535 542 551 553 584 629
341 349 352 356 413 424 427 431 435 438 442 450 456 459 481 499 500
 501 503 534 537 543 548 552 584 627
342 346 347 351 412 416 417 423 433 441 445 449 454 458 483 487 489
 493 495 531 536 539 544 555 584 625
343 345 348 354 411 415 419 422 430 437 440 444 447 453 488 496 498
 502 505 532 538 547 550 554 584 626
9 11 16 18 152 156 160 163 169 196 197 203 205 218 299 305 309
 313 319 411 417 420 421 427 583 650
6 10 12 14 146 149 154 166 167 200 201 204 210 220 297 311 314
 315 317 413 426 430 433 434 583 646
0 3 15 17 150 155 158 162 165 198 202 206 211 217 303 306 308
 312 320 412 415 418 424 432 583 649
1 4 13 19 148 153 157 159 161 199 208 213 215 219 300 302 304
 307 310 414 416 422 429 435 583 648
2 5 7 8 147 151 164 168 170 207 209 212 214 216 296 298 301
 316 318 419 423 425 428 431 583 647
20 21 30 31 32 196 199 202 216 220 271 273 282 286 290 442 445
 451 453 457 556 586 591 596 603 636
28 29 41 42 43 200 205 208 214 217 279 281 285 287 295 436 440
 446 454 459 556 594 595 598 599 639
26 27 38 39 40 204 211 212 213 218 274 280 289 291 294 437 443
 452 456 458 556 587 592 597 604 638
25 35 36 37 44 197 201 206 209 219 276 278 284 288 292 438 444
 448 449 455 556 588 589 600 602 637
22 23 24 33 34 198 203 207 210 215 272 275 277 283 293 439 441
 447 450 460 556 585 590 593 601 635
174 179 184 186 195 297 303 304 309 318 326 328 334 335 482 483 490
 500 502 509 510 517 525 528 556 641
176 177 187 191 193 298 306 307 311 313 325 327 333 336 481 484 487
 504 505 511 516 518 520 524 556 644
173 178 182 185 194 296 300 305 314 320 322 323 332 338 485 491 495
 498 503 508 512 514 523 529 556 643
172 175 180 190 192 301 310 312 315 319 324 330 337 339 488 493 494
 497 501 506 513 515 521 530 556 640
171 181 183 188 189 299 302 308 316 317 321 329 331 340 486 489 492
 496 499 507 519 522 526 527 556 642
83 84 85 86 95 418 422 425 427 433 513 514 520 522 528 564 568
 571 572 579 582 586 592 598 602 635
80 81 82 93 94 414 417 419 424 426 508 510 515 518 526 558 570
 574 575 581 582 590 595 600 603 638
77 78 79 91 92 413 415 420 423 429 509 512 516 519 521 559 562
 576 578 580 582 588 596 601 604 639
74 75 76 89 90 412 421 428 430 435 506 511 525 527 529 560 561
 565 567 577 582 585 591 594 597 637
71 72 73 87 88 411 416 431 432 434 507 517 523 524 530 557 563
 566 569 573 582 587 589 593 599 636
45 48 55 62 65 246 252 257 258 266 367 371 375 378 382 413 417
 422 428 432 461 465 478 480 556 633
47 51 59 64 68 249 253 260 262 270 361 366 370 377 384 412 419
 427 429 434 468 469 472 474 556 632
50 54 58 60 63 248 255 263 268 269 362 368 379 380 383 411 418
 423 426 435 466 471 475 479 556 631
53 57 61 67 69 251 256 259 264 265 363 365 372 376 381 414 415
 421 431 433 462 464 476 477 556 634
46 49 52 56 66 247 250 254 261 267 364 369 373 374 385 416 420
 424 425 430 463 467 470 473 556 630
44 69 95 120 145 170 195 220 245 270 295 320 340 360 385 410 435
 460 480 505 530 555 581 604 624 650
40 62 92 117 144 147 194 201 222 261 282 308 325 343 368 398 414
 454 468 494 525 548 571 593 605 650
21 50 94 116 141 151 175 200 240 266 277 303 323 341 384 404 416
 437 476 486 516 545 561 602 612 650
41 56 90 118 142 164 187 210 237 264 294 312 326 342 378 406 429
 448 475 503 522 554 563 603 609 650
34 68 88 119 143 168 189 204 243 268 288 306 324 344 376 401 422
 442 467 483 508 553 580 594 607 650
39 45 72 104 127 161 183 198 228 248 287 314 328 359 374 408 419
 445 464 501 520 540 577 588 623 650
37 61 77 101 136 157 182 211 232 247 283 297 330 352 370 405 428
 436 466 487 526 547 569 586 615 650
30 54 79 105 125 150 173 207 227 254 284 307 335 358 381 402 434
 440 478 499 513 536 575 597 616 650
42 52 85 113 123 155 186 212 244 249 273 302 337 348 380 395 413
 439 477 495 518 549 567 589 610 650
24 64 76 109 130 159 177 217 239 256 286 317 338 354 379 399 425
 438 465 482 521 544 574 587 619 650
33 59 91 98 135 167 178 199 235 267 291 301 331 346 371 386 418
 459 462 502 524 546 565 600 618 650
20 60 75 96 129 149 176 213 241 259 285 296 339 355 364 388 432
 444 472 489 510 543 568 601 614 650
23 47 81 107 121 158 180 209 236 246 279 300 336 350 373 387 433
 456 479 490 527 532 557 596 606 650
27 65 86 100 139 146 184 208 229 262 276 298 332 357 365 407 424
 441 471 497 519 550 573 591 611 650
28 49 71 99 126 154 171 219 223 255 272 318 333 356 361 393 415
 451 461 485 506 539 558 592 608 650
35 57 87 111 124 165 181 214 230 269 289 310 322 347 375 390 430
 457 469 504 509 552 572 590 622 650
32 58 83 110 140 148 174 206 224 253 274 315 327 351 367 389 431
 447 463 492 529 551 559 595 621 650
26 48 74 103 122 162 193 216 234 251 293 304 321 349 377 397 426
 449 470 488 523 542 578 598 617 650
25 53 82 97 133 166 190 215 238 252 290 316 334 345 383 391 412
 452 473 481 514 533 576 599 620 650
43 66 93 115 134 153 172 202 221 258 278 311 329 353 372 394 423
 443 474 498 517 534 579 585 613 650
26 63 71 113 131 158 191 203 245 262 285 316 338 352 382 404 414
 457 463 483 513 554 565 588 613 646
23 67 75 105 137 155 192 205 222 267 290 298 329 359 366 410 422
 449 466 503 509 545 558 587 621 646
21 65 84 119 135 164 190 219 230 263 280 313 329 352 364 397 434
 460 464 495 525 532 562 595 619 649
41 53 80 117 139 168 176 199 227 250 292 299 338 351 361 390 413
 437 466 490 530 542 564 585 623 649
35 46 91 107 138 162 188 218 240 252 272 296 328 351 363 406 435
 440 474 494 518 553 573 586 619 646
44 59 78 118 126 151 184 213 234 265 275 319 327 359 383 387 430
 454 465 499 508 549 566 586 613 649
42 55 82 111 128 150 179 196 243 255 276 301 327 354 369 398 429
 456 464 486 523 555 568 585 615 646
30 51 86 103 132 165 185 197 237 259 291 318 330 353 362 401 416
 439 465 505 527 548 576 595 623 646
34 60 89 120 133 147 171 208 244 260 271 305 328 353 371 402 433
 448 463 488 516 552 570 587 615 649
40 49 73 116 129 170 178 215 236 257 281 309 330 354 365 395 426
 442 474 504 522 536 560 588 621 649
36 47 93 106 123 163 193 207 222 247 286 314 339 357 375 401 435
 458 462 486 528 554 559 599 608 649
39 54 78 115 123 159 181 209 238 257 271 313 324 360 377 388 424
 436 476 502 529 539 564 593 609 646
38 52 83 112 125 156 180 214 243 248 278 317 334 346 377 406 414
 450 461 505 512 545 569 591 614 649
37 55 94 110 137 159 185 203 244 270 282 312 331 356 363 397 430
 443 471 490 520 536 580 599 614 647
36 49 88 114 135 160 176 208 224 270 294 303 321 358 383 394 428
 453 477 501 512 544 571 590 606 646
32 67 90 115 131 161 179 218 236 266 295 306 332 346 362 390 434
 438 473 488 526 549 571 601 608 647
27 64 89 97 136 154 174 202 240 257 275 299 337 358 374 401 414
 444 479 503 524 555 562 598 622 647
37 52 84 109 121 161 173 216 241 265 281 299 325 341 375 393 412
 447 475 497 517 546 570 604 607 646
22 54 77 102 124 160 186 216 237 256 274 311 332 356 373 404 422
 446 472 494 507 555 577 600 620 649
20 55 81 98 138 154 191 205 232 254 293 310 326 360 362 408 431
 452 468 498 519 544 567 602 607 649
25 45 73 96 140 167 172 217 237 265 280 305 336 348 370 398 435
 451 470 483 519 545 564 590 616 647
43 63 88 109 138 157 192 197 234 264 277 308 334 357 369 402 413
 445 472 504 529 532 581 592 618 647
31 59 92 108 139 156 171 215 221 266 288 312 322 348 364 399 431
 446 479 487 528 540 581 597 617 646
28 58 84 98 130 166 183 211 222 250 271 319 322 349 372 404 429
 441 478 505 510 553 560 589 606 647
32 47 80 104 122 157 186 214 223 263 275 305 340 342 381 386 432
 443 467 481 521 550 560 602 605 646
29 57 72 108 122 169 173 209 240 258 283 315 331 355 380 410 429
 453 473 483 511 548 574 592 611 649
20 61 78 99 134 146 177 198 243 263 292 309 321 350 367 410 416
 459 469 494 514 554 570 597 610 647
24 57 73 110 125 153 193 212 229 260 292 319 326 343 373 391 418
 445 480 485 526 543 562 594 612 646
28 67 74 100 132 167 188 203 224 249 289 307 324 341 369 405 423
 444 480 482 514 540 557 603 605 649
33 63 87 97 128 146 185 218 221 246 284 302 325 342 366 389 425
 451 476 501 510 547 578 594 624 649
22 53 94 112 129 152 184 219 228 268 295 308 337 349 371 405 425
 458 469 498 511 551 563 596 616 646
43 48 89 101 124 148 180 207 235 250 280 309 323 344 380 407 415
 438 468 489 520 533 566 603 624 646
25 51 85 99 131 149 192 196 228 269 279 304 323 343 363 399 428
 441 467 492 524 534 575 604 609 649
38 60 90 106 126 169 190 199 232 261 277 320 336 347 365 389 419
 455 478 482 507 534 580 598 610 646
39 51 95 101 128 153 188 205 227 261 288 303 333 355 382 387 426
 447 462 495 521 552 563 591 620 647
27 46 79 96 137 166 179 197 239 251 273 300 340 344 382 394 419
 459 475 487 506 551 572 593 612 649
33 66 80 100 127 149 182 206 245 260 281 313 335 347 379 406 422
 452 477 486 506 548 566 596 617 647
29 65 95 102 133 163 178 213 239 264 282 306 335 350 361 408 423
 450 470 492 515 547 561 589 622 646
31 48 76 114 121 152 181 212 245 253 287 297 333 345 381 398 416
 455 471 503 515 553 579 601 618 649
24 46 92 104 132 148 191 196 230 268 294 320 339 345 366 395 433
 436 461 499 517 542 561 600 611 647
43 69 86 104 144 159 175 204 233 255 290 296 336 358 378 392 420
 447 469 500 526 531 565 589 617 649
29 50 81 114 143 156 194 220 229 249 284 304 330 359 378 388 415
 458 463 481 507 546 572 585 619 647
34 55 93 118 131 170 188 197 241 256 287 315 322 358 366 407 418
 437 470 481 525 539 569 596 610 648
30 56 89 111 145 158 194 204 228 263 281 319 331 357 384 394 431
 449 461 482 518 547 564 601 620 648
22 56 74 108 144 163 195 200 238 246 273 310 327 352 376 393 418
 455 474 489 512 550 575 587 623 647
34 61 79 116 140 164 183 202 242 246 289 304 333 357 379 392 427
 454 473 491 530 538 567 600 614 646
40 67 76 119 138 151 185 196 223 248 283 311 335 348 382 391 424
 448 469 489 530 546 559 598 606 648
31 69 85 106 142 160 189 201 235 254 289 300 328 354 384 391 432
 450 466 497 511 539 578 595 613 647
26 69 84 107 143 150 187 200 221 257 292 305 339 356 368 405 419
 439 473 492 509 544 566 591 618 648
39 56 75 110 141 157 189 220 226 262 272 301 322 350 368 396 417
 438 477 484 517 538 576 598 616 649
37 68 71 115 142 148 194 200 242 252 291 298 335 349 385 400 421
 445 479 496 521 535 568 590 610 649
35 50 80 103 144 155 189 210 239 265 271 309 333 346 385 389 428
 456 472 498 513 540 562 599 611 648
32 62 91 109 143 153 195 210 225 259 276 316 337 347 384 409 411
 436 470 491 520 537 558 597 606 649
42 68 73 105 141 162 195 201 232 250 275 313 332 345 378 399 423
 457 462 501 527 551 570 592 614 648
21 64 74 117 127 170 172 211 231 254 279 302 334 356 367 400 411
 448 462 484 508 531 572 601 611 646
24 50 82 101 145 161 187 201 231 267 285 318 321 348 376 403 427
 443 478 493 529 541 573 596 622 649
38 68 87 102 145 152 175 210 241 251 279 307 329 351 368 386 424
 453 465 485 528 533 567 588 615 647
41 45 87 120 136 151 177 206 226 249 293 300 339 346 372 409 420
 442 471 496 525 541 575 592 620 646
40 58 85 118 134 168 182 217 225 251 284 310 331 345 374 403 417
 460 472 500 516 535 557 591 608 646
41 51 83 116 137 147 191 218 238 258 286 297 321 347 369 386 415
 460 479 497 508 543 577 589 616 648
23 62 78 113 142 165 175 220 224 260 280 299 334 355 376 408 425
 440 471 487 523 534 560 600 608 648
44 63 72 117 132 164 179 205 235 247 274 317 337 350 363 388 412
 442 478 485 516 550 579 590 617 648
44 66 81 119 130 147 174 198 233 269 273 307 332 355 370 396 421
 437 461 493 522 537 578 599 618 646
36 62 79 112 141 169 187 204 223 269 293 302 338 353 385 407 412
 446 464 502 515 543 557 586 621 647
21 46 77 120 128 168 192 203 229 253 278 314 336 349 362 393 432
 454 477 502 522 533 574 597 622 648
29 64 75 112 140 160 182 198 230 255 291 316 325 360 372 387 413
 455 467 488 528 536 573 603 612 648
23 49 72 103 139 150 190 213 225 256 278 297 323 360 371 396 427
 457 475 496 518 531 559 594 605 647
42 60 76 107 135 165 184 215 242 258 274 314 340 343 361 403 420
 449 476 484 513 537 569 603 607 647
31 66 82 102 136 169 183 217 234 259 272 298 324 343 367 395 434
 458 475 490 512 552 565 602 624 648
22 45 71 106 134 156 174 211 227 267 276 296 340 341 379 397 433
 453 468 504 515 549 576 594 609 648
26 59 77 111 133 155 176 219 233 248 286 315 326 341 365 400 417
 440 467 491 527 541 579 593 624 647
38 61 91 114 130 163 172 206 244 262 290 318 323 342 374 390 426
 446 480 499 511 532 568 593 607 648
30 53 93 113 126 162 178 208 226 253 283 317 325 344 364 392 411
 456 480 493 509 535 577 602 609 647
36 58 86 108 127 152 177 202 236 252 285 301 326 344 370 402 430
 450 476 495 507 542 558 604 605 648
35 65 83 105 129 158 171 199 231 247 287 311 324 342 383 409 421
 439 468 500 523 538 574 604 612 647
20 52 95 97 124 167 193 209 242 266 294 308 338 359 381 396 411
 441 474 500 506 541 580 595 615 648
28 47 94 96 125 146 181 216 225 264 288 320 328 352 380 400 420
 452 465 493 524 538 571 585 621 648
25 54 92 100 122 154 180 212 226 270 277 306 329 354 375 403 421
 459 463 491 510 531 563 586 623 648
33 48 90 99 123 166 173 214 233 268 282 303 330 351 373 409 427
 444 464 484 519 535 581 587 613 648
27 57 88 98 121 149 186 207 231 261 295 312 327 353 377 392 417
 451 466 496 514 537 561 588 619 648
21 33 36 39 42 225 234 237 239 241 461 463 468 479 509 511 514
 526 530 534 536 541 550 553 583 634
23 27 31 37 41 223 228 230 233 243 462 470 474 480 507 510 513
 516 529 533 538 544 548 549 583 631
20 22 35 40 43 224 226 229 244 245 464 473 475 478 508 521 524
 527 528 537 539 542 545 547 583 632
25 26 29 32 34 222 227 231 232 235 465 469 471 476 506 512 517
 518 522 532 535 540 543 555 583 630
24 28 30 38 44 221 236 238 240 242 466 467 472 477 515 519 520
 523 525 531 546 551 552 554 583 633
150 154 159 160 170 222 228 229 234 242 344 348 352 355 386 389 390
 406 409 556 557 561 570 576 579 625
148 152 162 166 168 221 223 231 237 244 341 347 354 357 387 388 396
 408 410 556 562 565 569 571 575 629
151 155 156 161 167 225 230 232 238 245 343 350 351 356 392 394 401
 402 407 556 560 563 568 574 578 628
146 157 158 163 164 224 227 233 240 241 346 349 353 360 391 395 398
 399 403 556 558 566 572 577 580 626
147 149 153 165 169 226 235 236 239 243 342 345 358 359 393 397 400
 404 405 556 559 564 567 573 581 627
1 2 16 17 274 278 283 286 287 368 376 378 384 385 387 390 395
 397 402 506 510 514 519 524 584 646
8 12 15 19 271 275 280 281 292 362 363 366 369 382 392 396 400
 403 409 507 511 512 515 528 584 650
4 7 10 11 277 282 288 294 295 367 370 372 374 379 386 388 391
 393 407 509 513 518 523 527 584 649
0 13 14 18 272 276 285 290 291 373 375 377 380 381 389 394 399
 405 408 508 516 522 525 530 584 647
3 5 6 9 273 279 284 289 293 361 364 365 371 383 398 401 404
 406 410 517 520 521 526 529 584 648
12 30 62 72 102 123 168 188 211 230 270 285 304 327 342 365 391
 420 438 479 498 506 545 570 618 635
12 26 56 93 114 124 151 192 217 236 268 276 302 328 360 361 386
 421 447 478 487 514 548 562 614 636
12 35 68 76 108 125 164 191 198 234 261 290 300 330 341 371 407
 411 443 477 492 510 555 564 608 639
12 42 69 77 112 121 147 185 206 227 266 272 310 329 344 383 388
 427 445 470 482 524 554 560 611 638
12 23 50 83 106 122 170 179 202 244 264 291 307 338 343 364 393
 417 436 469 501 519 553 566 620 637
18 26 46 80 118 135 159 173 198 226 266 279 297 337 357 376 391
 423 451 468 505 507 552 568 621 637
16 34 46 84 99 136 165 194 209 225 262 295 307 326 354 383 389
 413 443 462 489 515 545 577 617 636
0 29 66 92 116 145 146 193 203 223 265 274 310 334 358 371 409
 419 438 466 495 527 553 568 609 636
8 39 57 82 106 140 158 192 219 221 249 282 297 332 358 385 406
 411 459 465 489 516 542 560 607 635
16 40 51 80 98 140 150 195 216 233 252 277 302 324 359 364 394
 433 438 471 485 511 554 569 622 639
4 36 53 74 107 125 147 183 205 245 263 291 315 323 354 378 409
 424 451 472 487 517 549 580 622 635
19 21 53 87 114 144 154 188 209 243 267 274 320 335 357 370 399
 417 439 475 488 520 543 560 613 639
15 27 58 94 102 135 153 192 220 238 247 293 296 325 354 381 390
 427 448 461 483 527 540 566 610 639
8 37 54 75 114 134 162 191 199 239 246 295 315 334 348 384 401
 420 441 464 485 522 552 566 605 638
0 31 58 88 120 144 167 180 205 241 257 283 304 332 347 361 400
 425 443 464 499 518 554 576 612 637
18 23 63 84 116 126 153 181 217 231 270 273 314 335 346 378 407
 431 444 467 494 511 542 576 615 638
19 41 60 79 108 145 167 185 216 222 262 278 303 337 345 367 408
 421 456 467 504 526 539 566 619 635
15 25 66 90 112 139 159 191 200 241 253 289 318 340 359 380 402
 417 442 462 494 523 547 562 606 635
4 31 60 87 103 123 170 182 203 240 250 276 311 326 359 376 392
 412 459 461 492 521 532 571 616 638
15 28 45 92 114 129 157 185 204 235 256 273 298 326 351 377 387
 411 460 473 486 513 534 570 622 637
15 20 64 88 106 133 161 188 210 223 258 284 301 323 352 373 395
 421 454 471 505 509 551 564 617 638
8 24 48 86 112 136 155 179 213 224 254 288 314 331 347 368 404
 421 451 474 481 530 532 570 609 639
8 32 52 71 108 130 165 188 208 228 251 277 311 339 350 378 398
 427 452 466 502 508 536 562 624 637
8 43 47 91 102 127 150 185 215 232 269 294 317 333 349 376 410
 417 444 463 497 525 549 564 612 636
16 41 63 78 96 127 162 189 212 242 267 282 310 323 353 365 405
 434 447 461 481 528 555 574 606 637
0 22 64 95 118 141 166 181 218 235 263 278 307 339 348 365 392
 428 445 463 490 523 548 558 607 639
18 35 51 89 119 139 161 186 211 242 264 293 315 336 345 368 388
 425 459 480 486 512 536 558 613 636
4 22 59 85 105 122 164 172 197 243 257 285 314 325 351 385 396
 415 452 471 482 526 552 561 606 636
18 42 67 78 120 129 148 193 202 233 261 284 317 322 356 384 386
 428 452 475 483 515 532 573 623 635
19 44 65 74 106 143 149 191 212 237 255 283 308 322 346 374 394
 427 440 476 490 521 533 570 621 636
4 38 65 81 113 124 168 177 196 222 265 272 297 340 353 384 400
 418 444 473 501 529 536 563 617 639
16 21 67 73 97 130 158 187 207 226 255 288 304 340 351 371 408
 430 436 472 497 512 548 579 610 638
16 44 55 89 100 134 155 175 214 231 259 294 300 325 352 361 399
 426 445 473 502 507 553 559 616 635
0 38 45 94 119 142 149 173 197 229 250 286 302 333 350 383 403
 431 436 474 488 509 555 565 605 635
18 30 55 73 117 133 157 180 206 225 268 289 311 321 355 385 393
 419 441 476 503 528 549 565 619 639
19 34 49 85 102 141 146 179 214 245 252 286 312 336 355 372 405
 411 449 468 499 529 546 562 623 638
0 36 61 90 117 143 154 186 196 238 260 287 300 331 349 364 396
 423 447 465 504 513 545 573 624 638
19 40 59 81 112 142 166 192 207 240 259 287 306 321 356 379 389
 420 457 480 495 517 550 564 615 637
15 33 61 95 108 126 148 179 201 229 248 279 316 324 353 375 397
 420 437 472 503 518 544 560 616 636
4 29 49 79 111 121 151 174 218 237 260 290 317 324 352 368 403
 432 441 462 498 520 542 581 610 637
14 43 68 77 117 131 169 193 213 230 246 271 303 340 354 374 406
 431 439 471 493 514 546 558 616 637
7 20 47 71 111 137 169 182 201 221 256 280 304 337 346 383 402
 424 447 480 484 522 553 561 623 639
1 23 60 85 100 138 163 194 211 237 266 292 316 333 358 377 386
 430 442 464 493 517 551 574 624 639
2 36 57 75 99 139 148 175 203 232 257 273 308 328 342 379 403
 434 456 470 505 508 546 579 620 639
2 38 48 82 96 135 157 195 205 228 260 284 306 338 341 372 392
 430 439 479 494 522 539 559 611 636
6 29 56 77 109 127 165 190 196 244 257 288 298 321 346 381 392
 435 437 468 485 510 551 557 613 635
6 22 68 83 104 136 150 176 205 236 265 282 316 322 357 380 403
 416 448 480 502 506 534 578 619 638
6 31 50 72 115 130 162 184 197 227 260 294 301 336 356 375 409
 414 460 467 489 514 547 567 621 639
11 37 63 89 105 143 167 183 215 226 251 286 318 327 360 373 406
 432 437 469 495 515 534 571 611 639
7 25 52 75 103 128 152 183 204 224 258 275 300 335 356 365 390
 418 436 468 493 516 554 581 619 636
7 28 48 91 105 131 160 174 220 239 248 292 310 336 357 364 395
 412 443 476 496 508 548 563 615 635
2 22 47 86 97 126 161 194 196 239 250 289 312 329 360 367 409
 426 440 477 483 516 543 569 618 637
1 42 53 79 98 131 156 189 198 240 270 280 298 339 347 373 393
 426 448 465 500 529 547 579 605 636
11 32 46 73 113 144 146 182 213 242 269 287 301 329 341 377 401
 415 448 478 490 511 544 581 620 635
14 39 69 93 116 132 156 173 199 244 269 275 306 326 352 367 398
 425 449 472 496 506 533 573 606 639
6 38 62 93 101 140 155 171 203 234 263 295 296 335 345 373 396
 429 442 476 497 524 544 572 623 637
14 24 62 83 120 138 160 181 219 227 251 281 312 323 359 370 401
 423 456 473 484 510 550 565 610 636
9 20 51 73 109 123 164 184 200 231 248 272 320 331 358 372 390
 422 456 463 487 515 533 578 605 637
11 43 51 78 107 145 166 174 219 225 254 283 298 338 342 375 398
 418 442 477 488 507 540 561 614 638
14 37 50 76 118 128 163 186 208 236 254 280 308 324 351 372 410
 419 457 461 491 524 543 576 617 635
14 32 56 72 119 137 152 180 215 234 249 292 320 325 353 379 404
 428 440 462 500 519 539 568 622 638
9 28 55 78 104 121 168 190 210 226 247 291 303 332 348 379 402
 414 449 474 492 511 543 572 624 636
2 29 52 91 100 129 159 189 197 221 263 293 303 327 343 370 400
 433 457 478 503 530 533 577 608 638
9 25 46 89 115 125 151 178 220 233 256 285 308 333 347 367 397
 429 439 466 501 528 550 557 607 638
1 26 49 81 97 132 152 195 206 243 264 271 296 331 348 375 407
 434 454 466 484 521 534 577 612 635
9 33 67 84 101 122 147 176 204 242 253 276 312 334 350 374 395
 435 457 465 498 507 539 575 612 639
11 39 67 80 111 142 154 177 208 231 246 278 296 330 343 380 404
 412 460 470 499 528 551 580 618 636
9 27 63 80 110 124 170 171 201 225 258 290 306 339 349 370 387
 416 440 464 482 512 546 567 609 635
6 36 69 76 110 134 158 178 218 230 250 277 318 337 355 377 400
 422 454 475 481 519 540 575 615 636
7 33 57 86 113 138 156 172 200 228 247 271 307 321 345 361 387
 432 438 475 491 525 555 580 621 638
1 30 65 87 99 137 160 187 217 245 261 275 301 334 349 380 388
 433 437 474 491 526 540 559 607 637
11 24 55 84 103 141 149 172 199 233 249 274 316 328 344 381 410
 424 454 479 504 512 547 563 608 637
2 31 54 71 98 133 153 187 218 224 265 279 320 330 344 374 396
 413 449 469 486 525 550 574 614 635
1 35 59 74 96 128 169 175 202 222 268 281 318 332 350 381 391
 413 460 463 496 520 544 569 609 638
7 27 54 82 107 132 163 177 210 232 253 281 302 322 355 371 397
 415 445 467 500 530 545 571 613 637
10 44 62 76 111 139 157 183 216 244 267 279 313 339 358 362 389
 415 450 474 483 514 535 563 612 638
17 39 61 94 100 124 147 195 215 223 254 285 319 336 346 366 401
 413 453 475 492 523 535 579 619 637
10 40 68 93 103 135 161 177 209 227 255 273 319 334 347 363 405
 432 446 463 503 519 538 561 624 635
3 34 66 95 110 138 152 176 216 238 255 280 314 330 342 384 399
 414 459 478 496 509 549 557 611 637
17 37 58 90 97 125 170 175 213 235 249 272 313 321 357 382 398
 433 446 467 498 509 537 574 623 636
17 24 45 95 98 122 168 194 208 241 269 290 309 337 356 369 406
 434 455 476 487 527 538 559 613 638
10 21 69 72 105 133 148 182 214 236 262 293 299 333 348 369 394
 418 458 465 494 510 537 580 609 637
3 21 61 88 104 137 156 184 212 235 252 281 311 338 360 368 389
 429 444 470 493 527 552 575 608 635
3 41 58 92 101 131 163 190 209 229 259 275 317 328 341 385 394
 422 451 469 484 523 536 567 618 638
13 20 59 87 116 130 150 180 204 237 247 295 299 328 343 382 397
 423 455 477 481 529 535 558 611 635
13 33 53 85 119 136 158 181 220 222 258 294 309 327 341 362 402
 419 446 470 485 521 531 573 614 637
13 28 65 79 118 127 155 193 201 243 253 277 305 330 360 363 390
 425 453 479 489 517 537 565 620 638
3 40 64 94 115 132 169 171 214 241 267 292 297 327 344 378 408
 435 441 477 491 513 532 578 620 636
13 27 60 81 117 140 162 173 200 245 256 288 319 329 342 369 395
 428 450 469 502 520 541 576 608 636
3 44 45 90 109 128 160 178 207 223 262 271 315 329 343 376 405
 416 452 479 500 518 542 572 614 639
10 41 50 77 113 129 153 174 207 234 252 289 305 331 350 366 399
 424 455 464 505 506 531 571 607 636
10 34 56 83 107 126 159 172 212 230 259 284 309 332 349 382 408
 412 453 466 486 524 541 581 605 639
17 32 66 88 96 123 151 187 219 229 246 291 299 322 345 363 410
 426 450 468 482 513 531 577 615 639
13 25 49 74 120 134 165 186 210 240 248 282 313 338 344 366 387
 431 458 478 497 526 538 568 618 639
17 43 64 92 99 121 164 189 199 238 251 276 305 335 355 362 404
 430 458 480 501 518 541 569 621 635
5 42 57 91 115 145 154 190 211 224 268 286 305 325 359 382 407
 416 450 472 490 522 538 575 617 637
5 30 48 71 110 144 149 184 198 232 264 278 299 324 354 366 386
 435 446 473 495 516 541 572 606 638
5 23 54 86 109 141 167 176 206 221 261 287 309 340 352 363 391
 429 458 461 488 508 535 567 622 636
5 35 47 75 101 143 166 178 217 228 266 274 313 326 353 369 393
 414 453 471 499 530 531 578 610 635
5 26 52 82 104 142 146 171 202 239 270 283 319 323 351 362 388
 422 455 462 504 525 537 557 616 639
0 34 51 87 113 125 157 190 201 239 266 281 296 327 356 374 410
 421 458 502 519 542 579 603 606 631
0 40 55 79 107 123 148 176 220 228 264 275 318 329 346 370 404
 411 455 497 514 552 574 594 617 630
0 41 46 74 105 124 161 184 204 221 270 271 316 330 355 379 398
 417 450 485 524 532 559 602 610 634
0 44 67 85 103 121 153 171 200 232 268 280 301 338 357 367 406
 420 453 481 510 536 577 593 622 632
0 21 63 81 111 122 159 178 210 224 261 292 298 328 345 372 401
 427 446 489 506 549 569 604 616 633
4 26 55 76 115 136 167 189 207 229 269 281 320 334 342 364 387
 427 453 494 516 551 558 589 623 634
15 29 62 86 107 137 170 186 199 226 268 278 319 333 341 374 399
 434 452 489 529 554 578 590 615 634
12 29 61 87 96 138 161 171 207 233 253 294 313 337 354 385 404
 418 449 490 508 534 576 591 605 633
19 36 48 92 115 138 150 182 210 231 249 290 319 340 350 365 393
 425 437 483 524 552 577 595 614 631
19 38 47 88 110 131 165 183 200 233 254 276 309 325 348 371 388
 423 460 503 506 542 574 586 620 634
15 22 69 82 103 131 151 180 208 242 261 286 313 331 342 370 408
 413 444 485 517 553 572 597 621 631
18 34 58 76 112 123 154 195 199 221 265 294 298 323 350 369 397
 432 440 493 526 548 572 588 620 632
6 37 67 91 96 126 168 180 198 245 258 271 302 326 358 368 399
 427 458 504 523 550 561 595 620 630
15 31 68 91 113 128 147 173 219 231 264 274 309 339 360 379 394
 430 441 481 526 545 557 598 623 633
4 23 51 93 110 127 154 187 214 235 251 271 308 332 341 383 395
 420 455 483 530 547 568 597 619 633
12 31 45 74 97 131 159 176 214 225 247 277 319 335 353 368 410
 415 456 495 522 551 573 600 607 632
6 32 63 86 99 135 147 193 211 240 256 281 300 324 348 385 408
 417 455 499 509 533 563 585 614 632
19 22 52 90 101 137 162 177 220 225 269 291 305 324 358 361 391
 431 454 486 510 532 579 588 611 633
15 38 50 75 111 138 164 193 215 225 270 287 299 332 344 367 405
 433 451 502 521 548 575 589 613 630
2 20 63 90 119 145 155 172 208 227 252 275 297 322 354 377 393
 420 458 492 520 548 557 600 612 634
18 21 45 83 108 124 166 189 213 232 260 295 318 325 358 363 395
 424 449 491 521 554 557 585 618 631
6 43 46 82 98 139 170 181 206 237 248 275 304 325 350 384 405
 421 453 495 513 543 580 587 608 633
2 28 46 88 117 141 158 177 215 244 259 280 315 335 359 375 386
 427 455 498 526 555 578 591 609 631
18 41 61 93 102 125 149 194 219 224 257 277 301 340 348 362 387
 412 457 500 520 553 578 587 611 630
19 29 54 94 104 128 158 172 201 242 251 272 299 326 347 364 407
 428 442 505 514 549 559 587 618 632
18 40 66 72 106 121 167 175 208 239 263 288 316 326 349 366 390
 415 439 484 529 555 575 586 614 633
4 42 46 83 101 130 149 175 216 223 246 292 306 331 360 365 402
 411 458 503 525 540 576 590 613 632
2 33 51 92 120 142 162 183 213 236 255 292 311 337 352 381 407
 417 453 482 529 545 572 599 607 630
12 22 58 79 99 132 157 178 212 231 258 288 299 336 359 384 406
 424 457 488 525 544 568 599 624 634
4 35 67 72 109 140 146 194 212 238 254 275 303 339 344 361 397
 417 446 505 522 534 565 596 615 631
2 25 67 94 118 144 150 174 199 230 262 281 314 321 353 373 388
 411 450 487 521 553 567 592 624 633
6 39 55 71 97 129 164 186 217 222 253 292 307 323 347 376 394
 420 450 488 527 546 581 586 611 631
18 44 64 77 114 122 146 187 215 228 250 282 296 324 347 382 402
 418 456 496 517 545 567 595 608 634
2 27 55 95 116 143 165 182 219 234 267 271 317 336 351 380 391
 421 446 501 517 554 575 601 605 632
15 36 56 71 105 132 168 181 213 233 266 283 305 334 343 372 389
 426 459 497 520 555 567 596 619 632
12 38 66 85 98 128 148 184 209 226 256 282 305 321 352 378 401
 412 440 504 530 540 558 601 612 631
4 30 63 77 104 134 166 195 209 241 249 280 312 333 343 371 390
 421 450 486 508 544 573 598 621 630
12 36 64 81 100 137 153 190 216 242 248 295 309 322 351 376 398
 432 439 499 516 547 565 592 609 630
19 31 57 95 109 132 155 174 204 226 246 285 313 323 349 383 386
 419 448 494 519 536 569 585 608 630
6 24 51 75 100 133 151 173 202 243 247 280 310 340 349 378 389
 411 446 490 518 539 571 588 618 634
13 44 56 80 101 123 156 185 202 224 251 287 316 336 354 371 400
 434 441 494 509 543 561 592 607 631
9 43 62 90 108 135 158 182 212 243 265 286 307 328 356 366 388
 426 441 496 530 551 576 602 622 630
16 20 57 79 102 143 159 171 206 236 250 291 314 334 341 366 398
 428 460 493 518 550 563 598 613 631
13 40 50 84 104 125 160 188 206 232 246 286 298 337 353 361 396
 430 459 483 523 533 581 601 609 634
11 23 65 91 108 140 151 186 204 241 250 284 320 321 354 362 405
 414 445 484 506 552 579 599 609 632
1 27 66 91 101 144 164 181 196 236 249 277 315 338 356 383 408
 432 449 505 528 535 570 594 616 634
14 21 49 92 98 125 155 177 197 228 258 289 316 332 342 376 388
 435 447 490 515 535 566 598 615 632
10 42 54 89 99 140 152 188 213 229 247 290 312 338 346 376 400
 419 460 504 517 548 578 602 606 633
16 25 48 87 108 142 153 176 211 244 263 272 317 332 360 369 401
 419 454 500 513 546 561 596 621 634
10 30 57 80 96 136 163 191 215 235 248 276 303 329 356 378 396
 425 454 488 529 553 557 604 610 632
11 42 59 71 114 136 170 173 210 238 263 289 308 336 353 363 408
 422 438 493 510 542 559 591 612 630
9 39 50 92 112 133 165 172 216 245 250 283 300 327 357 363 386
 434 444 500 522 544 558 594 610 633
16 28 54 85 112 144 161 178 202 234 260 276 297 339 342 382 410
 431 437 484 527 533 580 590 619 630
9 32 68 94 114 126 155 183 207 237 257 278 310 338 355 369 391
 433 459 484 525 547 573 604 617 631
1 25 64 86 110 145 168 173 205 234 246 294 311 328 346 364 405
 415 457 486 515 537 560 593 610 631
14 41 59 95 100 123 158 183 196 232 256 284 296 334 344 368 393
 416 443 488 511 537 562 590 621 633
1 28 61 75 109 142 170 180 218 227 269 282 314 327 345 371 394
 424 439 483 507 541 562 602 617 632
13 21 68 89 110 121 163 179 217 221 269 283 296 321 359 365 409
 413 452 505 513 539 563 600 605 630
9 24 69 88 102 139 162 174 209 222 263 287 302 330 346 382 393
 430 452 491 516 534 568 603 616 632
9 37 56 95 106 129 150 177 214 240 260 274 304 329 345 362 407
 413 451 493 508 540 565 593 606 634
10 23 52 73 98 134 169 185 219 238 253 285 306 328 357 368 409
 428 437 499 521 555 572 603 617 634
1 20 45 82 115 141 147 186 203 230 251 288 317 330 357 361 389
 418 440 503 511 531 566 604 606 630
14 44 60 88 99 124 150 172 218 239 253 293 298 331 341 378 391
 414 436 495 528 538 560 596 623 630
11 26 53 86 102 134 164 180 201 223 260 273 303 322 359 369 389
 435 436 496 524 536 574 601 607 633
10 35 48 84 97 127 156 192 208 223 256 291 320 327 355 384 403
 423 442 490 526 554 567 593 616 630
13 34 69 78 109 124 169 191 211 228 249 278 301 335 351 364 403
 426 451 503 527 550 571 599 612 633
16 33 52 81 106 145 157 184 217 230 257 290 315 333 344 363 404
 423 448 496 523 543 571 597 623 632
13 41 62 73 115 122 152 192 198 239 254 274 318 322 352 383 392
 433 444 486 518 546 580 591 624 632
11 30 49 75 106 127 147 181 200 229 265 293 306 337 351 382 399
 429 443 500 514 532 569 600 624 631
10 26 47 78 100 130 160 179 199 241 258 272 308 330 345 385 392
 431 448 495 520 545 575 594 622 631
11 35 60 82 112 130 168 193 220 235 257 279 312 335 352 366 394
 416 447 491 519 549 577 592 605 634
14 40 53 90 96 122 165 174 203 221 247 279 301 333 360 384 407
 422 445 499 512 541 570 589 619 631
1 33 58 71 104 143 151 193 197 244 254 295 297 329 355 365 399
 412 456 494 512 538 564 603 622 633
14 34 65 94 97 121 162 182 205 224 248 273 318 339 343 385 386
 429 438 504 507 531 564 597 613 634
16 27 47 74 114 141 148 190 198 227 265 285 311 331 343 362 406
 425 442 491 509 539 581 589 615 633
5 39 66 89 117 126 160 185 210 243 252 295 304 339 341 381 403
 418 457 487 519 532 574 589 621 632
3 39 47 83 113 139 167 187 197 240 268 290 310 335 354 372 397
 428 454 485 507 537 570 601 624 630
7 30 68 85 120 140 159 190 218 223 267 287 308 326 350 375 404
 426 444 487 512 537 566 585 611 634
7 26 50 87 119 127 148 178 205 238 259 278 312 340 358 373 398
 413 441 482 511 538 570 586 608 632
8 36 60 83 119 131 146 195 217 226 267 289 299 330 356 381 387
 429 445 498 518 533 561 593 617 633
5 37 64 73 120 135 156 179 204 222 259 277 310 333 342 380 396
 424 440 492 514 542 577 596 613 633
5 24 58 80 119 129 169 188 200 237 262 282 300 334 360 375 392
 415 449 501 524 549 579 597 615 630
3 37 48 93 107 133 146 189 196 237 261 285 307 337 359 379 390
 431 460 502 512 531 560 592 612 632
7 35 56 79 117 136 153 184 203 241 255 286 306 323 348 377 410
 433 452 501 507 535 560 595 618 633
8 31 49 93 117 138 166 175 198 242 262 284 305 327 346 380 397
 422 436 482 527 543 563 604 622 634
7 42 62 81 116 134 161 176 197 235 262 283 320 324 349 381 406
 430 451 492 528 531 562 587 620 631
17 33 65 89 107 144 169 192 216 227 270 289 317 326 348 372 396
 416 436 481 508 551 568 588 608 631
17 20 49 84 105 142 163 185 212 234 268 279 315 340 347 370 392
 414 438 502 516 540 573 585 620 633
3 24 52 77 105 135 154 175 218 245 264 276 304 322 353 367 387
 419 442 489 511 535 564 599 605 631
3 32 57 76 103 129 166 194 205 243 270 272 302 336 352 374 402
 423 437 497 528 541 566 600 609 633
8 22 65 72 116 128 154 189 206 233 259 279 319 338 345 377 402
 435 443 487 509 546 571 603 610 630
17 28 59 80 113 143 152 179 209 230 261 293 311 323 358 367 403
 435 445 497 522 547 576 587 614 634
3 43 54 72 111 126 149 195 203 222 266 291 300 321 351 370 395
 425 448 481 515 538 562 591 607 634
7 23 69 74 118 130 157 171 196 229 252 274 303 325 347 380 401
 434 459 498 515 541 564 588 614 630
17 27 53 73 103 145 160 191 214 244 266 284 314 324 350 379 400
 429 447 489 525 534 558 586 618 630
8 38 53 77 118 137 167 194 202 231 255 293 313 328 355 375 395
 416 438 492 513 550 581 594 606 632
5 32 45 78 116 139 163 192 201 245 255 294 307 331 344 373 400
 412 439 498 510 552 569 598 619 634
5 43 61 84 118 133 152 191 220 240 267 288 302 332 343 377 409
 432 456 482 506 536 559 590 623 631
8 29 59 76 120 132 149 187 211 225 252 273 309 329 357 373 390
 414 447 501 523 539 580 602 616 631
17 25 60 78 111 141 156 188 207 236 264 273 297 325 349 374 409
 422 443 485 530 544 565 595 611 632
19 43 50 73 100 136 168 171 218 228 261 273 315 360 381 397 412
 450 465 484 509 554 568 600 606 643
12 20 48 80 120 126 158 175 197 238 269 274 298 348 374 405 429
 450 462 491 517 536 571 594 619 642
19 39 68 84 96 134 170 184 196 224 266 293 317 342 373 402 415
 455 466 491 518 548 565 599 622 640
12 25 47 84 117 129 155 195 218 229 251 283 301 358 379 408 416
 446 461 496 529 552 580 603 613 644
12 28 57 89 116 135 162 187 196 241 254 278 316 350 370 389 422
 458 471 500 521 549 581 593 623 643
19 37 62 80 99 130 151 190 205 221 264 289 314 344 377 395 418
 453 463 500 527 555 573 601 616 644
19 32 69 89 98 127 164 176 203 239 268 284 297 343 375 387 424
 446 474 493 523 545 576 592 610 642
19 24 56 78 97 140 147 178 197 232 270 279 311 341 380 390 432
 458 464 496 513 553 558 591 617 641
12 33 54 73 118 139 165 189 205 223 249 286 296 349 367 394 414
 455 473 493 520 532 561 604 615 641
12 27 52 78 119 133 150 194 203 235 246 287 318 347 372 399 435
 453 472 484 526 542 563 602 621 640
1 37 51 72 112 124 158 176 210 229 267 273 305 354 367 392 423
 452 476 499 525 553 581 598 608 640
18 36 59 82 109 144 162 185 214 229 258 280 307 360 374 404 433
 442 466 492 506 538 563 601 610 641
1 32 55 77 106 125 162 171 204 238 262 279 309 359 372 403 425
 444 475 495 530 548 561 590 618 644
1 43 67 83 114 123 165 178 201 241 252 293 319 352 379 396 419
 451 467 490 516 555 563 597 611 642
14 20 46 86 114 140 153 189 214 222 264 283 313 356 371 403 412
 437 479 482 523 549 575 588 624 640
18 31 65 75 104 145 165 179 207 238 256 292 302 341 370 406 426
 454 463 498 524 535 580 592 606 640
10 33 49 94 109 131 168 187 202 232 263 274 300 359 377 398 421
 440 480 489 528 552 576 589 611 640
14 28 51 82 108 134 159 194 207 245 268 274 299 346 365 396 432
 448 470 501 509 532 567 586 612 644
10 20 53 92 110 128 151 195 211 239 257 287 307 353 380 406 427
 449 467 497 507 532 565 590 608 643
14 25 63 91 106 136 148 187 216 243 266 287 319 355 361 392 424
 460 477 498 527 536 572 587 605 641
18 22 60 91 110 142 155 191 209 223 247 281 304 344 372 398 434
 437 465 501 514 531 581 591 622 642
10 27 59 90 104 138 147 189 217 224 250 278 304 352 375 410 411
 439 476 485 515 536 568 596 620 644
14 33 55 75 102 130 161 195 212 240 261 278 305 357 383 400 415
 442 469 487 513 542 557 595 609 642
10 28 60 95 115 137 164 175 206 228 265 283 302 354 373 401 417
 457 468 481 512 542 573 597 618 641
18 38 49 86 115 143 158 188 216 235 253 275 310 343 379 410 413
 448 464 487 510 541 561 599 616 643
1 39 46 76 102 122 155 190 200 235 255 284 299 353 370 409 431
 441 480 504 508 554 571 596 614 641
14 27 67 71 112 127 157 175 209 237 270 286 309 345 364 409 418
 454 478 492 518 552 578 585 607 643
10 25 65 88 101 132 170 194 198 221 260 286 310 351 381 404 420
 456 475 502 511 549 558 598 614 642
18 29 53 71 101 141 150 192 212 241 248 271 300 342 367 401 430
 460 474 482 519 537 571 600 617 644
1 24 63 93 108 121 150 184 220 223 259 289 313 351 374 400 428
 459 468 488 522 545 580 589 620 643
5 44 68 79 97 138 165 180 199 229 263 285 297 356 372 395 417
 447 470 486 511 540 571 587 609 643
13 39 58 91 103 137 146 176 207 230 260 279 308 348 378 393 421
 442 473 482 515 555 569 602 613 643
0 30 50 91 97 139 169 177 212 233 251 295 314 352 369 387 422
 448 468 492 517 539 560 590 614 640
11 22 62 88 100 125 148 185 217 240 255 271 297 350 364 390 419
 449 462 481 522 541 567 604 613 640
4 39 48 88 118 145 169 178 206 242 247 273 316 356 362 399 433
 440 469 497 510 545 562 585 605 644
15 23 53 89 104 123 149 177 218 234 262 288 310 356 385 398 423
 453 478 491 522 546 569 595 612 641
5 40 56 87 100 131 162 186 219 235 265 290 314 355 367 402 427
 436 479 505 515 544 580 585 612 642
16 29 58 93 105 139 147 179 210 228 246 280 320 356 377 391 416
 444 477 504 521 541 565 586 607 642
11 29 68 90 98 124 157 188 202 245 259 292 314 348 383 397 425
 456 461 497 516 531 575 593 621 641
8 34 45 80 105 145 153 180 196 240 253 291 308 352 365 388 430
 446 475 484 514 544 578 589 608 641
11 31 56 94 99 122 161 191 206 222 252 280 317 358 365 387 423
 439 472 502 530 537 572 594 615 643
0 26 62 75 98 126 163 174 214 242 249 288 311 354 363 402 416
 460 475 501 526 533 564 596 611 643
13 37 66 86 111 131 166 171 212 227 257 293 320 350 376 386 411
 454 472 501 511 545 559 603 619 641
2 21 60 93 109 136 152 186 201 233 270 291 310 350 382 406 415
 441 473 499 523 540 564 594 621 644
13 24 61 71 107 128 167 190 214 234 250 273 306 358 384 388 417
 448 471 498 528 548 577 604 621 642
16 31 61 83 111 135 168 185 200 239 249 275 308 355 373 407 435
 452 478 488 517 531 558 588 609 644
6 27 45 85 111 125 152 187 199 242 259 283 303 360 366 393 423
 438 463 494 508 532 560 599 617 642
15 42 65 80 109 125 166 172 203 236 267 294 304 355 368 401 431
 455 469 496 516 539 577 586 624 643
4 37 57 92 119 141 160 184 202 225 253 279 296 346 369 408 426
 439 478 481 506 554 564 587 624 642
2 41 49 76 104 140 169 180 220 231 266 276 307 349 363 401 418
 452 472 495 509 547 570 593 613 642
6 28 66 87 107 122 156 195 213 231 262 286 308 344 362 391 428
 447 464 503 516 536 564 600 610 640
8 21 66 78 103 143 157 173 218 222 248 285 312 354 361 407 433
 455 480 500 524 551 567 590 620 642
5 21 62 85 96 132 150 193 208 238 250 272 315 346 379 387 421
 443 469 503 507 547 581 588 607 641
6 25 61 81 105 123 169 189 208 225 255 274 312 341 382 386 425
 445 474 505 525 542 566 601 622 643
0 42 56 86 96 133 160 183 209 231 269 277 297 351 366 397 414
 442 480 498 521 546 566 597 608 644
11 38 69 92 97 123 153 179 198 237 267 281 315 349 361 402 428
 457 471 489 508 538 557 602 619 644
0 35 69 71 100 135 152 172 207 225 246 282 317 359 362 395 429
 437 467 487 529 543 570 598 620 641
4 24 47 90 116 144 152 171 211 226 248 284 298 355 363 394 413
 457 470 502 514 555 566 595 607 640
8 41 64 84 111 144 148 186 197 245 247 272 306 359 371 391 426
 453 476 493 519 534 557 597 614 643
6 20 58 74 113 121 160 194 215 233 267 278 306 342 363 407 419
 436 465 486 530 552 562 592 616 641
4 32 54 95 117 142 156 190 217 233 258 293 318 357 366 405 430
 456 477 489 524 553 570 588 612 643
15 26 60 73 101 121 154 183 197 230 252 282 307 346 384 410 425
 446 477 500 508 550 559 585 609 640
8 40 61 89 113 141 159 193 205 237 258 276 320 351 383 393 434
 450 467 496 510 540 572 596 618 640
2 44 53 83 115 127 163 173 204 225 261 272 304 348 366 404 432
 459 471 504 527 544 562 603 615 640
0 23 68 82 99 129 156 182 216 226 254 294 315 353 382 390 435
 454 476 482 520 550 562 589 618 642
4 43 52 94 120 143 163 176 198 231 256 289 301 345 382 389 434
 449 479 485 519 548 560 586 609 641
16 22 66 76 113 133 170 192 204 232 251 292 303 346 375 388 429
 451 479 499 520 538 573 595 605 643
5 41 69 81 99 128 155 181 215 241 260 291 311 357 374 397 411
 438 478 483 512 551 561 586 605 640
11 36 50 95 96 121 159 192 211 243 262 275 311 347 371 395 431
 440 473 485 525 535 578 603 623 642
8 44 58 73 107 142 161 181 203 243 256 290 303 353 364 386 413
 458 468 491 506 547 575 598 611 644
16 38 64 72 107 129 151 191 201 224 269 271 312 357 381 393 422
 459 470 495 526 535 576 585 624 641
13 32 64 82 105 138 149 178 209 244 265 289 303 349 368 407 420
 460 461 487 507 554 579 594 623 640
5 34 50 74 98 137 158 173 213 223 257 276 317 345 370 390 420
 445 477 494 528 534 563 595 624 644
15 30 59 84 115 124 146 174 205 244 255 277 300 345 376 406 428
 458 470 484 530 543 574 588 605 642
13 43 45 75 113 132 154 184 216 236 263 284 312 347 385 391 427
 437 462 492 512 553 574 593 615 644
6 33 64 79 103 124 163 175 219 226 252 287 320 343 369 388 431
 443 466 483 522 549 570 591 606 644
16 36 45 77 103 126 164 188 220 221 254 281 306 345 380 386 414
 441 469 490 529 537 568 587 612 640
2 34 59 72 101 134 160 193 200 226 264 290 302 347 362 398 424
 444 461 490 513 551 560 604 619 643
15 35 49 78 110 122 167 182 196 227 259 295 302 357 378 404 419
 450 479 493 525 533 579 587 607 644
2 40 65 77 110 130 156 181 210 242 268 285 300 358 369 410 412
 451 462 488 518 534 566 602 623 641
3 26 51 79 106 144 168 172 215 224 256 295 313 350 380 409 430
 445 461 503 510 546 573 602 615 642
7 34 67 92 106 135 166 186 206 234 269 285 299 360 378 400 416
 456 474 485 520 547 574 591 616 640
9 38 54 74 116 136 166 185 208 230 264 292 301 359 385 399 432
 447 468 483 518 537 579 596 608 642
9 36 52 87 118 140 149 179 215 227 268 271 298 352 384 408 415
 443 480 494 527 531 574 598 618 643
7 40 63 95 114 139 149 180 202 230 254 272 305 341 376 409 429
 449 465 502 526 551 577 599 610 644
3 23 46 87 112 143 164 174 208 232 258 282 319 348 381 400 426
 438 472 486 514 539 565 604 623 644
9 22 57 81 120 127 146 188 199 234 266 280 318 354 368 394 412
 436 467 503 513 535 559 589 614 644
17 30 52 76 116 131 148 172 210 222 260 288 296 360 383 405 417
 459 464 490 507 550 578 592 622 644
17 42 47 72 118 138 153 177 204 245 257 282 318 341 364 389 421
 441 466 488 512 533 572 600 616 642
9 29 48 85 117 130 167 191 219 236 270 275 296 353 376 389 424
 445 475 486 509 538 569 597 620 640
17 23 48 77 119 132 159 183 201 240 265 295 301 342 361 394 411
 452 463 504 528 543 575 591 610 643
7 41 55 88 112 126 146 173 211 236 251 290 313 343 384 396 435
 439 463 489 521 540 579 600 622 641
3 35 55 85 114 145 147 177 213 221 248 277 299 349 373 392 434
 436 462 483 506 550 576 603 621 643
3 42 63 74 102 142 151 182 199 228 253 288 309 358 375 396 433
 443 473 505 519 543 558 593 619 640
17 35 54 93 120 137 157 174 200 243 250 294 316 343 365 408 427
 451 465 495 511 546 557 601 617 640
7 21 51 90 102 129 167 181 198 244 246 276 319 344 385 403 414
 440 466 481 517 544 559 592 617 643
7 44 46 94 108 133 154 193 217 227 249 291 309 342 368 392 422
 457 464 497 529 534 569 601 606 642
17 26 57 83 117 128 161 182 220 237 263 277 298 344 371 399 420
 444 474 499 515 539 567 599 606 641
3 30 67 81 108 141 170 183 219 239 247 294 305 347 377 403 413
 447 471 494 524 533 568 594 613 641
9 31 47 79 119 134 154 192 213 244 261 281 316 351 378 405 418
 438 476 505 523 541 577 590 611 641
0 20 54 76 101 127 168 179 219 240 262 289 319 325 378 386 433
 439 470 496 512 534 581 599 621 628
0 28 52 72 110 136 147 192 199 237 252 284 313 340 376 407 426
 456 469 491 528 544 561 601 613 626
0 25 57 93 104 130 164 185 213 245 267 293 309 324 384 393 413
 440 479 484 507 551 571 591 615 625
0 33 47 77 115 140 170 191 208 243 259 273 299 323 368 391 430
 449 478 500 515 540 563 592 619 629
0 27 48 83 109 134 151 188 215 222 255 279 305 326 385 388 434
 457 477 493 511 547 580 600 623 627
18 39 52 74 99 138 168 174 201 236 259 286 320 329 371 392 429
 446 471 481 513 547 566 590 612 625
6 23 59 94 117 145 148 188 212 239 269 276 313 330 372 402 432
 451 473 500 512 554 577 598 607 625
18 37 47 87 98 132 147 172 220 234 255 287 303 338 365 403 422
 450 473 489 518 551 562 597 609 628
6 42 49 95 119 144 157 191 207 221 251 291 319 328 367 390 412
 444 471 491 507 545 574 596 609 627
18 32 48 79 100 128 170 177 200 230 267 283 312 328 383 396 414
 458 472 485 527 534 564 589 607 626
18 24 54 81 96 131 164 182 204 244 252 278 308 327 361 409 416
 453 462 497 509 540 560 598 624 627
6 26 65 90 120 141 153 185 209 228 254 290 299 327 379 395 415
 459 472 493 528 553 569 590 605 628
18 43 57 85 97 137 151 183 210 227 262 274 306 330 364 400 435
 455 461 502 523 544 570 596 605 629
6 30 60 92 118 143 161 192 214 224 246 272 309 338 370 397 424
 452 462 496 511 555 579 589 612 629
6 35 53 88 116 142 159 179 216 232 249 285 305 329 374 387 418
 441 461 484 515 548 559 597 624 626
2 43 56 81 103 125 167 179 211 223 253 282 299 339 383 399 422
 460 476 491 511 552 573 588 610 625
14 38 57 78 105 144 170 176 217 223 252 288 300 337 362 397 427
 441 463 486 517 547 577 603 618 628
14 36 54 84 113 145 151 171 198 235 259 282 304 336 369 390 417
 452 474 503 521 551 569 594 611 626
4 34 64 71 96 139 155 185 220 236 261 274 319 321 375 406 423
 436 464 500 511 533 575 602 618 626
9 21 59 75 107 131 153 194 206 223 251 294 297 324 380 392 425
 450 478 504 519 555 570 599 623 626
2 39 62 87 105 121 166 191 202 229 256 277 309 331 361 405 435
 448 467 493 512 549 568 595 617 626
14 22 48 73 111 143 147 190 202 241 262 294 302 335 363 387 420
 459 466 505 529 540 574 602 608 625
13 42 48 94 106 139 164 194 218 226 259 271 311 334 370 410 418
 447 467 499 506 544 557 588 622 628
13 30 47 95 112 135 151 189 203 231 252 292 315 332 374 398 415
 436 475 504 510 534 567 587 617 625
2 24 68 74 111 123 146 192 206 235 258 295 305 333 364 408 414
 437 475 500 507 536 576 586 606 628
4 21 58 82 100 126 165 191 204 227 264 287 305 337 373 410 428
 438 474 496 528 546 578 593 614 625
9 41 65 71 103 138 159 195 202 235 269 288 315 325 373 403 419
 458 477 499 514 545 560 601 615 629
2 32 50 85 107 124 154 185 198 241 247 288 313 334 365 394 429
 454 480 496 515 542 565 587 616 627
2 37 69 79 113 122 149 188 217 238 248 294 319 332 371 389 416
 442 468 484 528 532 558 585 622 629
4 41 66 75 97 135 150 188 201 244 268 283 309 336 377 404 431
 445 465 491 515 550 572 604 608 628
14 29 47 89 103 142 168 184 206 238 267 277 307 322 382 395 411
 451 464 494 526 544 579 604 614 627
13 23 57 90 114 133 168 195 197 242 255 281 317 339 367 404 424
 443 468 495 524 540 578 586 616 626
9 44 49 82 113 137 148 189 211 241 246 277 314 326 381 409 423
 446 469 488 524 548 564 591 619 628
4 40 45 91 99 133 158 179 200 234 270 278 313 322 381 401 425
 447 466 493 507 543 567 603 611 629
13 35 52 92 102 126 170 187 205 233 262 280 297 331 379 401 432
 445 476 488 514 551 575 585 606 627
4 44 61 86 98 129 162 192 210 230 266 286 299 335 380 398 419
 443 463 484 512 539 557 594 620 627
13 26 54 88 108 129 147 175 196 225 267 275 314 333 372 406 412
 438 480 490 519 547 572 595 610 629
9 40 60 86 105 128 157 187 198 238 249 295 317 323 375 400 431
 453 470 490 506 553 562 600 613 625
9 34 53 91 111 132 161 175 217 229 254 282 311 340 377 396 428
 455 479 495 510 554 566 592 621 627
14 31 52 80 107 141 164 178 211 229 255 295 310 321 366 402 421
 444 465 483 520 534 559 593 620 629
10 39 64 85 108 143 162 180 203 233 264 281 298 340 383 390 416
 451 478 498 525 543 559 600 615 628
1 22 50 78 117 135 149 183 214 221 253 290 320 326 382 401 421
 438 470 497 518 536 557 592 615 626
1 29 69 73 119 126 166 177 216 224 247 276 308 323 366 406 417
 443 479 502 513 552 567 601 623 628
16 30 69 94 101 138 167 186 213 243 258 279 298 322 379 409 412
 455 463 501 522 542 562 593 608 626
10 37 45 81 102 144 165 193 218 231 268 275 316 323 364 402 429
 459 477 482 530 539 579 591 621 626
1 31 62 89 118 129 146 172 209 232 248 291 306 340 369 404 427
 447 477 485 509 542 575 599 619 625
3 36 65 78 98 136 161 180 200 244 251 274 296 333 366 391 411
 457 467 482 522 548 581 585 616 625
16 26 68 92 109 137 149 181 208 240 247 284 318 336 367 396 418
 450 464 498 530 549 560 603 620 625
11 27 61 72 120 131 155 178 216 221 268 272 307 334 378 403 430
 455 468 486 521 543 564 595 606 625
10 24 66 79 114 142 158 186 205 225 266 271 301 325 365 397 435
 444 469 492 508 533 569 592 623 625
16 42 50 90 110 132 146 180 219 222 256 293 316 335 374 392 432
 453 474 487 508 552 564 604 618 629
11 28 64 93 119 128 165 176 212 232 266 290 304 331 385 409 433
 450 475 494 529 550 566 588 616 629
3 31 53 84 100 140 157 193 210 236 269 278 318 331 382 388 420
 440 468 501 508 555 561 587 610 628
11 25 58 77 116 138 158 184 214 239 261 291 302 339 376 396 434
 453 480 503 520 539 570 585 617 628
1 38 56 84 120 139 154 182 207 239 258 285 303 324 363 398 411
 445 469 481 527 549 578 600 621 629
16 35 62 95 104 131 154 173 215 237 253 273 301 321 372 400 424
 458 466 482 516 532 566 594 614 628
11 20 66 83 118 132 162 190 207 228 270 276 300 333 368 400 413
 446 476 483 526 546 560 587 622 626
5 20 65 93 112 122 148 183 218 225 249 281 303 336 376 399 430
 448 466 485 513 555 576 593 618 627
5 33 60 72 114 125 159 174 196 231 251 280 306 322 385 405 413
 454 474 497 527 554 558 602 620 628
5 27 49 77 108 123 161 172 205 226 269 292 308 335 384 389 433
 460 465 481 523 553 565 603 614 626
16 23 56 88 115 128 166 193 199 245 248 289 296 337 370 403 415
 446 465 492 525 536 570 602 611 627
3 22 49 89 96 130 153 173 201 230 249 287 298 334 362 386 417
 456 476 492 530 554 580 586 617 629
5 28 53 76 106 124 153 182 197 233 246 275 312 321 368 408 434
 442 463 502 518 545 568 604 611 625
3 38 59 73 99 127 159 186 220 227 246 283 316 339 369 407 421
 449 475 498 516 553 571 595 622 627
10 32 61 74 112 145 150 181 197 226 261 280 296 326 361 395 422
 441 479 501 516 546 574 599 613 629
1 36 68 80 116 133 167 174 212 228 256 272 312 325 362 410 420
 436 478 489 523 532 572 591 613 627
3 29 60 80 97 134 148 181 204 234 254 286 301 332 363 393 427
 439 480 487 525 545 563 588 606 626
10 43 58 87 106 141 155 173 196 242 270 292 318 324 371 387 414
 452 470 487 522 550 577 601 619 627
5 25 59 83 102 121 157 177 203 242 254 271 320 337 378 394 426
 437 464 489 509 548 573 594 608 629
11 33 45 76 117 137 150 171 209 224 264 285 310 332 384 392 426
 458 467 505 517 533 562 586 610 627
17 44 50 71 102 140 166 176 196 226 258 281 310 328 377 407 425
 439 462 503 526 532 580 597 605 625
17 40 69 75 108 136 146 190 197 231 253 271 304 338 373 386 423
 440 461 486 520 549 563 590 607 627
12 34 63 75 115 144 156 177 219 237 250 279 303 331 381 395 419
 452 480 497 523 537 559 586 622 625
7 29 45 84 110 123 162 175 215 243 261 289 297 338 362 394 421
 448 472 499 524 550 558 596 624 625
12 40 46 71 109 145 163 183 199 243 260 293 312 332 380 387 428
 444 476 481 509 531 579 595 616 628
15 37 46 85 116 127 169 195 207 224 263 290 311 322 361 388 414
 456 465 488 519 541 563 594 618 625
7 31 64 78 101 125 158 195 208 237 268 293 314 329 363 389 417
 437 473 504 506 546 568 589 605 627
15 32 51 81 118 136 160 175 212 221 250 285 317 335 371 393 435
 449 464 504 514 538 580 593 611 628
15 43 55 74 119 140 156 187 209 239 260 272 314 337 365 386 416
 457 466 499 510 535 571 604 620 626
17 21 56 91 112 134 149 171 205 242 256 275 307 330 375 391 419
 456 471 483 529 542 571 589 624 628
19 20 67 77 107 139 152 173 217 235 260 277 316 327 385 401 426
 443 461 501 525 538 572 589 609 625
19 28 63 83 103 133 169 186 198 229 257 294 296 329 384 398 430
 438 462 487 530 535 575 596 607 628
19 33 46 93 111 129 160 180 211 238 265 288 318 338 378 410 434
 445 471 492 516 537 567 598 605 626
12 41 67 82 110 143 160 172 213 240 263 273 320 333 375 402 425
 441 468 502 527 535 569 588 617 627
7 22 61 80 115 121 165 187 213 222 270 284 315 328 369 399 411
 442 461 495 519 533 565 598 612 628
19 25 55 72 113 135 163 181 202 223 250 295 298 330 368 406 433
 447 472 482 508 541 578 597 612 627
15 39 63 79 120 130 152 194 214 232 265 276 315 321 364 391 422
 439 474 490 524 531 561 603 608 627
17 34 62 82 114 127 167 184 218 233 247 292 300 329 380 393 431
 457 472 505 521 536 561 598 609 629
12 21 55 86 101 142 169 174 215 245 265 284 308 339 377 390 423
 459 467 485 518 538 577 587 606 629
12 44 51 91 104 141 152 182 208 222 257 289 306 334 373 397 431
 451 475 489 513 541 574 585 610 626
19 27 51 76 105 126 156 193 206 241 263 282 301 328 376 404 413
 436 473 498 522 531 557 590 624 629
17 41 68 86 106 130 154 178 203 225 248 280 302 327 381 388 428
 449 473 494 517 552 581 596 612 626
7 38 58 89 109 122 150 189 219 245 266 273 311 330 366 408 420
 454 462 490 514 543 573 590 609 626
15 24 67 87 117 134 163 189 216 228 257 291 297 336 383 407 429
 440 463 495 506 537 581 602 614 629
7 36 66 73 104 124 155 194 199 240 264 279 317 327 382 405 427
 460 471 488 510 539 576 597 607 629
8 26 67 95 99 125 169 184 210 244 250 287 310 325 370 394 432
 442 479 486 529 531 576 600 619 626
8 23 55 92 96 124 152 178 200 227 263 286 304 324 374 389 412
 448 477 505 526 537 573 592 613 628
8 42 51 88 97 122 163 171 220 230 265 278 300 326 379 405 424
 437 478 494 520 535 565 601 621 625
8 35 63 94 98 123 160 190 204 236 260 283 307 340 367 399 415
 454 470 503 517 541 568 591 623 629
8 30 46 90 100 121 156 176 201 234 257 274 302 323 372 408 418
 460 469 483 521 538 558 599 615 627
32 33 35 38 41 121 132 133 134 141 298 304 308 314 319 354 356
 358 360 364 370 376 380 382 582 625
27 30 34 36 43 122 128 129 130 142 297 310 313 316 320 341 346
 348 359 361 363 367 368 373 582 628
24 25 31 40 42 124 126 127 137 143 296 299 303 307 315 342 350
 352 357 362 371 372 377 385 582 626
21 22 26 28 37 123 138 139 140 145 300 301 306 309 317 343 347
 353 355 366 374 378 381 383 582 627
20 23 29 39 44 125 131 135 136 144 302 305 311 312 318 344 345
 349 351 365 369 375 379 384 582 629
100 110 113 114 120 150 161 164 166 169 275 279 286 288 291 461 466
 470 476 489 494 498 500 504 582 632
99 104 111 112 119 153 162 163 167 170 271 274 277 284 285 465 468
 473 477 487 490 496 497 503 582 631
97 107 108 115 116 149 155 157 160 168 276 280 282 287 293 462 463
 469 475 482 485 493 499 505 582 633
98 101 105 106 117 146 151 152 159 165 272 273 278 281 294 464 472
 479 480 481 483 488 491 492 582 630
96 102 103 109 118 147 148 154 156 158 283 289 290 292 295 467 471
 474 478 484 486 495 501 502 582 634
45 49 57 63 68 100 101 107 112 118 222 233 238 239 244 299 301
 304 311 320 584 595 597 601 602 636
47 50 53 55 66 99 105 108 109 120 224 230 235 237 242 296 297
 302 306 319 584 588 591 593 598 638
51 52 58 65 69 96 111 114 115 117 223 226 232 234 240 307 309
 312 314 316 584 587 594 596 600 635
46 54 59 61 62 97 103 106 110 119 228 231 236 241 245 298 303
 305 310 317 584 585 589 592 603 639
48 56 60 64 67 98 102 104 113 116 221 225 227 229 243 300 308
 313 315 318 584 586 590 599 604 637
48 59 63 66 69 125 129 137 140 141 154 161 163 165 168 436 441
 448 453 456 507 514 518 521 525 645
47 49 58 62 67 124 128 133 136 145 149 156 159 162 164 437 439
 445 455 459 508 511 513 517 519 645
52 55 60 61 68 122 127 132 139 144 151 153 158 160 166 438 440
 451 458 460 509 515 522 524 529 645
46 50 57 64 65 123 126 131 134 142 147 150 152 157 167 442 446
 447 449 452 510 512 520 527 530 645
45 51 53 54 56 121 130 135 138 143 146 148 155 169 170 443 444
 450 454 457 506 516 523 526 528 645
26 31 33 43 44 96 105 110 112 116 177 186 188 190 194 390 393
 401 403 408 411 424 428 429 433 645
20 34 37 38 42 100 103 104 108 117 174 178 181 187 192 387 391
 394 404 409 415 417 425 434 435 645
23 28 32 36 40 97 101 102 111 120 172 173 184 189 191 388 392
 397 399 406 413 416 418 419 421 645
22 25 30 39 41 98 107 109 114 119 171 175 179 182 193 389 395
 400 407 410 414 423 427 430 432 645
21 24 27 29 35 99 106 113 115 118 176 180 183 185 195 386 396
 398 402 405 412 420 422 426 431 645
4 9 12 17 173 180 181 186 193 221 224 228 232 239 252 255 259
 262 267 437 442 448 454 460 582 647
2 10 15 18 171 176 178 184 190 222 237 240 243 245 246 249 251
 254 269 436 438 443 445 447 582 648
6 8 13 16 172 174 177 182 183 223 229 235 238 241 261 264 266
 268 270 439 440 449 456 457 582 649
0 5 11 19 175 187 189 194 195 227 230 234 236 244 247 248 253
 256 258 441 444 451 452 459 582 646
1 3 7 14 179 185 188 191 192 225 226 231 233 242 250 257 260
 263 265 446 450 453 455 458 582 650
125 126 130 132 145 176 182 186 189 192 200 202 209 215 218 464 468
 470 471 559 563 565 570 572 584 633
123 127 128 135 141 171 174 180 191 194 197 210 213 216 217 466 469
 473 480 560 573 575 579 580 584 634
124 129 134 138 144 173 179 183 187 190 203 206 208 212 220 462 465
 467 479 558 561 564 569 578 584 632
121 136 137 139 142 172 178 188 193 195 196 198 204 214 219 463 472
 476 478 566 567 571 574 576 584 631
122 131 133 140 143 175 177 181 184 185 199 201 205 207 211 461 474
 475 477 557 562 568 577 581 584 630
100 102 105 115 119 321 326 338 339 363 371 374 380 384 447 451 454
 455 456 560 569 572 576 581 583 644
96 104 106 107 120 325 330 331 335 367 369 376 377 383 437 438 441
 446 457 558 562 563 567 579 583 643
98 108 110 111 118 323 329 334 336 361 379 381 382 385 436 439 442
 444 458 570 571 573 577 578 583 640
99 101 103 114 116 327 332 337 340 364 366 368 372 375 440 445 448
 450 452 557 564 565 574 580 583 641
97 109 112 113 117 322 324 328 333 362 365 370 373 378 443 449 453
 459 460 559 561 566 568 575 583 642
123 130 133 137 144 253 254 259 263 266 387 403 405 406 407 483 485
 496 501 504 583 585 598 600 604 636
122 126 136 138 141 246 256 260 267 268 388 390 394 398 400 492 495
 497 500 505 583 588 597 599 603 635
125 128 134 139 143 247 252 265 269 270 386 392 395 404 408 482 484
 488 489 503 583 592 593 595 596 637
124 132 135 140 142 248 251 257 261 262 393 399 402 409 410 481 486
 490 493 498 583 586 589 594 601 638
121 127 129 131 145 249 250 255 258 264 389 391 396 397 401 487 491
 494 499 502 583 587 590 591 602 639
