625 626 627 628 629 630 631 632 633 634 635 636 637 638 639 640 641
 642 643 644 645 646 647 648 649 650
3 5 6 13 14 21 22 23 24 39 40 41 42 43 44 561 562
 563 564 565 566 581 582 583 599 650
4 11 12 18 19 33 34 35 36 37 38 57 58 59 60 577 578
 579 580 593 594 595 596 597 598 650
2 10 15 16 17 29 30 31 32 51 52 53 54 55 56 571 572
 573 574 575 576 590 591 592 600 650
1 7 8 9 20 25 26 27 28 45 46 47 48 49 50 567 568
 569 570 584 585 586 587 588 589 650
72 83 84 124 125 170 187 188 220 221 271 283 286 325 326 370 386
 387 429 430 461 485 486 488 559 650
73 85 86 126 127 171 189 190 222 223 272 284 285 327 328 369 385
 388 427 428 462 487 489 490 558 650
80 116 117 155 156 180 218 219 255 256 279 317 318 356 357 380 419
 420 421 422 479 518 519 556 557 650
79 114 115 153 154 179 216 217 253 254 270 316 353 354 355 366 418
 456 457 458 469 515 516 517 560 650
78 112 113 151 152 178 214 215 251 252 269 313 314 315 360 365 417
 453 454 455 478 513 514 554 555 650
77 110 111 149 150 177 212 213 249 250 280 309 310 311 312 378 415
 416 451 452 477 511 512 552 553 650
76 108 109 147 148 169 211 246 247 248 268 306 307 308 359 377 413
 414 449 450 468 510 549 550 551 650
75 106 107 145 146 168 208 209 210 260 278 304 305 351 352 376 411
 412 447 448 467 509 546 547 548 650
74 104 105 143 144 167 205 206 207 259 267 303 348 349 350 364 410
 444 445 446 466 508 543 544 545 650
71 103 140 141 142 176 203 204 244 245 277 301 302 346 347 363 407
 408 409 460 465 507 540 541 542 650
70 102 137 138 139 175 201 202 242 243 266 300 343 344 345 375 405
 406 442 443 480 503 504 505 506 650
69 101 134 135 136 174 199 200 240 241 265 299 340 341 342 379 401
 402 403 404 476 501 502 538 539 650
68 100 131 132 133 166 198 237 238 239 276 297 298 338 339 362 398
 399 400 459 475 499 500 536 537 650
67 99 128 129 130 165 197 234 235 236 264 294 295 296 358 374 396
 397 440 441 474 497 498 534 535 650
61 81 118 119 123 161 181 182 183 257 261 281 319 320 321 368 383
 384 425 426 470 481 483 520 522 650
62 82 120 121 122 162 184 185 186 258 262 282 322 323 324 367 381
 382 423 424 471 482 484 521 523 650
66 96 97 98 160 173 195 196 232 233 275 292 293 336 337 373 394
 395 438 439 473 495 496 532 533 650
65 93 94 95 159 172 193 194 230 231 274 290 291 334 335 372 392
 393 436 437 464 494 529 530 531 650
64 90 91 92 158 164 192 227 228 229 273 288 289 332 333 361 391
 433 434 435 472 492 493 527 528 650
63 87 88 89 157 163 191 224 225 226 263 287 329 330 331 371 389
 390 431 432 463 491 524 525 526 650
0 601 602 603 604 605 606 607 608 609 610 611 612 613 614 615 616
 617 618 619 620 621 622 623 624 650
13 17 18 20 488 489 498 500 501 505 507 510 512 513 516 519 522
 523 526 527 531 532 544 547 604 645
9 10 14 19 483 484 490 491 494 502 506 514 517 528 533 535 537
 542 545 548 551 553 557 559 601 645
5 8 12 15 481 485 492 495 504 509 511 515 518 521 524 530 534
 536 539 540 543 549 555 558 602 645
6 7 11 16 482 486 487 493 496 497 499 503 508 520 525 529 538
 541 546 550 552 554 556 560 603 645
4 7 14 15 93 112 120 131 153 189 191 246 255 260 288 294 300
 301 348 386 401 415 425 438 604 646
3 8 16 19 89 109 127 146 156 194 217 239 252 258 286 293 299
 312 321 397 406 409 435 446 604 649
3 9 15 18 98 111 123 125 136 192 202 236 245 259 291 298 315
 316 324 388 414 422 432 448 603 648
4 6 9 17 86 107 148 155 157 186 198 215 216 231 311 320 326
 337 342 391 408 410 441 443 602 649
4 8 10 13 102 105 130 142 158 183 188 200 213 233 308 328 331
 352 357 382 393 400 455 458 603 647
3 7 12 17 92 103 104 129 139 182 196 212 221 241 285 305 307
 330 356 424 437 454 457 459 601 647
4 5 16 20 84 97 101 110 119 207 229 235 243 244 290 314 323
 339 355 385 413 421 431 447 601 648
3 10 11 20 95 100 113 115 122 210 223 226 248 256 289 296 345
 347 350 387 404 416 426 439 602 646
1 14 16 18 91 99 138 141 144 187 195 240 250 257 284 287 306
 318 351 399 417 418 423 436 602 647
1 5 17 19 82 114 133 152 159 190 209 211 219 225 295 333 344
 346 349 384 395 403 430 452 603 646
1 11 13 15 88 106 117 126 147 185 193 214 238 254 281 283 310
 336 341 434 440 442 445 460 601 649
2 7 13 19 81 83 135 150 160 197 201 204 206 228 313 322 335
 338 354 390 412 420 428 450 602 648
2 6 8 18 94 121 132 151 154 208 218 222 224 247 302 303 332
 343 358 383 394 402 429 451 601 646
2 12 14 20 85 87 108 116 145 184 230 237 251 253 292 309 319
 325 340 396 405 407 433 444 603 649
1 6 10 12 96 118 124 134 149 203 205 227 234 242 282 297 334
 353 360 389 411 419 427 449 604 648
2 5 9 11 90 128 137 140 143 181 199 220 232 249 304 317 327
 329 359 381 392 398 453 456 604 647
79 93 122 133 151 268 280 285 286 292 318 320 329 341 352 465 492
 505 508 535 561 567 590 593 619 648
78 95 114 121 131 265 272 281 287 293 304 308 309 326 356 474 504
 528 541 544 578 586 592 599 616 648
68 113 120 154 159 275 278 284 307 310 317 321 325 331 342 466 503
 527 534 542 564 568 572 595 615 648
62 94 100 152 153 261 279 283 312 328 330 337 340 351 359 472 497
 506 507 543 563 571 577 585 621 648
65 82 112 115 132 263 271 299 305 306 311 319 327 336 357 480 493
 498 540 545 562 584 591 594 620 648
76 89 126 145 155 270 277 289 298 300 314 322 334 349 358 477 481
 488 496 502 563 568 592 594 619 647
75 86 87 147 156 267 276 282 288 291 296 302 313 344 355 473 486
 522 539 553 577 584 590 599 615 647
73 108 117 146 157 264 269 297 316 323 332 335 345 346 348 476 483
 485 532 552 562 567 571 595 616 647
80 85 88 107 109 262 273 290 295 301 315 338 343 350 353 470 495
 512 538 559 564 586 591 593 621 647
63 106 116 127 148 266 274 294 303 324 333 339 347 354 360 461 501
 511 520 533 561 572 578 585 620 647
74 91 128 139 142 275 276 283 290 299 309 316 320 322 360 467 489
 491 518 550 570 576 583 598 624 646
72 98 119 135 149 263 266 284 296 301 332 349 352 356 359 464 484
 499 516 555 569 575 582 598 623 649
64 102 129 141 143 261 262 291 293 297 311 314 325 341 354 479 490
 525 547 549 580 582 589 600 618 646
77 83 97 118 136 268 277 287 288 295 303 305 317 328 345 469 523
 530 537 554 579 583 588 600 617 649
67 103 137 144 158 265 269 286 310 319 324 334 337 338 355 462 509
 526 551 556 566 569 574 579 622 646
71 90 104 130 138 270 280 282 315 321 326 335 336 339 340 468 487
 519 524 548 565 575 587 597 617 646
70 92 99 105 140 271 274 281 292 298 312 313 323 342 353 463 510
 546 557 558 573 581 588 596 623 646
69 110 123 124 160 264 272 300 302 307 329 333 350 351 357 478 482
 517 531 536 565 570 573 580 622 649
61 96 101 125 150 273 279 285 304 306 331 344 347 348 358 471 500
 514 515 529 566 576 587 596 618 649
66 81 84 111 134 267 278 289 294 308 318 327 330 343 346 475 494
 513 521 560 574 581 589 597 624 649
42 49 56 57 161 180 187 189 199 209 212 226 233 247 262 298 335
 355 360 472 498 504 508 542 607 649
44 50 56 59 165 178 186 202 203 207 217 228 230 238 272 305 318
 331 359 476 481 486 512 533 610 646
36 41 47 53 170 172 186 200 212 232 239 251 254 257 266 289 295
 302 348 463 487 518 547 551 606 648
35 40 46 52 166 173 183 184 187 214 217 231 241 249 267 301 333
 345 358 467 490 510 524 556 613 648
38 43 50 55 169 177 183 219 221 223 224 232 240 260 270 290 297
 313 324 465 493 506 534 544 609 649
37 43 49 54 172 175 198 206 214 227 235 245 253 258 263 285 308
 317 351 461 495 502 522 552 608 646
34 39 46 53 165 171 204 209 224 227 243 248 255 259 265 283 292
 311 321 478 494 499 515 523 605 647
33 40 47 51 169 176 189 202 206 210 218 225 229 234 280 281 299
 325 337 469 484 513 529 536 612 647
24 28 54 59 168 173 182 190 191 200 218 220 248 250 276 315 323
 334 354 466 497 505 528 540 614 649
27 32 44 58 163 170 181 195 210 211 213 222 241 255 274 282 314
 316 338 480 527 535 541 543 608 649
28 31 42 58 176 179 184 192 193 197 205 215 239 243 268 284 304
 330 357 477 520 532 539 559 609 646
23 27 55 57 166 167 185 194 204 216 229 236 242 251 278 306 328
 329 356 473 483 488 511 538 614 646
22 30 33 45 174 178 181 193 216 221 233 237 250 258 264 288 343
 347 349 462 491 519 546 549 605 648
21 26 34 51 161 162 194 196 213 215 220 238 240 253 273 296 300
 303 346 479 526 548 550 558 611 648
23 31 37 48 171 174 188 196 208 225 246 249 256 257 269 291 322
 339 353 474 492 503 507 545 610 649
24 32 38 48 162 164 201 231 234 237 244 252 254 259 279 287 307
 327 352 470 485 496 501 553 607 646
21 29 35 45 163 175 190 205 228 236 244 247 256 260 271 293 310
 320 340 464 500 517 521 554 606 647
22 25 36 52 164 180 191 197 207 208 211 223 242 245 261 286 309
 336 342 471 531 537 555 560 611 647
25 29 39 60 177 179 182 185 188 195 198 199 230 252 277 294 332
 344 350 468 489 509 525 557 612 648
26 30 41 60 167 168 192 201 203 219 222 226 235 246 275 312 319
 326 341 475 482 514 516 530 613 647
70 72 97 104 123 128 134 141 150 158 163 172 184 189 208 216 219
 238 248 252 564 567 577 592 620 645
71 77 81 91 98 101 105 124 129 137 169 179 186 191 194 209 214
 222 237 256 585 591 595 599 619 645
66 74 90 99 102 103 110 118 125 135 166 168 215 223 225 230 247
 254 255 258 561 571 586 594 615 645
61 64 84 130 136 139 140 144 149 160 162 180 190 193 198 210 217
 224 246 251 562 568 578 590 621 645
67 69 83 92 96 111 119 138 142 143 171 178 185 211 218 226 231
 239 253 260 563 572 584 593 616 645
76 79 85 95 106 120 132 152 156 157 176 177 181 187 196 200 201
 207 227 236 570 574 582 596 617 645
73 78 82 89 93 100 107 116 147 154 165 174 183 192 195 206 212
 220 242 244 581 587 598 600 622 645
62 80 87 115 126 131 146 148 151 159 161 164 188 202 204 205 232
 235 241 250 569 573 583 597 618 645
68 75 88 94 108 112 114 122 127 155 167 173 199 213 221 228 234
 243 245 257 566 575 580 588 624 645
63 65 86 109 113 117 121 133 145 153 170 175 182 197 203 229 233
 240 249 259 565 576 579 589 623 645
40 45 53 60 262 279 284 305 308 313 316 329 334 339 361 368 386
 394 404 406 407 441 445 452 611 645
26 33 39 52 263 274 297 304 307 315 318 322 328 355 370 375 391
 396 403 426 438 446 451 460 606 645
25 35 41 51 269 272 282 290 298 306 317 330 352 354 374 379 395
 408 416 425 429 435 442 444 605 645
22 29 34 47 276 278 285 287 314 324 335 353 357 359 364 373 384
 387 402 409 415 433 440 443 613 645
21 30 36 46 268 270 291 323 327 331 338 351 356 360 363 378 383
 397 401 405 410 430 434 439 612 645
43 48 56 58 267 275 281 286 295 300 311 332 340 347 362 376 388
 389 392 418 421 424 450 455 614 645
24 31 50 57 266 271 288 309 321 337 341 346 350 358 371 372 381
 385 399 412 414 419 454 458 608 645
28 37 44 55 261 273 292 294 299 302 310 326 345 349 367 380 390
 400 413 427 436 448 453 457 607 645
23 32 49 59 277 280 283 293 296 319 333 342 343 348 366 377 382
 398 411 417 422 428 431 437 609 645
27 38 42 54 264 265 289 301 303 312 320 325 336 344 365 369 393
 420 423 432 447 449 456 459 610 645
34 41 45 52 71 79 92 100 102 112 121 128 144 159 377 412 421
 427 432 477 483 486 495 501 612 649
36 39 45 51 66 75 83 101 109 116 123 126 149 157 362 382 436
 454 456 466 493 504 507 535 613 646
29 33 41 46 61 80 86 89 97 106 108 111 124 135 367 392 417
 458 459 472 505 534 541 545 611 646
30 35 39 47 62 64 93 99 104 113 114 132 137 142 380 389 414
 428 447 470 488 533 539 552 611 649
21 47 52 60 69 73 84 88 98 118 145 148 150 156 365 381 400
 418 437 474 506 508 527 540 605 646
22 46 51 60 65 70 91 103 122 130 131 143 152 154 371 388 411
 413 420 461 481 532 538 553 606 649
22 26 35 53 76 77 87 107 117 119 125 127 134 160 366 393 399
 424 453 465 498 503 528 543 612 646
21 25 33 53 68 74 82 95 129 138 140 151 153 158 376 385 390
 422 449 473 485 502 512 520 613 649
26 29 36 40 67 78 90 94 105 115 120 133 139 141 369 419 431
 448 450 476 496 511 522 559 605 649
25 30 34 40 63 72 81 85 96 110 136 146 147 155 372 398 423
 455 457 480 492 497 542 544 606 646
42 48 55 59 65 72 100 101 111 114 118 120 151 160 375 407 410
 435 440 463 490 509 519 550 608 647
44 48 54 57 71 76 86 88 99 116 139 143 146 158 378 384 404
 429 438 469 482 494 500 555 609 648
23 50 54 58 61 62 83 95 98 110 112 133 134 154 361 397 443
 444 460 479 489 524 546 551 607 647
24 49 55 58 67 73 87 91 102 104 106 109 140 155 379 394 415
 426 430 478 516 521 529 537 610 648
28 32 43 57 69 78 81 97 122 125 132 149 153 159 374 391 405
 409 445 462 510 518 525 548 610 647
31 38 44 49 66 68 93 115 119 121 124 136 150 152 364 396 406
 408 434 467 487 526 549 557 614 647
32 37 42 50 74 75 85 89 92 117 130 137 141 148 373 383 386
 403 416 475 484 515 531 554 614 648
27 31 43 59 64 80 103 105 127 128 138 145 147 157 368 387 395
 401 451 471 499 513 517 530 607 648
24 27 37 56 77 79 82 84 94 96 113 123 131 135 363 433 441
 442 446 468 491 547 556 558 609 647
23 28 38 56 63 70 90 107 108 126 129 142 144 156 370 402 425
 439 452 464 514 523 536 560 608 648
179 231 238 251 258 377 378 387 388 390 394 403 419 425 447 465 497
 504 527 545 566 573 589 598 617 647
172 185 215 217 237 370 371 383 395 404 415 421 428 448 449 480 507
 508 528 534 574 580 583 587 623 647
178 184 194 198 254 369 379 384 386 389 412 413 422 439 451 474 493
 505 542 543 576 582 588 597 622 647
166 186 193 252 253 373 376 401 414 420 426 427 429 431 452 466 492
 498 506 541 565 569 596 600 624 647
162 214 216 230 239 368 380 385 402 411 416 430 432 438 450 472 503
 535 540 544 570 575 579 581 618 647
180 222 225 248 260 361 367 393 398 405 408 418 440 446 454 470 486
 502 511 532 565 574 588 598 618 648
171 191 210 219 247 365 374 382 392 399 406 410 433 457 460 476 488
 495 520 553 575 583 589 596 622 648
163 209 218 223 246 372 375 400 409 417 424 434 441 444 456 461 483
 496 512 539 566 570 597 600 623 648
169 190 208 226 255 363 366 381 396 435 436 443 445 455 459 477 485
 522 533 538 569 576 580 581 617 648
168 189 211 224 256 362 364 391 397 407 423 437 442 453 458 473 481
 501 552 559 573 579 582 587 624 648
177 220 233 241 257 363 377 385 389 391 406 420 440 444 448 469 499
 514 521 531 562 572 577 586 619 646
170 183 196 199 250 371 375 397 408 422 427 433 445 447 450 464 482
 513 515 537 568 571 593 599 620 646
174 182 187 213 232 369 374 390 407 411 414 421 434 443 446 478 484
 500 530 560 564 585 590 594 616 646
173 181 188 212 240 364 376 405 413 419 428 432 435 441 460 475 517
 523 529 555 563 567 578 591 615 646
161 195 200 221 249 361 380 388 396 409 410 412 431 442 449 471 494
 516 536 554 561 584 592 595 621 646
176 228 235 242 259 366 378 386 392 395 400 402 423 426 454 468 490
 518 526 546 564 571 578 584 619 649
175 192 204 207 234 370 372 382 384 394 401 416 418 453 459 463 489
 548 549 556 563 586 590 595 620 649
164 203 206 236 243 367 368 399 403 415 429 437 439 455 456 479 487
 491 509 510 567 572 594 599 621 649
167 197 202 227 244 362 373 381 393 404 417 425 430 451 457 467 519
 525 551 558 562 585 592 593 615 649
165 201 205 229 245 365 379 383 387 398 424 436 438 452 458 462 524
 547 550 557 561 568 577 591 616 649
0 9 12 13 16 62 65 68 78 79 163 168 169 171 180 264 266
 267 273 277 368 370 373 378 379 646
0 8 11 14 17 61 66 69 72 77 164 165 167 175 176 262 269
 270 274 276 369 371 376 377 380 648
0 6 15 19 20 64 67 70 71 74 161 170 173 174 177 263 268
 272 278 279 362 365 366 367 372 647
0 5 7 10 18 63 73 75 76 80 162 166 172 178 179 261 265
 271 275 280 361 363 364 374 375 649
0 1 2 3 4 461 462 463 464 465 466 467 468 469 470 471 472
 473 474 475 476 477 478 479 480 645
43 60 66 92 108 113 180 236 238 250 265 302 322 352 372 430 431
 443 469 490 520 543 587 591 604 634
45 56 62 106 136 141 173 211 215 229 270 285 319 350 375 390 393
 429 474 499 518 553 581 595 604 644
34 42 69 95 104 116 168 202 214 257 271 328 332 338 366 408 413
 452 471 491 496 534 589 590 604 643
24 35 72 115 129 145 171 193 195 245 280 303 313 331 367 384 391
 421 475 504 538 551 570 571 604 642
23 33 77 85 122 139 163 192 240 254 261 308 335 358 362 395 410
 447 478 486 540 557 569 572 604 641
36 44 61 87 100 103 169 185 187 259 275 343 354 357 365 385 403
 441 464 492 548 552 588 592 604 640
46 55 79 98 117 138 161 198 225 244 274 289 305 309 374 402 428
 455 466 482 549 559 566 577 604 633
47 54 68 91 125 126 174 207 219 231 262 292 296 330 363 450 451
 458 480 483 509 554 565 578 604 632
26 32 65 99 123 147 177 186 190 243 269 325 347 356 364 394 400
 412 472 502 524 560 583 593 604 631
25 31 78 88 111 144 170 209 216 235 276 307 340 345 361 382 383
 420 465 529 533 558 582 594 604 630
27 53 69 89 91 114 180 188 203 215 280 324 327 345 362 412 438
 444 464 497 522 549 564 596 601 629
21 58 76 100 136 137 167 225 250 252 272 292 301 335 368 382 391
 419 461 534 547 560 576 584 601 639
22 57 75 90 95 111 175 195 217 219 268 322 325 348 379 427 441
 455 470 499 526 540 573 585 601 638
28 52 61 138 146 152 163 186 233 234 265 291 317 350 366 407 415
 450 475 488 493 558 561 598 601 628
49 51 77 99 133 156 171 183 205 216 275 289 315 359 372 386 390
 405 471 501 509 541 562 580 601 627
38 40 80 113 125 140 165 194 211 257 263 288 340 354 373 400 410
 411 477 482 489 504 567 574 601 637
41 59 73 115 123 143 176 209 240 258 279 294 309 338 370 389 393
 443 473 492 510 554 568 575 601 636
30 48 66 127 141 159 169 198 200 242 271 296 304 316 367 420 425
 433 478 508 512 524 563 579 601 626
29 50 72 82 109 144 168 213 227 231 261 298 329 347 365 396 401
 428 469 503 518 532 597 599 601 625
37 39 63 98 122 128 164 187 190 239 278 300 313 319 378 408 449
 458 476 519 529 543 586 600 601 635
23 60 71 89 123 132 162 205 211 221 266 292 317 355 369 401 440
 455 467 512 528 529 571 589 602 640
24 60 80 93 101 144 175 181 208 215 272 283 289 297 378 409 450
 457 473 484 498 524 572 588 603 643
26 56 66 137 154 155 163 182 204 239 280 288 290 351 365 404 427
 440 471 485 510 545 578 582 603 633
25 56 73 92 124 133 167 193 200 255 263 293 324 358 378 407 413
 456 470 503 513 548 577 583 602 632
35 43 74 94 136 156 178 182 209 242 273 325 327 339 377 415 458
 460 463 482 532 535 569 592 602 643
33 43 63 119 131 141 167 186 220 247 279 336 345 353 379 397 428
 454 477 494 509 527 570 590 603 640
36 42 76 91 97 112 165 198 218 249 278 282 341 347 370 390 406
 437 470 517 544 558 569 571 603 634
33 42 67 125 146 154 172 190 196 203 267 309 314 329 380 382 425
 434 468 499 501 506 588 591 602 642
35 44 73 110 120 138 164 199 216 224 268 281 296 334 373 412 446
 459 461 507 514 518 589 591 603 641
24 36 70 111 121 127 179 225 227 241 264 290 319 359 376 400 438
 445 479 488 542 554 587 590 602 641
23 34 75 84 99 153 176 222 231 232 263 310 350 360 368 420 424
 435 476 505 537 549 587 592 603 642
34 44 64 98 109 151 166 212 219 234 277 304 323 340 371 386 393
 442 462 522 545 560 570 572 602 634
46 54 69 107 121 140 169 196 228 252 261 284 348 355 372 387 389
 442 475 511 519 535 583 594 603 644
47 55 75 82 103 134 164 214 233 246 272 303 316 321 370 392 405
 431 477 497 500 557 582 593 602 644
31 45 72 86 90 132 180 194 206 241 275 287 294 323 366 416 449
 460 478 481 506 547 566 593 603 632
32 45 80 96 114 139 176 183 191 238 278 291 312 332 379 385 396
 453 461 508 523 551 565 594 602 633
25 55 61 94 128 148 171 201 212 258 271 301 314 318 362 411 439
 445 469 526 528 539 565 595 603 631
26 54 63 104 149 152 165 188 254 260 268 298 299 343 368 381 421
 433 473 490 531 541 566 595 602 630
31 46 76 118 129 159 175 185 189 213 279 286 302 315 373 398 444
 447 476 491 493 516 578 581 602 631
32 47 77 143 151 157 168 197 217 221 265 300 306 339 367 419 426
 434 464 489 495 542 577 581 603 630
48 53 80 130 132 150 167 182 223 253 268 314 333 337 370 432 436
 442 476 521 542 546 598 599 604 627
40 58 74 86 114 119 162 200 204 208 264 298 310 318 371 387 405
 437 468 493 495 514 585 600 604 636
50 53 70 106 113 118 162 191 195 235 267 299 335 356 377 408 451
 456 462 492 500 559 563 580 603 628
42 60 62 86 102 149 174 191 228 253 274 295 306 321 364 398 439
 448 465 485 513 556 570 592 601 641
49 53 62 84 108 143 177 192 194 208 276 281 301 331 374 403 427
 454 480 496 517 519 561 579 602 625
46 56 74 87 112 150 179 210 220 236 266 297 308 342 380 384 423
 435 462 496 507 530 565 593 601 630
41 58 66 88 120 130 171 220 229 237 261 305 344 360 366 409 414
 451 464 502 544 556 567 573 602 635
39 58 65 92 146 150 173 242 254 256 262 303 326 359 374 385 401
 417 465 491 522 536 568 574 603 638
24 34 68 118 142 157 170 184 206 246 270 293 318 344 374 388 404
 453 472 511 531 546 569 591 601 640
23 35 78 96 148 158 177 197 237 255 262 299 346 351 375 387 392
 432 466 481 487 516 588 590 601 634
33 44 65 105 134 155 161 201 251 260 276 284 286 333 363 414 416
 456 474 495 523 525 571 587 601 643
36 43 79 107 124 130 173 189 204 230 269 287 312 349 361 381 422
 426 480 500 539 550 572 589 601 642
40 59 77 93 106 158 180 232 243 253 271 282 307 349 365 388 397
 402 475 483 507 525 576 586 602 638
40 57 62 89 129 160 170 223 227 238 269 304 320 343 363 413 415
 418 466 501 530 557 575 584 603 635
45 54 67 81 93 108 162 202 223 249 277 326 357 360 376 395 399
 446 463 515 527 538 577 582 601 631
22 59 68 109 135 139 177 205 214 226 274 302 327 337 361 421 423
 425 474 488 515 548 567 600 603 639
21 57 72 112 117 142 169 181 230 235 265 330 333 353 362 394 446
 448 471 487 505 553 568 600 602 637
50 51 73 94 142 160 175 237 241 248 278 295 326 355 368 422 423
 434 477 525 545 555 561 596 604 626
48 52 74 122 124 147 172 229 250 260 277 321 330 338 369 402 441
 453 479 504 516 533 562 596 603 625
48 51 78 119 137 145 173 224 236 258 274 341 348 357 363 449 452
 457 472 486 489 537 564 597 602 628
28 51 64 88 115 134 178 187 244 255 266 285 312 322 376 394 398
 410 468 483 531 534 579 599 603 629
39 59 71 84 152 155 172 183 197 247 273 287 316 341 376 439 444
 459 462 484 503 511 573 584 604 637
27 52 65 85 97 140 174 202 239 247 270 283 294 352 361 384 419
 424 466 514 526 552 580 599 602 626
26 55 64 83 85 131 172 199 256 259 264 282 331 337 377 409 418
 452 467 505 520 555 581 594 601 632
41 57 70 101 133 148 178 206 213 224 277 284 291 336 380 424 426
 433 467 485 497 517 574 586 604 639
49 52 63 135 154 158 176 221 251 256 272 311 323 344 373 399 445
 448 470 530 535 550 563 597 604 629
30 50 79 87 90 101 170 218 245 252 262 300 310 328 364 395 411
 459 474 494 510 520 562 598 602 629
29 49 71 95 96 126 166 240 243 246 264 286 305 354 380 381 383
 391 463 513 543 553 564 598 603 626
21 37 64 107 110 159 179 201 218 233 267 283 306 324 369 396 404
 454 463 481 537 541 567 575 604 638
22 37 61 105 126 153 168 184 199 244 280 295 297 356 372 406 429
 432 478 527 533 550 574 584 602 636
27 29 75 81 102 151 165 184 196 226 279 290 342 349 378 414 418
 460 461 487 528 536 562 579 604 628
31 47 70 116 153 160 166 181 226 245 273 311 334 352 369 397 403
 417 468 486 521 544 583 595 601 633
22 38 67 82 97 157 166 188 222 228 266 281 315 351 377 407 416
 457 479 494 508 539 568 576 604 635
21 38 79 81 104 127 174 185 203 210 276 311 317 358 375 386 431
 436 472 532 551 555 573 586 603 636
28 29 68 110 116 128 161 217 222 259 269 288 308 336 375 389 430
 437 465 484 538 547 563 596 602 627
28 30 76 83 105 121 164 210 212 230 263 320 339 346 379 388 417
 440 473 506 515 556 564 580 604 625
27 30 67 100 117 149 179 189 207 257 273 293 307 313 371 392 429
 443 467 502 523 540 561 597 603 627
25 32 71 120 135 145 178 192 232 248 267 320 328 353 371 406 430
 436 479 498 536 552 566 578 601 644
38 39 69 102 131 147 163 207 249 251 275 285 334 346 367 383 422
 435 469 498 546 559 575 585 602 639
37 41 78 83 103 156 161 193 234 248 270 329 332 342 364 399 438
 447 480 490 512 521 576 585 603 637
20 60 157 158 159 160 257 258 259 260 280 358 359 360 379 380 459
 460 480 558 559 560 599 600 614 644
20 35 82 83 130 155 191 202 240 252 275 302 304 353 369 378 437
 445 472 483 499 549 561 574 608 630
20 33 102 107 133 150 187 194 245 246 265 282 327 332 368 371 440
 457 466 518 533 554 563 573 609 631
20 36 81 86 142 152 192 217 250 255 271 297 303 329 373 377 424
 442 474 502 509 529 564 575 607 633
20 34 105 114 135 148 189 195 236 239 261 317 334 343 370 376 434
 454 465 482 524 553 562 576 610 632
17 39 100 125 141 145 191 201 213 217 264 281 317 360 361 372 402
 413 473 487 521 545 569 593 609 629
17 41 116 122 136 138 188 189 194 197 267 297 310 359 363 365 394
 431 470 515 528 546 570 594 608 626
17 22 98 99 108 115 200 206 252 260 273 282 283 329 362 375 383
 385 477 530 542 556 578 589 610 628
17 21 85 91 111 113 183 204 246 258 266 304 334 336 364 366 421
 429 476 525 535 536 577 588 607 625
17 40 87 95 123 144 228 233 239 255 277 327 341 353 367 374 447
 451 461 506 550 555 587 595 614 627
7 58 94 99 101 107 188 226 238 259 270 309 317 333 367 373 406
 449 462 483 513 540 582 590 606 625
9 38 96 105 112 116 190 229 241 258 268 283 302 335 371 374 418
 426 475 503 509 512 582 592 611 629
7 57 110 121 141 157 183 193 202 256 276 292 295 327 365 370 411
 435 468 502 516 543 566 572 611 628
9 58 108 118 131 158 196 209 217 244 263 313 341 343 364 369 416
 436 471 488 497 518 565 572 612 626
9 37 87 120 142 149 182 194 219 243 272 336 338 358 361 376 387
 417 469 501 508 549 571 581 606 628
7 37 97 144 151 155 185 192 200 223 274 325 346 359 366 368 389
 397 467 500 504 553 565 591 605 629
9 59 85 102 124 153 211 212 235 252 278 281 303 322 363 380 399
 404 464 493 524 532 566 590 605 627
9 57 93 130 134 145 207 221 225 239 279 310 332 354 375 377 423
 439 478 522 541 558 583 591 613 625
7 59 91 119 132 148 210 233 245 254 269 329 340 344 372 378 427
 446 479 523 534 559 581 592 613 626
7 38 84 86 138 154 213 214 236 248 262 304 319 349 362 379 409
 419 463 492 531 533 571 583 612 627
16 42 83 113 139 147 200 216 222 245 279 292 297 333 374 376 381
 415 464 481 526 545 586 597 612 644
16 44 104 122 126 160 183 215 218 236 263 309 344 353 361 377 392
 401 475 485 542 547 579 585 605 631
16 23 81 92 106 115 198 213 247 259 272 295 325 334 363 371 438
 453 471 506 519 539 567 598 613 630
16 43 88 100 129 135 202 208 231 233 268 282 319 346 364 380 386
 456 478 489 511 528 568 596 606 633
16 24 95 103 117 150 186 188 192 224 278 340 349 360 369 375 398
 425 469 495 510 535 580 584 611 632
8 35 101 143 147 153 196 198 223 234 266 318 319 335 361 365 430
 448 477 491 523 541 564 573 614 632
8 60 112 119 126 140 212 216 227 256 267 287 325 338 367 375 395
 414 476 497 531 548 561 576 609 633
8 33 84 117 120 128 215 226 241 242 277 292 351 354 364 372 388
 452 470 493 500 551 575 599 610 630
8 36 106 110 131 137 203 221 231 248 273 284 322 340 366 374 384
 432 473 508 513 557 562 600 608 631
8 34 88 90 93 97 182 186 205 210 264 306 309 313 362 363 403
 422 461 490 503 516 563 574 607 644
10 44 111 140 156 159 184 191 221 229 269 303 341 351 362 368 428
 443 468 496 498 515 586 598 606 632
10 24 89 128 133 136 196 230 243 260 262 281 302 306 366 370 410
 420 462 527 552 555 585 597 613 633
10 23 109 125 137 152 189 241 244 253 276 318 332 336 367 378 412
 441 463 520 530 544 568 580 605 644
10 43 90 114 123 146 207 212 237 246 274 283 284 358 365 373 390
 408 479 505 521 538 579 584 612 630
10 42 82 98 127 143 182 235 251 255 270 287 310 343 372 379 391
 450 467 486 507 536 567 596 611 631
15 39 121 134 139 156 220 223 231 235 280 306 338 349 371 373 407
 455 472 517 520 547 588 595 610 626
15 22 89 94 104 118 198 229 232 256 265 284 346 354 376 378 382
 396 480 486 510 514 570 593 607 627
15 21 103 124 132 146 216 226 243 249 261 295 313 318 377 379 393
 433 466 484 489 496 578 587 608 629
15 40 92 127 149 151 181 186 244 248 275 335 344 351 370 380 444
 458 474 526 537 538 589 594 609 625
15 41 96 109 129 154 199 207 210 215 271 287 322 333 368 369 400
 405 465 494 519 552 569 577 614 628
5 48 103 106 112 149 206 222 239 240 262 320 331 345 372 373 396
 422 468 488 528 560 573 577 605 643
12 32 101 128 154 156 185 228 246 250 263 298 337 345 363 376 384
 393 478 487 544 559 561 589 611 638
19 30 98 116 120 140 205 208 213 254 265 285 290 345 370 377 399
 441 472 481 513 525 565 584 614 642
19 53 90 131 136 145 183 185 222 234 271 330 347 355 378 380 417
 443 466 495 531 550 567 582 610 641
14 45 118 130 133 146 192 199 214 218 266 290 307 311 363 367 387
 428 473 526 543 560 592 596 610 637
14 46 82 105 149 156 232 238 245 247 264 314 326 330 366 375 404
 412 470 489 492 529 572 579 614 639
14 25 89 134 142 159 222 236 249 254 273 305 323 337 364 365 426
 450 461 499 504 519 580 590 609 636
19 29 85 112 125 143 224 233 238 242 280 289 307 323 368 376 408
 436 474 516 539 556 583 585 608 640
14 26 109 114 124 158 181 185 202 224 267 285 339 342 372 374 420
 439 477 540 547 554 571 598 607 635
5 27 92 93 118 126 187 197 224 252 276 308 337 347 366 379 405
 448 479 482 512 545 575 595 606 642
12 31 94 97 109 143 187 191 204 254 272 296 320 324 375 380 452
 455 475 502 527 546 562 587 612 637
12 55 84 121 137 146 206 238 255 257 268 315 342 347 361 369 395
 458 464 498 525 553 563 570 613 636
5 49 120 129 134 147 204 217 218 257 274 326 350 352 362 378 432
 433 462 506 532 554 576 594 611 640
19 51 87 93 111 128 200 203 214 247 261 339 350 356 369 373 391
 418 480 485 523 546 566 568 609 634
12 56 110 127 132 140 195 197 214 260 279 289 291 326 364 371 382
 403 469 483 505 550 564 569 605 635
19 52 108 123 137 153 188 193 218 227 275 296 305 314 371 379 410
 423 465 487 500 511 581 586 607 643
14 47 96 102 127 152 193 208 220 259 277 320 355 356 361 362 390
 416 476 482 510 534 591 597 608 638
12 54 89 90 119 151 189 193 201 240 278 311 316 350 374 377 400
 430 471 507 533 556 588 599 606 639
5 50 88 96 104 153 194 201 247 250 269 289 342 357 367 370 388
 407 467 499 522 535 578 600 612 641
5 28 117 124 131 139 195 208 228 258 270 296 311 328 365 368 414
 444 463 501 529 542 574 593 613 634
13 48 125 133 138 155 184 210 227 232 272 294 312 355 364 377 383
 454 464 491 538 540 595 600 611 634
18 56 83 102 122 145 181 198 205 219 269 299 301 307 366 373 385
 434 463 494 497 511 587 599 611 636
13 50 86 91 123 159 220 226 234 251 268 293 301 339 375 376 402
 457 471 543 552 557 574 594 605 642
6 26 97 113 126 138 206 209 221 230 261 301 316 357 371 378 398
 435 474 501 521 551 590 596 614 638
13 49 98 114 144 157 230 242 248 249 279 288 299 314 363 369 424
 429 475 520 534 548 573 593 606 641
6 45 84 91 115 147 182 184 201 225 265 298 328 348 373 380 392
 397 465 512 548 555 572 580 608 635
11 53 81 139 148 154 187 219 229 230 264 293 315 352 364 367 389
 401 477 507 537 558 566 584 608 643
11 52 83 86 104 151 195 225 237 243 273 308 312 324 363 372 411
 425 476 498 517 518 568 582 614 640
11 30 94 129 150 157 211 240 244 251 267 298 321 357 361 366 427
 438 461 484 505 509 583 586 610 634
6 25 99 100 106 119 219 228 241 251 280 291 300 308 369 370 381
 409 466 491 515 532 579 591 607 637
18 55 115 116 130 135 186 211 227 249 276 293 300 330 368 372 447
 460 462 485 508 514 564 588 612 638
11 29 103 121 155 160 207 209 250 253 266 291 299 328 362 374 386
 449 470 514 524 527 567 581 609 642
18 54 85 100 142 150 209 215 232 234 274 286 288 356 367 379 431
 445 468 481 503 517 562 589 613 635
18 31 81 87 113 158 190 199 231 242 270 305 312 348 362 370 413
 440 479 484 495 541 561 570 605 639
6 46 88 95 101 141 190 197 212 253 275 288 324 352 368 377 446
 453 480 488 536 557 571 597 610 636
6 47 110 117 122 144 196 204 211 237 271 294 315 331 376 379 406
 456 472 490 522 530 592 598 609 639
11 51 92 107 132 135 184 190 235 257 277 286 316 331 365 375 415
 419 473 494 544 549 565 585 607 641
18 32 95 105 108 160 203 216 220 225 262 285 294 321 365 378 421
 442 467 493 537 539 563 569 606 637
13 28 82 99 136 148 181 203 253 256 278 286 290 348 361 371 451
 459 478 490 496 504 575 577 612 640
13 27 107 111 141 152 199 205 223 237 263 300 321 323 374 380 394
 437 469 486 492 551 576 578 613 643
13 34 54 74 101 127 131 187 192 211 216 269 280 302 305 392 396
 419 439 470 506 521 525 568 623 628
13 36 55 71 119 153 156 190 195 202 215 262 265 307 358 389 398
 416 433 461 530 545 546 567 624 625
13 32 33 70 93 109 110 198 209 236 257 270 275 303 330 381 387
 407 427 476 528 555 556 584 618 629
13 31 35 67 84 89 112 186 219 250 259 261 274 285 332 404 405
 411 456 473 536 542 550 586 617 626
13 56 60 64 97 120 146 225 231 240 245 271 276 343 356 426 444
 449 453 477 487 515 535 585 622 627
8 41 56 68 85 99 160 185 191 244 249 265 268 316 349 387 391
 411 454 479 506 522 529 597 620 643
7 43 52 72 87 133 143 215 222 244 257 264 278 299 334 382 414
 439 442 472 512 515 557 578 617 638
14 51 59 79 86 110 129 188 219 239 242 263 265 335 347 383 414
 445 453 467 496 521 527 588 621 644
14 37 52 62 119 139 157 203 209 213 252 268 271 289 354 392 394
 422 440 462 536 538 544 587 615 632
8 39 54 78 87 135 138 181 229 238 246 271 279 295 324 410 416
 427 437 467 532 542 560 580 619 642
9 44 52 70 81 94 117 200 205 246 253 262 280 287 347 430 435
 447 454 473 489 499 534 594 622 635
7 44 51 69 82 85 90 198 208 243 250 267 279 293 360 426 432
 440 458 465 488 530 551 595 623 637
9 30 43 71 106 154 160 184 188 234 255 261 276 289 306 385 437
 446 452 476 504 526 554 593 623 639
9 42 53 64 121 126 135 213 237 242 260 269 275 318 350 384 397
 431 457 461 510 529 540 577 617 637
14 29 57 65 84 104 107 200 211 234 258 272 275 313 345 398 432
 434 451 479 507 515 520 569 619 633
9 23 51 67 147 150 151 191 227 230 233 270 271 284 345 403 409
 421 459 470 482 543 547 578 624 636
7 24 53 61 116 137 159 207 216 240 247 263 277 282 312 387 434
 448 455 474 490 532 536 593 624 635
8 32 40 79 91 116 150 193 199 235 260 261 272 315 346 424 439
 443 449 463 488 499 545 579 615 640
14 38 53 78 92 101 155 205 217 225 233 261 278 296 338 381 388
 429 460 468 505 530 552 570 620 631
7 30 42 77 108 128 152 195 224 229 231 266 272 286 353 400 404
 422 460 466 521 522 548 594 618 636
8 22 55 62 81 144 145 189 220 243 254 263 275 291 333 404 408
 419 459 468 512 535 554 596 616 634
9 24 29 74 83 88 132 183 189 203 251 265 274 296 351 395 406
 413 424 477 492 519 560 595 618 638
8 21 31 65 83 108 141 207 214 232 255 278 280 298 344 389 426
 441 457 462 482 501 528 598 621 641
14 30 58 68 97 103 148 183 190 194 227 279 280 322 350 402 442
 448 456 463 486 498 555 589 616 630
7 23 29 66 114 140 145 186 187 218 235 268 273 297 321 388 393
 416 445 480 491 501 555 577 622 639
18 40 48 61 104 131 156 197 213 226 230 266 278 283 323 391 395
 427 456 465 502 549 554 591 622 644
20 40 56 75 118 121 143 188 190 201 216 273 274 330 336 399 401
 409 422 478 534 551 552 598 619 634
17 33 49 79 88 137 149 184 195 223 259 271 278 302 339 393 401
 435 450 479 481 497 514 583 616 637
17 35 50 65 124 126 128 192 210 253 257 265 279 323 343 390 409
 438 455 468 508 511 537 582 615 639
17 27 34 78 106 134 143 230 245 250 256 268 275 355 358 400 406
 425 428 463 484 485 493 565 621 635
17 28 36 62 118 140 147 226 236 237 240 272 280 314 332 386 420
 446 458 467 494 495 503 566 620 638
17 48 60 68 90 96 117 187 202 248 251 261 263 290 303 382 397
 412 415 462 517 539 541 581 619 636
20 32 39 76 94 124 140 206 215 219 233 266 276 305 310 397 418
 425 432 471 490 492 538 597 616 641
20 31 41 63 134 137 151 183 198 211 228 262 264 283 356 388 415
 436 446 469 496 540 548 596 615 642
18 41 50 69 93 127 139 184 204 233 256 263 273 281 314 398 430
 441 449 466 509 553 560 571 617 630
18 39 49 72 89 103 153 200 210 228 237 267 268 290 336 419 443
 452 453 474 482 483 558 572 618 631
20 22 54 73 96 128 132 186 204 213 225 267 270 307 341 386 417
 435 448 464 504 520 557 579 621 643
20 21 55 80 90 149 154 197 200 209 231 269 277 281 285 406 414
 423 438 475 486 491 543 580 620 640
18 21 28 77 92 109 120 188 206 223 251 264 279 341 355 384 392
 408 411 480 499 524 533 592 624 633
18 22 27 66 112 129 146 183 201 248 253 272 277 310 339 381 389
 403 410 472 518 529 559 590 623 632
11 26 43 68 89 98 102 197 216 218 241 271 272 348 360 384 407
 436 447 468 492 523 553 574 621 625
15 35 48 75 135 144 152 194 203 212 218 264 270 292 308 385 398
 426 443 471 525 527 559 583 620 635
15 27 33 73 83 99 159 182 208 217 227 262 266 340 357 408 431
 439 453 475 544 550 553 566 619 639
15 28 34 80 91 133 160 221 242 247 252 267 274 319 331 381 416
 441 447 469 487 502 507 582 616 636
15 36 50 63 114 138 150 196 205 222 258 276 277 325 352 391 392
 404 413 478 483 498 556 581 621 637
15 49 60 76 81 82 141 224 234 239 241 269 273 309 328 387 410
 421 456 464 505 533 546 565 615 638
10 38 45 61 99 117 151 209 220 239 245 267 272 322 337 401 413
 433 437 480 511 516 525 564 617 641
10 47 57 66 94 106 138 190 192 249 252 263 264 338 342 386 421
 444 457 465 481 523 550 599 618 640
10 46 58 77 132 144 147 199 202 219 258 273 278 320 354 407 431
 438 454 474 485 487 531 563 623 642
11 24 45 65 125 156 158 198 204 212 222 261 268 300 353 403 423
 431 444 467 513 533 534 575 616 628
10 26 37 72 88 91 121 211 217 232 236 277 279 311 335 385 405
 425 459 466 513 539 546 561 622 643
10 25 59 69 126 141 154 181 194 225 259 266 268 313 326 396 415
 424 447 472 495 500 556 562 624 634
11 25 44 62 123 127 130 196 206 231 247 265 278 288 297 405 417
 421 452 463 516 540 559 576 619 629
11 42 46 78 109 136 142 186 201 208 221 263 280 294 334 385 395
 418 433 479 483 500 543 573 615 627
11 23 47 79 105 111 146 182 215 224 228 275 279 282 301 396 399
 413 430 462 502 504 531 600 620 626
19 43 46 75 104 110 115 181 191 192 251 262 277 318 337 400 429
 440 449 464 501 503 558 576 616 626
6 37 51 80 112 136 158 195 207 226 254 264 276 304 321 407 424
 428 430 464 506 510 511 589 619 631
6 29 59 76 98 131 142 193 223 229 257 262 267 312 317 403 405
 412 457 478 485 526 535 587 620 630
16 45 57 64 82 87 124 196 197 248 254 274 280 301 317 383 388
 400 443 476 509 514 544 563 624 643
16 47 59 74 108 133 149 185 201 241 256 261 270 288 304 394 408
 432 455 461 494 498 558 564 622 642
16 38 46 71 85 114 134 182 193 206 226 269 271 300 359 382 441
 448 451 473 518 527 537 561 618 634
19 42 45 73 119 122 129 230 232 246 259 273 276 342 351 419 442
 451 455 469 488 524 541 574 620 629
16 26 58 70 96 145 159 212 214 223 228 265 276 294 329 410 422
 429 458 470 484 507 549 562 617 640
6 53 57 63 102 120 123 210 214 244 250 270 273 286 359 395 396
 420 437 475 489 539 545 588 616 632
16 25 37 67 116 118 152 204 210 221 238 262 275 327 348 391 393
 402 414 477 505 517 524 599 623 641
6 30 38 73 111 130 153 187 238 243 256 274 277 299 329 384 444
 450 454 471 495 528 547 569 615 644
19 26 44 80 84 92 95 189 237 245 249 266 270 306 320 382 389
 402 445 478 497 509 532 600 615 628
19 23 25 76 101 103 113 184 202 220 260 264 274 287 311 394 427
 434 458 475 508 518 522 575 621 627
6 52 58 75 93 105 125 185 235 240 248 266 269 293 327 390 433
 452 459 469 481 519 542 570 621 633
19 24 47 63 97 100 139 199 236 253 255 267 269 284 326 383 393
 411 460 471 493 512 549 573 619 625
5 31 36 77 95 102 148 182 234 238 260 263 267 292 316 409 423
 428 429 472 514 519 538 568 622 629
5 34 55 66 107 122 158 191 193 203 241 266 279 298 325 383 417
 446 450 474 489 517 552 584 617 627
5 35 56 69 86 100 105 221 227 246 254 277 278 309 315 394 397
 420 436 480 484 520 526 567 618 628
5 33 54 72 113 130 157 185 205 212 255 272 273 291 319 402 406
 412 418 465 496 510 537 585 624 626
5 32 60 61 115 142 155 189 196 214 242 264 268 324 340 390 399
 435 451 466 486 494 547 586 623 625
12 40 49 64 111 122 148 207 220 222 252 265 270 295 357 412 425
 436 460 473 491 500 503 571 623 633
12 41 48 67 98 107 113 181 217 243 247 276 280 328 346 390 401
 423 445 461 493 531 557 592 618 632
12 27 39 70 86 95 136 218 232 244 258 261 269 331 333 386 399
 440 450 477 508 516 548 591 624 630
12 21 50 71 115 125 157 199 208 229 239 274 275 308 349 415 417
 420 442 470 490 497 523 590 622 631
12 22 28 74 100 123 155 194 224 235 249 262 271 344 352 418 428
 434 438 476 513 541 551 572 617 644
13 45 63 69 94 103 177 189 217 235 282 289 292 304 384 410 414
 417 479 485 503 537 591 598 614 636
18 53 65 67 88 110 176 241 246 252 297 317 320 349 428 433 439
 458 471 486 504 548 581 585 614 634
13 26 61 75 129 132 174 229 252 255 309 334 345 359 388 408 423
 430 463 495 508 517 572 597 609 637
18 29 70 79 119 147 164 194 221 255 295 304 337 360 382 390 404
 444 475 490 540 552 565 568 610 643
13 25 77 80 104 121 173 239 244 246 296 325 329 360 403 418 443
 448 462 481 493 494 571 596 608 639
18 30 74 78 84 126 175 191 196 239 282 311 333 359 393 407 412
 426 469 534 538 557 566 567 607 640
13 46 66 73 139 151 170 194 207 260 317 319 347 353 391 399 432
 452 468 484 497 539 580 592 607 638
13 47 72 76 92 154 161 191 243 258 297 327 340 350 395 422 436
 441 467 511 514 541 579 590 610 635
18 52 64 68 101 106 165 182 189 258 326 329 346 353 405 416 420
 455 464 496 543 551 583 584 609 641
18 51 62 71 97 117 167 212 217 260 327 334 342 344 387 396 400
 450 478 491 492 520 582 586 608 642
14 48 64 73 81 95 163 215 221 235 298 302 336 359 403 406 411
 458 466 511 523 556 576 593 612 642
19 54 65 66 144 148 179 221 226 244 281 282 328 358 405 415 422
 453 476 492 499 547 564 570 611 637
14 49 70 80 83 100 168 186 196 229 310 316 327 358 384 446 449
 455 465 525 531 539 575 578 605 634
19 56 61 78 91 157 172 223 241 243 303 310 352 353 386 396 398
 414 473 482 519 540 563 589 612 639
19 31 69 79 99 155 162 212 229 248 297 331 336 343 392 407 425
 448 461 489 543 554 569 599 613 638
14 28 71 75 113 150 171 198 207 241 281 324 329 343 393 395 397
 419 472 485 516 550 594 600 606 643
19 32 62 72 107 138 166 182 207 256 302 308 341 360 388 433 438
 456 477 526 529 534 562 588 605 636
14 50 67 76 122 135 180 182 216 244 283 291 303 304 389 400 435
 452 480 487 495 513 573 595 613 640
19 55 68 77 86 141 178 196 210 235 283 332 334 357 381 401 432
 444 470 504 510 560 561 587 606 635
14 27 63 74 115 160 169 212 231 243 315 317 332 341 382 409 427
 430 474 481 500 546 574 577 611 641
6 48 62 69 109 128 179 183 245 255 305 325 335 349 399 416 431
 434 473 505 514 558 574 578 606 640
11 31 71 73 131 149 168 233 236 252 290 318 325 333 390 402 410
 424 480 515 522 551 563 588 611 635
6 28 66 79 89 143 172 202 213 246 313 333 340 356 385 387 423
 460 470 498 509 537 576 595 605 641
11 54 70 75 120 124 180 183 239 259 306 314 340 346 391 394 428
 457 474 491 512 530 561 569 612 636
11 32 63 64 112 118 171 194 200 202 309 349 351 355 429 441 450
 459 465 521 532 557 564 587 613 639
11 55 74 76 93 96 163 188 217 245 284 295 319 323 420 443 451
 454 472 501 536 548 589 599 605 637
6 50 77 78 140 146 166 189 200 259 319 322 330 344 421 436 439
 440 461 517 527 549 575 593 611 643
11 56 67 80 134 153 169 192 213 258 287 292 339 344 383 408 412
 437 466 488 490 555 562 570 606 638
6 49 61 65 90 127 178 188 191 236 292 307 338 346 404 418 442
 447 477 484 518 544 577 600 613 642
6 27 68 72 137 156 162 192 233 260 285 295 309 354 413 417 426
 445 476 494 507 524 573 594 612 634
5 25 64 79 108 125 175 183 186 226 284 299 303 338 419 437 438
 440 478 507 546 553 592 597 614 635
5 45 70 78 85 98 167 188 210 231 302 318 321 354 389 415 434
 459 471 498 502 550 571 579 609 638
12 53 72 73 105 152 173 198 202 226 288 306 310 322 383 392 409
 447 479 501 535 560 565 586 609 640
12 51 61 76 102 114 170 192 231 256 294 313 336 351 381 402 431
 446 462 499 512 542 567 583 614 643
12 30 69 75 133 158 161 186 223 236 283 287 301 354 406 421 451
 453 468 529 532 545 568 581 608 641
12 29 63 77 130 159 174 215 245 248 281 318 338 348 385 394 435
 456 467 482 488 506 582 584 607 634
5 26 62 74 111 116 176 198 233 248 286 287 313 358 401 411 442
 457 464 483 487 527 580 591 610 639
12 52 66 80 82 142 177 210 216 259 284 300 335 341 397 398 413
 429 463 522 528 554 566 585 610 642
5 47 65 71 87 136 165 213 216 223 293 322 332 351 425 445 449
 454 475 505 556 559 572 596 607 636
5 46 67 68 123 145 164 200 215 256 306 312 335 343 386 424 427
 460 469 525 533 544 590 598 608 637
8 58 63 71 82 111 180 201 230 257 285 296 297 337 386 434 447
 453 466 510 517 538 583 592 605 628
8 59 67 75 136 159 163 187 206 237 289 311 353 356 381 413 438
 442 465 489 514 520 565 571 611 625
8 38 64 76 123 133 168 195 204 253 330 342 345 360 385 392 415
 445 474 484 486 519 566 591 606 626
8 37 70 73 114 125 169 197 250 251 282 305 320 350 398 401 421
 460 472 494 496 526 572 582 613 627
8 57 74 80 98 152 171 184 228 240 307 326 334 347 425 431 440
 456 480 537 547 552 581 590 612 629
9 36 72 80 99 122 174 201 214 224 293 305 346 355 393 415 427
 444 468 520 527 536 563 576 614 630
9 60 75 77 100 138 170 193 204 247 285 299 323 333 389 396 425
 458 479 496 544 555 564 574 610 631
15 44 72 78 102 108 179 190 204 240 289 317 337 339 397 411 424
 451 470 491 508 531 584 596 613 644
15 42 61 79 145 158 166 206 211 250 290 296 326 327 389 394 409
 454 476 503 523 557 580 585 606 630
15 24 62 66 85 105 178 197 219 257 311 329 345 355 402 435 437
 449 461 500 541 548 568 598 612 631
9 33 69 76 115 144 173 197 222 238 290 321 344 356 386 411 433
 455 463 507 521 552 561 600 607 632
9 35 63 66 91 95 161 185 206 208 295 307 312 314 400 401 407
 419 462 486 505 515 562 575 609 644
9 34 61 73 113 141 177 218 228 254 286 330 339 349 382 405 438
 449 467 498 530 538 573 599 608 633
15 43 65 77 116 142 162 187 225 228 304 314 342 350 383 406 427
 459 473 497 516 551 567 597 605 632
15 23 68 69 87 130 172 195 201 209 320 323 347 359 419 429 446
 457 477 490 493 513 579 586 611 633
7 33 71 78 118 127 164 219 249 253 283 298 331 350 394 413 423
 443 464 535 539 547 562 574 614 633
7 60 74 79 109 134 165 190 232 237 281 291 345 357 391 417 429
 447 471 511 526 542 563 575 608 632
10 41 65 74 81 157 164 195 218 238 285 301 340 355 381 397 448
 452 478 488 503 549 578 588 609 627
10 39 67 79 148 160 167 208 214 240 288 323 325 330 384 388 398
 406 464 512 518 541 587 594 607 628
10 22 64 78 86 150 176 185 247 257 290 292 300 305 422 430 446
 456 475 497 501 524 569 595 608 625
7 35 68 70 146 149 176 211 220 230 289 324 328 341 383 418 431
 441 478 495 519 545 576 599 607 631
10 40 68 71 83 107 175 224 250 254 294 314 319 356 392 403 414
 435 471 508 532 558 570 577 610 629
7 34 62 67 124 156 175 199 225 251 316 336 347 352 385 410 436
 451 475 481 510 528 564 600 609 630
7 36 64 65 89 96 167 181 184 209 296 308 310 315 399 402 408
 421 469 485 489 506 561 573 610 644
10 21 62 70 135 155 165 187 193 222 307 309 339 348 395 409 432
 453 469 493 509 522 589 593 614 626
20 58 72 79 126 139 178 234 247 249 321 324 348 351 400 403 408
 420 473 525 528 530 581 591 611 627
17 42 71 80 94 110 163 185 220 227 299 313 348 352 388 399 405
 426 474 533 549 560 568 579 613 632
17 44 63 67 101 132 168 193 232 242 301 308 321 322 387 418 422
 444 472 553 554 558 567 580 612 633
16 41 72 75 131 140 177 225 242 253 315 320 357 358 404 434 437
 450 462 523 533 543 589 595 607 629
16 21 61 63 93 143 173 219 227 237 302 316 328 342 412 416 424
 440 468 504 513 559 569 594 610 627
16 22 69 80 120 137 170 190 230 234 298 303 308 311 390 439 454
 460 467 483 492 516 577 587 609 626
17 23 73 74 97 121 180 181 214 234 300 312 331 354 404 414 433
 436 465 499 509 559 584 597 606 631
17 24 64 75 119 154 169 205 238 249 286 294 328 335 407 417 432
 439 480 482 502 518 586 596 605 630
16 40 66 76 128 153 174 205 209 251 324 326 331 332 426 428 442
 459 479 531 540 553 588 593 608 628
20 57 61 68 92 147 179 203 208 232 287 299 300 315 393 410 428
 452 461 521 535 556 571 582 605 626
20 59 66 78 104 117 162 199 222 227 286 291 301 306 384 390 441
 458 477 506 536 546 572 583 606 629
20 38 62 77 88 103 172 181 218 242 284 293 294 298 391 412 430
 455 476 515 545 550 565 590 613 628
16 39 73 77 90 112 161 184 203 211 291 337 343 352 387 420 445
 457 463 500 502 534 570 578 614 625
20 37 65 69 106 129 166 205 220 224 288 312 316 318 382 395 443
 450 470 487 542 555 566 592 612 625
17 43 70 76 84 151 171 199 203 254 288 293 338 357 396 416 423
 448 466 483 524 529 585 598 611 644
20 43 53 99 109 111 112 163 164 193 196 326 328 344 354 363 398
 402 419 467 481 484 508 595 622 636
20 23 52 91 120 127 136 168 175 212 238 313 337 349 357 374 383
 389 456 468 485 494 541 593 618 637
20 24 51 98 141 146 153 165 180 185 221 308 320 333 338 364 392
 427 451 463 503 514 539 594 617 639
20 30 44 89 125 131 144 171 176 182 214 295 335 342 352 375 381
 394 449 479 493 511 517 577 624 638
20 29 42 93 123 138 156 167 169 241 254 311 322 331 346 361 411
 429 453 462 495 497 537 578 623 635
9 39 55 97 127 129 133 162 176 226 250 308 340 348 353 365 412
 429 434 480 481 531 556 598 615 643
9 21 56 89 101 139 152 164 166 248 257 282 294 325 357 372 428
 445 451 465 495 516 546 579 616 642
9 40 54 84 103 109 159 167 178 195 256 297 300 309 352 366 383
 390 440 472 487 523 539 596 620 641
9 32 41 82 104 119 146 175 179 187 223 288 292 331 334 362 402
 420 460 474 511 513 550 580 621 634
9 22 31 92 110 114 156 165 172 210 240 301 319 328 360 367 394
 442 450 466 485 500 525 597 619 640
8 43 51 95 118 139 155 174 179 211 259 301 310 323 329 370 412
 417 433 475 487 498 533 577 618 635
7 39 56 111 115 117 158 168 174 194 234 284 302 314 320 377 381
 395 405 461 524 537 544 596 621 640
7 41 55 95 125 142 147 173 180 205 252 311 339 343 351 371 384
 396 456 476 484 527 558 579 619 641
8 42 52 96 103 107 115 162 170 219 236 281 288 339 359 378 428
 436 444 478 502 505 525 595 624 639
8 23 53 100 104 124 157 161 178 190 245 290 294 304 341 373 405
 423 450 469 527 553 556 594 623 638
7 31 40 98 100 126 130 163 177 203 258 303 306 342 355 376 430
 433 453 470 494 505 518 580 616 643
8 29 44 113 129 148 149 172 173 192 225 283 300 327 355 379 399
 407 420 471 483 544 546 593 617 636
7 21 54 105 106 122 123 170 171 217 242 287 290 332 337 380 398
 403 407 477 498 514 549 597 615 634
7 22 32 88 102 113 136 161 169 227 239 318 323 326 358 369 392
 444 452 473 507 509 517 598 620 642
8 24 30 86 92 122 134 166 177 202 209 314 317 336 348 368 390
 396 418 464 507 550 559 578 622 637
17 45 58 127 135 142 153 161 172 207 224 306 315 325 345 378 381
 411 440 475 492 496 557 599 622 634
17 37 46 93 102 146 160 177 178 222 229 287 296 298 340 370 419
 445 456 471 520 540 551 564 624 640
17 38 47 83 89 120 158 173 179 235 247 291 309 318 347 368 398
 427 442 478 538 543 548 562 623 643
17 26 59 81 112 130 156 166 170 208 244 284 292 324 350 379 392
 434 449 469 491 504 552 563 618 641
17 25 57 105 109 131 150 162 174 218 243 289 316 319 351 373 389
 453 460 464 486 490 534 561 617 642
16 33 48 121 123 142 148 165 166 191 199 285 289 310 313 366 419
 430 444 480 530 532 548 582 621 638
16 28 35 102 111 154 157 162 167 189 232 283 305 338 347 372 403
 433 449 474 522 555 557 565 619 637
16 27 36 98 132 155 158 175 178 220 246 281 330 335 350 367 396
 411 452 465 490 501 515 583 615 636
16 34 49 86 94 125 130 164 179 181 260 322 341 345 356 365 389
 395 407 466 512 536 551 581 620 639
16 50 60 105 107 136 151 172 176 249 255 296 307 336 354 362 384
 405 427 472 488 491 521 566 616 635
10 35 49 92 97 116 131 169 170 201 215 291 321 329 349 376 423
 440 451 476 489 540 560 566 621 636
10 28 33 101 104 112 145 177 180 204 231 293 295 316 359 369 383
 399 442 461 482 492 526 581 615 635
10 36 48 84 85 93 129 161 168 216 228 299 317 324 344 371 394
 417 460 477 499 510 543 565 616 639
10 34 50 103 108 119 120 163 174 197 198 312 315 327 333 380 418
 429 445 473 504 529 547 583 619 638
15 45 59 95 97 107 137 164 171 213 251 297 299 330 358 364 418
 420 430 468 482 522 542 561 623 640
10 27 60 87 110 139 153 171 173 186 206 286 298 304 346 377 402
 434 436 470 519 534 554 582 620 637
15 46 57 113 119 128 155 168 176 188 237 282 285 293 303 361 403
 436 450 463 506 512 560 562 622 641
15 37 47 86 101 115 140 163 167 183 230 286 307 343 360 374 412
 423 452 479 499 528 532 563 617 634
15 25 58 84 90 122 157 165 169 233 253 302 312 334 356 375 384
 399 428 467 501 545 554 564 618 643
15 26 38 100 110 143 148 175 180 184 200 305 321 332 353 363 390
 395 417 462 488 529 535 599 624 642
19 27 40 88 124 142 154 164 168 198 240 291 292 348 359 375 416
 421 454 462 498 520 521 592 617 631
19 21 48 94 102 126 134 176 180 186 195 288 315 319 329 374 387
 413 459 467 515 544 552 572 623 630
19 41 49 105 117 118 132 163 165 231 250 300 304 324 325 361 385
 439 457 468 507 538 555 590 624 644
19 28 39 96 106 130 151 169 175 216 257 298 301 309 327 364 404
 424 431 479 486 527 530 571 622 632
19 22 50 121 147 149 158 167 171 187 215 294 316 317 340 363 426
 437 447 463 496 505 536 591 618 633
18 43 45 134 140 148 152 168 170 185 243 296 309 331 335 369 435
 438 457 470 536 545 556 600 619 627
18 23 26 82 86 118 128 169 173 193 207 289 338 340 352 380 406
 415 454 461 515 525 542 573 616 629
18 24 25 107 114 143 149 161 163 214 229 292 322 347 357 377 386
 397 459 476 487 506 530 574 615 626
18 44 46 96 133 137 157 174 180 235 254 313 325 328 350 376 409
 425 437 477 521 528 550 575 620 625
18 42 47 90 124 155 159 171 177 238 244 308 319 345 354 371 401
 424 446 473 535 546 555 576 621 628
12 25 43 83 91 93 117 166 176 190 213 321 343 355 359 367 404
 410 432 474 496 514 547 573 620 628
12 23 45 88 131 138 160 165 179 200 219 286 303 314 327 372 408
 426 448 472 484 510 552 576 615 625
12 26 42 106 144 150 153 164 178 183 225 293 302 317 323 362 387
 414 441 480 489 494 538 575 619 626
12 44 47 112 135 141 147 162 175 188 209 290 312 329 358 366 388
 391 439 466 519 520 537 574 616 627
12 24 46 81 99 120 126 167 172 211 233 299 304 332 339 365 416
 422 443 465 486 517 526 600 621 629
14 36 56 88 125 128 151 162 177 206 256 321 328 333 334 379 443
 447 457 475 532 541 549 584 623 626
14 32 35 90 98 106 121 172 174 204 226 286 297 344 357 368 410
 413 454 469 497 512 558 568 624 627
14 33 55 126 132 136 143 170 179 228 248 312 346 352 360 373 421
 437 441 471 503 522 524 586 622 628
14 31 34 117 123 140 154 173 178 201 223 282 295 299 308 378 391
 431 459 464 488 508 509 585 618 625
5 38 52 109 132 141 160 161 171 192 230 282 310 348 356 376 404
 443 458 461 491 497 513 588 619 630
5 30 57 91 135 151 156 163 173 253 259 281 294 297 305 369 382
 387 408 477 503 531 551 587 621 631
5 29 37 99 127 150 154 170 180 202 237 301 330 334 341 377 410
 426 455 473 493 523 548 570 616 644
5 53 59 83 94 144 146 169 174 184 236 285 300 336 360 371 391
 400 416 470 516 541 557 589 615 633
5 51 58 81 89 121 138 168 177 245 251 283 288 307 353 380 393
 439 441 476 490 500 508 569 620 632
14 54 60 94 111 137 147 161 166 197 210 293 331 349 353 370 385
 408 424 478 493 501 518 567 617 629
6 32 34 83 87 129 152 167 180 249 258 281 284 289 290 375 401
 448 458 468 500 533 540 567 622 626
6 36 54 82 92 145 160 163 176 194 199 283 318 339 345 364 414
 425 455 462 516 534 553 586 618 627
6 33 56 81 103 114 116 171 175 232 252 296 306 323 341 361 400
 415 432 467 531 543 559 568 617 625
6 35 55 108 139 150 159 165 168 181 239 287 336 350 355 363 382
 386 388 479 492 502 513 585 623 629
6 31 60 85 104 133 135 164 169 217 220 310 314 347 351 374 393
 422 438 463 483 504 523 584 624 628
11 40 50 97 99 145 152 161 179 242 246 285 302 311 338 379 382
 432 446 464 485 519 528 572 624 632
13 52 59 90 113 116 134 167 179 196 224 295 298 320 351 367 385
 386 409 480 529 549 553 569 616 631
11 39 48 82 91 108 110 170 178 189 205 342 354 356 358 368 393
 409 448 475 495 506 526 590 617 633
13 51 57 96 100 108 140 164 172 182 222 311 318 324 349 366 401
 406 447 474 524 554 559 570 615 630
13 29 38 87 118 122 137 176 178 208 212 306 316 326 333 372 397
 421 438 466 499 502 558 589 621 632
13 30 37 95 124 143 145 162 165 241 247 284 315 337 344 362 415
 431 435 465 483 518 560 588 620 633
11 28 41 84 87 114 141 166 174 227 260 303 307 335 337 378 406
 422 455 471 481 489 535 591 623 631
11 22 49 85 101 138 159 162 173 203 255 313 320 330 332 370 397
 400 414 469 511 545 547 592 622 630
11 21 27 116 119 133 144 172 177 191 234 305 322 326 343 373 388
 435 458 478 510 539 542 571 618 644
13 53 58 85 115 128 149 166 175 218 221 287 291 342 346 365 413
 425 446 472 482 509 533 587 619 644
1 37 81 90 100 109 173 176 216 260 265 266 314 331 388 437 444
 451 482 485 498 557 583 590 611 626
1 58 113 143 156 160 164 174 186 189 271 277 290 308 383 396 432
 457 499 505 511 548 566 571 613 629
1 38 95 128 135 146 167 170 191 198 273 280 355 357 394 405 414
 424 481 490 507 554 572 581 605 625
1 57 83 115 127 137 165 177 215 246 261 267 323 352 402 407 422
 459 491 495 527 529 565 592 606 627
1 59 89 122 140 150 161 175 231 255 264 275 328 339 429 433 448
 454 539 544 551 560 582 591 612 628
1 34 111 132 139 145 169 172 188 244 262 272 288 342 390 397 426
 456 514 532 543 556 561 575 614 631
1 60 116 121 125 129 163 178 200 243 270 278 301 337 392 416 428
 446 492 522 537 550 562 573 607 630
1 35 85 103 123 151 179 180 213 229 263 276 326 348 381 406 439
 450 494 501 534 546 563 600 610 633
1 33 87 92 94 98 162 168 183 207 268 269 294 311 398 404 409
 420 487 488 504 517 564 576 608 644
1 36 104 108 136 154 166 171 233 235 274 279 300 320 387 412 435
 453 484 512 525 540 574 599 609 632
3 48 87 97 105 154 175 177 193 211 265 273 318 360 381 386 408
 428 483 497 536 547 575 594 613 641
4 55 88 92 123 152 174 175 222 230 267 280 304 354 387 397 399
 449 496 518 523 542 562 569 611 639
3 50 84 102 116 132 164 173 185 209 264 280 284 353 410 425 450
 453 502 526 530 541 576 577 606 634
4 56 98 104 147 159 170 176 224 253 261 264 322 327 406 416 417
 419 500 509 528 538 561 588 613 637
4 32 103 111 126 133 165 173 208 251 271 273 317 335 389 404 423
 446 506 516 520 549 570 599 612 635
3 27 101 108 121 130 161 176 219 254 267 271 334 351 390 391 398
 415 489 503 533 555 593 600 605 640
4 31 82 106 125 139 161 167 218 237 265 277 313 359 418 427 435
 439 524 531 535 552 564 589 606 636
4 54 114 117 129 136 164 177 184 247 266 275 329 338 409 411 426
 436 486 513 545 558 563 587 605 638
3 49 110 142 145 151 167 174 190 238 261 266 282 287 392 420 438
 441 493 510 515 559 574 595 612 643
3 28 85 94 119 158 165 170 214 225 275 277 297 306 401 412 443
 456 508 519 521 553 573 578 611 642
2 39 88 105 119 159 166 180 192 196 270 272 299 347 411 415 423
 441 485 505 551 554 577 589 608 627
2 41 110 126 152 158 162 169 182 245 274 278 293 345 386 410 418
 419 491 498 499 539 587 593 610 625
2 21 97 114 130 147 168 178 241 259 262 263 286 289 399 425 427
 443 507 511 529 557 570 595 609 628
4 29 91 100 134 146 162 171 181 197 263 270 302 325 422 442 452
 454 508 510 530 533 566 586 614 641
4 53 96 122 141 156 168 179 206 249 272 274 340 343 414 430 440
 459 483 493 526 555 568 583 607 642
3 47 81 107 128 131 178 180 227 240 268 274 310 344 382 385 407
 429 496 516 524 545 571 580 614 637
3 45 120 143 150 155 166 169 195 203 263 269 283 295 402 405 447
 458 520 528 531 558 590 597 607 639
3 26 93 135 140 157 171 179 234 250 262 278 333 336 383 413 444
 455 486 500 506 518 579 592 608 636
3 25 86 112 137 160 168 172 187 205 270 279 281 346 400 431 433
 451 523 535 538 549 572 598 610 638
4 30 109 115 118 138 172 180 220 228 269 278 292 358 403 424 432
 445 489 536 541 553 582 585 609 643
4 52 89 95 99 149 169 178 199 204 276 279 303 319 388 395 434
 457 503 521 547 559 565 567 608 634
2 40 82 101 102 117 171 172 221 236 268 276 312 350 389 408 417
 438 481 527 548 560 569 578 607 626
3 46 83 90 148 153 162 163 242 257 272 276 341 349 393 394 396
 421 509 513 542 552 591 596 609 635
4 51 113 124 127 144 163 166 201 232 262 268 309 332 384 437 448
 460 497 502 515 519 581 584 610 640
2 22 84 106 133 142 163 179 202 212 269 279 296 321 391 401 436
 449 482 490 495 544 588 594 614 629
2 42 99 131 134 157 173 175 194 210 261 277 307 324 421 430 445
 458 487 492 512 514 584 598 605 633
2 23 93 141 149 155 164 170 226 258 265 267 305 315 384 385 400
 442 517 532 534 550 585 596 612 632
2 24 112 124 138 148 174 176 217 223 273 275 298 356 382 440 447
 452 494 522 525 543 567 579 606 644
2 43 86 96 120 144 161 165 252 256 266 280 316 330 393 403 413
 434 488 537 540 546 580 586 613 631
2 44 91 107 118 153 167 177 239 248 264 271 285 291 395 431 455
 460 484 501 504 556 568 597 611 630
1 41 54 64 77 153 155 208 230 236 241 313 321 327 347 373 375
 382 413 508 526 536 559 598 616 640
1 40 55 69 70 112 157 182 192 237 247 286 296 317 322 364 378
 385 393 515 533 541 547 597 621 642
1 22 56 71 72 93 148 196 218 251 259 304 312 338 345 368 374
 431 458 489 493 502 521 580 615 641
1 31 39 61 74 107 120 202 221 222 253 289 293 329 335 363 379
 400 421 497 510 553 555 579 620 634
1 21 32 66 67 86 131 184 212 224 245 299 350 354 359 361 370
 447 455 483 503 519 530 596 619 643
3 52 57 67 77 114 126 198 201 220 255 290 302 331 340 364 368
 417 449 484 492 532 546 589 620 644
4 28 40 65 73 135 137 185 196 219 245 287 289 321 360 362 377
 396 429 512 517 543 546 590 618 630
3 38 51 72 74 106 159 186 197 199 246 292 314 328 343 361 378
 389 399 517 522 540 556 587 616 633
1 42 51 63 68 84 105 181 204 223 252 291 305 340 358 367 377
 438 443 516 518 528 552 593 622 638
1 29 43 62 73 101 158 201 210 239 249 292 303 315 356 366 371
 425 441 486 531 542 549 594 624 637
4 22 48 63 79 83 140 192 209 238 241 293 306 334 350 365 380
 405 451 484 487 522 534 571 624 631
1 44 53 75 79 97 142 197 220 256 258 298 307 319 332 369 372
 410 415 506 513 524 538 578 618 639
3 30 59 61 70 82 88 204 215 249 260 308 325 332 355 373 374
 419 436 487 501 537 543 570 619 632
1 24 52 76 78 110 130 194 226 228 232 285 316 325 343 362 380
 401 408 509 520 523 545 577 623 636
4 39 50 68 80 81 143 193 212 225 236 282 286 345 351 366 369
 394 433 501 514 540 550 592 623 644
4 27 41 62 76 90 150 190 214 221 259 296 299 318 353 372 376
 383 407 504 525 532 537 572 622 633
4 21 49 75 78 128 160 182 202 211 254 284 297 312 347 367 371
 402 444 488 492 494 556 591 617 632
3 37 53 66 71 133 147 181 189 228 231 303 309 323 357 375 379
 411 418 488 514 525 534 569 621 630
1 23 30 65 80 102 119 199 206 217 248 302 309 324 330 365 376
 386 391 496 500 535 558 595 617 635
3 29 58 64 69 117 152 191 206 216 232 319 339 352 358 363 370
 423 427 494 504 512 550 588 615 631
2 37 45 68 76 104 111 186 240 242 255 281 333 352 355 365 371
 409 439 489 497 530 559 562 618 642
2 47 58 78 80 123 129 187 198 203 260 323 328 336 349 372 377
 404 435 503 515 526 553 561 624 641
2 46 59 62 63 92 125 195 216 234 246 290 310 346 357 362 369
 406 426 502 508 547 555 599 617 643
2 26 57 73 79 103 136 191 205 231 257 283 308 314 344 367 376
 397 416 493 519 533 536 564 623 634
2 25 38 65 75 98 139 189 215 227 250 295 331 339 341 366 380
 387 446 483 510 521 541 563 622 640
4 43 47 61 67 85 121 194 195 205 248 298 305 333 341 375 378
 420 453 485 491 507 560 575 615 629
3 31 33 62 75 91 96 200 224 230 244 300 317 326 338 365 377
 384 445 490 498 511 560 567 623 627
2 27 35 61 71 109 122 200 225 235 238 284 288 311 360 364 370
 422 457 496 506 509 531 581 616 638
3 35 54 79 80 118 141 222 233 243 251 294 322 342 359 362 371
 434 452 485 529 544 548 584 622 625
3 32 36 68 73 134 144 188 229 247 253 301 304 311 313 372 380
 395 440 481 482 491 505 585 617 628
3 34 56 65 76 138 149 183 208 235 237 329 337 348 354 367 369
 430 460 527 539 554 557 586 624 629
2 33 50 64 66 100 156 188 211 214 243 287 320 334 348 374 378
 424 448 516 538 542 558 565 620 636
2 34 48 70 77 89 115 185 190 207 233 297 301 326 351 361 379
 414 437 513 518 520 535 566 615 637
2 36 49 69 74 113 146 193 213 219 244 294 306 337 353 368 375
 388 459 486 523 524 528 582 619 635
2 28 60 67 72 95 127 183 209 229 254 282 300 318 342 363 373
 432 454 500 545 549 552 583 621 639
4 44 45 74 77 145 154 226 227 252 257 324 336 346 356 370 374
 398 450 490 505 529 539 573 621 626
4 25 42 66 70 87 132 217 234 240 256 283 285 315 349 363 368
 392 412 482 511 527 551 600 616 625
4 24 26 69 71 108 151 187 210 242 258 291 295 310 330 361 373
 428 456 481 499 544 557 576 620 627
4 23 46 64 72 94 116 203 223 239 250 281 307 316 344 364 379
 381 390 495 498 548 554 574 619 628
3 55 60 63 78 99 124 184 207 213 218 288 320 327 335 366 376
 403 442 495 499 507 551 568 618 626
0 28 53 86 93 98 103 199 201 211 238 325 351 353 358 382 421
 426 435 491 511 544 554 562 597 626
0 22 58 116 124 141 151 182 231 236 246 289 299 331 355 395 398
 412 445 506 523 552 558 575 586 637
0 21 59 87 96 99 121 189 192 198 221 314 321 345 352 450 452
 456 460 518 531 538 545 574 585 635
0 50 52 111 129 131 155 181 190 206 254 292 306 332 360 387 393
 406 431 482 507 539 548 564 579 627
0 37 40 108 132 134 138 191 212 215 259 290 293 328 347 381 384
 420 434 486 509 516 535 568 573 639
0 27 51 104 120 125 148 193 209 228 249 287 297 302 319 385 397
 404 455 495 505 557 560 563 598 625
0 39 57 85 118 144 154 186 241 245 260 296 312 339 357 390 392
 430 442 496 513 528 549 567 576 636
0 29 48 92 136 153 157 204 214 219 220 282 284 309 343 400 439
 446 447 481 498 529 551 561 580 629
0 30 49 107 112 123 139 185 197 225 232 303 318 334 340 409 413
 416 458 485 490 499 527 596 599 628
0 38 41 91 94 145 149 196 202 216 255 286 308 323 350 403 428
 440 453 500 520 524 542 584 600 638
0 44 60 83 106 114 128 194 223 233 244 311 315 330 348 383 419
 423 433 502 503 510 536 569 590 642
0 47 56 95 109 119 130 184 222 242 250 283 313 317 346 410 438
 448 459 492 501 517 525 566 594 631
0 35 42 81 88 133 140 188 207 248 258 300 316 337 356 396 402
 417 427 493 530 547 553 572 587 640
0 24 33 90 147 152 160 213 235 239 256 301 305 324 342 389 405
 429 436 483 489 508 515 589 592 634
0 23 36 117 135 143 159 183 210 243 252 285 288 298 326 407 418
 449 451 497 521 526 533 570 591 643
0 34 43 82 126 137 150 200 217 226 229 291 294 307 320 394 399
 411 444 519 541 555 559 571 588 641
0 45 55 89 105 110 113 187 208 234 253 338 341 344 359 391 422
 424 425 487 494 532 540 578 583 630
0 25 54 97 102 115 156 203 224 237 257 304 310 333 335 388 401
 441 454 484 488 543 550 581 593 633
0 32 46 84 100 127 158 205 218 230 240 295 322 329 336 408 414
 415 457 504 514 522 546 582 595 632
0 26 31 101 122 142 146 195 227 247 251 281 327 349 354 386 432
 437 443 512 534 537 556 565 577 644
