625 626 627 628 629 630 631 632 633 634 635 636 637 638 639 640 641
 642 643 644 645 646 647 648 649 650
130 131 132 133 134 225 226 227 228 229 265 266 267 268 269 381 385
 394 396 440 441 442 443 444 481 627
125 126 127 128 129 230 231 232 233 234 260 261 262 263 264 382 384
 392 397 450 451 452 453 454 482 627
120 121 122 123 124 220 221 222 223 224 270 271 272 273 274 380 386
 393 398 445 446 447 448 449 480 627
135 136 137 138 139 235 236 237 238 239 275 276 277 278 279 383 387
 395 399 455 456 457 458 459 483 627
15 16 17 18 19 155 156 157 158 159 280 283 285 286 287 315 316
 317 318 319 382 387 390 394 398 625
6 8 10 12 13 150 151 152 153 154 290 292 293 295 299 310 311
 312 313 314 381 386 391 395 397 625
5 7 9 11 14 145 146 147 148 149 291 294 296 297 298 305 306
 307 308 309 383 384 388 393 396 625
0 1 2 3 4 140 141 142 143 144 281 282 284 288 289 300 301
 302 303 304 380 385 389 392 399 625
25 26 27 28 29 195 196 197 198 199 211 212 213 214 215 383 386
 389 394 435 436 437 438 439 482 628
35 36 37 38 39 185 186 187 188 189 201 204 206 208 209 381 387
 388 392 425 426 427 428 429 480 628
30 31 32 33 34 190 191 192 193 194 202 203 205 207 210 380 384
 390 395 430 431 432 433 434 481 628
20 21 22 23 24 180 181 182 183 184 200 216 217 218 219 382 385
 391 393 420 421 422 423 424 483 628
65 66 67 68 69 170 171 172 173 174 355 356 357 358 359 381 384
 389 398 410 411 412 413 414 483 626
70 71 72 73 74 160 161 162 163 164 346 348 352 353 354 383 385
 390 397 405 406 407 408 409 480 626
75 76 77 78 79 165 166 167 168 169 340 341 342 343 344 380 387
 391 396 400 401 402 403 404 482 626
60 61 62 63 64 175 176 177 178 179 345 347 349 350 351 382 386
 388 399 415 416 417 418 419 481 626
480 481 482 483 514 515 516 517 518 519 520 521 522 523 559 560 561
 562 563 564 565 566 567 568 569 625
43 49 52 56 204 207 213 218 283 288 293 298 343 347 354 357 461
 468 472 478 507 522 547 572 578 627
44 46 50 58 203 208 211 219 286 289 290 294 344 348 350 355 462
 469 470 476 506 523 546 573 577 627
42 48 51 55 201 205 212 217 280 284 292 297 342 345 353 356 460
 467 471 479 504 519 545 571 575 627
40 45 53 59 202 206 214 216 281 287 291 295 340 346 351 358 463
 465 473 475 505 520 544 570 576 627
41 47 54 57 200 209 210 215 282 285 296 299 341 349 352 359 464
 466 474 477 508 521 548 574 579 627
392 393 394 395 504 505 506 507 508 554 555 556 557 558 569 580 581
 582 583 584 590 591 592 593 594 626
380 381 382 383 509 510 511 512 513 544 545 546 547 548 569 585 586
 587 588 589 595 596 597 598 599 630
384 385 386 387 539 540 541 542 543 569 570 571 572 573 574 610 611
 612 613 614 620 621 622 623 624 629
85 86 87 88 89 240 241 242 243 244 360 361 362 363 364 385 388
 395 398 460 461 462 463 464 482 630
95 96 97 98 99 245 246 247 248 249 371 372 374 378 379 384 391
 394 399 465 466 467 468 469 480 630
80 81 82 83 84 255 256 257 258 259 365 366 367 368 369 387 389
 393 397 470 471 472 473 474 481 630
90 91 92 93 94 250 251 252 253 254 370 373 375 376 377 386 390
 392 396 475 476 477 478 479 483 630
44 48 52 57 124 128 130 137 162 167 172 175 183 188 193 198 244
 246 252 259 509 558 576 602 614 625
40 47 51 58 123 125 134 136 163 166 170 179 180 189 194 195 242
 247 253 256 510 557 578 600 610 625
41 49 53 55 120 126 133 139 161 165 174 178 182 186 190 197 243
 249 251 255 513 556 577 603 611 625
42 45 50 56 122 127 131 135 164 169 173 177 181 187 191 196 240
 245 250 258 511 555 579 604 613 625
43 46 54 59 121 129 132 138 160 168 171 176 184 185 192 199 241
 248 254 257 512 554 575 601 612 625
388 389 390 391 529 530 531 532 533 534 535 536 537 538 569 600 601
 602 603 604 615 616 617 618 619 627
396 397 398 399 524 525 526 527 528 549 550 551 552 553 569 575 576
 577 578 579 605 606 607 608 609 628
160 165 170 177 207 208 215 217 220 226 231 235 302 306 310 316 485
 492 493 495 517 537 542 576 594 630
162 168 174 179 201 203 213 216 224 229 234 239 304 308 312 319 488
 497 498 501 514 536 541 579 593 630
163 169 172 176 202 209 212 218 222 227 233 237 301 309 313 315 486
 494 496 500 516 535 540 577 590 630
161 166 173 175 204 210 214 219 221 225 230 236 300 307 311 318 487
 489 491 499 518 534 539 575 591 630
164 167 171 178 200 205 206 211 223 228 232 238 303 305 314 317 484
 490 502 503 515 538 543 578 592 630
8 56 60 85 102 132 143 197 216 222 246 262 307 322 359 387 409
 430 479 490 537 546 551 557 568 634
9 52 66 84 118 135 156 192 208 230 243 265 304 336 346 386 400
 424 466 502 535 545 552 557 566 641
3 49 73 90 105 124 154 181 212 229 257 279 316 328 344 384 419
 426 463 484 534 548 553 557 565 650
16 41 75 96 112 125 148 185 202 236 252 270 314 335 350 385 410
 435 472 501 537 545 550 555 565 636
6 55 62 89 101 131 140 198 218 220 247 261 308 321 355 387 406
 433 477 499 538 544 552 554 565 632
13 57 61 86 103 133 144 195 217 223 248 263 309 324 358 387 405
 432 476 498 534 547 549 555 566 633
14 54 68 82 119 137 159 190 204 233 242 267 302 334 353 386 402
 421 465 497 538 546 553 555 564 643
19 44 79 97 113 129 149 187 207 239 253 274 311 337 351 385 413
 439 471 496 538 548 551 556 566 640
1 46 71 92 107 122 153 180 214 228 259 277 319 329 342 384 415
 428 464 486 537 547 552 556 564 649
10 59 64 88 100 134 142 196 219 224 249 264 305 323 356 387 407
 434 478 495 535 548 550 558 564 635
11 53 69 83 117 138 155 194 209 232 240 268 300 331 348 386 404
 422 467 492 536 547 551 558 565 644
18 43 77 99 114 126 146 188 210 235 250 271 313 333 345 385 411
 437 470 503 536 544 549 557 564 637
0 45 70 93 106 120 150 184 213 225 256 275 315 325 341 384 417
 427 462 485 538 545 549 558 568 646
4 48 74 94 108 123 151 182 215 227 258 278 317 327 340 384 418
 429 461 487 536 546 550 554 566 648
17 42 78 95 111 128 147 189 203 238 251 273 310 330 349 385 414
 436 473 491 535 547 553 554 568 638
7 51 67 81 115 139 158 191 206 234 244 269 301 338 354 386 403
 423 469 489 537 548 549 554 567 645
2 47 72 91 109 121 152 183 211 226 255 276 318 326 343 384 416
 425 460 488 535 544 551 555 567 647
15 40 76 98 110 127 145 186 205 237 254 272 312 339 347 385 412
 438 474 493 534 546 552 558 567 639
5 50 65 80 116 136 157 193 201 231 241 266 303 332 352 386 401
 420 468 494 534 544 550 556 568 642
12 58 63 87 104 130 141 199 200 221 245 260 306 320 357 387 408
 431 475 500 536 545 553 556 567 631
40 41 42 43 44 105 106 107 108 109 320 321 322 323 324 383 391
 392 398 481 489 492 494 497 502 629
45 46 47 48 49 115 116 117 118 119 330 333 335 337 339 381 390
 393 399 482 490 495 498 499 500 629
55 56 57 58 59 110 111 112 113 114 331 332 334 336 338 380 388
 394 397 483 484 485 486 487 488 629
50 51 52 53 54 100 101 102 103 104 325 326 327 328 329 382 389
 395 396 480 491 493 496 501 503 629
62 68 70 79 122 128 133 138 282 287 290 297 323 327 332 335 423
 425 431 438 522 527 557 618 620 630
64 66 72 78 123 127 132 137 285 288 291 292 324 325 333 338 422
 426 433 435 523 526 556 619 624 630
63 69 74 77 124 129 134 139 280 281 293 294 321 329 336 339 420
 427 430 436 521 528 555 617 622 630
60 67 71 75 121 126 131 136 284 286 298 299 320 328 330 334 424
 429 432 439 520 525 558 616 623 630
61 65 73 76 120 125 130 135 283 289 295 296 322 326 331 337 421
 428 434 437 519 524 554 615 621 630
21 26 32 37 61 68 72 75 142 149 154 158 243 247 254 259 487
 492 500 503 528 568 593 596 613 627
20 25 34 39 60 66 73 77 144 147 153 155 241 249 252 258 485
 496 497 499 527 567 592 595 610 627
23 28 33 38 64 69 70 76 140 146 152 157 242 245 251 257 486
 489 490 501 525 566 594 599 614 627
24 29 30 36 62 67 74 78 141 148 150 156 240 246 253 255 484
 493 494 498 524 564 591 597 612 627
22 27 31 35 63 65 71 79 143 145 151 159 244 248 250 256 488
 491 495 502 526 565 590 598 611 627
100 105 113 115 143 147 150 157 182 188 194 199 343 350 353 358 443
 446 452 455 508 533 552 563 613 630
101 109 114 116 144 149 151 156 180 185 191 197 341 347 348 356 442
 447 454 456 505 531 553 560 614 630
102 108 110 119 140 148 154 155 183 189 192 196 342 351 352 357 440
 449 451 458 506 530 549 562 611 630
103 107 111 117 141 145 152 158 184 187 190 198 344 345 346 359 441
 445 453 459 507 529 550 561 610 630
104 106 112 118 142 146 153 159 181 186 193 195 340 349 354 355 444
 448 450 457 504 532 551 559 612 630
13 39 47 84 113 141 161 193 213 237 250 267 305 342 379 382 410
 447 463 492 523 525 554 617 620 634
12 36 46 81 110 142 162 194 212 235 251 266 307 341 371 382 413
 445 461 502 520 527 555 619 621 632
10 37 45 82 114 143 163 192 215 238 252 268 308 344 378 382 412
 448 460 489 522 524 556 616 622 633
0 30 59 95 116 153 178 187 217 233 244 272 318 357 365 383 404
 443 477 501 523 528 557 616 621 648
5 28 44 93 102 156 166 181 202 223 249 277 302 345 361 381 408
 452 474 488 522 528 554 619 623 644
1 34 58 99 119 152 177 185 218 234 243 274 317 358 369 383 401
 444 479 491 521 524 558 619 620 650
18 23 52 88 107 149 174 199 206 227 256 262 310 352 373 380 419
 457 467 499 523 524 555 618 623 639
7 26 42 91 104 157 165 180 210 222 248 278 304 351 362 381 406
 453 472 484 523 527 558 615 622 643
17 20 51 85 106 145 172 196 204 226 257 261 314 348 370 380 418
 455 466 498 520 528 556 615 620 637
15 22 53 87 109 148 173 195 208 229 259 264 313 353 375 380 417
 459 468 490 521 527 554 616 624 640
4 31 55 97 118 154 179 188 219 232 241 273 315 359 367 383 403
 442 475 493 522 525 555 615 624 649
16 24 54 89 105 146 170 197 201 228 258 263 311 346 377 380 416
 458 469 500 522 526 558 617 621 638
6 38 48 83 112 144 164 190 214 239 254 269 306 343 372 382 414
 449 462 494 521 526 557 615 623 635
19 21 50 86 108 147 171 198 209 225 255 260 312 354 376 380 415
 456 465 495 519 525 557 619 622 636
14 27 41 92 100 155 167 184 203 220 245 276 301 347 364 381 405
 450 471 487 520 524 557 617 624 642
8 35 49 80 111 140 160 191 211 236 253 265 309 340 374 382 411
 446 464 497 519 528 558 618 624 631
9 29 43 94 103 159 169 183 205 224 247 279 300 350 363 381 409
 454 473 485 521 525 556 618 621 645
2 33 57 98 115 151 176 189 216 230 240 270 316 355 366 383 402
 441 478 503 519 527 556 617 623 646
11 25 40 90 101 158 168 182 207 221 246 275 303 349 360 381 407
 451 470 486 519 526 555 616 620 641
3 32 56 96 117 150 175 186 200 231 242 271 319 356 368 383 400
 440 476 496 520 526 554 618 622 647
0 7 13 18 20 29 33 37 40 48 54 56 264 265 273 276 401
 408 413 415 565 573 581 603 607 630
1 6 9 15 23 25 31 36 44 49 51 59 260 268 271 278 402
 405 410 416 568 574 584 604 605 630
4 5 10 16 21 27 30 38 42 46 53 57 261 267 274 275 400
 409 411 419 567 572 582 600 609 630
3 12 14 17 24 26 34 35 43 47 50 55 262 269 270 277 404
 407 412 417 566 570 583 602 608 630
2 8 11 19 22 28 32 39 41 45 52 58 263 266 272 279 403
 406 414 418 564 571 580 601 606 630
0 10 11 15 123 129 133 135 342 350 354 359 364 368 370 371 484
 491 497 500 544 560 594 602 623 628
2 13 14 16 120 128 132 136 340 345 348 357 363 369 372 375 486
 493 499 502 548 563 593 604 622 628
3 8 9 18 121 127 130 139 341 351 353 355 361 367 377 378 487
 494 495 501 547 561 592 600 620 628
4 6 7 17 122 126 134 137 344 347 352 358 360 366 374 376 488
 490 492 496 545 559 591 601 621 628
1 5 12 19 124 125 131 138 343 346 349 356 362 365 373 379 485
 489 498 503 546 562 590 603 624 628
12 37 49 74 93 136 177 216 232 248 267 296 318 323 364 380 414
 435 470 496 504 530 552 561 614 645
4 32 59 63 85 128 164 213 235 255 270 285 309 328 377 381 401
 421 467 489 506 532 552 560 610 640
15 24 52 65 82 134 168 210 223 251 261 292 301 335 372 383 415
 429 463 485 506 531 551 561 613 631
2 31 56 64 89 125 161 212 238 259 274 286 306 327 376 381 404
 420 466 497 505 533 549 561 612 639
9 27 40 78 96 124 174 209 226 241 277 289 311 334 369 382 406
 431 478 490 504 529 549 560 613 648
0 34 57 62 87 127 163 211 239 257 271 283 307 329 373 381 403
 424 465 492 504 531 550 563 611 638
8 38 47 71 94 135 175 217 234 249 268 291 315 321 360 380 413
 438 472 503 506 529 553 563 612 642
13 36 45 73 92 137 176 219 231 247 269 297 317 320 362 380 411
 436 474 501 507 533 551 560 611 641
19 20 53 68 81 130 166 205 220 250 262 293 304 330 374 383 416
 426 462 486 508 530 550 560 612 633
11 26 44 77 95 120 173 201 227 242 276 282 314 338 366 382 409
 432 475 495 507 531 552 562 612 650
1 33 55 60 86 129 162 215 236 256 272 287 305 326 375 381 400
 422 469 494 507 530 553 559 613 637
7 28 43 75 97 123 172 208 228 240 275 281 312 332 365 382 405
 434 479 499 508 532 553 561 611 647
3 30 58 61 88 126 160 214 237 258 273 280 308 325 370 381 402
 423 468 502 508 529 551 562 614 636
10 35 48 72 90 138 178 218 230 245 266 294 319 322 361 380 410
 439 473 493 508 531 549 559 610 643
16 23 50 67 84 133 167 207 222 254 264 295 300 333 378 383 418
 427 464 488 504 533 553 562 610 632
17 22 54 66 83 131 165 202 224 253 260 290 303 339 371 383 419
 428 460 487 507 532 549 563 614 634
14 25 42 79 98 121 170 206 225 243 279 288 313 331 368 382 408
 430 477 498 506 533 550 559 614 649
18 21 51 69 80 132 169 203 221 252 263 299 302 337 379 383 417
 425 461 484 505 529 552 559 611 635
5 29 41 76 99 122 171 204 229 244 278 284 310 336 367 382 407
 433 476 500 505 530 551 563 610 646
6 39 46 70 91 139 179 200 233 246 265 298 316 324 363 380 412
 437 471 491 505 532 550 562 613 644
15 38 72 88 106 125 171 191 215 246 279 290 304 334 345 393 401
 443 475 496 518 547 608 611 617 632
8 25 78 84 114 131 162 184 205 242 270 294 318 327 358 392 415
 457 468 500 517 548 609 611 615 644
12 27 76 80 113 134 164 183 202 243 271 297 316 325 359 392 418
 456 469 499 514 547 607 612 616 643
10 28 77 83 110 132 161 180 207 244 273 296 317 328 355 392 416
 459 465 498 516 545 608 613 618 642
1 22 68 97 116 121 175 196 209 251 269 283 308 324 340 395 409
 452 470 484 517 545 607 610 617 639
4 24 66 95 115 124 177 195 204 254 268 286 305 322 341 395 408
 453 471 486 514 544 606 611 618 636
0 23 65 98 117 122 179 197 208 252 267 280 309 320 343 395 406
 451 473 487 515 548 608 612 619 637
3 20 69 99 118 120 176 198 206 253 266 285 306 323 342 395 405
 454 472 488 518 546 609 613 616 638
19 35 74 87 107 128 170 192 212 249 275 299 300 338 347 393 402
 444 476 501 515 544 607 613 615 634
18 39 71 85 105 129 173 190 211 247 278 295 301 332 349 393 404
 440 478 493 514 545 609 614 619 633
5 31 60 92 104 135 168 189 218 255 263 281 314 333 353 394 412
 445 462 492 518 548 607 614 618 648
7 30 63 94 101 136 167 186 219 257 262 282 313 337 346 394 410
 449 460 497 517 547 606 613 619 646
17 36 70 89 108 127 174 193 214 248 276 293 302 331 350 393 400
 442 479 503 516 548 606 610 616 631
11 33 62 93 100 139 169 185 217 259 260 288 311 330 352 394 411
 448 463 502 514 546 608 610 615 647
6 29 75 81 111 133 163 181 210 241 274 291 319 326 357 392 417
 455 467 495 515 546 606 614 617 641
16 37 73 86 109 126 172 194 213 245 277 292 303 336 351 393 403
 441 477 491 517 546 605 612 618 635
14 32 64 91 103 138 166 188 216 258 261 289 310 339 354 394 413
 447 464 494 515 545 605 611 616 650
2 21 67 96 119 123 178 199 201 250 265 287 307 321 344 395 407
 450 474 485 516 547 605 614 615 640
13 26 79 82 112 130 160 182 203 240 272 298 315 329 356 392 419
 458 466 490 518 544 605 610 619 645
9 34 61 90 102 137 165 187 200 256 264 284 312 335 348 394 414
 446 461 489 516 544 609 612 617 649
23 26 30 39 80 87 92 97 224 226 230 238 321 328 331 335 341
 345 354 358 526 530 540 546 581 625
24 28 31 37 84 85 90 99 220 225 233 239 320 326 338 339 340
 350 352 356 527 529 543 547 582 625
20 27 32 36 83 88 93 98 222 228 234 236 324 327 336 337 344
 349 353 357 525 531 542 544 583 625
21 25 33 35 81 89 94 95 223 229 231 237 323 329 333 334 343
 348 351 359 524 532 539 545 580 625
22 29 34 38 82 86 91 96 221 227 232 235 322 325 330 332 342
 346 347 355 528 533 541 548 584 625
83 85 91 97 182 189 191 198 264 267 271 277 282 286 291 293 485
 500 501 502 512 524 534 559 571 626
84 89 92 98 183 185 190 195 262 266 273 275 287 289 292 298 484
 489 495 496 511 528 536 563 574 626
81 86 93 99 180 187 193 199 261 268 270 279 281 283 297 299 487
 490 493 497 513 526 535 562 573 626
82 87 90 95 184 186 194 196 263 265 274 278 280 288 290 296 488
 494 499 503 509 525 537 560 570 626
80 88 94 96 181 188 192 197 260 269 272 276 284 285 294 295 486
 491 492 498 510 527 538 561 572 626
24 25 32 38 100 109 111 118 122 129 130 136 300 308 314 316 461
 465 474 479 523 540 549 598 603 626
22 26 33 36 101 106 113 119 124 126 132 135 301 306 312 318 464
 467 473 476 522 543 550 595 600 626
23 27 34 37 103 105 110 116 123 128 131 139 302 305 313 319 462
 466 472 475 519 539 551 597 601 626
20 28 30 35 104 108 114 117 121 125 133 137 303 307 310 315 463
 469 471 478 521 541 552 596 604 626
21 29 31 39 102 107 112 115 120 127 134 138 304 309 311 317 460
 468 470 477 520 542 553 599 602 626
24 27 33 39 160 166 172 178 283 284 290 291 362 368 376 378 444
 449 454 459 536 548 552 555 568 629
23 29 32 35 162 165 173 176 281 286 292 296 360 369 370 379 442
 448 452 458 538 547 550 557 567 629
22 25 30 37 161 169 171 179 285 289 293 297 361 366 372 373 440
 445 450 455 537 544 553 558 566 629
21 28 34 36 164 168 170 175 280 282 295 298 364 367 374 375 443
 447 453 457 535 546 549 556 565 629
20 26 31 38 163 167 174 177 287 288 294 299 363 365 371 377 441
 446 451 456 534 545 551 554 564 629
15 37 62 94 119 130 146 164 180 230 241 275 310 324 379 389 404
 430 446 488 507 520 548 571 577 636
0 22 77 84 104 128 152 174 191 223 247 268 316 337 376 388 407
 435 458 494 508 520 546 572 575 649
14 33 73 85 110 122 158 175 199 238 253 263 304 325 365 391 410
 429 442 495 504 521 544 572 577 644
17 38 63 92 117 132 148 162 181 233 243 278 311 323 378 389 403
 432 447 485 508 519 544 573 578 639
12 28 68 96 106 139 143 167 189 229 258 274 309 331 360 390 415
 424 454 493 507 523 544 574 575 635
5 34 74 89 114 120 159 179 196 236 254 260 301 328 368 391 413
 425 441 490 508 523 547 571 576 641
13 27 67 95 107 135 142 165 188 225 257 270 308 332 361 390 416
 422 451 496 505 521 546 571 578 631
7 31 70 88 113 121 156 178 195 235 252 261 300 329 369 391 414
 426 440 500 507 519 546 570 579 642
2 24 79 80 101 127 154 171 194 222 249 267 319 330 370 388 405
 437 457 489 507 521 545 573 576 648
9 32 71 87 112 123 155 177 198 237 251 262 303 326 366 391 411
 427 443 498 505 522 548 573 575 643
19 36 60 90 115 133 145 160 183 232 242 277 313 321 372 389 401
 434 448 487 505 523 545 572 579 638
18 35 61 91 116 134 147 161 184 234 240 279 314 320 371 389 400
 433 449 486 504 522 546 574 576 640
8 29 69 98 108 136 144 168 187 226 259 271 305 338 362 390 419
 421 450 491 508 522 545 570 577 632
3 23 78 81 100 125 153 172 190 221 248 265 317 339 375 388 409
 439 456 492 506 522 544 571 579 646
16 39 64 93 118 131 149 163 182 231 244 276 312 322 374 389 402
 431 445 484 506 521 547 570 575 637
1 21 76 83 103 126 151 173 192 220 246 266 315 335 377 388 408
 436 455 497 504 523 548 570 578 647
10 25 65 97 105 137 140 166 185 227 255 272 306 336 363 390 417
 423 453 503 504 520 547 573 579 634
11 30 72 86 111 124 157 176 197 239 250 264 302 327 367 391 412
 428 444 499 506 520 545 574 578 645
4 20 75 82 102 129 150 170 193 224 245 269 318 333 373 388 406
 438 459 502 505 519 547 574 577 650
6 26 66 99 109 138 141 169 186 228 256 273 307 334 364 390 418
 420 452 501 506 519 548 572 576 633
15 21 54 78 90 116 122 152 163 188 213 236 249 262 281 306 331
 355 362 418 432 440 471 502 569 645
8 36 48 64 96 107 129 147 169 195 210 220 243 267 283 303 328
 348 365 412 423 458 475 488 569 646
19 24 51 77 93 119 121 151 162 186 214 238 245 264 289 309 332
 359 363 419 433 443 472 492 569 641
10 39 49 63 95 109 125 146 168 198 205 222 240 269 287 302 325
 352 369 413 424 455 476 487 569 649
6 37 47 60 97 106 127 148 165 199 203 223 244 266 280 300 327
 346 368 411 421 456 478 486 569 650
0 31 58 73 82 101 139 157 173 183 209 228 254 270 291 310 323
 345 374 400 439 450 461 498 569 634
4 34 56 72 83 104 136 156 172 184 206 229 251 272 297 311 321
 350 379 402 437 451 464 495 569 633
2 30 55 71 84 100 138 158 170 181 204 227 252 271 296 312 324
 351 371 401 436 454 462 490 569 631
11 29 42 68 87 114 132 140 178 193 219 234 256 277 295 316 339
 343 377 405 429 445 466 496 569 636
18 22 50 75 94 117 120 153 160 189 212 239 246 261 288 305 336
 358 364 416 431 442 474 489 569 643
14 28 40 66 89 113 130 142 176 191 217 232 255 278 299 319 335
 344 373 409 427 449 468 491 569 637
17 23 53 79 91 118 124 150 164 185 215 237 247 263 284 307 338
 357 361 415 434 441 470 497 569 642
9 26 41 65 88 111 131 144 175 194 216 233 257 275 293 317 333
 342 376 408 425 448 469 493 569 640
12 38 45 61 99 108 128 145 166 197 207 224 241 265 286 301 329
 353 366 410 422 457 477 484 569 647
13 35 46 62 98 105 126 149 167 196 202 221 242 268 285 304 326
 354 367 414 420 459 479 485 569 648
7 27 44 69 85 112 133 141 179 192 218 231 258 279 292 318 330
 341 375 407 428 446 465 503 569 639
16 20 52 76 92 115 123 154 161 187 211 235 248 260 282 308 334
 356 360 417 430 444 473 494 569 644
3 33 59 74 80 103 137 155 174 180 208 225 250 274 298 314 322
 349 372 403 438 452 460 500 569 632
1 32 57 70 81 102 135 159 171 182 201 226 253 273 294 313 320
 347 378 404 435 453 463 499 569 635
5 25 43 67 86 110 134 143 177 190 200 230 259 276 290 315 337
 340 370 406 426 447 467 501 569 638
19 31 47 61 96 114 122 182 206 230 257 292 302 357 364 396 409
 436 459 494 514 532 558 573 595 632
18 34 45 64 98 112 124 180 201 233 255 290 300 359 360 396 405
 439 455 502 517 530 554 572 596 631
9 39 55 74 81 116 132 195 202 239 245 282 310 344 370 398 415
 421 451 503 518 533 558 572 598 647
8 20 44 65 87 100 126 189 215 225 254 297 319 346 369 399 404
 433 447 484 516 532 555 572 599 645
16 32 48 62 95 110 121 181 208 232 256 293 301 358 362 396 407
 437 456 497 518 529 556 574 599 634
5 35 59 70 83 115 130 197 210 238 247 288 312 342 375 398 418
 424 450 496 517 529 555 573 597 650
1 27 52 77 90 106 136 190 217 224 240 285 307 351 374 397 412
 425 442 500 515 533 554 573 599 636
10 23 41 68 86 104 127 188 212 228 253 298 318 348 366 399 401
 430 449 485 514 529 554 570 598 641
14 37 58 71 80 118 133 196 205 235 246 281 311 343 376 398 419
 422 453 501 516 531 554 574 595 646
12 22 42 67 89 103 129 186 213 226 252 291 317 352 367 399 402
 434 446 486 518 531 557 573 596 644
13 21 43 66 85 101 125 187 214 227 251 294 316 353 368 399 403
 431 448 488 515 530 558 574 597 642
2 26 53 76 93 107 137 191 218 221 241 280 305 350 378 397 413
 429 440 498 517 532 557 574 598 638
15 33 46 63 97 111 120 183 204 234 258 299 303 356 361 396 406
 435 457 492 516 533 557 570 597 633
11 38 56 73 84 119 134 198 203 236 248 284 313 341 373 398 416
 423 452 493 515 532 556 570 596 648
17 30 49 60 99 113 123 184 209 231 259 295 304 355 363 396 408
 438 458 489 515 531 555 571 598 635
7 36 57 72 82 117 131 199 207 237 249 289 314 340 377 398 417
 420 454 491 514 530 557 571 599 649
4 29 50 79 92 109 139 192 216 223 242 283 306 349 371 397 410
 426 443 499 516 529 558 571 596 637
6 24 40 69 88 102 128 185 211 229 250 296 315 354 365 399 400
 432 445 487 517 533 556 571 595 643
3 25 54 75 91 108 135 194 219 220 244 287 309 345 379 397 414
 427 444 490 514 531 556 572 597 639
0 28 51 78 94 105 138 193 200 222 243 286 308 347 372 397 411
 428 441 495 518 530 555 570 595 640
9 38 58 98 138 142 172 182 223 250 295 318 328 352 417 433 442
 471 482 497 507 537 597 607 622 638
6 22 43 92 130 149 178 194 236 258 286 302 338 359 401 438 451
 463 480 498 504 535 599 609 622 646
12 20 41 90 132 146 179 191 237 259 283 300 332 358 400 436 453
 460 480 495 506 538 597 605 623 648
14 36 56 95 139 140 171 180 224 252 292 315 326 346 418 431 444
 470 482 492 508 534 598 609 623 640
13 23 42 93 134 145 175 192 239 255 287 303 334 355 404 437 454
 461 480 500 508 537 595 606 624 650
7 39 59 99 135 143 170 183 221 251 293 319 327 348 419 432 441
 474 482 494 504 538 596 608 624 636
15 34 48 84 126 154 166 199 226 240 288 309 323 349 409 428 445
 469 483 501 505 538 598 606 622 642
16 31 45 80 129 153 165 198 229 242 289 307 324 347 408 429 449
 467 483 503 508 535 597 608 620 645
3 27 51 87 122 157 161 185 232 246 294 312 333 340 413 421 458
 477 481 485 507 535 596 606 623 633
8 21 40 91 133 148 177 193 238 257 285 301 336 356 402 439 452
 462 480 499 507 536 598 608 621 649
19 33 49 83 127 150 167 195 227 241 281 308 320 345 407 425 447
 466 483 491 506 537 596 609 621 643
18 30 47 81 128 151 168 196 228 243 284 306 322 350 406 427 448
 465 483 496 507 534 599 605 624 644
0 26 52 86 121 159 164 189 231 249 296 311 339 344 410 423 455
 479 481 486 505 536 597 609 624 632
2 25 50 85 124 156 163 186 234 248 298 310 335 342 411 422 459
 475 481 487 508 538 599 607 621 635
1 29 53 89 123 158 160 188 233 245 297 314 337 341 414 424 457
 478 481 488 506 534 595 608 622 634
17 32 46 82 125 152 169 197 225 244 282 305 321 351 405 426 446
 468 483 493 504 536 595 607 623 641
10 24 44 94 131 147 176 190 235 256 280 304 331 357 403 435 450
 464 480 490 505 534 596 607 620 647
5 37 55 96 137 144 173 184 222 253 299 316 329 354 416 434 443
 473 482 502 506 536 599 606 620 639
11 35 57 97 136 141 174 181 220 254 290 317 325 353 415 430 440
 472 482 489 505 535 595 605 621 637
4 28 54 88 120 155 162 187 230 247 291 313 330 343 412 420 456
 476 481 484 504 537 598 605 620 631
29 49 64 97 104 151 164 194 217 225 252 262 294 301 334 398 400
 428 459 474 544 562 593 601 620 638
20 55 72 80 107 143 175 185 213 223 240 278 286 313 339 396 414
 431 450 465 548 562 594 600 621 641
33 41 66 87 116 145 168 181 206 235 247 267 289 315 327 397 416
 439 446 479 547 562 591 602 622 635
24 57 71 83 106 140 179 187 212 221 243 276 287 310 333 396 410
 434 452 468 546 560 592 601 622 645
21 58 70 84 105 144 176 186 215 224 244 277 283 314 330 396 413
 430 451 467 544 561 591 604 624 643
23 56 74 82 109 142 178 189 214 220 241 279 285 312 337 396 411
 432 453 469 545 563 590 602 620 644
37 53 78 92 113 159 170 198 210 234 257 272 290 309 322 399 407
 420 442 461 545 562 592 604 623 647
35 52 75 93 110 157 171 195 203 233 258 271 295 306 321 399 409
 422 441 460 548 560 591 603 620 649
34 44 67 88 117 146 169 182 204 238 248 266 281 316 326 397 415
 438 449 477 545 560 593 600 624 634
36 50 77 91 112 158 172 197 205 230 256 274 299 308 323 399 408
 421 440 463 547 563 594 601 624 648
27 47 62 99 102 153 162 191 219 227 254 263 298 303 331 398 402
 426 455 473 545 561 594 603 622 640
28 46 61 95 101 150 163 190 216 226 250 260 297 300 336 398 401
 429 458 472 548 559 592 602 624 639
22 59 73 81 108 141 177 188 211 222 242 275 280 311 335 396 412
 433 454 466 547 559 593 603 623 642
32 43 65 89 115 148 167 180 209 239 249 265 284 318 325 397 419
 436 445 475 546 559 594 604 620 633
39 54 76 94 111 156 174 196 207 232 259 270 292 307 320 399 405
 423 443 462 544 559 590 600 622 650
25 45 63 96 103 154 160 193 218 228 251 264 296 304 338 398 404
 425 456 471 546 563 591 600 623 637
30 40 68 85 118 147 165 183 201 236 245 268 288 317 329 397 417
 437 447 476 548 561 590 601 623 632
31 42 69 86 119 149 166 184 208 237 246 269 282 319 328 397 418
 435 448 478 544 563 592 603 621 631
38 51 79 90 114 155 173 199 202 231 255 273 293 305 324 399 406
 424 444 464 546 561 593 602 621 646
26 48 60 98 100 152 161 192 200 229 253 261 291 302 332 398 403
 427 457 470 547 560 590 604 621 636
24 59 96 104 126 145 163 203 259 279 282 317 324 343 361 386 413
 427 442 499 511 519 530 594 609 634
29 46 84 106 137 157 177 206 249 263 293 308 328 359 375 385 404
 431 449 487 510 519 531 590 605 647
26 45 81 105 136 155 178 204 246 260 292 309 327 355 373 385 400
 434 447 488 512 521 529 594 607 649
39 51 86 117 130 140 165 216 254 274 285 313 334 350 365 384 407
 436 457 502 511 522 531 591 607 642
30 43 93 112 122 154 174 215 242 266 291 301 339 348 379 387 416
 424 453 491 509 519 533 592 607 640
23 57 99 101 129 148 161 205 258 277 288 315 322 344 362 386 414
 425 443 495 510 520 532 593 607 631
36 54 87 118 134 144 167 218 250 272 286 310 332 351 368 384 409
 435 455 489 513 519 529 593 608 644
34 40 92 111 121 150 173 212 244 267 294 304 337 352 372 387 418
 422 454 503 513 522 532 594 605 636
37 50 88 115 132 141 166 217 251 271 287 314 331 347 367 384 406
 439 458 497 509 521 532 590 609 641
28 48 80 109 135 158 179 209 248 262 290 305 329 357 377 385 402
 433 448 485 513 520 533 591 609 650
31 41 94 110 124 152 170 214 240 265 297 303 330 354 378 387 417
 421 452 496 512 523 531 593 609 637
22 55 98 102 125 147 164 207 257 276 281 319 323 341 363 386 411
 429 444 500 509 523 529 591 605 633
21 56 97 100 128 146 160 202 256 278 289 318 320 342 360 386 412
 426 441 498 513 521 531 592 606 632
38 52 89 116 133 143 169 219 253 270 280 312 338 349 369 384 408
 437 459 492 512 520 530 592 605 643
27 49 82 108 138 156 175 201 247 264 299 306 326 358 370 385 403
 430 445 486 511 523 532 592 608 646
32 42 90 113 120 151 172 211 241 268 298 302 333 346 371 387 415
 423 450 501 510 521 530 591 608 639
25 47 83 107 139 159 176 208 245 261 295 307 325 356 376 385 401
 432 446 484 509 522 530 593 606 648
20 58 95 103 127 149 162 210 255 275 284 316 321 340 364 386 410
 428 440 490 512 522 533 590 608 635
33 44 91 114 123 153 171 213 243 269 296 300 335 353 374 387 419
 420 451 493 511 520 529 590 606 638
35 53 85 119 131 142 168 200 252 273 283 311 336 345 366 384 405
 438 456 494 510 523 533 594 606 645
0 9 12 16 60 69 72 79 180 188 190 196 220 227 234 238 463
 468 474 476 512 519 532 591 606 629
2 5 6 18 63 68 73 78 182 187 192 195 224 225 232 237 464
 469 472 479 509 520 531 594 608 629
1 11 13 17 64 65 74 75 183 186 191 199 222 229 230 235 462
 465 471 477 510 522 529 592 609 629
3 7 10 19 62 66 71 76 184 189 193 197 223 226 233 236 461
 467 470 475 511 521 533 593 605 629
4 8 14 15 61 67 70 77 181 185 194 198 221 228 231 239 460
 466 473 478 513 523 530 590 607 629
104 109 110 115 224 227 231 236 243 246 250 257 280 289 291 299 404
 405 414 415 522 538 582 587 610 628
103 108 113 118 221 229 233 238 240 249 254 256 282 283 292 294 401
 406 411 416 520 537 583 588 614 628
100 107 114 119 222 226 232 239 244 247 251 258 281 285 290 298 400
 408 410 417 519 534 580 589 612 628
102 106 111 116 220 228 230 237 242 248 252 255 286 288 295 297 403
 407 413 419 521 536 584 585 613 628
101 105 112 117 223 225 234 235 241 245 253 259 284 287 293 296 402
 409 412 418 523 535 581 586 611 628
7 32 79 84 116 140 214 229 260 299 317 322 345 364 412 422 455
 478 480 485 509 555 577 600 612 638
5 33 77 82 118 141 212 226 262 295 319 324 350 360 414 423 456
 477 480 487 512 558 578 604 611 640
11 34 78 80 115 142 215 228 261 293 315 320 351 363 410 421 459
 476 480 488 511 557 575 603 614 639
14 31 76 81 117 144 213 227 264 290 318 321 349 361 411 424 458
 479 480 484 510 556 576 601 613 636
9 30 75 83 119 143 211 225 263 292 316 323 347 362 413 420 457
 475 480 486 513 554 579 602 610 637
6 28 72 87 103 147 204 231 270 287 301 337 342 378 419 430 442
 470 483 502 510 558 579 603 612 648
12 29 70 85 100 149 209 230 272 280 303 333 344 372 416 432 444
 472 483 497 511 554 576 600 611 649
1 20 61 94 109 157 202 238 267 298 311 338 355 368 407 427 445
 467 482 493 509 557 579 601 611 631
19 37 67 98 111 153 218 224 278 282 306 325 348 377 400 437 452
 463 481 490 510 555 575 602 611 642
4 22 60 93 105 158 210 237 265 294 310 331 356 369 405 425 449
 465 482 501 511 556 578 602 612 632
2 23 62 90 108 159 203 235 269 291 314 336 359 365 408 428 447
 468 482 496 513 558 575 600 613 633
10 26 73 89 102 145 208 234 271 285 300 330 340 379 415 431 443
 471 483 494 513 555 578 601 614 646
13 25 71 88 104 148 201 232 274 283 302 339 341 374 418 433 441
 473 483 489 512 557 577 602 613 647
8 27 74 86 101 146 206 233 273 286 304 335 343 371 417 434 440
 474 483 492 509 556 575 604 610 650
17 39 69 96 110 151 219 223 275 288 308 326 353 373 401 439 453
 464 481 500 513 557 576 604 612 645
0 24 63 91 107 155 207 236 266 297 312 334 358 367 409 426 448
 466 482 503 510 554 577 604 614 635
15 35 68 99 112 150 217 222 276 289 305 328 346 376 403 436 451
 461 481 499 512 556 579 600 614 644
16 36 66 97 114 152 216 221 279 284 309 329 352 370 404 438 450
 462 481 495 509 554 578 603 613 643
3 21 64 92 106 156 205 239 268 296 313 332 357 366 406 429 446
 469 482 491 512 555 576 603 610 634
18 38 65 95 113 154 200 220 277 281 307 327 354 375 402 435 454
 460 481 498 511 558 577 601 610 641
64 68 71 77 102 109 113 117 203 206 215 218 260 265 270 275 362
 367 370 372 504 534 597 606 621 625
60 65 70 78 101 107 110 118 202 204 211 217 264 269 274 279 364
 366 377 379 508 536 596 605 622 625
63 67 72 76 100 108 112 116 208 210 212 216 263 268 273 277 363
 368 373 374 507 538 595 609 620 625
61 66 74 79 104 105 111 119 205 209 213 219 261 266 271 276 360
 365 375 378 505 537 599 608 623 625
62 69 73 75 103 106 114 115 200 201 207 214 262 267 272 278 361
 369 371 376 506 535 598 607 624 625
0 5 8 17 81 88 90 97 103 109 112 119 161 167 170 176 422
 429 431 437 511 514 552 584 622 627
3 6 11 16 82 85 94 98 104 107 113 116 162 166 171 177 424
 425 434 436 513 516 549 581 624 627
1 10 14 18 84 87 93 96 101 108 111 115 164 165 172 179 420
 426 432 438 512 518 551 580 621 627
2 7 12 15 83 86 92 95 102 105 114 118 160 169 174 175 421
 427 433 439 510 515 550 582 620 627
4 9 13 19 80 89 91 99 100 106 110 117 163 168 173 178 423
 428 430 435 509 517 553 583 623 627
14 51 62 109 124 143 160 187 210 249 266 295 317 366 400 435 451
 462 483 500 525 532 541 547 581 639
15 43 73 100 131 151 179 193 206 255 274 282 307 378 414 422 458
 476 482 486 528 529 542 545 581 643
3 46 65 114 128 158 165 195 218 240 276 291 311 373 418 430 443
 474 480 497 525 530 543 545 584 635
9 53 64 105 122 141 162 189 207 248 269 299 315 368 401 437 450
 460 483 499 528 531 543 546 580 636
16 44 71 103 134 150 178 191 209 257 273 288 306 379 412 421 457
 479 482 487 527 530 541 544 580 641
4 45 69 111 125 159 167 199 217 243 277 298 312 370 416 433 440
 470 480 494 527 531 539 548 581 634
5 54 61 107 123 140 164 186 203 246 268 293 318 369 403 439 454
 463 483 495 527 533 540 545 583 637
12 56 77 116 137 148 170 182 211 254 261 287 304 361 405 428 448
 467 481 491 525 529 540 548 580 646
1 48 67 113 127 155 168 197 219 242 279 296 310 376 417 431 441
 472 480 502 528 532 540 544 582 633
11 50 63 106 121 144 161 188 202 247 265 292 319 365 402 438 453
 461 483 490 524 530 542 548 582 638
7 52 60 108 120 142 163 185 205 245 267 290 316 367 404 436 452
 464 483 498 526 529 539 544 584 640
19 40 70 104 132 154 175 190 208 258 270 284 305 371 411 420 455
 477 482 488 524 531 540 547 584 645
8 57 75 118 138 145 173 180 213 251 260 280 302 363 407 426 449
 469 481 496 524 533 543 544 581 648
10 55 78 117 136 149 171 183 214 250 263 283 301 360 408 427 446
 466 481 501 527 532 542 546 584 650
0 47 68 110 126 156 169 198 216 241 278 294 314 375 419 434 444
 471 480 489 526 533 542 547 580 631
18 42 74 102 133 152 176 194 204 259 272 289 308 374 410 424 456
 475 482 485 526 532 543 548 583 642
17 41 72 101 130 153 177 192 201 256 271 281 309 372 413 423 459
 478 482 484 525 533 539 546 582 644
13 59 76 119 139 147 172 181 215 253 262 286 300 364 406 425 445
 468 481 503 526 531 541 545 582 649
6 58 79 115 135 146 174 184 212 252 264 285 303 362 409 429 447
 465 481 493 528 530 539 547 583 647
2 49 66 112 129 157 166 196 200 244 275 297 313 377 415 432 442
 473 480 492 524 529 541 546 583 632
6 56 65 93 155 176 188 205 226 243 263 282 329 340 371 393 407
 439 459 489 523 541 553 597 600 636
12 57 66 94 158 178 185 203 225 242 264 281 328 342 374 393 406
 437 455 494 522 542 551 598 604 639
18 41 62 83 142 166 183 213 231 248 274 294 338 346 370 395 412
 429 443 490 519 540 553 595 604 649
9 50 70 95 151 170 199 218 236 259 267 285 339 345 360 392 403
 434 449 484 520 541 551 595 603 633
17 44 61 84 143 168 180 212 232 245 272 291 334 354 377 395 411
 425 440 499 521 542 550 597 603 646
0 49 75 89 147 162 192 206 221 250 277 290 324 356 366 394 418
 421 453 493 521 540 551 599 600 642
10 58 67 91 159 175 187 202 229 241 262 288 327 341 372 393 405
 436 458 492 519 543 552 599 603 637
16 40 63 81 140 169 184 215 230 249 271 298 332 353 376 395 414
 428 442 498 523 543 551 596 602 650
15 42 60 80 141 167 182 214 233 247 270 296 336 348 373 395 413
 426 444 495 522 541 549 599 601 647
1 45 78 85 146 161 194 208 223 254 276 299 321 357 367 394 419
 423 454 496 519 541 550 598 602 643
5 51 72 98 150 174 198 219 235 258 265 283 335 351 364 392 404
 432 448 486 521 543 553 598 601 634
4 47 76 87 149 160 190 201 222 252 279 293 323 355 365 394 415
 422 452 491 520 543 549 597 604 641
13 55 69 90 156 177 189 210 228 244 260 289 325 343 378 393 409
 438 457 497 520 540 550 596 601 640
7 53 73 96 152 171 196 217 239 256 266 286 333 349 363 392 402
 430 447 487 522 540 552 597 602 631
3 48 79 86 148 163 191 204 224 251 275 295 320 359 369 394 416
 420 450 503 523 542 552 595 601 644
8 59 68 92 157 179 186 207 227 240 261 284 326 344 379 393 408
 435 456 502 521 539 549 595 602 638
11 54 71 99 154 172 195 216 238 255 269 280 337 347 361 392 400
 431 446 485 523 539 550 599 604 632
19 43 64 82 144 165 181 211 234 246 273 297 331 352 375 395 410
 427 441 500 520 539 552 598 600 648
2 46 77 88 145 164 193 209 220 253 278 292 322 358 368 394 417
 424 451 501 522 539 553 596 603 645
14 52 74 97 153 173 197 200 237 257 268 287 330 350 362 392 401
 433 445 488 519 542 549 596 600 635
17 27 56 68 94 115 129 144 163 208 221 255 266 296 345 391 433
 457 463 501 543 558 562 589 605 649
0 39 42 61 83 100 124 148 171 218 235 242 262 299 340 390 438
 442 469 488 539 556 561 588 605 641
10 31 54 74 98 106 130 158 169 211 231 251 277 284 358 388 422
 447 472 499 541 557 562 588 606 640
12 32 51 73 97 107 133 156 168 215 233 250 276 288 355 388 420
 449 473 490 539 558 563 586 609 636
19 25 57 69 92 116 126 142 164 204 222 256 265 291 350 391 431
 458 460 493 541 554 561 586 608 650
8 33 50 72 99 105 134 159 165 214 232 252 275 282 357 388 424
 445 471 498 540 554 560 587 605 639
7 23 47 77 89 111 138 154 177 202 225 246 272 283 353 389 429
 450 476 502 541 556 560 589 609 635
2 35 40 60 82 103 122 146 172 219 239 243 260 293 341 390 435
 443 467 484 542 554 562 585 609 642
9 22 48 76 85 114 136 150 176 203 228 249 274 287 354 389 426
 453 477 492 539 555 562 587 608 631
6 34 53 71 95 108 132 157 167 213 230 253 279 289 356 388 423
 448 474 500 542 555 561 589 607 637
14 20 46 78 86 112 135 151 178 207 229 247 271 280 352 389 425
 452 475 489 540 558 561 585 606 634
15 29 58 66 93 117 128 143 161 201 220 257 269 298 351 391 434
 456 464 503 540 555 559 588 609 648
16 28 55 65 91 119 127 141 160 206 224 259 268 294 349 391 432
 455 461 496 539 557 560 585 607 646
13 30 52 70 96 109 131 155 166 212 234 254 278 281 359 388 421
 446 470 495 543 556 559 585 608 638
3 36 41 63 84 102 123 149 173 217 238 241 261 290 343 390 437
 441 465 486 541 558 559 587 607 645
5 24 45 75 87 113 139 152 175 205 227 248 273 285 348 389 428
 451 478 497 542 557 559 586 605 632
18 26 59 67 90 118 125 140 162 209 223 258 267 297 347 391 430
 459 462 491 542 556 563 587 606 647
1 38 43 62 80 104 120 147 170 216 237 244 264 292 344 390 439
 440 466 487 543 555 560 586 606 644
11 21 49 79 88 110 137 153 179 210 226 245 270 286 346 389 427
 454 479 494 543 554 563 588 607 633
4 37 44 64 81 101 121 145 174 200 236 240 263 295 342 390 436
 444 468 485 540 557 563 589 608 643
17 25 58 76 102 178 188 239 240 267 299 301 324 346 375 384 420
 448 472 495 560 575 581 596 618 632
16 29 59 77 101 175 189 237 243 266 290 302 320 354 373 384 422
 446 471 490 561 579 583 598 615 633
8 31 53 62 116 172 199 224 258 276 296 316 334 342 372 385 427
 453 476 489 559 578 583 596 619 641
11 20 47 67 105 164 192 233 251 274 289 312 329 345 362 387 435
 442 468 487 559 576 584 598 618 646
13 34 51 63 118 171 197 220 259 275 291 318 331 344 371 385 429
 452 478 494 562 579 580 599 618 643
2 38 44 74 110 165 184 228 247 262 283 309 333 356 367 386 431
 455 463 491 559 579 581 595 616 636
9 24 46 68 108 161 191 231 252 272 281 313 325 349 364 387 439
 441 467 488 563 578 581 599 615 650
5 23 48 66 106 160 194 234 250 270 282 311 326 347 363 387 436
 440 465 484 561 577 580 596 616 649
12 30 54 64 115 173 198 223 256 279 298 319 336 340 378 385 425
 451 479 492 560 577 584 595 615 642
0 36 43 71 111 166 182 229 245 263 285 305 335 355 369 386 430
 456 460 496 562 576 582 596 615 639
7 21 45 65 109 162 190 232 253 271 288 310 328 350 361 387 438
 444 466 486 562 575 583 595 617 648
19 26 56 78 103 179 185 235 244 268 295 303 323 353 370 384 424
 449 474 499 559 577 582 599 617 631
6 33 52 61 117 170 196 222 255 277 294 317 332 341 379 385 426
 450 475 497 563 575 582 598 616 645
15 27 55 75 104 176 187 238 242 265 293 300 322 352 377 384 423
 447 470 498 563 576 580 595 619 635
18 28 57 79 100 177 186 236 241 269 292 304 321 348 376 384 421
 445 473 500 562 578 584 597 616 634
10 32 50 60 119 174 195 221 257 278 297 315 338 343 374 385 428
 454 477 502 561 576 581 597 617 644
4 35 41 73 113 169 180 226 246 264 287 308 339 357 368 386 432
 457 462 503 561 575 584 599 619 638
14 22 49 69 107 163 193 230 254 273 284 314 327 351 360 387 437
 443 469 485 560 579 582 597 619 647
3 37 42 70 112 168 183 227 249 260 286 307 337 358 365 386 433
 459 464 493 560 578 580 598 617 637
1 39 40 72 114 167 181 225 248 261 280 306 330 359 366 386 434
 458 461 501 563 577 583 597 618 640
140 149 150 159 161 168 172 177 264 266 270 278 324 329 330 331 460
 469 474 475 515 529 557 572 595 628
142 147 152 156 160 167 173 179 263 269 271 275 322 327 334 339 463
 467 472 477 516 530 556 573 598 628
143 148 153 158 164 166 174 176 260 267 273 279 321 326 332 333 461
 466 471 476 517 531 558 570 599 628
144 145 154 157 162 169 170 178 262 268 274 276 320 325 335 336 464
 465 470 478 518 532 554 571 597 628
141 146 151 155 163 165 171 175 261 265 272 277 323 328 337 338 462
 468 473 479 514 533 555 574 596 628
42 49 54 58 62 65 72 77 81 85 92 96 300 305 312 315 441
 449 452 457 505 509 542 566 616 628
40 46 52 55 64 67 73 79 83 87 94 99 302 309 314 318 440
 448 453 456 508 511 541 568 617 628
44 47 53 56 63 66 70 75 80 86 90 98 301 308 310 317 443
 445 454 458 504 512 539 564 615 628
41 48 50 59 61 69 71 78 82 89 93 97 304 307 313 316 444
 447 451 455 507 510 543 567 618 628
43 45 51 57 60 68 74 76 84 88 91 95 303 306 311 319 442
 446 450 459 506 513 540 565 619 628
8 30 51 66 82 110 120 149 164 188 218 229 248 277 287 300 320
 349 376 482 550 573 589 594 617 647
10 34 52 69 81 113 122 148 160 186 216 225 247 276 286 303 324
 345 377 482 553 574 587 590 615 648
6 32 54 67 80 114 124 145 161 189 217 227 245 275 283 304 323
 350 375 482 551 570 585 592 619 649
11 24 48 70 92 103 125 143 165 196 206 237 241 271 299 318 336
 355 374 481 553 572 589 593 619 640
17 28 59 62 86 107 136 154 173 182 205 234 252 265 289 306 333
 341 368 480 551 572 588 590 617 643
7 22 46 74 90 100 127 144 166 198 201 238 243 270 295 315 334
 357 379 481 551 574 586 594 618 637
9 21 47 73 93 104 129 140 167 197 204 235 240 273 290 319 338
 358 372 481 550 571 585 590 616 639
15 26 57 64 85 108 139 153 170 184 202 232 250 266 284 308 337
 343 369 480 553 573 585 591 618 641
14 23 45 72 94 102 126 141 168 195 209 236 244 274 293 316 332
 356 371 481 552 573 588 592 615 638
0 35 44 76 96 118 132 158 177 194 214 224 255 261 298 313 327
 352 362 483 553 571 586 592 617 633
2 36 42 75 99 116 130 155 179 190 215 223 257 264 294 311 325
 354 360 483 552 570 589 590 618 634
5 20 49 71 91 101 128 142 169 199 208 239 242 272 292 317 331
 359 378 481 549 570 587 591 617 636
3 38 40 77 97 115 131 159 178 192 213 222 259 263 297 310 326
 348 364 483 550 574 588 591 619 631
18 27 58 60 89 109 137 150 171 181 207 230 251 268 282 309 339
 342 365 480 550 570 586 593 615 645
12 33 53 65 84 112 121 147 163 187 219 228 246 278 285 302 321
 347 370 482 549 571 588 593 618 650
4 39 43 78 98 119 133 157 175 191 212 220 256 260 296 314 329
 346 361 483 551 573 587 593 616 635
16 25 56 61 87 106 138 151 174 183 210 233 253 269 281 305 330
 344 367 480 552 571 587 594 619 642
19 29 55 63 88 105 135 152 172 180 203 231 254 267 288 307 335
 340 366 480 549 574 589 592 616 644
1 37 41 79 95 117 134 156 176 193 211 221 258 262 291 312 328
 353 363 483 549 572 585 594 615 632
13 31 50 68 83 111 123 146 162 185 200 226 249 279 280 301 322
 351 373 482 552 572 586 591 616 646
12 31 52 78 91 126 140 176 181 201 275 305 337 348 368 398 438
 443 465 487 521 537 581 589 610 633
11 23 46 60 96 130 156 170 187 213 273 301 323 340 376 397 433
 455 460 503 521 534 583 587 611 643
5 22 47 64 95 133 155 172 185 214 271 304 320 344 377 397 430
 457 461 493 519 538 581 588 613 645
17 29 57 73 80 121 146 166 190 218 268 312 327 356 364 399 427
 451 475 502 523 537 580 587 613 640
9 20 45 62 97 134 158 171 186 212 270 302 322 343 375 397 432
 458 464 491 523 536 582 589 614 642
6 30 50 76 90 129 142 175 180 206 276 309 330 353 369 398 435
 441 466 485 522 536 580 588 611 634
2 37 43 69 87 135 150 162 197 202 261 317 334 349 374 396 423
 449 471 495 523 534 584 588 610 649
7 24 49 61 98 132 159 173 188 215 274 303 321 342 373 397 431
 456 462 501 520 535 580 585 610 644
4 36 40 65 86 138 153 161 196 203 262 316 338 345 378 396 424
 446 472 500 521 538 580 586 614 647
18 25 55 70 82 123 145 167 191 216 266 311 328 357 362 399 428
 452 476 492 521 535 582 588 612 636
1 35 42 66 88 139 154 163 198 207 263 318 332 350 372 396 421
 447 474 490 520 536 581 587 612 646
14 21 48 63 99 131 157 174 189 211 272 300 324 341 370 397 434
 459 463 496 522 537 584 586 612 641
0 38 41 67 85 137 151 160 195 205 260 319 331 351 379 396 420
 445 470 499 522 535 583 589 613 650
10 33 51 75 92 128 144 177 182 209 279 307 339 346 367 398 437
 440 468 488 523 538 583 585 612 631
15 28 56 71 81 124 149 165 192 219 267 314 325 358 363 399 425
 450 477 494 519 536 583 586 610 638
8 34 54 79 93 125 141 178 183 208 278 308 333 354 366 398 436
 442 467 486 520 534 582 586 613 635
16 26 58 74 83 122 147 168 193 217 265 313 326 359 361 399 426
 454 478 489 520 538 584 589 611 639
13 32 53 77 94 127 143 179 184 204 277 306 335 352 365 398 439
 444 469 484 519 535 584 587 614 632
3 39 44 68 89 136 152 164 199 210 264 315 336 347 371 396 422
 448 473 498 519 537 582 585 611 648
19 27 59 72 84 120 148 169 194 200 269 310 329 355 360 399 429
 453 479 497 522 534 581 585 614 637
25 48 68 120 141 180 202 235 257 263 286 312 321 352 378 388 400
 443 478 491 511 515 551 583 624 645
39 50 62 137 145 194 215 229 243 273 281 318 337 356 377 391 409
 450 472 486 512 515 549 584 623 631
38 54 60 139 149 193 212 225 240 271 289 317 335 357 370 391 407
 453 473 488 510 517 552 580 624 633
27 45 66 121 140 182 210 239 259 262 280 314 323 354 379 388 401
 441 476 493 510 516 553 584 621 644
36 53 61 136 146 192 211 227 244 270 288 319 339 359 376 391 406
 452 471 485 511 518 553 581 620 635
31 43 72 128 155 186 217 221 253 267 295 308 336 341 362 389 415
 455 469 490 511 516 550 580 623 650
30 44 73 127 159 185 216 220 251 265 299 305 332 343 360 389 418
 459 467 500 510 518 549 583 622 649
29 47 65 124 142 184 207 238 258 260 287 313 324 348 374 388 403
 440 479 501 513 518 552 582 623 643
22 57 78 134 154 197 206 231 245 278 298 300 326 345 365 390 413
 448 462 497 512 516 552 583 620 636
28 49 67 122 144 183 203 237 256 261 285 311 322 353 371 388 404
 444 475 503 512 517 550 581 622 641
24 56 76 133 153 199 209 234 247 275 294 302 328 351 366 390 414
 447 460 502 509 518 550 584 624 637
35 51 64 135 148 190 213 228 241 272 282 316 330 358 373 391 408
 454 470 487 509 516 551 582 622 632
34 41 70 129 158 189 219 222 250 268 292 306 334 340 361 389 419
 456 468 498 509 515 552 581 621 647
23 58 75 132 151 198 204 232 249 276 297 304 329 349 368 390 412
 446 463 494 511 517 549 582 621 640
20 59 79 131 152 195 201 230 246 277 296 301 325 350 367 390 411
 449 461 492 513 515 553 580 622 639
37 52 63 138 147 191 214 226 242 274 284 315 333 355 375 391 405
 451 474 484 513 514 550 583 621 634
26 46 69 123 143 181 205 236 255 264 283 310 320 346 372 388 402
 442 477 496 509 514 549 580 620 642
32 40 74 126 157 187 218 223 252 269 290 307 331 342 363 389 416
 457 466 495 512 514 553 582 624 646
21 55 77 130 150 196 208 233 248 279 291 303 327 347 369 390 410
 445 464 489 510 514 551 581 623 638
33 42 71 125 156 188 200 224 254 266 293 309 338 344 364 389 417
 458 465 499 513 517 551 584 620 648
16 43 90 117 139 164 195 219 226 272 299 304 327 342 366 388 413
 433 452 465 524 568 590 595 614 631
11 51 89 112 126 175 184 211 224 267 281 310 322 357 378 390 401
 426 456 474 527 566 590 597 613 649
19 42 94 118 137 161 199 216 228 271 290 301 326 341 369 388 412
 432 451 468 528 565 594 597 610 635
4 49 84 103 130 171 189 202 234 276 280 307 332 348 362 391 417
 439 448 477 526 564 594 595 613 639
5 52 85 111 127 178 180 215 221 269 289 313 323 358 371 390 402
 427 458 471 525 565 593 595 612 647
8 55 95 106 122 166 192 209 235 264 298 317 337 350 373 389 405
 420 441 463 526 567 593 597 614 643
6 57 96 105 120 168 191 208 238 262 297 318 339 351 370 389 408
 422 444 461 525 564 590 596 610 642
10 56 99 107 121 167 194 201 237 260 291 316 335 349 375 389 406
 421 442 462 528 566 591 595 611 645
2 48 81 104 134 173 185 207 233 277 285 308 331 346 364 391 419
 438 446 476 525 568 592 597 611 637
3 45 83 101 133 170 188 203 230 278 283 305 334 352 363 391 415
 435 445 479 528 567 590 599 612 640
14 53 88 114 129 177 183 212 223 265 282 312 320 355 379 390 403
 428 455 472 526 568 591 599 610 648
12 59 98 109 123 165 193 204 239 263 294 315 330 345 376 389 409
 423 440 464 524 565 592 599 613 641
7 50 87 110 125 176 182 213 220 268 284 311 324 359 372 390 400
 425 457 473 528 564 592 598 614 650
0 46 80 102 131 172 186 210 232 279 287 306 338 353 360 391 416
 436 447 478 524 566 593 598 610 636
13 58 97 108 124 169 190 206 236 261 296 319 333 347 377 389 407
 424 443 460 527 568 594 598 612 644
18 44 92 119 138 163 197 217 229 270 293 303 325 340 368 388 414
 434 453 466 525 567 591 598 613 632
15 41 91 115 136 162 196 218 225 273 295 302 329 344 365 388 411
 431 454 467 526 566 592 596 612 634
1 47 82 100 132 174 187 205 231 275 286 309 336 354 361 391 418
 437 449 475 527 565 591 596 614 638
9 54 86 113 128 179 181 214 222 266 288 314 321 356 374 390 404
 429 459 470 524 567 594 596 611 646
17 40 93 116 135 160 198 200 227 274 292 300 328 343 367 388 410
 430 450 469 527 564 593 599 611 633
43 48 53 58 140 145 153 156 222 225 231 238 360 367 371 373 421
 425 432 435 514 548 605 613 617 626
42 47 52 59 144 146 150 158 220 229 232 236 363 366 370 378 420
 428 431 439 516 546 607 611 619 626
41 46 51 56 141 147 154 159 223 227 230 239 362 369 374 377 422
 427 434 438 517 544 608 614 616 626
40 49 50 57 143 149 152 155 224 228 233 235 361 368 375 379 423
 429 433 436 518 545 606 612 615 626
44 45 54 55 142 148 151 157 221 226 234 237 364 365 372 376 424
 426 430 437 515 547 609 610 618 626
240 247 252 257 260 266 274 277 304 305 310 318 340 347 353 359 423
 427 432 437 506 516 526 586 603 629
241 246 251 256 263 267 270 276 300 306 313 317 344 351 354 356 424
 428 433 438 508 514 528 585 604 629
243 248 253 258 264 268 272 275 301 307 314 319 343 345 352 355 421
 426 431 436 505 517 525 588 602 629
242 249 250 259 261 269 273 278 303 309 312 316 341 346 350 357 422
 425 430 439 504 518 524 589 601 629
244 245 254 255 262 265 271 279 302 308 311 315 342 348 349 358 420
 429 434 435 507 515 527 587 600 629
3 5 13 15 207 209 211 216 243 245 252 256 321 327 330 338 442
 449 453 455 532 564 575 589 621 626
0 6 14 19 201 202 215 219 240 248 251 259 322 328 333 336 440
 446 454 457 529 567 578 587 620 626
2 9 10 17 206 210 213 217 242 246 254 258 320 329 332 337 444
 445 452 456 530 565 577 586 624 626
4 11 12 18 205 208 214 218 244 249 253 257 324 326 334 335 441
 447 450 458 533 568 579 585 622 626
1 7 8 16 200 203 204 212 241 247 250 255 323 325 331 339 443
 448 451 459 531 566 576 588 623 626
11 27 43 61 81 118 127 152 189 252 278 287 328 356 372 380 408
 420 443 464 517 538 541 577 591 634
15 20 50 74 96 113 138 140 190 244 263 291 320 341 366 381 419
 437 448 479 517 535 539 578 593 649
17 21 52 71 98 114 139 141 194 241 264 297 322 340 365 381 416
 435 449 476 518 538 540 579 594 650
0 32 55 66 92 108 134 146 199 246 274 295 330 348 361 382 402
 425 459 472 517 534 543 579 590 645
7 25 41 64 80 119 128 150 187 254 277 280 326 355 371 380 409
 424 442 463 518 536 542 578 590 633
9 28 42 63 82 115 126 153 185 253 276 283 327 359 379 380 407
 422 440 462 515 534 540 576 593 632
2 34 59 65 94 106 133 149 198 245 273 299 339 353 362 382 400
 426 458 470 514 537 540 578 591 644
14 29 44 60 83 116 125 154 186 250 275 285 329 358 378 380 406
 423 441 461 514 535 543 575 594 631
5 26 40 62 84 117 129 151 188 251 279 286 325 357 374 380 405
 421 444 460 516 537 539 579 592 635
4 33 58 68 90 107 131 148 197 248 271 292 337 354 363 382 404
 427 455 474 518 535 541 576 592 642
1 30 56 69 91 105 130 145 195 249 270 290 333 352 364 382 403
 429 456 473 516 538 542 575 593 641
12 39 48 75 88 101 122 159 184 255 268 289 338 351 375 383 411
 430 452 466 516 534 541 578 594 638
6 35 45 77 86 100 123 156 183 257 267 284 331 349 377 383 413
 431 453 468 518 537 543 577 593 639
16 22 51 70 99 111 137 142 192 240 262 296 321 343 368 381 415
 439 447 475 514 534 542 577 592 648
19 23 54 73 95 112 136 143 191 243 261 294 324 342 367 381 417
 438 445 478 516 536 543 576 591 647
18 24 53 72 97 110 135 144 193 242 260 298 323 344 369 381 418
 436 446 477 515 537 541 575 590 646
10 36 47 79 85 103 120 157 181 259 265 281 334 347 373 383 414
 433 451 469 517 536 540 575 592 636
3 31 57 67 93 109 132 147 196 247 272 293 335 346 360 382 401
 428 457 471 515 536 539 577 594 643
8 37 46 76 89 104 124 155 182 256 269 288 332 345 370 383 410
 432 454 465 515 535 542 579 591 640
13 38 49 78 87 102 121 158 180 258 266 282 336 350 376 383 412
 434 450 467 514 538 539 576 590 637
84 86 94 97 122 125 132 139 142 145 150 155 201 210 211 218 402
 408 414 419 560 576 583 599 616 629
80 85 93 95 123 126 130 138 144 148 152 159 206 207 212 219 400
 406 412 415 563 579 584 596 617 629
81 87 91 98 120 129 131 137 143 146 154 156 203 209 214 217 401
 407 410 418 561 578 582 595 618 629
83 89 90 96 121 128 134 135 141 149 153 157 204 205 215 216 403
 405 411 417 562 577 581 598 619 629
82 88 92 99 124 127 133 136 140 147 151 158 200 202 208 213 404
 409 413 416 559 575 580 597 615 629
30 41 77 98 103 135 140 163 199 232 269 286 311 356 375 393 415
 426 461 488 532 568 576 586 620 643
34 42 76 97 101 138 143 162 195 231 265 285 314 357 376 393 416
 427 463 487 529 564 577 585 623 645
33 43 79 96 102 136 142 161 198 233 268 280 310 358 377 393 418
 428 462 484 531 567 579 589 624 641
26 49 70 94 114 134 148 172 187 220 263 289 319 349 367 395 401
 422 465 502 533 567 575 586 623 634
22 56 62 88 118 123 157 168 190 225 277 299 309 348 378 392 410
 436 471 503 530 567 576 585 621 650
25 46 72 93 113 133 146 173 189 224 262 284 317 347 365 395 403
 421 466 494 529 565 576 589 622 631
27 48 73 91 111 132 149 170 186 223 260 281 315 350 366 395 404
 424 468 489 530 564 579 588 620 632
37 51 65 83 108 129 152 178 181 237 270 298 304 341 360 394 409
 431 476 499 533 564 576 587 624 638
28 47 74 92 112 131 145 171 188 221 264 288 316 351 369 395 400
 423 467 497 531 568 577 587 621 633
29 45 71 90 110 130 147 174 185 222 261 282 318 345 368 395 402
 420 469 492 532 566 578 585 624 635
36 52 68 80 105 125 151 177 184 239 273 291 300 342 361 394 407
 432 477 490 532 567 577 588 622 637
35 54 69 84 109 127 153 175 182 235 274 297 301 344 363 394 406
 434 475 498 530 568 578 589 623 636
32 44 78 99 104 139 144 160 196 230 267 287 312 359 373 393 417
 429 460 486 533 565 578 588 621 642
31 40 75 95 100 137 141 164 197 234 266 283 313 355 370 393 419
 425 464 485 530 566 575 587 622 644
24 58 64 86 116 120 158 167 192 226 278 293 307 353 379 392 411
 438 473 496 532 565 579 587 623 649
23 55 61 85 115 121 155 169 193 229 275 290 306 346 374 392 413
 435 474 491 531 564 578 586 622 648
20 57 63 89 119 122 156 165 194 227 279 295 305 354 372 392 412
 439 470 501 529 568 575 588 624 647
21 59 60 87 117 124 159 166 191 228 276 292 308 352 371 392 414
 437 472 493 533 566 577 589 620 646
38 50 66 81 107 126 150 179 183 238 272 296 302 340 362 394 405
 430 478 500 531 565 575 585 620 640
39 53 67 82 106 128 154 176 180 236 271 294 303 343 364 394 408
 433 479 495 529 566 579 586 621 639
16 33 47 78 88 108 130 143 173 186 218 239 297 328 371 386 405
 453 470 485 505 515 528 586 601 649
0 25 53 74 99 115 125 149 175 181 203 226 292 332 377 387 412
 449 464 502 507 516 525 585 601 643
12 21 44 62 82 111 135 155 161 195 206 222 284 339 363 384 401
 442 478 501 508 517 526 587 601 637
19 34 46 75 85 109 134 140 174 188 217 237 296 327 378 386 408
 450 473 484 507 518 526 588 604 646
7 38 55 68 93 103 124 153 168 194 211 230 285 320 368 385 418
 458 468 495 505 516 524 587 604 634
3 29 52 72 95 119 129 145 179 182 202 228 299 331 376 387 411
 447 462 489 504 517 527 586 604 642
8 23 43 63 83 113 137 158 163 196 201 223 289 330 364 384 400
 444 477 493 505 518 527 585 603 636
18 32 49 76 86 106 131 141 170 185 219 238 291 329 372 386 409
 451 471 488 508 516 527 589 602 648
4 26 51 71 96 116 127 146 176 183 207 225 290 336 375 387 414
 445 463 497 508 515 524 588 603 644
5 36 58 69 94 100 121 154 165 191 213 233 287 322 366 385 415
 459 466 499 504 515 526 585 602 633
11 37 59 66 91 102 122 151 167 190 212 231 283 321 369 385 417
 457 469 498 508 518 525 586 600 631
2 27 54 70 97 117 126 147 177 180 205 229 295 338 373 387 410
 448 461 494 506 518 528 587 602 641
13 24 41 60 81 114 138 157 164 198 208 224 288 337 360 384 402
 440 475 491 504 516 528 588 600 639
10 22 40 61 80 112 139 156 162 199 204 220 282 333 362 384 404
 441 479 496 506 515 525 589 604 638
14 39 57 65 90 104 123 150 169 192 214 234 286 323 367 385 416
 456 467 490 507 517 528 589 603 632
17 31 48 77 87 105 133 142 171 187 216 236 298 325 379 386 406
 454 474 486 506 517 524 585 600 647
1 28 50 73 98 118 128 148 178 184 210 227 293 334 370 387 413
 446 460 492 505 514 526 589 600 645
9 35 56 67 92 101 120 152 166 193 215 232 280 324 365 385 419
 455 465 500 506 514 527 588 601 635
6 20 42 64 84 110 136 159 160 197 209 221 281 335 361 384 403
 443 476 503 507 514 524 586 602 640
15 30 45 79 89 107 132 144 172 189 200 235 294 326 374 386 407
 452 472 487 504 514 525 587 603 650
70 87 119 136 153 169 188 207 223 255 291 304 322 356 370 382 436
 441 469 487 565 574 583 601 609 639
68 98 101 134 155 160 181 213 238 244 299 307 333 350 369 380 428
 453 475 494 566 571 584 603 609 647
60 94 112 128 140 173 194 206 226 248 283 312 325 344 361 383 420
 447 471 500 564 574 582 603 608 641
73 88 116 138 150 165 189 205 221 259 298 301 321 359 377 382 435
 444 465 488 566 573 582 604 606 637
69 95 104 131 158 161 183 215 239 241 295 309 335 347 368 380 426
 452 479 502 564 573 583 600 605 646
64 90 111 126 143 171 193 208 227 247 287 311 329 341 364 383 421
 449 472 498 567 571 583 604 607 644
65 99 103 132 156 164 182 212 236 242 290 308 330 351 365 380 427
 450 478 492 567 574 581 602 606 649
72 89 118 139 151 166 187 203 222 257 296 303 320 358 375 382 438
 440 467 485 564 572 584 602 607 636
79 81 106 123 147 175 197 218 232 254 289 316 336 352 379 381 432
 459 460 501 564 570 581 604 609 631
61 92 110 129 141 172 191 201 225 249 285 310 327 343 363 383 424
 448 470 490 565 570 584 600 606 643
66 96 100 133 159 162 180 211 237 240 293 306 337 345 367 380 429
 451 477 489 568 570 582 601 607 650
78 83 109 120 145 177 199 219 233 252 284 319 332 354 374 381 430
 458 463 503 566 574 580 600 607 632
75 84 107 124 146 178 196 216 231 253 282 315 331 353 372 381 433
 456 461 491 567 573 584 601 608 633
74 85 117 135 154 167 185 210 224 256 297 302 324 355 376 382 439
 443 468 486 567 570 580 603 605 638
76 82 105 121 148 179 198 217 230 250 281 317 338 348 371 381 431
 457 464 496 568 572 583 603 606 635
71 86 115 137 152 168 186 202 220 258 294 300 323 357 373 382 437
 442 466 484 568 571 581 600 608 640
67 97 102 130 157 163 184 214 235 243 292 305 339 349 366 380 425
 454 476 497 565 572 580 604 608 648
62 91 113 125 144 174 192 204 228 245 280 313 328 340 360 383 422
 445 474 495 568 573 580 602 609 645
63 93 114 127 142 170 190 209 229 246 286 314 326 342 362 383 423
 446 473 499 566 572 581 601 605 642
77 80 108 122 149 176 195 200 234 251 288 318 334 346 378 381 434
 455 462 493 565 571 582 602 605 634
4 25 52 62 112 132 152 165 209 238 250 319 320 353 364 393 413
 434 454 469 510 528 534 562 570 646
17 33 45 67 104 138 149 179 211 220 249 313 336 342 369 392 409
 421 443 461 509 526 534 561 574 636
13 22 44 72 115 122 140 170 205 233 241 307 328 349 370 394 400
 427 456 472 513 524 536 561 570 635
18 31 46 66 103 136 148 175 215 222 245 312 331 343 366 392 407
 423 444 463 513 528 538 560 571 638
5 39 56 79 108 126 158 162 217 228 257 300 339 355 372 395 417
 435 446 475 510 524 535 560 574 643
1 26 54 63 110 133 150 166 206 239 252 316 322 348 360 393 411
 433 450 468 511 525 535 561 571 648
19 30 48 65 102 139 146 177 213 221 247 314 334 344 368 392 405
 422 442 464 512 527 535 563 570 639
7 35 58 78 106 129 155 164 216 227 259 302 335 356 378 395 416
 437 445 477 513 525 534 563 572 641
8 24 42 73 117 123 142 174 202 230 244 306 329 347 375 394 401
 425 455 470 512 525 538 562 574 633
6 21 41 74 118 121 143 172 207 234 242 305 325 345 373 394 404
 428 458 473 511 527 534 560 573 631
2 29 51 61 113 131 153 167 208 236 251 315 323 352 361 393 412
 430 453 465 512 526 536 560 572 650
16 34 49 68 100 135 145 176 214 223 246 310 338 341 365 392 406
 420 440 460 510 525 536 559 573 640
10 20 43 70 116 124 141 173 203 232 243 309 326 351 376 394 402
 429 457 474 510 526 537 563 571 632
3 28 53 60 111 134 151 169 201 235 254 318 324 354 362 393 410
 431 451 466 509 524 538 563 573 649
15 32 47 69 101 137 147 178 212 224 248 311 332 340 367 392 408
 424 441 462 511 524 537 562 572 637
0 27 50 64 114 130 154 168 204 237 253 317 321 346 363 393 414
 432 452 467 513 527 537 559 574 647
12 23 40 71 119 120 144 171 210 231 240 308 327 350 377 394 403
 426 459 471 509 528 535 559 572 634
14 38 59 75 105 127 156 161 218 226 256 303 337 359 374 395 415
 436 448 476 509 527 536 562 571 645
9 37 57 77 107 125 157 160 219 229 255 301 330 357 371 395 418
 438 447 479 511 526 538 559 570 644
11 36 55 76 109 128 159 163 200 225 258 304 333 358 379 395 419
 439 449 478 512 528 537 561 573 642
18 36 104 122 143 178 198 202 226 254 275 296 330 356 363 397 403
 422 468 497 506 510 539 566 617 650
4 23 114 135 147 166 186 211 233 259 266 299 325 351 372 398 407
 431 479 498 507 512 542 565 617 645
3 22 110 138 146 167 187 215 234 255 267 292 329 350 374 398 408
 432 478 499 505 510 540 568 615 641
13 28 116 129 159 174 194 218 238 246 271 284 323 346 366 396 417
 426 464 487 506 511 542 567 615 636
19 38 101 123 141 176 196 210 229 252 276 298 339 358 361 397 404
 421 469 502 504 513 542 568 618 649
8 26 115 128 156 171 190 219 237 245 274 281 324 352 368 396 416
 428 461 485 504 510 541 565 616 637
7 34 107 130 151 161 181 209 224 242 263 287 336 343 370 399 411
 435 471 493 506 512 543 568 616 632
1 24 112 137 149 169 189 213 232 257 265 295 327 345 371 398 406
 430 476 495 508 513 539 567 616 642
6 27 119 125 158 173 193 216 235 249 272 288 320 348 367 396 415
 427 460 484 508 512 540 566 618 638
15 39 103 121 142 177 197 203 227 253 277 297 333 357 360 397 400
 420 465 489 508 509 543 565 615 646
12 25 117 127 157 172 192 217 236 247 273 282 322 354 369 396 419
 429 462 488 505 513 543 564 617 640
9 33 109 133 154 164 184 201 221 244 261 286 331 340 373 399 412
 436 472 496 508 510 542 564 619 634
14 30 106 134 152 162 182 208 222 241 260 283 338 342 377 399 414
 439 474 503 505 511 539 565 618 633
0 21 113 136 145 165 185 212 230 258 269 293 326 349 378 398 405
 433 475 490 506 509 541 564 618 644
2 20 111 139 148 168 188 214 231 256 268 290 328 347 379 398 409
 434 477 500 504 511 543 566 619 643
17 37 100 120 140 175 195 207 228 250 279 294 335 359 362 397 402
 424 467 494 505 512 541 567 619 648
16 35 102 124 144 179 199 205 225 251 278 291 337 355 364 397 401
 423 466 492 507 511 540 564 616 647
5 32 105 132 153 163 183 206 220 240 264 280 334 341 376 399 410
 438 470 491 507 513 541 566 615 631
11 31 108 131 150 160 180 204 223 243 262 285 332 344 375 399 413
 437 473 501 504 509 540 567 617 635
10 29 118 126 155 170 191 200 239 248 270 289 321 353 365 396 418
 425 463 486 507 509 539 568 619 639
184 188 191 195 302 307 312 317 323 326 330 336 360 368 372 377 404
 406 410 419 540 556 562 586 607 627
182 185 193 196 300 309 310 319 321 325 334 337 362 366 371 375 403
 408 412 416 543 557 561 587 609 627
181 189 190 199 303 308 313 318 322 329 335 338 363 367 376 379 400
 405 413 418 542 558 560 588 608 627
183 187 194 197 304 306 314 315 324 328 332 339 364 369 373 378 402
 407 411 415 539 554 559 589 606 627
180 186 192 198 301 305 311 316 320 327 331 333 361 365 370 374 401
 409 414 417 541 555 563 585 605 627
400 407 414 416 421 429 430 438 441 448 454 455 464 468 471 475 484
 492 499 501 549 573 586 590 619 625
403 409 410 415 420 425 433 437 444 446 453 458 462 467 474 478 487
 496 498 502 553 570 588 594 616 625
401 405 412 419 424 427 431 435 440 447 452 459 461 469 473 477 486
 495 497 503 551 571 589 591 615 625
402 406 413 417 422 428 432 436 443 449 450 456 463 466 470 479 488
 489 493 500 550 572 587 592 618 625
404 408 411 418 423 426 434 439 442 445 451 457 460 465 472 476 485
 490 491 494 552 574 585 593 617 625
