625 626 627 628 629 630 631 632 633 634 635 636 637 638 639 640 641
 642 643 644 645 646 647 648 649 650
20 21 22 32 33 40 41 51 52 53 261 262 263 272 273 281 282
 283 284 293 301 302 307 308 320 640
29 30 31 37 38 47 48 49 50 58 269 270 271 279 280 291 292
 298 299 300 305 306 317 318 319 640
27 28 35 36 39 46 54 55 56 57 266 267 268 277 278 289 290
 295 296 297 312 313 314 315 316 640
23 24 25 26 34 42 43 44 45 59 264 265 274 275 276 285 286
 287 288 294 303 304 309 310 311 640
42 46 48 52 60 164 169 174 179 182 186 196 197 198 199 211 212
 213 214 235 236 237 247 248 249 632
40 57 58 59 60 163 170 172 175 177 194 195 207 208 209 224 225
 226 233 234 244 245 246 258 259 633
41 45 47 54 60 162 166 167 183 185 192 193 204 205 206 221 222
 223 231 232 241 242 243 256 257 634
44 50 51 56 60 161 176 178 180 184 191 201 202 203 210 218 219
 220 229 230 238 239 240 254 255 631
43 49 53 55 60 165 168 171 173 181 187 188 189 190 200 215 216
 217 227 228 250 251 252 253 260 630
60 61 62 75 76 77 86 87 88 94 95 261 275 277 280 354 357
 362 364 366 384 387 388 394 397 635
60 72 73 74 83 84 93 106 107 108 109 262 267 276 279 349 353
 356 361 372 373 377 380 392 396 638
60 69 70 71 81 82 102 103 104 105 110 263 268 270 274 348 352
 355 360 371 376 386 389 393 395 636
60 67 68 79 80 85 90 91 92 100 101 264 266 271 273 350 358
 363 365 367 374 378 379 382 391 637
60 63 64 65 66 78 89 96 97 98 99 265 269 272 278 351 359
 368 369 370 375 381 383 385 390 639
63 75 79 81 83 111 112 122 123 124 211 215 221 224 229 310 314
 317 320 346 525 526 527 528 539 641
68 71 74 77 78 131 132 133 134 135 214 217 223 226 230 301 304
 306 313 346 536 537 538 547 548 645
66 67 70 76 84 118 119 120 121 130 213 216 220 232 234 305 307
 311 316 346 535 544 545 546 549 643
62 65 69 73 80 115 116 117 128 129 219 222 225 228 235 303 308
 312 318 346 532 533 534 542 543 642
61 64 72 82 85 113 114 125 126 127 212 218 227 231 233 302 309
 315 319 346 529 530 531 540 541 644
21 26 31 39 60 450 451 464 465 466 500 511 512 513 514 525 532
 535 536 540 550 561 562 563 564 628
27 33 34 37 60 462 463 471 472 473 507 508 509 510 523 528 531
 538 543 549 558 559 560 572 573 625
22 23 29 36 60 459 460 461 469 470 519 520 521 522 524 530 534
 537 539 546 554 555 556 557 571 626
20 25 35 38 60 456 457 458 467 468 505 506 516 517 518 527 533
 541 545 548 553 568 569 570 574 629
24 28 30 32 60 452 453 454 455 474 501 502 503 504 515 526 529
 542 544 547 551 552 565 566 567 627
187 196 201 204 207 301 311 314 319 347 374 376 383 388 392 501 505
 507 511 524 575 576 577 588 589 642
186 191 200 206 209 307 309 313 318 347 375 380 382 384 393 504 514
 518 522 523 585 586 587 598 599 641
190 193 199 203 208 302 303 316 317 347 373 378 381 389 397 503 510
 513 517 521 583 584 595 596 597 645
189 195 198 202 205 304 305 312 320 347 377 379 385 394 395 500 502
 509 516 520 581 582 592 593 594 644
188 192 194 197 210 306 308 310 315 347 386 387 390 391 396 506 508
 512 515 519 578 579 580 590 591 643
88 91 96 109 110 242 246 248 252 254 281 285 295 298 346 400 401
 412 413 414 500 504 505 508 521 647
90 94 99 104 107 240 249 250 256 259 284 294 297 300 346 410 411
 421 422 423 507 514 515 517 520 649
87 97 100 105 108 237 238 241 245 260 283 288 290 299 346 408 409
 418 419 420 503 509 511 518 519 646
93 95 98 101 102 239 244 247 253 257 287 289 292 293 346 406 407
 416 417 424 501 510 512 516 522 650
86 89 92 103 106 236 243 251 255 258 282 286 291 296 346 402 403
 404 405 415 502 506 513 523 524 648
214 222 227 229 234 263 264 277 279 398 401 402 407 408 422 452 459
 462 464 467 578 585 588 592 595 639
213 221 228 230 233 262 265 266 280 398 413 415 418 423 424 451 455
 458 461 473 577 582 584 587 591 636
211 216 219 226 231 267 270 272 275 398 403 411 412 416 420 454 457
 460 466 472 581 583 589 590 599 637
217 218 224 232 235 268 269 273 276 398 400 405 410 417 419 453 465
 468 470 471 576 580 586 594 597 635
212 215 220 223 225 261 271 274 278 398 404 406 409 414 421 450 456
 463 469 474 575 579 593 596 598 638
60 138 142 146 148 160 301 309 312 317 321 322 332 333 334 402 406
 410 412 418 475 476 477 478 491 643
60 136 137 143 145 158 304 308 316 319 331 342 343 344 345 401 409
 411 415 417 488 489 490 497 498 641
60 150 152 153 155 159 311 315 318 320 327 328 329 330 341 405 407
 414 420 423 485 486 487 495 496 645
60 139 151 154 156 157 303 306 307 314 325 326 338 339 340 404 413
 416 419 422 482 483 484 494 499 644
60 140 141 144 147 149 302 305 310 313 323 324 335 336 337 400 403
 408 421 424 479 480 481 492 493 642
42 51 54 58 86 91 99 102 108 399 475 479 482 495 497 527 530
 536 542 549 577 590 592 597 598 630
45 50 53 57 88 90 98 105 106 399 478 481 484 487 490 525 529
 533 538 546 576 591 593 595 599 632
49 52 56 59 94 97 101 103 109 399 477 483 486 493 498 528 532
 537 541 544 580 581 587 588 596 634
41 44 48 55 89 95 100 107 110 399 485 489 491 492 494 539 540
 543 545 547 575 578 582 583 586 633
40 43 46 47 87 92 93 96 104 399 476 480 488 496 499 526 531
 534 535 548 579 584 585 589 594 631
86 98 100 104 109 161 162 173 174 175 307 310 312 319 398 551 560
 564 571 574 601 603 607 619 623 645
88 92 97 102 107 171 172 182 183 184 306 309 316 320 398 550 555
 558 567 569 612 614 616 620 621 642
89 91 93 94 105 170 179 180 181 185 302 304 314 318 398 553 556
 562 565 573 600 606 615 618 622 643
90 95 96 103 108 167 168 169 177 178 301 303 305 315 398 552 554
 563 570 572 602 604 608 610 624 641
87 99 101 106 110 163 164 165 166 176 308 311 313 317 398 557 559
 561 566 568 605 609 611 613 617 644
23 32 35 37 65 77 79 82 84 186 190 195 204 210 399 405 406
 408 411 413 605 608 612 618 623 628
26 33 36 38 63 68 69 72 76 187 191 192 198 208 399 401 404
 410 420 424 601 604 606 611 620 627
22 28 31 34 62 66 71 83 85 194 196 200 203 205 399 400 402
 409 416 423 602 607 609 614 622 629
21 25 27 30 64 70 74 75 80 189 193 197 201 209 399 403 414
 417 418 422 600 603 617 621 624 626
20 24 29 39 61 67 73 78 81 188 199 202 206 207 399 407 412
 415 419 421 610 613 615 616 619 625
24 31 33 35 113 117 123 130 135 237 242 244 250 255 373 374 384
 385 386 398 478 480 482 486 489 626
20 30 34 36 112 115 120 126 134 239 241 246 249 251 382 383 395
 396 397 398 476 490 493 494 495 628
21 23 28 38 118 124 125 128 133 238 243 247 252 259 381 391 392
 393 394 398 475 487 492 498 499 625
26 27 29 32 114 116 121 122 132 240 248 257 258 260 379 380 388
 389 390 398 481 483 491 496 497 629
22 25 37 39 111 119 127 129 131 236 245 253 254 256 375 376 377
 378 387 398 477 479 484 485 488 627
0 1 2 3 4 5 6 7 8 9 10 11 12 13 14 15 16
 17 18 19 60 346 347 398 399 640
63 70 73 77 85 237 251 254 257 259 327 332 335 338 342 552 556
 558 564 568 575 581 585 591 597 640
61 66 69 74 79 238 242 249 253 258 330 334 337 340 344 553 559
 563 567 571 577 578 594 596 599 640
65 67 71 72 75 236 240 241 244 252 322 326 329 336 343 550 554
 566 573 574 584 586 588 590 593 640
62 64 68 81 84 239 243 245 248 250 324 328 333 339 345 551 557
 562 569 572 576 579 583 587 592 640
76 78 80 82 83 246 247 255 256 260 321 323 325 331 341 555 560
 561 565 570 580 582 589 595 598 640
20 23 27 31 94 96 100 102 106 212 226 228 229 232 321 326 328
 337 342 347 425 436 437 438 449 627
32 34 38 39 92 95 99 105 109 213 219 223 224 227 323 330 332
 339 343 347 434 435 446 447 448 626
21 24 36 37 88 89 101 104 108 215 230 231 234 235 324 329 331
 334 338 347 431 432 433 444 445 629
22 26 30 35 87 91 98 103 107 214 216 218 221 225 322 335 340
 341 345 347 429 430 441 442 443 625
25 28 29 33 86 90 93 97 110 211 217 220 222 233 325 327 333
 336 344 347 426 427 428 439 440 628
60 115 122 125 130 131 282 287 297 298 429 431 434 439 449 583 588
 591 594 598 600 601 602 612 613 646
60 117 121 124 127 134 281 288 289 300 425 428 443 445 448 578 587
 589 593 597 610 611 621 622 623 648
60 114 120 123 129 133 283 291 294 295 427 433 438 442 447 577 579
 581 586 595 609 618 619 620 624 650
60 112 113 119 128 132 285 293 296 299 430 437 440 444 446 575 580
 584 592 599 606 607 608 616 617 649
60 111 116 118 126 135 284 286 290 292 426 432 435 436 441 576 582
 585 590 596 603 604 605 614 615 647
40 42 50 55 321 330 336 338 345 346 373 379 383 387 393 453 457
 464 469 473 603 606 609 610 612 634
44 47 52 57 322 327 331 337 339 346 376 380 385 391 397 455 456
 459 465 472 602 615 617 620 623 630
45 46 49 51 325 328 334 335 343 346 378 384 390 392 395 451 454
 463 467 470 601 605 616 622 624 633
41 43 56 58 324 326 332 341 344 346 377 381 382 386 388 461 462
 466 468 474 600 608 611 614 619 632
48 53 54 59 323 329 333 340 342 346 374 375 389 394 396 450 452
 458 460 471 604 607 613 618 621 631
43 50 52 54 121 123 126 128 131 347 348 351 357 363 372 402 413
 417 420 421 551 553 554 558 561 633
40 45 48 56 113 118 122 129 134 347 350 356 362 368 371 405 409
 412 422 424 557 564 567 570 573 630
47 51 55 59 112 116 127 130 133 347 349 352 358 364 369 400 404
 407 411 418 556 560 563 566 569 632
41 42 49 57 111 117 120 125 132 347 353 359 360 365 366 401 403
 406 419 423 552 555 559 562 574 631
44 46 53 58 114 115 119 124 135 347 354 355 361 367 370 408 410
 414 415 416 550 565 568 571 572 634
161 164 177 181 183 377 383 384 389 391 404 408 412 417 423 425 439
 441 444 447 529 532 539 548 549 640
163 168 174 184 185 374 380 381 387 395 403 407 409 410 413 426 431
 437 442 448 527 534 538 540 544 640
162 169 170 171 176 373 376 382 390 394 402 411 414 419 424 429 435
 438 440 445 525 531 537 542 545 640
165 167 175 180 182 378 385 388 393 396 400 406 415 420 422 427 432
 443 446 449 528 530 533 535 547 640
166 172 173 178 179 375 379 386 392 397 401 405 416 418 421 428 430
 433 434 436 526 536 541 543 546 640
116 119 123 125 134 173 176 177 182 185 266 272 274 279 321 324 327
 340 343 399 505 509 513 515 522 635
112 114 117 118 131 166 169 175 181 184 263 276 278 280 322 323 328
 338 344 399 503 508 514 516 524 637
111 113 115 121 133 165 170 174 178 183 262 268 271 275 334 336 339
 341 342 399 504 506 510 511 520 639
120 122 127 128 135 162 164 168 172 180 265 270 273 277 326 330 331
 333 335 399 502 507 512 518 521 638
124 126 129 130 132 161 163 167 171 179 261 264 267 269 325 329 332
 337 345 399 500 501 517 519 523 636
236 238 246 250 257 301 310 316 318 348 349 366 367 368 399 425 426
 429 433 446 451 457 459 471 474 644
241 248 253 255 259 304 307 315 317 364 365 370 371 372 399 430 432
 438 439 448 455 460 463 464 468 642
240 242 245 247 251 305 308 309 314 360 361 362 363 369 399 428 435
 442 444 449 454 458 462 465 469 645
243 244 249 254 260 302 306 311 312 355 356 357 358 359 399 431 436
 440 443 447 452 456 466 470 473 641
237 239 252 256 258 303 313 319 320 350 351 352 353 354 399 427 434
 437 441 445 450 453 461 467 472 643
25 31 32 36 139 141 146 150 158 167 172 174 176 181 346 350 355
 366 369 372 575 587 590 594 595 625
21 29 34 35 136 138 147 154 155 164 171 175 178 185 346 349 354
 359 363 371 577 580 583 585 593 627
22 24 27 38 142 145 149 152 157 163 169 173 180 183 346 348 353
 358 362 370 579 582 588 597 599 628
20 26 28 37 137 144 151 153 160 162 165 177 179 184 346 352 357
 361 365 368 586 589 591 592 596 626
23 30 33 39 140 143 148 156 159 161 166 168 170 182 346 351 356
 360 364 367 576 578 581 584 598 629
61 65 68 70 83 168 175 176 179 183 284 285 289 291 347 454 456
 461 464 471 478 485 493 497 499 646
69 75 78 84 85 166 171 174 177 180 281 286 297 299 347 450 455
 457 462 470 476 479 483 487 489 650
62 63 67 74 82 162 163 178 181 182 283 287 296 300 347 451 452
 468 469 472 475 481 486 488 494 647
66 72 77 80 81 164 167 170 173 184 290 293 294 298 347 460 465
 467 473 474 480 484 491 495 498 648
64 71 73 76 79 161 165 169 172 185 282 288 292 295 347 453 458
 459 463 466 477 482 490 492 496 649
136 148 149 150 151 241 247 250 254 258 267 273 274 280 347 526 530
 532 538 545 604 612 617 619 622 639
147 157 158 159 160 237 240 243 246 253 271 272 276 277 347 528 540
 542 546 548 600 605 607 610 620 636
144 145 146 155 156 245 249 252 255 257 261 265 268 279 347 525 534
 541 547 549 601 608 609 615 621 637
141 142 143 153 154 236 239 242 259 260 263 266 269 275 347 527 529
 535 537 543 602 603 611 616 618 638
137 138 139 140 152 238 244 248 251 256 262 264 270 278 347 531 533
 536 539 544 606 613 614 623 624 635
42 47 53 56 66 68 73 75 82 137 141 148 155 157 398 426 430
 445 447 449 500 503 506 507 522 633
41 46 50 59 64 67 69 77 83 143 146 147 151 152 398 428 431
 438 441 446 501 508 513 518 520 630
40 44 49 54 62 70 72 78 79 140 145 150 154 160 398 425 432
 434 440 442 502 505 510 514 519 632
45 52 55 58 61 63 71 80 84 136 139 142 144 159 398 427 429
 436 444 448 504 509 512 517 524 631
43 48 51 57 65 74 76 81 85 138 149 153 156 158 398 433 435
 437 439 443 511 515 516 521 523 634
213 217 225 229 231 352 359 362 367 372 478 483 488 492 495 504 507
 513 516 519 600 604 609 616 623 640
211 218 223 228 234 351 358 361 366 371 479 486 490 491 499 501 506
 509 514 521 603 608 613 620 622 640
214 215 219 232 233 348 354 356 365 369 477 480 487 494 497 500 510
 515 518 524 602 605 606 619 621 640
212 216 222 224 230 349 350 357 360 370 475 484 489 493 496 502 508
 511 517 522 607 611 612 615 624 640
220 221 226 227 235 353 355 363 364 368 476 481 482 485 498 503 505
 512 520 523 601 610 614 617 618 640
136 140 146 153 157 216 223 229 233 235 288 291 293 297 373 375 388
 391 395 399 552 561 569 571 573 647
139 143 149 155 160 213 215 218 222 226 281 292 294 296 378 380 383
 386 394 399 550 551 556 559 570 646
144 148 152 154 158 212 217 219 221 234 284 287 295 299 374 377 390
 393 397 399 553 555 564 566 572 648
138 141 145 151 159 211 225 227 230 232 283 286 289 298 382 385 387
 389 392 399 557 558 563 565 574 649
137 142 147 150 156 214 220 224 228 231 282 285 290 300 376 379 381
 384 396 399 554 560 562 567 568 650
187 199 205 209 210 284 288 296 298 333 337 338 341 343 353 357 367
 369 371 398 535 538 539 541 542 650
188 191 193 195 196 282 289 294 299 322 324 325 330 342 348 350 359
 361 364 398 526 533 537 540 549 647
197 200 202 204 208 286 293 295 300 328 331 332 336 340 352 356 363
 366 370 398 527 531 532 546 547 646
190 194 198 201 206 283 285 292 297 323 326 327 334 345 349 351 355
 362 365 398 528 529 534 536 545 648
186 189 192 203 207 281 287 290 291 321 329 335 339 344 354 358 360
 368 372 398 525 530 543 544 548 649
187 195 197 203 206 273 275 278 279 346 426 434 438 443 444 478 479
 494 496 498 556 561 567 572 574 636
193 198 200 207 210 264 268 272 280 346 425 427 430 431 435 476 484
 486 492 497 558 562 566 570 571 638
186 188 201 205 208 262 269 274 277 346 433 440 441 448 449 475 480
 483 485 490 551 555 563 568 573 637
189 191 194 199 204 261 266 270 276 346 436 439 442 445 446 482 487
 488 491 493 550 552 553 557 560 639
190 192 196 202 209 263 265 267 271 346 428 429 432 437 447 477 481
 489 495 499 554 559 564 565 569 635
14 44 71 101 127 143 171 208 211 243 278 284 318 321 362 396 413
 430 467 481 511 549 552 594 619 626
15 43 83 89 119 140 164 191 222 259 268 283 319 328 358 397 406
 429 458 483 500 538 567 590 610 626
18 42 62 104 131 156 185 187 233 238 267 281 305 342 370 382 405
 441 456 491 512 528 566 595 616 626
16 45 85 108 111 148 175 198 220 252 277 293 306 337 348 383 411
 442 468 496 513 543 565 587 613 626
17 59 66 88 129 159 178 192 217 247 266 282 317 326 353 395 408
 443 457 497 514 531 551 575 615 626
10 51 63 106 114 155 170 200 223 247 270 285 316 324 357 374 422
 441 455 477 519 543 574 594 610 628
19 52 62 89 120 143 173 204 229 244 271 285 313 325 371 377 410
 435 457 496 503 530 563 591 621 625
13 52 72 100 132 147 168 205 219 259 280 286 314 334 368 386 414
 443 453 488 522 549 569 595 613 628
13 51 71 88 115 148 163 190 232 237 279 294 315 344 363 375 424
 446 456 483 502 539 562 589 603 625
10 41 85 104 134 140 169 195 228 255 269 287 314 333 349 387 420
 447 467 497 504 546 550 596 617 625
12 53 83 101 126 159 180 186 226 242 280 288 316 336 359 376 404
 434 468 491 515 534 564 592 624 625
11 53 69 94 121 136 161 196 224 243 279 287 313 338 365 385 418
 442 474 485 521 531 570 590 616 628
12 41 76 96 122 154 182 194 227 238 271 294 312 329 352 373 417
 430 454 479 524 538 568 587 615 628
11 40 66 108 112 156 183 210 212 250 270 286 312 327 354 378 401
 448 458 481 501 537 561 586 600 625
19 40 68 102 116 138 166 203 213 252 269 288 315 331 361 384 403
 429 452 484 520 528 553 575 619 628
17 44 61 103 112 146 173 195 213 256 267 283 306 336 368 374 417
 449 463 487 521 542 562 585 611 629
19 51 84 90 124 157 172 188 231 236 280 287 312 341 351 389 409
 438 465 493 505 547 559 585 606 626
11 52 79 110 125 152 181 206 230 245 269 294 316 335 356 388 416
 437 464 476 506 542 560 593 604 626
10 53 77 97 128 142 176 199 234 256 271 286 315 345 360 380 400
 425 466 494 516 526 573 577 601 626
14 43 67 107 115 150 169 210 223 245 277 281 317 325 352 385 403
 436 471 498 522 529 564 577 606 629
15 42 78 87 126 158 183 190 224 254 266 293 318 333 361 386 422
 438 472 492 524 544 563 593 601 629
13 41 65 93 118 145 174 207 215 254 270 288 313 340 364 379 402
 449 451 495 517 529 572 580 620 626
12 40 82 86 133 149 167 202 235 253 279 285 314 322 367 390 423
 436 450 490 518 544 558 583 611 626
18 45 81 91 120 141 163 186 219 253 278 282 319 327 357 373 418
 425 462 499 520 547 550 580 604 629
16 59 73 98 134 139 180 204 227 236 268 284 305 344 365 384 414
 437 473 475 519 526 561 583 620 629
10 52 70 95 111 151 171 192 218 246 279 288 312 328 350 381 415
 439 469 480 507 536 566 599 618 629
15 44 80 109 133 151 181 207 212 257 277 282 305 345 371 375 420
 445 470 478 515 527 559 584 614 628
12 51 80 105 119 137 175 187 221 249 269 286 313 326 372 394 412
 428 459 486 510 540 552 579 612 629
19 53 64 109 131 144 178 198 225 241 270 294 314 321 366 391 407
 440 461 489 523 535 567 597 605 629
16 42 70 92 128 153 167 188 226 240 278 283 317 340 354 377 424
 431 459 489 504 541 560 576 622 628
18 43 64 95 124 160 174 202 232 258 266 284 306 335 349 376 401
 444 460 486 503 533 573 598 609 628
11 41 74 92 129 160 164 208 216 239 280 285 315 342 369 393 421
 426 470 482 509 525 565 588 623 629
13 40 75 99 127 153 185 191 214 251 271 287 316 337 355 392 419
 427 460 478 508 532 551 582 608 629
17 45 74 99 125 137 172 199 229 260 268 281 318 322 363 387 404
 432 461 480 501 545 572 581 607 628
14 59 75 105 118 144 176 206 228 248 267 293 319 341 359 378 410
 433 469 482 502 548 558 578 602 628
11 51 61 98 135 141 177 189 222 248 271 288 314 332 348 396 405
 431 472 498 514 545 555 584 609 627
12 52 78 107 117 146 165 193 220 258 270 287 315 343 362 382 408
 433 473 499 500 527 556 576 607 627
18 44 84 97 116 152 168 194 214 242 268 293 317 338 350 394 421
 447 451 490 523 530 574 589 600 627
16 44 63 94 130 147 165 209 235 241 266 281 319 330 356 389 402
 426 454 484 516 536 555 579 608 625
17 43 69 100 135 154 179 201 231 246 278 293 305 343 364 380 423
 427 452 477 506 525 557 597 612 625
14 42 72 96 123 138 162 189 234 239 268 282 306 323 367 388 409
 428 455 485 517 532 556 599 605 625
17 42 79 93 121 149 166 200 225 255 277 284 319 329 355 381 412
 446 465 494 509 537 569 591 624 627
19 41 81 87 113 150 179 209 217 240 279 286 316 323 358 383 413
 445 463 475 512 533 571 581 602 627
16 43 77 110 114 145 182 203 221 244 267 282 318 334 369 391 419
 448 450 493 507 546 570 592 603 627
13 53 67 103 123 139 184 197 233 257 269 285 312 330 353 397 411
 432 462 492 511 548 557 598 622 627
10 40 73 91 130 158 162 201 211 260 280 294 313 339 370 395 406
 444 471 487 513 541 554 578 614 627
15 45 76 102 117 155 177 197 230 251 267 284 317 339 351 379 400
 440 474 488 518 540 571 588 618 625
14 45 65 86 132 157 170 196 218 250 266 283 305 331 372 393 407
 434 466 476 508 539 568 596 621 627
15 59 82 90 122 142 161 205 216 237 278 281 306 324 366 392 415
 435 464 495 510 534 553 586 617 627
18 59 68 106 113 136 184 193 215 249 277 283 318 332 360 390 416
 439 453 479 505 535 554 582 623 625
3 57 82 93 119 152 171 198 223 240 273 298 303 342 368 384 418
 432 466 493 524 527 551 578 609 625
5 56 84 86 131 145 164 192 224 260 272 292 309 337 352 374 414
 433 464 494 520 533 552 584 622 625
1 55 77 90 111 149 185 208 219 248 263 291 311 326 361 385 417
 445 451 476 519 541 567 598 607 625
2 54 65 110 127 142 178 187 213 258 261 299 310 328 365 373 422
 431 465 490 522 548 565 581 614 625
4 46 79 97 129 157 175 191 227 257 262 300 304 321 357 386 403
 444 450 495 521 545 566 576 602 625
9 58 75 109 132 160 182 200 220 256 265 289 308 338 358 395 405
 438 459 480 511 529 553 583 604 625
0 58 82 97 117 145 179 189 229 243 275 295 307 330 349 378 424
 441 465 476 515 538 554 575 613 629
5 57 68 96 124 147 181 199 222 255 262 299 311 340 362 395 411
 434 474 477 512 530 558 586 603 629
9 47 65 90 123 152 165 201 226 247 276 290 302 332 371 387 401
 429 450 494 502 549 571 587 616 629
2 57 75 92 115 151 173 186 231 238 263 292 304 333 356 390 400
 442 461 486 517 549 561 575 610 627
0 50 80 95 122 153 166 196 217 245 274 296 302 334 370 396 411
 425 461 482 500 544 574 585 620 625
7 50 84 110 113 149 162 197 228 259 264 289 301 343 354 375 404
 442 466 495 503 528 555 594 615 629
6 47 74 105 121 151 168 203 233 236 264 295 320 324 362 383 406
 436 460 489 514 542 568 580 601 625
8 49 77 93 130 157 177 193 212 238 265 296 320 323 363 376 410
 443 464 490 504 543 557 590 619 629
3 56 80 99 126 160 169 204 234 252 262 291 310 327 364 389 416
 443 469 489 518 538 562 594 616 627
1 56 63 102 128 154 174 206 233 250 261 298 304 322 358 396 408
 435 453 485 513 546 559 589 624 629
7 49 64 92 116 137 170 205 211 254 276 297 307 329 348 397 408
 437 469 478 512 547 570 577 611 625
5 55 64 105 120 153 183 195 230 247 261 300 303 344 367 380 402
 430 470 480 505 528 564 590 613 627
4 54 74 95 112 144 180 190 235 259 272 298 311 325 360 379 409
 441 459 478 506 531 550 587 619 627
4 55 69 106 125 138 167 207 220 237 273 292 310 341 370 397 413
 447 454 488 514 537 573 592 621 629
3 54 76 100 133 136 176 188 211 244 263 300 309 335 353 383 405
 446 455 484 500 534 572 596 600 629
1 46 70 109 134 137 163 210 215 243 273 299 309 336 351 388 423
 429 460 482 516 543 563 595 615 627
6 48 79 86 135 142 184 209 232 252 274 297 308 339 359 377 420
 430 451 493 501 531 556 595 610 629
2 46 72 94 118 155 172 202 217 242 272 291 303 345 348 382 406
 448 452 479 511 539 560 591 617 629
8 48 70 99 114 144 161 194 222 253 275 290 301 331 353 382 413
 449 470 486 513 526 569 593 606 625
7 58 68 94 120 154 169 190 218 257 274 290 320 336 369 392 412
 431 455 488 523 533 561 578 607 626
0 47 76 106 126 147 173 210 225 248 265 297 301 344 350 393 419
 444 452 485 510 527 550 581 622 626
8 50 63 100 134 138 183 186 216 258 276 295 308 325 355 394 407
 432 474 479 507 541 562 584 602 626
6 49 69 96 112 155 163 204 214 240 275 289 302 333 372 391 415
 433 453 484 509 545 564 598 614 626
9 48 72 102 115 136 180 195 221 260 264 296 307 327 366 381 421
 445 454 477 508 548 563 576 609 626
8 58 73 103 111 150 164 187 230 242 264 297 302 321 364 390 409
 446 472 499 516 546 551 586 621 628
6 50 61 107 129 158 185 198 215 244 265 290 307 328 367 389 400
 434 462 475 506 537 552 589 617 628
7 47 81 98 131 146 171 191 234 237 275 296 308 326 356 379 423
 448 471 492 505 530 565 596 624 628
9 49 67 87 127 141 175 192 235 255 274 295 301 342 351 380 416
 435 473 487 517 539 567 592 600 628
0 48 78 91 119 139 178 208 231 250 276 289 320 337 360 388 402
 447 463 498 518 534 566 591 603 628
1 57 73 87 114 146 168 196 232 239 272 300 310 329 371 378 404
 440 462 498 504 536 553 582 612 626
4 56 61 91 121 150 182 205 226 251 263 299 303 331 349 375 410
 439 473 492 501 525 574 579 605 626
5 54 81 107 116 139 161 200 212 246 273 291 304 334 359 387 424
 428 472 487 503 535 568 588 608 626
2 55 67 98 132 158 166 194 229 249 262 298 309 324 354 376 420
 426 463 499 502 532 570 597 618 626
3 46 78 103 122 141 170 203 228 241 261 292 311 338 363 377 401
 427 471 475 515 540 569 599 623 626
6 58 66 101 125 140 174 188 219 241 276 296 301 345 352 384 422
 428 456 496 521 525 558 582 618 627
9 50 71 89 118 156 167 199 227 246 275 297 320 335 361 374 418
 440 468 497 522 532 559 579 623 627
8 47 85 88 128 143 181 202 224 249 274 289 307 341 368 373 403
 427 458 491 519 536 572 588 605 627
0 49 83 104 133 148 172 206 213 239 264 290 308 340 357 385 414
 439 457 481 524 540 573 597 608 627
7 48 62 108 124 159 176 207 223 251 265 295 302 322 365 386 417
 426 467 483 520 535 560 599 612 627
4 57 66 104 135 143 165 197 221 254 261 291 309 323 350 392 407
 425 468 483 509 542 554 583 606 628
2 56 71 108 123 140 179 193 225 253 273 300 311 339 369 394 415
 437 457 491 508 529 555 585 601 628
3 55 83 88 117 156 162 209 218 236 272 299 304 332 355 391 421
 449 467 496 510 544 557 577 604 628
1 54 85 89 130 159 184 189 214 245 262 292 303 343 366 393 412
 438 456 481 507 526 571 580 611 628
5 46 62 101 113 148 177 201 216 256 263 298 310 330 372 381 419
 436 458 497 523 547 556 593 620 628
19 39 59 85 110 135 160 185 210 235 260 300 320 345 372 397 424
 449 474 499 524 549 574 599 624 639
12 39 45 62 97 130 151 164 195 215 240 291 301 341 355 396 401
 437 455 492 522 531 553 597 603 637
10 39 44 66 93 123 153 175 190 231 248 299 308 335 366 382 404
 436 453 475 520 538 570 588 621 636
13 39 42 83 90 113 144 171 204 230 258 292 307 322 369 395 420
 425 452 498 521 543 568 579 600 635
11 39 43 71 86 117 137 178 186 234 257 298 302 340 350 383 410
 438 454 487 519 528 569 582 617 638
12 36 59 81 95 114 140 183 201 214 252 299 307 321 363 385 405
 426 466 488 517 542 559 591 622 638
19 36 44 73 92 121 156 163 189 221 247 298 301 328 359 386 411
 427 464 479 518 529 573 596 607 635
13 36 45 78 109 116 143 169 209 216 238 300 302 326 354 374 406
 439 465 485 506 526 558 592 609 636
10 36 43 61 99 132 148 180 197 225 243 292 320 342 371 373 408
 428 451 484 505 544 560 586 602 637
11 36 42 67 105 122 159 173 193 218 259 291 308 337 349 384 413
 440 450 477 516 547 572 589 614 639
18 30 51 83 96 118 150 173 208 235 257 296 309 339 365 387 408
 427 466 489 507 537 553 593 613 636
16 30 53 62 102 133 158 169 191 231 258 297 311 332 368 378 413
 428 464 480 509 539 574 580 615 638
14 30 41 66 94 128 139 163 198 230 260 295 310 343 361 376 405
 439 450 478 510 530 569 585 610 637
15 30 40 71 100 125 146 180 192 215 248 289 303 323 357 377 411
 426 465 486 523 546 568 577 616 639
17 30 52 85 106 124 141 183 187 234 240 290 304 330 352 375 406
 440 451 482 508 534 570 583 619 635
10 28 59 74 100 115 145 167 191 213 250 291 302 338 351 376 412
 430 462 496 512 527 555 593 605 635
19 28 45 70 94 112 152 174 208 227 255 292 308 324 367 375 419
 443 472 491 500 548 554 577 612 638
11 28 44 75 96 126 149 172 187 223 237 300 307 334 360 377 407
 429 473 497 513 533 557 580 618 637
12 28 42 64 106 134 142 181 192 219 244 298 320 331 364 378 421
 442 471 483 511 545 571 585 608 636
13 28 43 80 102 120 157 176 198 224 242 299 301 329 356 387 415
 441 463 481 514 541 556 583 623 639
14 38 53 79 108 130 153 174 203 222 246 289 309 326 371 390 421
 441 473 488 524 547 562 581 617 635
16 37 51 64 87 122 140 171 207 213 242 289 304 327 353 393 410
 436 474 494 506 532 554 595 607 637
17 37 53 70 91 116 156 164 202 223 244 296 310 344 362 392 420
 438 453 476 517 540 555 587 602 639
17 38 51 77 104 113 160 181 194 211 241 295 303 337 359 379 415
 429 462 485 522 544 561 576 621 638
15 37 41 75 103 121 159 175 199 219 250 290 309 325 370 391 424
 437 452 490 505 536 556 594 609 638
18 37 40 80 107 132 143 178 206 227 237 295 311 333 348 381 404
 449 455 493 516 525 571 590 622 635
16 38 40 84 89 117 151 176 205 217 249 290 310 342 363 388 407
 430 472 477 521 529 550 598 624 636
18 38 41 82 101 123 144 172 196 220 251 297 304 328 354 380 412
 443 471 484 519 542 563 584 603 639
14 37 52 74 98 114 148 185 188 224 255 297 303 336 358 394 401
 425 454 495 518 535 557 575 614 636
15 38 52 65 88 135 137 167 200 233 239 296 311 321 349 389 419
 442 463 479 520 526 564 578 600 637
14 29 51 69 92 134 145 168 209 212 256 290 311 322 366 373 416
 444 468 492 500 528 551 591 618 639
15 29 53 72 99 112 149 182 201 232 245 295 304 341 350 384 402
 431 457 499 512 543 552 596 623 636
15 31 51 67 93 129 154 165 195 214 243 297 310 331 360 383 414
 448 461 491 503 541 558 599 604 635
18 31 53 78 86 127 138 179 210 221 259 290 303 324 356 395 417
 446 469 496 504 545 559 588 620 637
14 31 40 61 110 111 147 184 204 216 247 296 304 329 351 382 418
 447 459 483 515 533 572 597 601 638
17 31 41 73 97 131 136 177 186 218 252 289 311 334 367 397 422
 435 460 481 502 527 560 579 606 636
16 29 41 68 109 126 142 170 197 229 253 296 303 335 355 385 409
 433 458 487 514 549 566 589 612 635
17 29 40 63 95 120 152 161 193 228 236 297 309 340 372 386 400
 445 456 498 511 538 565 592 605 637
18 29 52 76 105 115 157 166 189 226 254 289 310 345 369 374 423
 432 467 475 513 531 567 586 608 638
16 31 52 81 90 119 155 162 190 225 238 295 309 338 364 396 403
 434 470 497 501 548 573 582 611 639
13 35 59 76 89 124 150 162 203 212 253 298 308 336 348 380 422
 447 461 476 509 536 552 576 616 637
11 35 45 72 101 133 146 179 194 228 254 299 320 344 370 389 403
 435 459 494 507 535 551 598 610 635
12 35 44 68 104 128 158 177 200 232 236 292 302 325 353 388 418
 448 469 495 508 525 567 581 613 639
19 35 43 63 108 125 141 184 196 226 256 291 307 333 362 379 414
 446 470 490 510 532 566 578 615 636
10 35 42 69 88 118 139 165 205 229 245 300 301 327 358 390 417
 434 460 493 523 540 565 584 619 638
11 27 59 65 107 119 154 166 202 211 251 292 301 330 357 391 409
 445 468 480 504 530 562 595 601 636
13 27 44 82 87 131 138 170 188 222 249 291 320 343 365 381 400
 444 457 482 501 546 564 587 604 638
10 27 45 79 103 127 147 182 207 217 239 298 307 332 361 394 423
 433 456 489 503 534 561 590 606 639
19 27 42 77 98 129 136 168 206 220 246 299 302 339 352 392 402
 432 458 486 515 539 550 594 611 637
12 27 43 84 91 111 155 161 199 233 241 300 308 323 368 393 416
 431 467 478 502 537 563 575 620 635
8 32 54 67 94 113 137 168 191 225 247 288 306 327 370 377 400
 433 467 476 524 525 559 583 603 636
7 32 46 61 106 117 153 161 208 221 252 294 305 333 358 376 409
 432 457 494 522 536 558 580 600 639
5 34 50 72 87 130 137 169 206 226 253 284 312 324 360 391 405
 427 451 483 521 527 565 575 621 639
9 32 56 81 96 135 151 166 198 216 259 287 318 336 353 378 402
 444 456 490 519 540 560 577 621 635
4 34 48 68 98 123 151 163 202 228 256 281 316 334 364 393 408
 440 465 496 524 541 552 590 600 638
0 32 55 73 102 123 160 170 192 214 238 286 319 325 362 375 423
 431 468 493 521 535 572 593 617 637
6 32 57 78 100 130 144 182 187 218 243 285 317 344 348 387 416
 445 458 495 520 532 573 585 624 638
3 34 58 69 107 113 153 173 199 232 254 282 314 331 351 394 406
 426 464 481 519 548 566 587 624 637
1 34 49 76 91 135 144 183 207 229 236 283 315 338 356 381 411
 428 450 491 522 533 551 594 617 636
2 34 47 63 103 117 160 180 188 212 245 293 313 329 367 392 413
 439 466 497 520 545 567 595 603 635
0 22 54 77 109 118 141 171 201 233 249 287 317 331 367 386 404
 437 454 496 509 533 562 586 610 639
7 21 54 69 97 122 148 181 210 226 236 285 319 339 361 382 407
 443 463 480 517 546 552 582 609 635
9 20 54 64 101 129 155 173 203 224 237 286 305 322 355 388 411
 439 451 499 504 538 555 578 606 638
6 21 56 76 93 114 143 167 186 228 245 286 306 330 365 395 421
 429 472 478 505 539 566 597 607 639
8 22 56 65 92 124 146 185 197 217 246 294 319 338 360 384 420
 436 455 481 510 545 563 592 613 638
0 21 46 63 90 132 156 176 195 232 253 288 318 323 352 397 412
 442 473 489 506 530 551 588 614 638
2 26 50 70 93 133 141 182 204 224 250 281 315 326 359 397 409
 444 467 477 523 542 571 582 613 637
3 24 50 79 96 116 148 179 192 233 251 283 313 341 366 376 422
 448 470 498 516 549 550 583 607 638
9 22 46 84 105 125 158 178 209 222 251 285 306 329 364 385 424
 425 453 491 507 527 561 596 619 637
6 20 46 80 88 111 138 180 194 223 250 287 319 340 369 380 405
 440 464 492 503 549 554 581 611 636
1 25 50 78 104 112 157 164 205 225 252 282 316 332 365 380 424
 436 454 486 511 530 572 578 618 635
7 20 56 74 104 119 147 183 196 227 244 288 317 345 366 390 413
 427 465 487 502 543 556 598 604 637
5 26 48 75 90 128 146 170 210 227 242 282 313 328 349 383 416
 432 456 488 509 544 555 597 619 636
2 25 48 73 88 126 152 175 203 216 243 283 314 343 352 379 410
 425 455 480 512 537 559 598 608 639
1 24 48 82 106 121 143 177 191 217 241 293 312 335 369 387 414
 434 459 499 517 528 562 577 614 637
8 20 55 75 108 131 154 163 205 213 255 285 318 335 350 389 406
 428 466 498 515 531 571 576 620 639
9 21 55 68 86 121 140 172 204 212 254 294 317 343 368 396 419
 441 462 486 516 534 565 599 602 636
6 22 55 82 99 128 150 175 193 211 239 288 305 334 356 374 401
 438 474 483 523 548 550 591 615 635
4 25 49 81 108 115 142 185 194 218 247 284 313 330 368 388 404
 438 452 489 500 546 558 584 623 637
8 21 57 72 110 116 159 174 190 229 256 287 305 332 357 383 415
 430 471 482 518 537 567 579 622 637
4 26 58 64 110 118 158 168 186 223 255 283 312 337 363 396 423
 445 457 484 510 526 556 588 616 635
3 26 49 74 86 124 139 166 195 219 237 293 316 321 371 382 400
 431 458 485 507 529 554 579 615 639
2 24 58 77 100 122 156 165 198 222 239 284 316 322 372 375 403
 447 469 487 505 531 563 580 622 636
7 22 57 79 95 133 139 164 189 220 241 286 318 324 351 373 410
 449 452 497 508 541 564 589 616 636
5 24 49 65 102 114 159 162 208 220 249 281 314 345 350 377 418
 446 460 492 506 538 561 585 602 635
0 20 57 70 89 127 136 169 200 219 242 294 306 341 372 379 408
 426 450 475 501 528 557 584 601 635
5 25 58 67 89 134 149 171 196 221 238 293 315 339 357 389 401
 449 453 478 514 534 560 581 605 638
1 26 47 80 97 125 150 161 190 213 244 284 314 342 354 395 402
 433 468 479 508 547 557 599 610 638
4 24 47 84 94 132 140 184 187 211 246 282 315 340 355 378 417
 435 461 475 518 543 564 593 609 639
3 25 47 61 101 120 145 178 200 214 259 281 312 323 361 390 420
 437 474 482 513 539 573 576 612 636
6 33 54 83 103 134 157 165 202 234 248 294 318 337 354 381 418
 435 470 488 512 529 574 575 612 637
8 33 46 71 98 120 149 184 207 231 260 286 317 342 349 391 422
 434 469 485 500 542 553 587 608 635
0 33 56 85 87 115 152 162 199 215 258 285 305 321 359 392 417
 448 459 484 514 547 569 590 618 636
7 33 55 66 91 126 145 177 206 235 240 287 306 328 371 394 403
 446 461 477 511 526 568 595 623 638
9 33 57 62 107 112 142 179 188 230 257 288 319 326 363 393 414
 447 460 479 513 544 570 594 605 639
4 23 50 62 92 127 155 174 193 234 260 293 314 344 353 385 412
 429 463 493 515 536 568 586 604 636
3 23 48 66 105 131 147 172 201 215 257 284 315 325 358 373 415
 442 472 476 504 532 574 592 611 635
1 23 58 83 95 129 138 181 197 231 240 281 313 327 348 374 419
 430 473 490 502 535 569 596 601 639
2 23 49 85 99 119 136 167 209 230 248 282 312 336 362 386 407
 441 471 494 503 525 553 589 620 638
5 23 47 71 109 111 154 176 189 235 258 283 316 333 370 384 421
 443 462 495 501 540 570 591 606 637
91 95 97 104 106 115 118 123 127 132 137 146 149 154 159 188 198
 203 204 209 458 464 470 472 474 640
86 96 101 105 107 111 114 128 130 134 136 141 152 156 160 190 191
 197 205 207 452 457 461 463 465 640
88 93 99 100 103 113 116 120 124 131 140 142 151 155 158 189 196
 206 208 210 450 454 459 468 473 640
92 94 98 108 110 117 119 122 126 133 138 143 144 150 157 192 195
 199 200 201 451 453 456 460 462 640
87 89 90 102 109 112 121 125 129 135 139 145 147 148 153 186 187
 193 194 202 455 466 467 469 471 640
10 32 58 72 90 131 143 183 203 235 251 277 310 340 359 393 418
 437 463 486 500 545 557 589 615 650
11 32 50 76 97 111 140 163 200 231 249 266 303 322 371 392 414
 449 471 489 512 548 556 592 619 648
13 32 49 68 110 129 156 180 196 234 241 278 309 341 349 394 417
 436 472 480 513 527 571 591 610 649
12 32 48 63 93 127 148 173 205 230 246 268 311 345 354 391 403
 438 462 482 514 533 554 596 616 646
19 32 47 69 86 119 159 169 194 215 239 267 304 335 363 381 422
 425 473 478 511 541 555 586 613 647
12 20 50 85 103 132 145 172 190 222 247 278 310 339 356 384 410
 445 460 485 509 535 566 577 600 647
13 20 58 62 98 121 152 167 210 211 252 266 304 323 360 373 404
 433 470 477 507 540 567 585 617 646
19 20 49 66 107 122 149 176 186 233 243 268 303 332 364 374 420
 444 459 488 508 536 565 593 603 650
18 25 54 71 92 114 147 177 198 229 250 269 308 341 364 392 406
 445 473 494 521 544 564 599 615 646
17 26 54 84 96 115 143 175 196 230 253 270 320 332 358 384 419
 426 469 492 515 541 573 595 617 648
14 24 54 63 87 119 151 172 197 219 252 271 302 344 349 395 423
 449 464 491 523 537 570 576 623 650
15 24 57 69 91 131 160 176 193 227 247 269 307 336 354 396 409
 436 451 496 507 539 569 581 608 648
16 25 57 83 99 121 154 184 192 228 237 270 302 345 367 394 405
 444 463 476 522 547 563 588 619 647
14 26 57 77 102 126 140 178 205 215 236 279 308 330 370 374 412
 427 470 499 503 545 560 587 600 649
11 20 47 83 91 114 142 174 195 217 238 277 311 343 351 386 424
 432 469 484 523 532 552 583 621 649
10 20 48 71 87 116 157 181 204 220 259 267 309 330 367 385 401
 431 461 479 510 525 551 580 624 648
15 25 46 66 95 116 136 162 187 226 255 271 320 322 356 393 413
 433 462 493 519 529 562 597 613 649
16 26 46 82 100 112 159 185 200 234 254 269 301 339 362 373 421
 439 461 498 502 533 559 590 621 650
17 24 46 68 107 127 144 167 189 224 238 280 308 327 371 383 402
 437 466 483 510 546 574 598 618 647
18 24 56 72 98 111 153 181 209 213 243 270 301 325 363 397 400
 438 450 497 509 534 568 578 612 649
16 24 55 76 103 129 137 174 201 223 259 279 320 333 359 382 416
 425 465 481 508 530 553 584 605 646
15 26 56 79 106 120 156 171 194 235 256 280 302 343 348 385 407
 428 460 475 504 548 572 575 603 646
18 26 55 65 94 134 148 164 203 231 245 271 307 323 353 386 415
 440 459 487 501 527 558 594 624 647
17 25 56 62 105 132 138 165 208 212 242 279 307 335 351 391 411
 431 471 495 524 526 550 582 610 650
14 25 55 85 109 122 155 179 191 232 244 280 301 340 360 381 408
 432 472 490 520 542 561 579 616 648
19 21 58 79 105 126 146 162 202 214 250 278 311 342 353 387 400
 439 454 483 522 543 570 584 620 648
10 21 50 65 109 120 150 177 188 221 237 268 304 337 362 378 416
 426 452 491 524 531 569 598 611 649
15 34 54 61 104 124 152 170 186 220 260 279 301 326 369 378 403
 430 453 489 516 532 557 591 620 647
11 21 49 82 95 134 158 184 199 225 242 267 310 326 358 375 402
 427 455 496 520 549 568 576 606 646
18 34 57 67 108 128 145 161 204 217 248 280 320 321 355 375 422
 429 454 480 506 540 556 596 611 650
12 21 47 77 99 115 139 179 207 216 255 266 309 328 348 377 409
 440 453 481 521 528 574 578 604 650
13 21 48 84 92 112 141 165 206 218 244 277 303 321 370 376 423
 428 474 497 519 538 553 581 601 647
14 34 46 73 89 133 142 166 190 233 240 270 307 337 350 387 417
 443 474 486 505 525 555 592 604 646
17 34 55 81 101 118 157 182 210 222 258 269 302 342 366 377 414
 442 455 478 518 536 554 589 601 649
16 34 56 78 88 125 149 168 195 211 257 271 308 328 372 376 418
 441 452 482 517 535 571 586 606 648
12 22 58 70 88 123 147 166 191 212 260 267 303 333 365 383 407
 435 451 498 506 547 573 594 623 649
19 22 50 74 101 117 154 170 187 232 248 277 309 327 368 395 415
 447 450 492 517 526 560 590 608 646
10 22 49 75 89 113 138 161 198 226 257 266 311 344 352 396 421
 448 465 499 518 542 572 595 612 647
11 22 48 80 104 130 155 168 192 229 258 278 304 336 361 397 419
 446 466 475 505 529 558 587 605 650
13 22 47 64 108 135 136 182 208 228 240 268 310 325 357 382 412
 434 464 487 516 544 559 575 618 648
13 33 50 81 94 125 160 175 189 223 236 267 311 331 350 390 408
 430 458 494 504 534 563 597 614 650
11 33 58 78 106 128 151 185 201 213 253 268 309 329 366 379 411
 443 467 493 503 539 564 579 602 647
12 33 49 73 100 118 153 178 197 224 256 277 304 324 369 389 413
 429 456 476 501 530 550 599 609 648
19 33 48 61 96 133 137 171 193 219 245 266 310 338 355 380 406
 441 468 495 502 546 561 588 622 649
10 33 47 67 102 124 144 164 209 227 254 278 303 334 372 388 405
 442 457 490 515 537 562 582 607 646
16 23 54 80 93 135 146 163 199 218 251 280 307 324 352 390 401
 447 457 485 511 528 567 593 602 649
17 23 57 64 86 123 150 180 206 216 249 271 301 338 361 389 424
 448 467 488 500 543 566 580 614 646
18 23 46 75 110 130 139 183 188 225 239 279 302 331 368 379 420
 435 468 477 514 538 552 577 607 648
15 23 55 74 97 113 141 169 202 221 246 270 308 329 365 388 410
 434 456 484 513 549 551 585 622 650
14 23 56 70 90 117 158 173 207 214 241 269 320 334 357 380 404
 446 458 479 512 531 565 583 609 647
8 37 42 81 97 133 147 180 208 232 251 261 312 343 372 374 416
 429 461 496 514 529 570 578 617 647
9 37 59 61 93 128 138 169 187 229 241 272 316 339 350 386 423
 442 470 481 500 547 568 598 603 648
7 37 43 78 90 118 136 163 192 212 239 262 314 330 355 384 400
 430 459 491 513 542 574 581 621 646
0 37 44 67 86 125 155 183 198 228 246 263 313 332 369 373 409
 443 460 483 512 526 553 576 624 649
6 37 45 73 110 124 154 173 191 226 249 273 315 323 366 385 402
 441 469 497 511 544 569 584 600 650
7 30 42 76 109 127 152 184 195 222 250 272 313 334 363 389 415
 436 468 499 519 525 573 575 602 650
6 30 59 63 92 131 149 179 190 220 242 262 312 331 371 388 419
 425 467 487 522 540 572 590 609 649
0 30 43 72 105 129 142 177 204 211 255 273 316 338 354 390 407
 449 456 492 520 536 559 587 607 647
9 30 44 69 99 111 157 162 186 217 244 261 315 324 349 379 412
 437 458 498 524 535 558 595 622 646
8 30 45 68 95 119 145 165 210 233 237 263 314 329 359 380 421
 438 457 475 521 532 560 594 614 648
0 31 42 65 101 112 151 161 209 223 260 262 315 335 348 394 410
 427 462 488 505 546 567 583 615 648
2 36 53 80 96 113 145 185 195 220 236 276 317 335 357 393 423
 435 472 483 501 536 569 578 619 646
4 36 51 75 100 117 152 164 204 233 253 274 306 345 361 381 402
 434 471 481 504 535 570 581 615 649
5 27 51 73 95 125 143 179 205 234 250 265 317 336 355 382 420
 442 450 484 524 548 567 580 623 647
5 36 41 70 106 135 157 178 190 211 245 264 319 322 368 394 400
 448 473 496 515 532 553 598 616 650
2 27 41 78 105 124 148 184 200 235 244 275 305 327 350 396 404
 429 464 488 521 541 551 577 605 649
1 27 53 61 92 118 140 162 194 230 237 274 318 325 372 383 401
 443 465 477 520 527 566 583 608 650
8 31 59 84 104 126 153 182 189 219 257 273 313 322 362 381 401
 440 463 484 506 539 565 577 610 646
6 31 44 77 108 120 137 166 197 227 258 272 314 341 358 393 424
 439 471 477 517 534 551 593 616 647
9 31 43 79 88 134 144 170 193 213 240 263 312 345 370 392 404
 426 472 485 518 530 552 580 613 650
3 36 52 64 102 130 149 175 210 217 256 275 318 340 365 392 409
 447 462 491 502 525 568 584 610 647
4 27 52 67 99 133 156 177 203 215 242 276 319 333 366 395 424
 430 466 485 519 533 565 585 612 648
7 31 45 82 89 115 160 168 201 224 248 261 316 340 353 391 420
 428 473 479 516 537 566 585 619 649
3 27 40 81 109 128 159 165 196 231 255 264 306 344 369 397 410
 441 451 479 522 545 552 593 618 646
1 36 40 74 94 123 142 171 186 222 254 265 305 341 352 391 416
 446 463 497 503 540 574 576 613 648
3 28 51 68 89 111 146 182 206 225 260 276 305 330 354 386 413
 425 460 490 517 531 564 588 617 650
3 39 53 84 87 134 154 167 208 229 247 265 319 334 348 379 403
 439 456 486 508 542 556 586 614 649
1 39 41 79 98 115 155 176 187 212 259 276 306 331 362 389 418
 427 457 480 523 544 554 592 622 647
4 28 41 72 88 119 141 161 188 214 258 265 318 339 371 374 411
 436 469 476 516 528 561 597 624 646
5 28 53 63 104 129 150 166 207 218 248 275 306 343 363 373 406
 437 459 493 518 549 563 582 600 648
2 39 51 82 107 120 147 174 192 226 252 264 318 338 370 388 417
 440 458 478 509 526 557 596 602 648
1 28 52 69 108 127 158 170 202 216 257 264 317 323 359 384 405
 449 461 494 505 538 550 579 603 649
5 39 52 77 91 112 138 172 191 228 243 274 305 329 353 390 422
 426 468 489 510 529 571 589 609 646
4 39 40 65 103 126 136 181 198 232 238 275 317 324 358 380 414
 428 467 482 507 547 555 591 607 650
2 28 40 76 101 131 139 168 199 221 240 274 319 332 349 385 408
 438 470 495 506 543 562 599 621 647
9 29 42 74 103 130 143 176 194 231 252 273 314 328 357 375 408
 448 474 476 510 533 564 582 620 649
7 29 59 80 87 123 156 174 200 230 243 263 315 337 368 377 406
 434 454 490 507 545 550 597 606 647
6 29 43 70 98 113 159 172 205 235 238 261 313 321 361 378 411
 447 455 494 508 527 562 588 604 648
8 29 44 64 91 117 148 167 196 215 259 262 316 326 352 387 405
 435 452 493 509 548 561 599 601 650
0 29 45 75 107 135 140 181 203 234 247 272 312 342 365 376 413
 446 453 495 523 541 563 579 611 646
6 38 42 85 94 116 146 178 207 221 253 263 316 325 351 396 414
 444 466 480 502 538 557 586 623 646
3 35 41 62 90 114 137 180 189 213 246 274 317 337 356 375 407
 444 453 499 511 537 558 590 601 648
4 35 53 71 93 122 160 183 209 219 249 264 305 328 351 387 419
 433 455 498 513 530 560 575 611 647
1 35 51 66 110 132 151 169 193 224 251 275 319 321 367 377 421
 432 452 487 512 534 573 587 620 646
0 38 59 71 96 121 158 164 188 218 256 261 314 327 356 382 403
 432 451 478 503 543 571 592 612 650
7 38 44 83 102 132 141 185 199 216 245 273 312 344 364 383 422
 433 450 486 504 531 554 591 605 648
8 38 43 62 106 122 139 175 206 214 254 272 315 336 367 395 418
 445 465 489 501 549 555 596 618 649
2 35 52 83 86 116 153 163 201 227 241 265 306 342 360 378 412
 445 474 492 514 546 572 594 606 650
9 38 45 66 100 114 150 171 202 225 236 262 313 333 360 397 417
 431 464 482 515 528 556 589 608 647
5 35 40 85 97 121 144 173 197 223 239 276 318 326 364 376 415
 431 454 475 500 539 559 595 604 649
19 29 56 83 100 127 139 177 190 223 249 275 282 329 370 393 401
 442 451 480 516 542 558 576 617 643
11 29 46 85 102 131 150 165 204 219 246 265 283 324 353 394 404
 430 465 478 517 544 573 578 603 641
10 29 55 62 96 119 146 184 186 224 241 264 284 331 348 392 424
 443 450 482 506 529 559 581 600 645
13 29 54 66 106 111 158 179 195 227 239 274 281 338 362 391 410
 429 466 486 518 547 560 584 624 642
12 29 57 71 94 129 141 162 210 213 251 276 293 334 358 381 420
 441 464 489 505 526 572 598 621 644
14 36 50 82 91 124 136 165 194 213 257 272 286 333 364 377 419
 437 456 480 514 543 567 588 624 645
15 36 49 84 98 128 147 179 203 223 258 263 294 327 367 387 412
 449 468 482 511 531 566 582 621 641
17 36 58 65 87 133 155 184 205 227 248 273 287 325 356 376 421
 425 458 489 513 528 552 599 603 643
18 36 48 77 103 125 154 162 200 224 240 262 288 344 351 378 407
 436 457 478 500 549 565 579 617 642
16 36 47 79 107 118 138 177 196 219 260 261 285 336 360 375 415
 438 467 486 512 538 551 597 600 644
16 27 50 66 86 115 144 181 208 214 256 273 288 329 349 386 406
 435 455 499 505 540 557 581 616 641
17 27 49 71 90 126 151 174 191 221 245 272 285 331 354 373 405
 447 474 475 516 535 556 578 613 642
18 27 58 85 93 112 137 176 192 216 236 261 294 334 371 385 413
 434 452 492 518 532 555 576 610 645
14 27 48 83 97 120 160 167 187 225 254 263 287 324 363 384 411
 448 453 487 506 536 571 584 615 644
15 27 47 62 110 134 153 172 198 218 253 262 286 338 359 374 408
 446 454 498 517 525 554 598 619 643
13 37 56 69 95 130 142 172 200 221 248 276 283 342 367 383 403
 440 467 499 515 530 561 593 615 645
12 37 55 72 92 135 152 176 196 225 257 275 281 337 351 395 422
 439 458 475 503 546 562 580 619 641
19 37 46 76 99 123 145 181 205 218 258 264 293 326 360 396 418
 426 456 487 504 537 564 583 610 642
10 37 54 68 105 117 149 174 194 216 240 265 282 321 356 397 414
 427 468 498 501 539 563 585 616 644
11 37 57 63 109 113 157 167 203 214 260 274 284 328 364 382 417
 428 457 492 502 534 550 577 613 643
15 39 50 68 108 114 139 173 209 211 242 261 287 342 352 381 423
 443 459 476 502 545 573 580 605 642
18 39 49 63 88 121 146 169 201 222 244 273 286 337 361 393 409
 430 461 495 515 548 560 583 618 644
14 39 58 76 104 116 141 180 193 217 237 262 285 328 368 391 402
 442 460 494 501 541 559 593 612 641
16 39 48 69 101 132 150 183 189 233 255 272 294 326 357 392 400
 429 469 490 503 527 572 585 623 643
17 39 47 72 89 122 158 163 197 220 250 263 288 321 365 394 416
 441 470 493 504 533 558 577 608 645
12 38 56 67 110 112 136 170 189 231 237 265 284 340 361 387 406
 425 470 496 523 536 551 595 602 642
11 38 54 73 90 120 138 182 209 215 255 275 293 345 368 376 408
 436 461 483 508 540 566 594 622 645
10 38 46 81 86 126 154 168 193 230 244 276 281 341 365 375 411
 449 459 481 509 532 567 575 609 643
19 38 55 78 93 115 147 161 197 234 242 274 283 322 357 378 405
 437 460 497 507 525 552 587 614 644
13 38 57 61 97 134 155 166 201 235 250 264 282 335 352 377 413
 438 469 491 510 535 565 590 607 641
18 28 50 73 99 135 159 171 195 212 241 263 285 340 358 388 403
 433 465 488 510 539 570 587 601 643
16 28 49 61 105 123 143 164 210 232 246 262 287 322 370 379 422
 445 466 479 523 534 569 575 604 645
15 28 58 81 92 130 148 178 204 228 249 272 288 335 362 380 417
 432 450 485 508 537 574 595 606 644
17 28 48 67 109 117 140 185 190 226 239 261 286 341 348 390 418
 444 464 484 507 530 568 594 620 641
14 28 47 78 95 113 156 175 186 229 251 273 294 345 353 389 414
 431 451 477 509 546 553 590 611 642
10 31 56 64 107 133 159 163 187 222 236 274 293 323 354 379 419
 432 454 476 521 549 553 591 623 641
11 31 55 70 87 124 143 180 198 233 256 276 282 339 363 390 412
 433 452 495 522 538 574 596 608 642
12 31 54 75 98 125 156 169 208 217 254 264 283 330 371 380 415
 444 474 493 520 543 569 589 605 643
13 31 46 74 91 128 140 173 192 220 245 275 284 332 359 389 407
 445 455 490 524 528 570 586 612 644
19 31 57 80 103 118 148 183 191 211 253 265 281 343 349 388 421
 431 453 494 519 531 568 592 618 645
17 35 50 75 102 119 142 168 207 235 243 262 294 323 369 382 401
 439 472 496 519 547 564 596 622 644
14 35 49 80 106 131 152 182 202 231 259 261 288 339 355 383 424
 426 462 497 521 526 563 586 607 643
16 35 58 74 96 127 157 161 206 215 247 263 286 343 350 397 420
 440 471 491 520 544 562 591 609 642
15 35 48 64 94 111 145 166 188 234 238 273 285 332 372 395 404
 427 473 481 522 542 550 589 602 645
18 35 47 70 100 129 149 170 199 230 252 272 287 330 366 396 410
 428 463 483 524 529 561 592 614 641
11 30 56 77 89 116 144 175 188 232 247 264 281 333 355 373 423
 434 463 488 511 527 554 599 620 644
19 30 54 82 88 132 153 164 207 228 238 276 284 336 350 385 416
 448 462 477 513 545 556 579 601 641
13 30 55 79 104 114 151 178 199 226 243 265 293 327 372 384 409
 435 471 479 500 533 555 588 611 643
12 30 46 65 108 121 160 171 206 229 259 274 282 344 366 374 400
 447 472 484 512 541 557 582 606 645
10 30 57 84 101 122 137 185 202 212 252 275 283 325 369 386 402
 446 473 485 514 548 571 597 604 642
3 33 59 70 108 132 155 181 186 221 239 271 297 343 370 387 402
 436 465 492 521 533 567 589 619 644
5 20 59 79 99 117 141 168 198 231 254 279 296 325 354 393 417
 429 455 491 511 546 573 579 614 645
5 33 44 74 88 122 136 174 204 225 251 269 290 323 348 378 423
 438 466 499 522 541 566 592 610 643
1 20 44 65 105 113 139 182 192 234 253 280 297 333 363 392 403
 441 474 496 500 537 560 597 609 641
2 33 45 64 104 121 138 176 190 214 246 280 296 330 358 377 416
 449 450 498 519 527 552 586 615 642
4 33 42 80 89 114 154 172 210 216 241 279 289 332 362 376 400
 437 451 487 520 548 551 596 613 641
2 20 42 84 95 135 150 170 191 215 256 269 295 344 371 391 418
 443 454 481 513 534 558 588 607 644
1 33 43 75 101 116 147 167 195 218 249 270 295 339 353 375 409
 425 464 475 524 545 565 591 616 645
3 20 45 77 92 123 158 161 187 235 245 270 289 336 349 381 414
 430 452 483 514 530 559 582 602 643
4 20 43 82 109 130 146 166 208 230 236 271 290 327 359 394 422
 442 453 497 512 539 572 599 622 642
7 25 51 72 103 128 144 166 186 215 246 266 300 342 362 385 419
 447 464 496 501 538 571 583 614 643
8 25 53 76 107 125 151 170 204 235 239 278 299 337 358 386 412
 448 451 497 502 528 554 585 609 645
7 34 53 65 100 111 143 172 193 214 255 267 298 327 352 388 424
 444 470 475 514 544 553 579 610 644
0 34 51 79 94 131 159 167 197 216 244 268 299 333 368 380 401
 445 469 499 513 529 568 582 619 642
9 25 41 63 91 133 153 168 210 234 249 267 292 321 348 384 415
 434 465 483 503 531 557 593 607 642
6 34 41 84 102 127 156 181 201 225 237 266 291 336 357 390 410
 432 459 498 500 526 570 599 613 645
9 34 40 77 106 119 148 174 189 218 242 278 300 325 365 389 420
 433 461 492 512 542 569 588 615 641
6 25 52 68 87 118 160 161 195 231 251 268 298 326 370 373 407
 446 450 481 515 543 555 577 622 641
8 34 52 82 96 129 140 176 209 221 250 277 292 344 361 379 404
 431 460 487 511 547 574 597 616 643
0 25 40 69 98 124 137 182 190 230 241 277 291 328 353 374 421
 435 466 491 504 549 556 580 602 644
1 22 59 72 86 120 148 165 199 223 238 269 289 328 355 379 413
 444 472 489 515 525 570 585 600 642
4 22 44 76 90 134 159 179 206 224 252 270 296 342 372 390 406
 431 462 480 503 532 569 577 603 644
2 22 43 68 97 112 143 162 207 219 247 279 297 337 366 389 405
 432 473 482 504 540 568 593 624 643
5 22 45 69 93 126 156 184 188 213 259 271 295 321 369 388 408
 445 471 486 502 536 574 583 617 641
3 22 42 63 110 115 140 177 202 227 243 280 290 326 350 380 411
 433 463 478 501 535 553 580 621 645
8 23 51 78 101 121 142 162 198 227 245 267 291 340 371 397 423
 426 453 480 508 533 550 575 600 641
6 23 53 81 89 132 152 177 192 213 254 277 300 322 349 382 409
 427 454 482 510 541 561 594 603 642
0 23 41 61 108 116 149 165 191 224 236 278 298 345 363 395 416
 440 455 486 507 548 564 595 621 643
7 23 40 67 88 114 157 179 187 219 256 268 292 335 359 396 402
 439 474 489 509 527 563 587 617 645
9 23 52 73 104 122 145 184 208 223 253 266 299 341 354 383 400
 428 452 478 523 545 562 590 624 644
4 21 59 78 102 111 137 173 196 222 240 280 295 335 367 373 420
 448 456 494 523 529 557 594 608 643
2 21 44 81 106 129 144 169 205 233 260 271 289 340 351 384 401
 446 468 476 507 544 556 590 612 645
3 21 43 73 94 127 151 183 194 220 248 269 296 322 360 374 424
 434 457 495 509 547 571 595 605 641
5 21 42 61 100 119 160 163 203 217 257 270 297 341 356 385 404
 435 467 490 508 526 554 587 618 642
1 21 45 67 96 131 153 180 200 211 258 279 290 345 364 386 410
 447 458 493 510 542 555 575 623 644
0 24 53 74 110 120 146 175 205 212 240 266 292 339 364 381 405
 429 467 479 519 532 558 589 606 641
9 24 51 70 97 126 139 185 196 228 258 277 298 323 356 391 406
 430 457 488 520 525 572 586 611 645
8 24 41 80 86 112 158 171 203 226 248 268 300 330 351 392 408
 442 456 477 522 535 573 591 604 644
7 24 52 75 93 134 150 178 194 232 260 278 291 332 367 393 411
 441 458 484 521 540 559 592 601 642
6 24 40 64 90 115 141 164 200 229 257 267 299 343 360 394 413
 443 468 485 524 536 560 596 620 643
2 32 59 62 91 125 157 171 197 232 255 270 290 334 361 383 421
 427 459 485 516 538 564 584 611 641
3 32 44 85 98 118 142 164 193 226 250 279 295 329 357 395 419
 428 461 488 506 528 563 598 606 642
1 32 42 71 107 124 145 175 201 228 242 271 296 324 368 397 407
 439 470 484 518 531 561 581 604 643
4 32 45 83 87 128 149 178 189 212 244 269 297 338 352 382 415
 426 460 477 505 549 562 578 620 645
5 32 43 66 103 133 152 185 209 229 237 280 289 331 365 396 412
 440 469 479 517 543 550 576 601 644
9 26 53 85 95 117 147 163 206 211 238 268 291 331 369 377 422
 436 463 495 505 537 551 584 612 643
6 26 51 62 109 123 136 183 199 217 259 278 292 329 350 376 403
 449 473 476 518 546 565 578 608 644
7 26 41 71 99 130 138 173 202 233 247 277 299 338 372 378 414
 425 472 493 506 534 567 576 618 641
0 26 52 66 92 113 154 180 207 222 252 267 300 324 355 387 418
 438 471 490 516 539 552 598 605 645
8 26 40 83 105 135 155 169 188 220 243 266 298 334 366 375 417
 437 462 494 517 530 566 581 623 642
18 21 66 87 117 142 182 191 223 246 264 292 314 336 372 389 411
 437 470 485 502 541 572 591 619 630
16 21 71 91 113 152 166 187 224 239 265 291 312 325 366 380 408
 449 460 488 515 545 558 596 610 632
14 21 62 103 135 149 161 192 227 249 276 299 316 327 369 379 406
 438 461 484 504 527 573 589 613 633
15 21 85 107 123 157 168 208 213 241 275 298 313 344 355 390 405
 425 469 477 501 533 560 592 615 631
17 21 83 98 130 145 170 198 219 251 274 300 315 333 350 388 413
 436 459 479 503 548 559 586 616 634
13 24 85 105 133 154 161 186 225 256 272 296 317 328 361 388 401
 426 473 493 512 545 554 594 621 630
12 24 66 109 124 138 168 204 218 245 263 297 318 342 357 379 424
 427 463 494 513 548 555 590 617 632
19 24 71 95 128 155 182 195 216 254 262 290 319 337 365 390 404
 428 471 476 514 527 557 595 600 634
11 24 62 99 118 147 170 190 221 236 273 289 306 321 352 380 420
 439 462 490 500 541 571 575 624 631
10 24 83 92 125 136 166 210 214 253 261 295 305 326 368 389 410
 440 472 495 511 533 556 587 603 633
16 32 75 104 120 136 179 202 222 245 276 298 315 321 351 374 404
 443 451 492 510 537 568 599 614 630
17 32 80 108 134 147 162 188 233 254 275 292 316 328 360 385 410
 430 450 499 523 539 553 588 609 632
15 32 70 101 115 138 184 206 217 236 265 300 314 337 364 373 401
 441 466 487 509 530 570 579 607 633
18 32 74 89 126 155 165 207 211 256 274 299 312 326 367 384 424
 442 464 498 508 546 569 597 602 631
12 34 74 90 116 150 184 198 234 243 261 289 319 335 370 386 419
 449 457 477 504 539 561 584 618 630
14 32 64 88 112 154 177 199 220 253 264 291 313 342 356 386 420
 429 465 475 507 534 574 582 622 634
10 34 80 110 121 141 179 208 215 238 272 297 306 322 353 384 407
 438 458 488 502 530 564 576 608 634
19 34 75 97 114 158 165 192 230 259 273 296 305 340 348 373 412
 436 467 485 501 534 562 598 623 632
13 34 70 86 122 146 177 187 231 247 262 295 318 345 358 385 421
 437 468 484 503 537 550 578 605 631
11 34 64 93 132 139 162 191 235 252 263 290 317 341 362 374 415
 425 456 479 515 546 563 581 612 633
18 22 61 102 122 151 167 190 234 255 276 300 313 343 359 391 414
 426 458 476 511 543 551 581 606 632
15 22 73 96 132 144 174 210 231 244 274 291 316 330 363 394 418
 439 467 494 514 528 565 576 611 630
17 22 78 94 114 153 176 204 215 237 264 298 312 339 349 393 403
 428 468 490 512 549 567 584 604 633
14 22 81 100 121 137 181 195 235 242 265 292 315 332 354 392 422
 440 457 493 513 538 566 598 620 631
16 22 67 106 116 160 172 186 230 250 275 299 314 323 371 381 417
 427 456 495 500 531 552 578 601 634
11 26 81 88 127 145 176 197 226 241 262 297 305 325 367 381 406
 447 453 486 524 543 553 585 607 630
10 23 76 98 112 160 178 196 233 242 273 290 318 343 355 377 403
 445 464 483 517 547 558 579 613 630
13 23 63 107 126 137 164 194 217 255 263 289 305 339 366 378 418
 431 450 496 505 542 573 599 619 634
13 26 73 101 119 149 181 193 229 246 261 290 306 333 351 393 405
 448 454 489 520 531 574 577 602 632
12 26 61 89 131 157 174 209 228 239 273 295 317 327 360 392 411
 446 452 480 519 549 570 593 614 634
11 23 68 103 115 153 171 205 220 244 272 295 319 323 372 387 422
 444 451 491 518 526 559 597 615 632
10 26 78 108 129 152 172 189 232 249 263 296 319 336 364 391 413
 435 474 478 522 528 568 583 622 631
19 23 72 91 134 151 175 200 222 237 261 297 317 330 369 376 417
 433 466 481 506 544 572 582 616 631
12 23 69 87 120 144 185 203 211 250 262 296 306 332 350 375 414
 432 465 497 516 529 560 588 610 633
19 26 67 104 111 142 167 201 212 251 272 289 318 344 356 394 408
 434 455 482 521 538 569 580 609 633
14 33 84 99 129 146 183 200 226 238 274 298 314 335 365 397 415
 445 452 496 516 540 554 580 603 632
17 33 82 92 111 139 169 203 232 259 265 299 313 345 357 396 407
 433 454 491 505 532 571 593 600 630
18 33 79 109 119 158 180 205 228 247 275 291 315 322 352 383 419
 431 474 481 517 536 557 585 621 633
16 33 65 95 131 141 173 194 212 243 264 300 316 341 361 395 412
 432 453 483 518 525 556 577 617 631
19 25 65 106 130 140 180 199 224 257 263 295 306 334 354 382 423
 430 469 498 509 540 551 589 604 630
15 33 77 105 127 150 163 196 229 252 276 292 312 340 368 382 421
 444 455 497 506 535 555 583 624 634
10 25 82 94 135 156 173 206 219 258 262 289 317 329 363 383 409
 429 470 492 508 535 552 592 620 632
11 25 84 100 123 148 169 207 227 240 261 296 318 331 359 395 400
 441 460 499 510 536 567 591 611 634
12 25 79 102 113 143 163 188 223 248 272 290 305 338 349 397 402
 443 461 487 507 532 565 586 601 631
13 25 77 96 117 159 183 202 213 260 273 297 319 324 371 396 416
 442 459 475 523 525 566 596 606 633
14 20 68 93 125 159 164 201 221 258 275 300 312 338 348 375 400
 435 463 489 519 544 550 595 608 630
15 20 63 86 118 143 185 189 225 240 264 299 315 334 353 376 416
 447 471 480 521 547 561 587 612 632
16 20 72 97 124 156 178 193 216 248 274 292 313 331 358 387 423
 446 462 478 524 542 564 594 618 633
17 20 76 110 128 148 171 209 214 257 276 291 314 324 370 378 409
 434 473 486 520 529 563 590 623 631
18 20 69 90 133 140 175 197 218 260 265 298 316 329 362 377 402
 448 472 482 522 526 562 575 605 634
8 35 61 109 115 156 172 192 211 240 269 293 311 324 365 393 402
 425 450 488 503 538 556 582 624 630
3 38 75 91 129 143 184 190 212 258 268 288 301 324 372 385 423
 440 454 494 512 546 560 585 613 634
4 38 70 107 131 148 162 195 229 248 266 286 302 329 369 384 416
 427 474 490 511 534 559 580 610 630
5 38 80 98 127 140 165 186 232 240 267 285 320 338 366 386 409
 439 452 476 513 537 572 577 615 633
2 38 74 87 111 159 177 210 228 257 278 294 307 331 355 374 402
 428 453 493 500 530 573 583 616 632
0 35 81 99 134 143 174 187 220 257 280 283 303 329 361 391 400
 436 464 477 502 531 555 599 600 633
6 35 67 95 126 148 176 208 222 260 270 282 304 338 368 392 423
 437 465 479 504 528 571 579 621 632
7 35 73 105 112 140 167 198 217 258 271 281 309 331 357 381 416
 438 451 485 515 549 557 588 603 631
9 35 78 92 120 159 181 191 233 248 279 284 310 334 352 394 409
 449 466 484 501 543 554 597 617 634
1 38 64 103 119 156 179 204 226 260 277 287 308 334 350 373 400
 426 455 495 514 539 558 593 619 631
2 29 79 89 128 137 183 208 218 237 267 287 301 323 364 395 414
 436 462 484 515 535 574 587 609 630
5 29 82 108 118 151 180 187 214 244 266 294 308 332 351 397 403
 425 463 485 504 525 569 594 607 634
1 29 84 88 133 160 173 198 221 255 278 288 302 330 360 382 422
 437 471 488 501 532 568 590 602 633
3 29 65 104 125 144 163 191 216 242 277 286 320 339 367 396 417
 438 473 477 503 536 570 575 622 632
4 29 77 101 124 153 169 192 225 250 268 285 307 343 356 383 418
 449 472 479 502 540 553 595 614 631
7 27 63 101 135 158 175 204 213 238 279 282 303 341 360 387 421
 440 460 476 500 529 569 586 622 630
9 27 76 108 113 146 164 190 219 243 269 281 304 340 367 376 407
 427 469 493 514 526 574 591 614 633
0 27 68 88 130 150 185 186 227 259 270 293 310 322 351 377 415
 428 470 494 511 542 570 596 609 631
8 27 69 89 123 141 178 195 223 252 280 284 309 345 356 378 419
 439 459 495 512 544 568 589 607 632
6 27 72 104 117 139 171 210 224 247 271 283 311 335 364 375 412
 426 461 490 513 547 553 592 602 634
0 28 84 103 114 138 163 193 235 254 271 284 304 326 366 383 420
 434 458 480 522 525 560 578 616 630
6 28 65 91 122 147 169 189 230 256 279 293 309 342 355 397 404
 448 457 486 519 535 559 576 619 633
7 28 77 107 121 155 180 209 231 253 269 283 310 321 350 395 401
 435 456 482 524 532 572 584 613 632
9 28 82 98 116 154 183 197 215 245 280 282 311 337 372 382 410
 446 467 489 521 536 573 581 610 631
8 28 79 87 132 136 173 201 234 236 270 281 303 328 369 396 424
 447 468 478 520 540 558 598 615 634
9 39 80 94 124 149 177 205 214 239 270 283 309 344 359 373 413
 432 471 496 506 546 566 575 601 630
1 31 68 99 122 152 178 188 235 246 267 286 307 344 357 376 406
 442 467 492 509 529 556 584 621 634
4 30 73 86 113 147 176 200 213 245 278 287 320 326 348 391 401
 432 470 491 517 538 563 589 618 634
5 30 78 110 123 155 167 194 219 236 277 288 307 342 358 392 410
 444 461 481 516 531 562 596 612 630
3 31 72 95 121 157 185 207 230 249 278 285 308 333 352 378 408
 429 468 487 523 526 555 581 603 630
4 31 63 105 116 145 171 199 231 239 277 294 301 336 365 377 405
 443 458 499 508 544 571 598 617 633
2 30 61 90 130 154 181 196 223 254 268 286 308 321 353 381 424
 433 460 496 518 528 550 592 623 633
1 30 81 93 117 136 172 203 227 256 266 285 301 337 370 394 420
 431 469 483 506 549 564 586 605 632
8 39 74 102 118 152 179 200 218 241 271 282 310 333 354 385 411
 444 473 483 505 534 552 595 611 633
5 31 76 92 132 142 175 202 215 241 268 287 302 327 361 375 413
 441 457 498 507 542 557 578 624 632
6 39 75 106 133 145 162 196 216 246 269 284 303 327 363 386 408
 431 463 491 516 530 567 587 606 631
0 39 64 100 128 157 184 194 221 251 279 281 311 336 371 384 406
 433 472 497 517 537 565 594 604 632
7 39 70 96 125 142 165 203 225 249 280 293 304 325 349 374 405
 445 462 481 518 539 551 590 620 634
2 31 69 109 114 149 164 206 234 251 266 288 320 325 368 387 411
 430 456 475 510 547 554 576 600 631
3 30 67 97 135 138 174 205 224 253 267 294 302 328 362 393 404
 445 459 497 505 543 561 591 608 631
1 37 62 100 126 141 166 209 220 247 268 294 320 340 349 390 415
 448 466 478 521 548 552 588 606 630
2 37 66 102 134 146 161 189 211 259 277 285 302 341 363 380 419
 434 451 489 524 533 566 579 604 634
3 37 71 106 112 150 168 197 222 238 266 287 307 345 359 388 412
 435 450 480 520 541 565 597 620 633
4 37 85 96 120 139 170 201 217 243 267 288 308 322 354 389 421
 446 464 486 522 527 567 582 601 632
5 37 83 94 115 158 182 193 233 252 278 286 301 335 371 379 407
 447 465 482 519 545 551 599 611 631
6 36 71 97 119 153 170 206 212 255 280 281 310 332 353 379 417
 442 452 499 507 533 563 583 605 630
7 36 85 86 129 151 182 188 229 242 270 284 311 323 370 380 418
 429 453 498 510 548 562 593 608 633
8 36 66 90 127 160 166 199 228 244 279 283 304 339 348 388 414
 441 454 492 523 527 564 580 612 631
9 36 83 110 131 137 161 207 232 250 271 293 303 330 362 390 403
 443 455 475 509 541 550 585 618 632
0 36 62 93 111 144 168 202 226 237 269 282 309 343 358 389 422
 430 474 487 508 545 561 577 623 634
