625 626 627 628 629 630 631 632 633 634 635 636 637 638 639 640 641
 642 643 644 645 646 647 648 649 650
125 135 136 137 138 170 171 180 181 182 215 216 224 225 226 385 386
 387 396 397 605 606 615 616 624 630
132 133 134 142 143 178 179 187 188 189 220 221 222 223 233 393 394
 395 403 404 613 614 621 622 623 630
130 131 140 141 144 176 177 184 185 186 219 229 230 231 232 390 391
 392 401 402 609 610 611 612 620 630
126 127 128 129 139 172 173 174 175 183 217 218 227 228 234 388 389
 398 399 400 607 608 617 618 619 630
4 34 37 40 46 51 57 63 68 72 78 151 154 157 167 169 177
 181 183 188 190 191 206 207 208 646
4 31 35 36 49 52 59 67 71 74 77 146 149 155 160 168 170
 175 176 189 203 204 205 212 213 648
4 32 39 45 50 54 64 66 70 73 75 145 159 161 162 166 173
 179 182 184 200 201 202 210 211 650
4 30 41 47 48 53 55 58 62 76 79 147 152 156 158 164 171
 172 178 185 196 197 198 199 209 647
4 33 38 42 43 44 56 60 61 65 69 148 150 153 163 165 174
 180 186 187 192 193 194 195 214 649
12 15 20 22 26 56 58 68 75 77 100 101 112 113 114 266 267
 271 277 284 310 311 326 327 328 630
6 8 14 24 28 62 64 69 71 72 110 111 121 122 123 262 269
 273 275 282 324 325 332 333 334 630
5 10 16 18 23 59 61 66 78 79 108 109 118 119 120 265 268
 272 274 283 320 321 322 323 331 630
7 11 17 21 27 60 63 67 70 76 106 107 116 117 124 260 264
 278 279 281 316 317 318 319 330 630
9 13 19 25 29 55 57 65 73 74 102 103 104 105 115 261 263
 270 276 280 312 313 314 315 329 630
3 30 31 44 45 46 126 132 135 140 317 327 329 331 333 362 366
 370 371 384 430 431 432 444 445 638
3 43 51 52 53 54 138 139 141 143 313 321 325 326 330 365 369
 373 379 382 441 442 443 452 453 640
3 40 41 42 49 50 125 129 131 134 310 314 319 322 332 360 367
 372 374 377 437 438 439 440 454 637
3 36 37 38 39 48 128 137 142 144 311 315 316 323 324 363 364
 376 380 381 436 448 449 450 451 639
3 32 33 34 35 47 127 130 133 136 312 318 320 328 334 361 368
 375 378 383 433 434 435 446 447 636
1 191 195 196 203 211 215 220 227 229 260 261 271 272 273 430 446
 448 452 454 505 508 513 515 523 642
1 192 202 204 207 209 218 223 226 232 270 281 282 283 284 432 435
 440 451 453 510 511 520 522 528 641
1 193 199 201 206 212 217 222 225 231 267 268 269 279 280 439 443
 445 447 450 517 519 525 526 529 644
1 198 208 210 213 214 216 221 228 230 262 263 264 265 266 434 438
 442 444 449 506 509 514 516 518 645
1 190 194 197 200 205 219 224 233 234 274 275 276 277 278 431 433
 436 437 441 507 512 521 524 527 643
0 55 66 67 68 69 285 286 297 298 299 385 398 401 403 433 443
 444 451 454 555 559 565 573 578 632
0 64 65 76 77 78 294 295 296 307 308 392 395 397 400 432 434
 439 441 448 557 561 564 568 571 635
0 61 62 63 74 75 291 292 293 305 306 389 391 394 396 431 440
 447 449 452 566 567 574 576 579 634
0 58 59 60 72 73 289 290 303 304 309 387 399 402 404 430 435
 437 442 450 562 569 572 575 577 633
0 56 57 70 71 79 287 288 300 301 302 386 388 390 393 436 438
 445 446 453 556 558 560 563 570 631
0 32 44 48 49 51 260 262 267 270 274 459 462 465 473 475 584
 589 592 597 601 609 617 621 624 625
0 35 39 42 46 53 266 273 278 280 283 455 464 467 472 479 580
 587 590 593 598 606 612 614 619 628
0 34 38 41 45 52 261 265 277 279 282 456 461 463 468 469 582
 594 599 603 604 605 608 611 613 626
0 31 37 43 47 50 264 269 272 276 284 460 466 470 476 477 583
 588 595 596 600 607 616 620 623 627
0 30 33 36 40 54 263 268 271 275 281 457 458 471 474 478 581
 585 586 591 602 610 615 618 622 629
190 199 204 211 214 335 336 347 348 349 362 367 375 379 381 555 557
 570 576 577 583 586 593 601 603 630
191 193 205 209 210 345 346 356 357 358 360 364 368 370 382 560 564
 569 573 579 581 590 595 597 599 630
194 196 202 206 213 344 353 354 355 359 363 366 369 372 378 558 561
 566 572 578 582 591 592 598 600 630
192 197 201 203 208 341 342 343 351 352 361 365 371 376 377 556 562
 565 568 574 584 585 587 588 604 630
195 198 200 207 212 337 338 339 340 350 373 374 380 383 384 559 563
 567 571 575 580 589 594 596 602 630
3 100 102 116 118 121 148 154 156 159 160 505 518 519 520 521 555
 556 571 572 579 611 615 619 621 627
3 105 107 114 120 123 145 151 152 155 165 515 516 517 527 528 567
 568 569 570 578 607 612 613 624 629
3 109 111 113 115 117 147 150 162 168 169 511 512 513 514 526 563
 564 565 566 577 608 609 616 622 628
3 101 104 119 122 124 146 158 161 163 167 508 509 510 524 525 559
 560 561 562 576 606 610 617 623 626
3 103 106 108 110 112 149 153 157 164 166 506 507 522 523 529 557
 558 573 574 575 605 614 618 620 625
4 112 115 120 121 124 221 224 227 232 285 287 290 306 307 360 361
 362 363 373 455 456 457 465 466 644
4 105 110 113 116 119 220 226 231 234 293 296 298 301 303 371 372
 381 382 383 462 463 464 477 478 645
4 101 102 108 117 123 216 217 223 229 292 294 299 302 304 370 377
 378 379 380 461 474 475 476 479 643
4 104 106 111 114 118 218 225 230 233 288 289 295 297 305 367 368
 369 376 384 469 470 471 472 473 642
4 100 103 107 109 122 215 219 222 228 286 291 300 308 309 364 365
 366 374 375 458 459 460 467 468 641
3 5 6 19 20 21 191 192 199 200 213 235 236 237 238 245 394
 397 398 402 457 460 462 469 479 631
3 18 26 27 28 29 194 208 209 211 212 244 255 256 257 258 386
 391 395 399 456 459 464 470 474 632
3 15 16 17 24 25 195 197 204 206 210 243 252 253 254 259 385
 389 392 393 461 466 467 473 478 633
3 11 12 13 14 23 190 193 198 202 203 241 242 249 250 251 388
 396 401 404 455 468 471 475 477 635
3 7 8 9 10 22 196 201 205 207 214 239 240 246 247 248 387
 390 400 403 458 463 465 472 476 634
0 7 19 23 24 26 172 180 184 189 363 368 371 374 379 507 508
 514 519 528 530 531 542 543 544 646
0 14 18 21 22 25 171 175 186 188 361 366 367 380 382 505 510
 512 516 529 539 540 541 552 553 650
0 10 13 17 20 28 170 179 183 185 360 365 378 381 384 509 520
 523 526 527 537 538 549 550 551 649
0 6 9 12 16 27 174 177 178 182 370 372 373 375 376 506 511
 515 521 525 534 535 536 548 554 648
0 5 8 11 15 29 173 176 181 187 362 364 369 377 383 513 517
 518 522 524 532 533 545 546 547 647
1 56 66 72 74 76 235 239 244 249 259 363 365 367 370 383 480
 491 494 498 500 605 612 617 622 627
1 55 60 71 75 78 238 242 248 254 258 361 364 372 379 384 481
 484 485 487 490 610 613 616 619 625
1 63 69 73 77 79 237 243 247 251 257 362 374 376 378 382 488
 489 493 495 496 606 608 620 621 629
1 59 62 65 68 70 236 240 250 253 256 360 369 371 375 380 483
 492 497 501 503 611 618 623 624 628
1 57 58 61 64 67 241 245 246 252 255 366 368 373 377 381 482
 486 499 502 504 607 609 614 615 626
1 8 20 23 25 27 129 132 136 144 145 146 147 148 157 285 294
 300 303 305 581 588 594 598 601 640
1 11 16 19 22 28 131 135 139 142 156 165 166 167 168 288 296
 299 306 309 584 591 593 596 599 636
1 10 12 21 24 29 125 126 130 143 154 155 162 163 164 286 290
 293 295 302 580 585 597 600 603 639
1 5 9 14 17 26 127 134 137 141 152 153 160 161 169 287 289
 292 298 308 582 586 587 589 595 638
1 6 7 13 15 18 128 133 138 140 149 150 151 158 159 291 297
 301 304 307 583 590 592 602 604 637
39 40 44 47 52 236 247 249 254 255 285 289 291 296 302 406 412
 416 427 429 512 518 523 525 528 630
33 37 45 49 53 238 240 241 257 259 290 299 301 305 308 410 414
 415 419 424 506 510 513 519 527 630
30 35 38 50 51 237 242 244 246 253 287 293 294 297 309 407 411
 413 418 422 505 507 509 511 517 630
32 36 41 43 46 235 248 251 252 256 295 298 300 304 306 405 408
 421 423 428 514 515 520 524 529 630
31 34 42 48 54 239 243 245 250 258 286 288 292 303 307 409 417
 420 425 426 508 516 521 522 526 630
4 130 132 137 139 238 244 247 250 252 262 272 277 280 281 530 532
 539 549 554 555 558 562 564 567 637
4 129 133 135 141 236 246 251 258 259 265 269 270 271 278 544 547
 548 551 553 563 568 572 573 576 639
4 128 131 136 143 237 239 241 254 256 260 266 268 276 282 536 538
 543 546 552 561 565 570 575 579 638
4 125 127 140 142 235 240 242 243 255 263 273 274 279 284 531 535
 537 541 545 556 557 559 566 569 640
4 126 134 138 144 245 248 249 253 257 261 264 267 275 283 533 534
 540 542 550 560 571 574 577 578 636
4 5 7 12 25 28 337 345 347 351 353 418 419 423 426 429 433
 440 442 445 448 611 614 616 617 629
4 10 14 15 19 27 343 344 346 349 350 408 410 413 416 425 432
 437 443 446 449 619 620 622 624 626
4 9 11 18 20 24 336 340 342 355 358 409 411 415 421 427 431
 434 450 453 454 606 609 613 618 627
4 8 13 16 21 26 335 339 341 357 359 406 417 422 424 428 435
 436 439 444 452 605 607 610 621 628
4 6 17 22 23 29 338 348 352 354 356 405 407 412 414 420 430
 438 441 447 451 608 612 615 623 625
0 157 158 160 162 165 222 226 227 230 236 239 242 252 257 310 316
 321 329 334 339 343 348 353 358 643
0 148 151 161 164 168 221 225 229 234 235 241 247 253 258 315 319
 320 326 333 335 337 342 344 356 641
0 147 153 155 159 167 223 224 228 231 240 244 245 251 254 311 312
 317 322 325 336 338 346 351 359 642
0 146 150 152 154 166 216 218 219 220 237 248 250 255 259 314 324
 328 330 331 347 350 352 355 357 644
0 145 149 156 163 169 215 217 232 233 238 243 246 249 256 313 318
 323 327 332 340 341 345 349 354 645
0 1 2 3 4 80 81 82 83 84 85 86 87 88 89 90 91
 92 93 94 95 96 97 98 99 630
2 105 112 117 118 122 176 178 180 183 236 241 243 244 248 432 436
 442 447 454 580 581 582 583 584 650
2 100 106 115 119 123 171 173 177 189 235 246 250 254 257 430 433
 439 449 453 588 589 590 591 603 649
2 104 107 108 113 121 175 182 185 187 242 245 247 256 259 440 441
 444 446 450 587 599 600 601 602 646
2 101 103 111 116 120 170 174 184 188 237 240 249 252 258 434 437
 445 451 452 586 596 597 598 604 647
2 102 109 110 114 124 172 179 181 186 238 239 251 253 255 431 435
 438 443 448 585 592 593 594 595 648
152 157 159 163 168 435 441 445 449 454 457 463 467 470 475 483 485
 493 500 502 531 534 539 546 551 630
145 150 160 164 167 431 439 442 446 451 455 459 469 476 478 487 491
 495 497 504 536 541 542 547 549 630
147 149 154 161 165 432 433 438 450 452 462 466 468 472 474 481 486
 488 494 503 544 545 550 552 554 630
148 155 158 166 169 437 444 447 448 453 460 461 464 465 471 480 482
 490 496 501 532 537 540 543 548 630
146 151 153 156 162 430 434 436 440 443 456 458 473 477 479 484 489
 492 498 499 530 533 535 538 553 630
2 57 59 69 75 76 125 128 132 141 335 340 346 352 353 465 467
 469 474 477 508 511 518 527 529 636
2 60 64 68 74 79 129 130 138 142 338 341 344 347 358 457 464
 468 473 476 510 514 517 521 523 638
2 56 62 67 73 78 126 131 133 137 342 345 348 350 359 456 460
 472 475 478 507 513 516 520 525 640
2 55 61 70 72 77 134 136 139 140 339 349 351 355 356 459 463
 466 471 479 509 512 515 519 522 639
2 58 63 65 66 71 127 135 143 144 336 337 343 354 357 455 458
 461 462 470 505 506 524 526 528 637
2 9 15 21 23 28 31 33 39 41 51 220 225 228 232 482 485
 488 491 492 557 562 563 578 579 643
2 5 13 22 24 27 30 32 37 42 52 215 223 230 234 490 493
 494 497 499 559 564 570 572 574 644
2 6 10 11 25 26 38 46 47 49 54 218 222 224 229 481 495
 498 501 502 558 565 569 571 576 645
2 8 12 17 18 19 34 36 44 50 53 217 219 221 226 484 496
 500 503 504 555 560 566 568 575 642
2 7 14 16 20 29 35 40 43 45 48 216 227 231 233 480 483
 486 487 489 556 561 567 573 577 641
1 173 180 185 188 311 320 329 330 332 409 414 416 422 423 456 462
 467 471 476 558 559 568 577 579 648
1 182 183 186 189 310 315 318 325 331 408 418 420 424 427 457 459
 461 472 477 562 566 570 571 573 647
1 175 178 181 184 314 317 323 326 334 412 413 417 419 421 455 460
 463 473 474 556 564 575 576 578 649
1 170 172 177 187 313 316 322 328 333 405 406 410 411 426 465 468
 470 478 479 555 561 563 569 574 650
1 171 174 176 179 312 319 321 324 327 407 415 425 428 429 458 464
 466 469 475 557 560 565 567 572 646
3 171 183 184 187 262 271 276 279 283 285 292 295 301 309 335 350
 351 354 358 481 483 491 496 499 648
3 172 176 182 188 260 265 275 280 284 289 293 299 300 307 338 342
 349 353 357 480 484 488 497 502 649
3 174 181 185 189 263 267 272 278 282 297 302 303 306 308 336 339
 344 345 352 486 490 492 495 500 650
3 175 177 179 180 264 268 270 273 277 286 287 296 304 305 340 343
 347 356 359 482 487 493 498 503 647
3 170 173 178 186 261 266 269 274 281 288 290 291 294 298 337 341
 346 348 355 485 489 494 501 504 646
4 312 316 326 331 332 385 391 400 404 480 481 492 493 504 506 508
 512 517 520 580 586 588 592 599 631
4 319 323 325 328 329 393 397 399 401 489 490 491 502 503 509 513
 521 528 529 584 595 598 602 603 634
4 315 322 327 330 334 387 388 392 394 487 488 499 500 501 505 514
 522 525 527 583 587 591 594 597 632
4 311 314 318 321 333 386 389 402 403 485 486 496 497 498 507 510
 515 518 526 582 585 590 596 601 635
4 310 313 317 320 324 390 395 396 398 482 483 484 494 495 511 516
 519 523 524 581 589 593 600 604 633
3 65 67 72 75 79 226 228 229 233 405 415 416 417 418 535 540
 544 546 549 584 586 590 594 600 644
3 61 68 71 73 76 219 223 225 227 413 414 426 427 428 533 541
 543 551 554 581 587 592 596 603 645
3 57 60 62 66 77 216 222 232 234 411 412 423 424 425 538 539
 542 545 548 583 585 589 598 599 642
3 55 56 59 63 64 217 220 224 230 410 420 421 422 429 530 534
 537 547 552 582 588 593 597 602 641
3 58 69 70 74 78 215 218 221 231 406 407 408 409 419 531 532
 536 550 553 580 591 595 601 604 643
0 103 114 117 119 121 127 131 132 138 200 203 206 209 214 406 413
 415 420 423 487 492 494 496 502 639
0 102 106 113 120 122 125 133 139 144 195 199 202 205 208 409 410
 412 418 428 484 486 491 493 501 638
0 104 109 112 116 123 129 137 140 143 191 194 198 201 204 405 419
 422 425 427 483 488 490 498 504 636
0 101 107 110 115 118 126 136 141 142 193 197 207 211 213 408 411
 414 417 429 481 482 489 497 500 637
0 100 105 108 111 124 128 130 134 135 190 192 196 210 212 407 416
 421 424 426 480 485 495 499 503 640
29 54 79 99 124 144 169 189 214 234 259 284 309 334 359 384 429
 454 479 504 529 554 579 604 624 635
29 34 58 80 123 142 159 186 203 225 236 283 300 330 340 372 410
 444 466 495 507 538 564 586 617 634
22 43 66 98 111 136 151 172 204 219 245 279 287 329 345 372 415
 449 474 501 523 547 562 580 621 635
12 32 71 88 116 142 150 185 206 224 246 261 305 321 335 374 412
 432 479 480 516 546 562 595 618 632
20 36 69 88 117 143 167 184 196 225 242 270 308 331 349 383 429
 438 456 501 521 539 574 590 607 633
27 39 59 87 103 143 165 185 190 216 235 269 287 327 351 368 417
 454 478 484 510 532 571 592 608 634
27 47 74 97 123 139 169 180 210 220 242 267 307 322 335 366 415
 451 472 489 524 551 575 585 611 631
20 46 65 86 120 141 149 178 210 234 255 282 286 316 338 367 422
 446 475 496 519 533 562 591 616 634
10 51 60 85 111 144 160 178 200 217 251 263 296 328 342 366 414
 440 466 483 508 532 570 590 605 632
22 46 70 96 102 127 163 170 198 220 257 268 285 325 344 364 417
 440 469 480 507 554 568 583 609 633
28 53 65 95 124 136 159 175 191 230 248 274 292 327 342 374 406
 451 477 486 517 548 558 603 622 633
19 31 72 94 120 127 162 171 194 223 248 260 305 326 341 381 411
 438 467 495 525 532 573 602 611 635
12 43 74 86 108 144 161 188 209 228 236 273 288 318 350 362 411
 439 463 490 527 530 565 592 615 633
8 37 76 84 119 143 166 186 212 224 243 271 289 329 356 375 411
 440 475 486 514 549 578 604 619 631
5 51 55 83 100 132 162 186 205 216 241 279 307 332 359 376 405
 446 464 500 528 550 576 596 618 633
25 42 70 93 101 138 154 172 212 232 242 262 296 320 336 376 428
 430 460 504 527 546 573 582 622 634
6 53 59 92 100 129 167 180 211 233 247 263 293 316 350 361 428
 445 461 494 522 538 578 595 609 635
11 52 58 91 108 136 150 183 201 232 257 263 298 333 359 367 413
 448 467 484 521 544 567 597 623 631
8 45 58 82 102 141 151 189 192 228 242 260 295 323 347 360 425
 447 478 494 512 534 558 596 606 632
11 44 55 97 122 127 155 182 191 233 253 266 303 321 347 363 414
 439 474 499 520 539 563 604 620 634
23 35 68 90 116 139 161 171 192 222 243 275 304 314 346 384 406
 448 456 500 506 547 570 600 609 634
15 43 76 96 105 129 168 182 207 222 238 274 302 324 359 368 409
 430 455 496 509 552 574 586 611 632
19 54 63 93 100 136 149 174 198 231 253 273 289 331 348 377 423
 436 465 491 510 551 564 600 613 632
6 45 67 84 120 134 148 185 207 215 250 266 296 312 358 379 413
 436 470 488 529 547 566 585 617 633
14 33 73 95 116 135 157 172 205 229 256 283 286 311 352 373 429
 439 473 494 509 532 566 583 613 631
16 30 77 90 106 127 154 180 201 221 245 282 300 313 358 380 429
 437 477 485 513 549 576 592 612 632
8 33 79 92 112 139 160 182 190 223 255 261 297 319 340 371 423
 449 460 481 526 553 561 597 612 633
15 36 79 98 121 125 153 183 211 230 250 278 294 313 356 366 419
 435 462 480 525 542 565 596 613 634
17 52 61 87 105 132 154 184 199 224 256 273 297 310 342 364 425
 435 476 489 506 540 563 591 617 635
11 39 62 81 114 130 157 189 194 217 245 265 301 314 356 365 428
 432 465 489 505 536 559 586 616 633
5 35 62 89 104 135 148 183 202 219 254 267 290 316 340 382 417
 438 476 502 515 530 557 604 622 632
20 41 61 98 110 138 162 175 190 229 243 281 309 312 357 363 410
 445 472 490 518 536 568 589 623 632
5 50 76 85 110 140 167 189 195 218 256 280 285 326 343 378 415
 436 468 485 516 548 577 597 615 634
16 51 71 89 105 136 158 173 194 229 249 284 308 317 350 360 420
 450 469 493 514 553 555 585 614 634
7 52 57 97 111 129 166 171 193 221 244 284 286 323 348 378 410
 431 462 492 515 546 571 587 610 633
25 34 64 94 109 139 153 170 196 233 235 264 301 310 352 362 413
 450 475 497 528 548 579 580 610 632
10 35 65 83 112 142 151 184 209 215 259 264 303 325 353 377 428
 431 471 485 525 552 555 589 608 631
15 32 55 86 109 131 154 189 193 227 247 275 292 317 340 381 407
 442 470 501 510 535 568 598 605 631
27 44 71 81 113 141 159 188 196 218 243 268 290 315 358 377 405
 433 460 492 509 542 567 593 605 635
28 45 61 92 113 127 164 181 204 222 249 276 294 330 338 376 408
 454 465 503 516 530 572 590 610 631
18 51 75 90 124 129 165 170 197 223 250 273 295 315 345 383 412
 444 458 502 519 536 577 582 620 631
17 47 56 91 109 135 145 175 208 231 241 261 295 324 353 379 411
 437 457 492 522 554 559 590 621 634
18 38 64 89 103 125 169 172 213 231 247 271 305 330 339 370 425
 433 455 485 520 533 570 584 623 633
9 34 67 93 112 135 147 173 195 230 237 275 302 323 335 365 408
 440 464 487 519 539 569 592 623 635
24 33 63 84 109 142 158 176 200 216 258 267 285 313 346 367 418
 430 463 503 520 536 558 587 607 635
16 38 67 85 121 130 145 188 198 234 248 270 291 310 351 369 410
 430 474 500 526 543 557 595 606 631
26 32 78 98 123 135 146 174 199 232 239 264 293 315 346 369 414
 454 468 496 512 549 556 602 614 633
28 37 56 82 103 130 146 178 201 227 253 278 304 322 349 382 409
 444 469 481 528 546 566 589 615 635
24 53 68 82 105 144 153 179 203 218 246 279 306 320 348 370 417
 437 459 488 518 539 561 602 616 631
21 52 64 81 100 144 152 187 206 227 258 274 299 312 345 371 408
 438 471 498 511 549 575 583 606 634
9 48 71 94 119 126 151 180 202 222 256 278 299 328 351 367 407
 452 457 504 518 537 564 594 620 633
21 47 66 87 104 142 149 177 214 226 251 275 294 326 352 360 409
 445 459 499 513 543 567 582 619 633
23 50 72 89 115 138 155 174 196 230 255 277 299 318 337 364 409
 432 478 483 529 538 576 587 621 631
11 40 79 87 115 133 161 186 204 215 248 262 293 311 343 370 426
 441 469 492 519 537 575 598 607 632
16 50 74 83 101 133 153 185 191 225 257 281 286 324 354 371 421
 442 465 502 512 545 570 594 619 635
15 46 62 88 106 134 145 186 213 226 244 276 299 320 347 373 406
 450 458 490 508 551 556 597 608 635
26 41 57 86 118 140 165 179 205 217 254 262 303 330 337 375 413
 451 457 480 513 553 574 600 606 635
21 44 75 91 120 137 167 172 203 230 259 276 304 332 344 375 407
 453 463 489 526 545 571 581 614 632
21 40 73 97 110 128 148 170 209 222 246 277 292 331 336 369 419
 446 466 484 514 534 559 584 612 635
8 49 55 95 107 138 163 183 210 231 235 272 288 328 343 380 412
 431 456 488 511 543 572 586 614 635
17 40 69 81 101 140 168 178 202 228 239 272 305 313 357 361 423
 450 464 499 507 547 571 603 624 631
6 33 77 82 104 131 162 188 197 217 244 264 298 331 335 364 426
 453 455 486 523 531 572 594 624 634
5 38 58 90 117 126 149 182 208 220 239 269 306 312 356 374 416
 453 473 483 527 541 555 598 610 635
20 32 60 96 104 139 152 181 212 221 240 283 291 332 353 370 420
 436 478 482 505 544 565 603 620 635
27 40 77 91 118 138 164 173 192 219 240 280 306 334 354 381 418
 444 475 498 508 552 563 595 613 633
26 36 63 96 103 126 159 171 195 233 241 265 296 334 355 360 426
 443 476 490 511 545 562 601 612 631
6 37 74 95 117 125 152 173 193 232 252 265 303 326 351 384 427
 446 458 503 507 540 561 593 621 632
26 43 72 88 124 132 164 176 202 215 237 263 301 322 348 380 427
 433 473 482 526 534 568 599 619 634
13 54 69 94 108 129 156 181 213 220 252 279 290 311 342 375 418
 432 470 487 512 543 560 589 612 634
13 48 60 93 114 125 161 175 207 219 244 269 285 321 349 371 405
 434 461 495 513 534 579 591 614 631
19 48 78 99 117 130 148 179 204 228 257 271 297 332 355 373 412
 445 477 497 524 552 569 587 605 634
28 49 60 84 118 133 169 184 198 226 245 277 302 315 357 362 407
 443 467 494 515 541 561 588 618 634
14 37 66 92 114 126 150 170 199 221 254 270 309 318 339 377 421
 441 464 488 508 535 558 581 611 634
25 31 66 99 106 141 158 187 190 217 240 266 293 324 344 374 427
 435 456 487 515 550 564 584 615 631
14 53 70 84 108 132 155 177 195 225 239 284 291 314 345 381 422
 434 457 481 524 542 572 584 608 632
13 31 56 80 122 134 157 184 197 216 247 268 306 318 338 369 415
 448 462 504 511 553 569 603 619 632
18 30 73 83 113 134 146 177 193 224 238 260 288 334 344 365 423
 451 461 483 518 544 557 580 607 634
24 49 78 92 101 128 145 171 214 220 236 280 287 317 337 365 405
 435 471 486 521 533 566 599 620 632
13 34 61 99 116 131 155 178 211 218 238 267 287 333 353 380 416
 441 458 491 514 545 573 588 606 633
9 42 59 99 107 140 166 188 199 227 241 277 294 325 354 383 406
 449 473 495 520 544 560 585 616 632
9 54 77 80 111 132 163 185 208 226 254 274 304 319 350 363 419
 447 468 497 505 533 573 593 607 631
18 35 70 85 123 131 164 187 207 228 252 261 289 327 352 363 424
 443 462 493 521 537 576 581 616 635
10 30 69 89 102 137 166 175 206 232 236 266 301 319 338 368 426
 452 459 500 524 535 577 588 613 635
23 38 57 83 114 143 156 176 210 226 240 278 292 333 355 361 408
 439 460 493 523 554 577 602 617 632
17 39 65 97 121 126 158 181 205 223 237 271 288 320 349 372 424
 442 468 498 529 531 567 588 609 632
19 42 68 80 110 133 152 176 201 224 249 272 295 316 337 366 424
 453 474 487 509 535 579 601 608 633
12 41 67 96 115 128 157 180 200 223 259 272 289 333 354 382 425
 434 459 501 517 550 556 593 610 634
25 48 75 80 121 143 168 177 192 215 255 265 298 317 339 378 414
 437 472 491 517 530 560 583 618 635
7 39 68 91 119 125 160 174 197 229 238 270 300 325 355 362 422
 447 470 499 516 550 575 599 622 635
14 49 75 82 115 140 156 187 208 234 237 281 300 321 336 368 420
 448 476 503 525 551 578 580 605 633
7 47 72 81 112 131 163 179 213 234 250 283 308 329 346 376 421
 452 461 484 517 541 563 601 615 632
24 45 57 95 106 137 168 174 209 219 251 268 307 310 341 383 416
 442 479 481 505 537 578 601 623 634
7 44 78 87 102 134 147 176 211 225 252 282 309 328 341 382 420
 449 455 498 527 548 559 600 618 631
22 36 73 86 119 130 147 187 191 218 249 269 307 319 339 379 418
 431 467 482 506 538 556 582 624 632
23 30 63 85 122 141 150 179 212 227 235 276 302 311 341 372 419
 434 472 502 522 540 555 599 624 633
29 31 76 93 113 137 165 183 200 229 246 282 291 322 347 361 421
 443 471 497 506 531 560 598 621 633
29 42 62 94 118 128 146 182 206 221 251 281 308 327 343 379 422
 433 463 491 523 540 569 596 609 631
12 46 59 98 122 137 156 173 214 231 258 260 297 314 358 378 424
 441 466 482 528 541 574 594 622 631
22 41 64 88 107 133 160 177 194 216 253 280 290 323 336 384 416
 452 477 496 522 531 565 581 617 631
10 50 56 90 107 128 147 181 203 233 258 262 298 329 357 373 427
 447 479 493 510 542 557 591 611 633
29 49 66 86 116 132 152 180 207 230 253 271 306 325 341 378 388
 426 450 460 484 512 536 557 590 626
29 44 68 83 111 131 158 175 202 220 235 265 294 318 336 373 387
 425 436 467 481 519 549 574 595 629
12 30 64 80 124 131 149 183 195 222 240 270 303 320 357 379 386
 405 449 469 489 512 532 578 587 627
22 48 61 91 122 129 159 189 206 226 237 264 289 313 337 370 401
 421 446 456 481 527 532 557 585 628
20 50 71 80 106 130 165 172 207 220 241 263 292 323 346 362 385
 423 441 459 498 525 540 572 604 628
27 41 66 84 102 130 168 183 193 233 237 273 308 311 353 371 387
 406 453 466 504 516 533 576 602 625
25 30 60 95 112 128 162 189 208 225 249 273 299 322 355 375 390
 417 441 462 496 520 547 567 595 626
10 41 63 99 123 132 153 182 213 219 249 270 288 326 358 361 399
 407 448 478 486 519 546 559 583 628
22 49 63 90 105 137 162 185 193 228 255 283 294 333 349 369 393
 428 433 457 487 508 548 575 604 627
28 36 55 89 106 129 150 188 200 215 239 283 287 326 336 371 392
 424 447 475 489 518 554 569 600 626
8 42 63 88 120 130 156 175 211 222 254 284 298 315 352 370 397
 415 442 471 483 507 550 563 592 626
5 33 57 87 101 144 164 175 201 233 250 260 291 325 339 372 385
 407 432 456 496 514 551 569 593 627
20 47 57 82 119 134 150 182 204 230 258 273 290 317 354 380 400
 428 443 468 500 507 532 579 584 629
19 41 71 97 108 137 154 186 211 234 240 264 285 327 339 365 404
 409 447 473 502 511 547 561 590 629
12 40 65 82 109 132 160 171 211 232 245 269 299 330 344 383 389
 421 436 472 493 509 543 569 604 625
27 38 55 96 110 135 160 184 206 228 250 284 304 320 341 367 394
 427 441 465 486 513 538 560 580 629
6 44 79 94 114 136 168 184 208 227 246 280 286 330 346 380 404
 424 440 478 490 524 550 557 582 627
5 40 71 98 103 139 147 179 193 226 259 266 295 318 342 380 391
 422 430 465 495 521 531 578 583 626
25 36 72 97 118 135 161 185 214 227 238 279 291 328 338 377 395
 425 453 477 493 507 536 578 597 628
5 36 70 99 111 133 156 180 206 229 255 276 303 310 346 365 400
 411 444 455 488 510 534 567 603 625
8 35 75 81 103 134 158 180 191 232 251 279 302 331 337 381 399
 410 441 473 497 516 554 565 591 627
15 45 60 90 103 136 156 177 205 218 236 272 293 325 335 363 395
 421 438 475 504 526 540 559 587 629
16 42 58 92 124 137 155 184 207 217 235 275 305 329 355 382 395
 418 446 468 492 518 551 565 583 625
11 37 77 93 120 129 158 179 214 225 256 261 292 325 357 366 402
 416 433 478 500 511 530 556 580 625
20 31 79 91 123 128 163 188 202 224 253 279 296 314 339 368 391
 408 442 458 494 513 548 555 587 625
10 45 74 87 100 131 150 172 208 223 243 278 285 334 337 369 397
 422 450 477 482 515 539 560 586 625
8 39 61 94 101 135 152 177 203 234 244 263 307 318 358 374 393
 419 443 469 501 520 552 577 600 625
19 38 70 95 113 129 151 178 203 216 254 275 308 321 354 362 391
 426 435 472 482 529 549 559 597 627
15 34 59 91 111 126 152 179 194 215 242 281 285 315 338 382 390
 423 439 479 486 506 543 576 584 627
17 32 59 84 115 144 163 172 191 222 244 282 301 326 355 377 396
 416 444 472 487 521 553 557 596 629
7 30 74 96 121 136 167 186 202 217 258 277 295 321 352 381 393
 416 454 460 488 506 533 569 589 628
15 52 73 82 120 142 164 180 190 231 239 262 308 318 355 384 398
 405 440 474 502 505 548 560 588 628
11 50 65 96 111 137 164 177 213 227 243 267 300 331 351 379 403
 412 435 464 494 527 553 579 602 626
14 41 65 89 117 139 145 189 207 224 258 268 293 328 348 376 402
 419 444 467 499 523 545 560 592 627
23 48 77 92 107 135 169 186 200 218 252 273 301 312 344 360 403
 422 442 474 484 525 546 574 603 627
6 48 70 88 109 141 146 183 214 223 249 277 306 329 342 368 385
 410 439 464 485 505 545 575 600 629
11 31 64 85 101 143 147 180 208 219 238 283 297 315 348 360 389
 406 446 463 480 529 535 572 589 629
16 39 72 98 102 129 149 187 209 224 241 267 298 330 343 384 390
 407 434 460 497 508 539 566 603 629
24 31 60 88 108 131 151 173 199 233 255 271 300 312 343 382 396
 419 451 465 500 509 554 571 582 628
9 50 63 95 114 139 146 187 197 215 236 282 290 320 359 381 401
 425 445 474 480 514 541 571 590 625
28 30 68 81 115 143 148 182 205 231 252 264 291 323 350 367 388
 415 435 479 495 508 545 568 582 625
21 46 79 84 105 131 159 174 205 221 242 269 305 328 354 365 385
 427 448 474 497 522 530 577 589 626
28 40 66 94 100 137 163 176 197 218 242 261 303 317 356 373 394
 410 434 476 496 529 544 570 592 628
16 46 60 99 110 143 146 171 202 230 247 261 307 311 345 377 398
 413 447 459 503 527 531 563 586 627
9 43 62 97 109 125 149 184 190 218 257 260 296 311 337 361 393
 420 444 479 500 517 549 572 581 626
18 47 69 98 105 126 161 189 191 216 240 277 300 316 341 373 392
 413 440 471 491 526 546 572 593 625
27 34 69 85 114 134 149 171 201 229 259 274 293 329 336 364 388
 412 442 457 482 520 530 561 596 628
21 42 71 85 112 132 161 181 197 231 257 265 309 313 347 368 400
 416 451 475 501 515 538 566 602 627
18 31 68 92 117 136 166 185 195 234 251 262 290 313 353 364 394
 407 439 472 498 528 534 556 586 626
17 49 58 93 119 139 148 188 211 216 251 276 286 334 345 363 390
 427 432 469 485 517 535 574 602 628
24 50 58 81 104 132 169 170 193 229 248 278 296 321 338 375 398
 424 449 456 491 522 552 556 592 629
26 42 66 91 121 139 157 178 213 225 246 260 302 312 350 364 392
 405 431 477 503 510 537 577 604 629
16 53 73 87 114 140 160 183 192 220 258 264 302 332 338 363 396
 411 433 458 501 529 546 564 601 626
21 35 57 96 122 138 145 185 194 218 239 271 298 322 342 362 404
 429 449 461 503 519 535 564 596 625
11 43 78 84 103 140 152 175 210 223 246 275 290 310 344 376 386
 429 447 462 491 508 538 555 594 628
15 38 72 80 116 141 147 175 200 221 257 280 288 331 345 375 396
 428 454 476 499 528 537 561 585 625
6 51 56 81 102 142 155 171 210 219 256 281 289 320 339 362 400
 419 454 477 487 526 544 574 598 626
23 44 64 98 104 128 154 178 205 215 257 284 306 319 351 383 402
 411 443 461 487 516 551 558 586 628
8 46 74 89 116 128 164 179 195 216 245 274 309 310 349 361 401
 414 453 470 492 525 544 564 582 629
21 53 56 93 118 127 166 189 190 215 252 270 307 333 346 372 391
 412 450 476 483 509 533 565 594 629
5 54 56 92 116 125 158 177 212 228 248 282 299 315 354 368 404
 413 431 466 489 523 539 568 601 628
17 48 72 85 100 133 165 182 203 232 240 268 294 314 335 382 398
 429 431 470 490 514 533 558 580 626
26 39 55 82 108 133 167 170 214 219 243 282 305 319 353 373 388
 408 430 462 483 517 540 564 585 627
20 37 70 90 115 135 153 176 209 217 247 274 297 334 347 372 404
 405 452 467 491 516 543 571 585 626
26 53 67 90 104 125 151 186 210 227 249 268 309 324 336 378 394
 423 432 463 497 521 532 563 588 625
19 45 79 86 107 143 157 170 195 232 244 267 304 324 342 372 400
 420 433 471 499 518 541 576 595 628
13 46 64 97 119 136 165 176 199 228 259 281 302 326 340 376 403
 426 437 456 483 505 542 566 595 625
13 35 76 95 100 126 153 188 201 226 255 262 305 323 344 379 402
 420 454 466 501 524 536 563 599 629
27 45 68 93 109 128 155 187 199 226 248 263 288 332 356 378 392
 429 452 455 502 507 553 562 589 627
6 32 57 89 124 126 160 187 198 225 243 272 294 311 347 365 391
 415 437 463 484 528 552 573 591 628
28 54 67 88 119 140 153 172 190 221 236 267 295 314 341 364 387
 414 446 461 493 511 552 567 598 627
25 33 59 86 117 134 159 181 198 219 246 284 295 333 343 363 398
 409 452 464 489 525 549 570 599 625
14 52 78 94 112 125 159 185 192 217 253 276 288 316 357 383 403
 415 430 459 482 514 554 576 598 629
26 35 69 80 107 144 154 173 198 223 238 276 307 321 356 367 387
 421 445 478 492 523 548 566 584 626
14 34 76 88 118 144 162 174 204 220 247 266 304 313 351 360 386
 424 431 460 502 517 544 559 591 625
24 47 59 94 113 138 157 186 201 228 237 270 292 319 345 384 395
 414 436 455 480 515 545 555 591 626
13 53 78 86 106 142 163 182 212 229 237 277 298 334 351 366 389
 425 438 465 492 528 547 577 581 627
9 37 61 86 124 133 168 171 200 231 242 266 300 332 352 369 399
 417 432 461 498 523 542 555 597 629
13 39 77 83 123 141 148 172 206 233 248 272 309 317 348 383 386
 409 440 457 503 506 541 565 597 626
9 47 75 83 110 144 155 183 194 221 252 268 297 330 349 374 397
 426 430 475 494 510 547 556 599 628
18 37 55 87 112 141 145 174 203 222 245 281 296 333 350 378 387
 418 438 473 480 524 531 579 603 628
25 40 58 83 122 130 166 174 213 223 256 274 287 316 335 384 396
 420 443 463 488 513 542 568 590 627
10 52 62 98 115 127 165 188 210 225 238 271 304 317 352 374 401
 418 436 464 504 522 534 561 601 627
17 51 73 96 123 125 150 176 196 234 245 266 306 323 343 375 395
 406 445 471 481 510 530 573 594 627
12 33 76 90 102 138 146 184 191 234 254 265 287 332 348 366 403
 408 450 470 495 522 537 567 584 628
7 33 75 93 108 126 169 178 204 224 235 280 303 324 358 369 401
 406 438 459 493 505 538 568 596 626
19 52 56 83 121 140 169 173 196 222 251 283 293 319 347 380 385
 417 434 470 486 527 536 562 581 625
18 43 67 99 122 142 162 181 196 232 254 280 292 328 356 371 388
 422 437 469 494 506 551 571 601 629
23 49 65 87 113 130 167 173 197 221 239 279 289 324 340 366 386
 413 452 479 490 520 534 573 583 629
7 54 62 85 113 142 154 170 192 230 241 272 287 312 349 370 399
 427 439 467 496 524 553 578 594 625
24 43 73 89 107 127 167 178 212 226 250 265 297 327 335 377 390
 410 448 457 498 512 550 579 598 625
7 36 61 84 104 141 157 173 209 220 253 262 299 327 359 361 397
 412 437 468 495 526 535 570 580 627
14 38 77 81 105 133 166 181 209 230 235 260 285 322 340 379 389
 414 445 458 504 521 550 562 600 628
22 44 74 82 118 143 145 181 199 229 250 275 301 316 359 374 399
 423 434 466 485 511 537 573 587 626
12 54 78 91 110 127 168 187 196 216 244 278 291 329 340 360 402
 428 451 473 488 519 540 570 588 626
29 51 67 95 101 127 156 179 192 224 247 269 301 331 353 367 392
 409 449 468 490 515 542 575 581 628
29 32 69 97 120 138 147 177 204 217 241 278 289 310 350 371 394
 417 448 458 485 509 541 558 599 627
23 32 76 99 121 134 151 170 194 231 236 263 286 327 357 376 389
 418 453 476 481 513 539 575 593 626
10 34 75 92 106 138 148 176 198 227 256 269 308 314 359 370 393
 411 451 462 499 512 531 562 593 629
22 51 62 80 117 140 161 174 212 233 259 261 286 322 358 381 397
 408 435 455 484 518 543 558 588 629
2 193 196 200 204 208 298 302 305 307 309 314 316 320 325 327 534
 543 545 549 553 613 615 617 620 628
2 191 197 202 212 214 285 288 293 304 308 310 312 323 330 333 532
 535 542 551 552 612 616 618 621 626
2 194 199 203 207 210 287 291 295 299 303 311 313 319 331 334 530
 541 546 548 550 605 609 619 623 629
2 192 198 205 206 211 290 292 296 297 300 318 322 324 326 329 533
 536 537 539 544 608 610 614 624 627
2 190 195 201 209 213 286 289 294 301 306 315 317 321 328 332 531
 538 540 547 554 606 607 611 622 625
2 147 151 160 163 166 265 267 273 276 281 361 369 370 374 381 385
 388 395 402 405 409 413 424 429 634
2 146 159 164 165 169 266 270 272 275 279 364 367 371 373 378 389
 390 397 404 411 416 419 420 428 632
2 150 155 156 157 161 264 271 274 280 282 360 366 376 379 383 387
 391 393 398 407 410 417 423 427 635
2 145 153 154 158 168 260 263 269 277 283 363 375 377 382 384 386
 394 400 401 408 412 415 422 426 633
2 148 149 152 162 167 261 262 268 278 284 362 365 368 372 380 392
 396 399 403 406 414 418 421 425 631
29 46 61 81 117 160 172 201 215 254 277 288 324 335 360 404 418
 434 462 500 510 548 578 602 620 640
29 50 77 84 121 150 171 190 228 238 268 303 316 342 370 390 408
 452 473 501 528 551 559 582 614 636
22 40 59 95 123 158 184 195 221 238 278 298 312 347 376 388 411
 432 459 502 526 533 579 600 605 640
12 42 72 87 117 158 170 210 218 247 276 300 323 359 371 391 414
 443 457 486 505 547 557 589 613 636
20 34 62 87 124 166 180 205 228 249 280 298 321 344 377 392 419
 430 470 481 511 541 570 602 621 639
27 33 78 80 105 156 170 202 227 245 262 289 326 347 374 390 422
 431 461 500 529 545 565 590 623 639
28 50 57 91 116 149 186 199 223 247 265 308 328 358 363 389 417
 430 471 487 524 534 565 580 624 640
25 37 67 98 100 164 184 194 220 251 282 288 321 340 370 400 406
 447 457 484 509 545 577 587 624 637
12 45 55 85 119 169 175 194 225 237 262 306 316 346 377 393 409
 435 458 497 523 544 571 583 612 640
19 39 69 90 109 164 188 212 230 246 281 303 328 359 360 396 415
 441 461 481 515 533 556 583 617 638
27 46 73 92 111 153 189 197 232 241 271 291 321 357 380 397 409
 438 463 487 517 537 555 600 617 636
8 32 67 83 108 165 171 208 218 253 277 308 313 338 372 402 427
 445 455 489 508 537 579 583 622 639
20 49 73 85 108 158 174 206 215 244 275 295 330 356 361 403 417
 449 477 504 528 545 563 593 611 638
5 39 74 88 113 163 171 207 227 251 264 297 333 357 375 392 420
 437 474 504 519 538 558 584 613 640
10 31 70 82 121 152 174 191 226 241 280 309 311 340 367 395 412
 433 461 489 514 547 574 592 610 640
22 38 76 94 104 155 179 190 232 258 272 300 334 350 377 385 406
 442 462 489 519 534 566 590 618 638
6 34 66 96 101 165 189 209 231 248 276 290 319 349 366 396 422
 448 473 493 518 549 563 587 618 640
11 36 57 92 123 162 178 192 231 259 277 285 320 345 374 387 420
 452 470 497 509 540 557 592 619 638
10 40 55 88 114 159 180 212 234 252 260 294 324 345 362 402 417
 453 468 491 506 553 566 587 623 636
25 44 62 90 108 160 179 207 231 237 278 307 326 354 364 386 410
 454 471 494 514 535 562 603 607 636
11 51 69 86 112 146 172 211 226 235 268 291 312 354 384 393 424
 437 476 486 516 534 564 587 611 639
6 43 63 83 118 147 170 201 234 242 271 299 314 340 363 392 416
 435 459 492 516 532 560 603 614 638
23 45 56 97 124 152 188 213 229 254 269 297 313 343 381 387 428
 440 459 496 521 545 564 580 618 636
15 35 63 94 115 166 178 214 229 245 268 295 332 339 371 386 427
 451 468 484 527 539 572 595 617 640
15 44 66 95 110 169 185 212 223 241 264 300 314 348 361 400 418
 452 469 483 521 530 569 591 606 639
5 43 64 93 102 157 185 203 221 243 277 293 317 355 367 399 424
 451 458 481 525 543 563 590 624 636
19 49 76 98 112 150 177 202 233 252 269 292 320 338 364 399 429
 444 463 492 505 550 570 585 606 640
8 31 78 96 100 161 178 193 230 256 270 301 330 336 363 385 418
 437 479 502 523 541 567 585 608 636
5 34 60 82 122 168 172 210 224 257 270 294 327 350 381 403 427
 452 471 492 529 536 556 600 612 637
15 37 65 85 118 155 172 202 216 246 273 298 319 358 365 394 420
 445 456 495 512 554 575 601 610 636
16 37 75 97 116 163 189 196 219 236 262 294 312 342 367 386 423
 443 455 482 522 550 569 602 608 638
8 40 56 99 105 149 172 200 225 250 264 290 321 351 378 395 408
 451 467 490 505 535 576 599 609 638
16 41 69 93 104 159 176 208 222 250 271 287 318 344 381 400 414
 431 479 494 528 540 575 597 616 640
14 51 74 91 106 147 184 214 222 255 272 290 327 356 372 398 426
 436 461 497 520 546 568 602 606 636
20 39 78 95 111 155 186 198 222 259 260 306 313 335 371 399 413
 433 476 493 522 535 560 582 615 637
7 32 65 92 110 156 188 203 219 257 266 302 322 356 384 385 425
 450 457 491 511 532 576 582 607 640
17 37 79 80 102 162 180 213 218 258 275 291 327 336 383 401 413
 439 465 483 515 552 562 599 614 640
11 42 75 89 109 151 185 205 220 244 270 289 334 341 380 398 408
 445 466 496 506 542 561 603 615 640
16 54 76 82 123 157 175 193 215 240 276 297 328 337 362 394 416
 438 464 484 520 542 562 582 609 639
21 30 72 86 114 153 173 204 216 256 272 296 315 353 374 403 410
 447 455 481 521 551 560 604 609 640
26 52 79 95 122 148 177 200 220 240 281 295 329 349 377 389 407
 450 455 500 516 538 573 592 616 636
24 41 70 83 119 149 181 192 227 244 266 305 315 350 366 401 429
 441 476 484 526 548 569 586 621 636
24 44 77 99 103 161 183 198 224 239 281 299 323 352 372 394 428
 446 470 482 517 553 577 590 611 640
9 40 64 90 120 150 189 198 229 244 279 288 327 353 382 385 414
 435 460 503 524 538 574 601 619 639
17 54 68 89 120 146 186 209 233 242 280 302 333 351 374 400 421
 449 462 482 513 536 572 583 605 636
18 46 71 93 115 152 184 192 233 239 267 294 319 359 375 389 410
 442 477 488 523 532 559 599 615 639
9 53 60 98 113 145 176 206 223 235 262 286 331 339 360 388 416
 448 470 489 507 552 576 604 615 636
18 33 58 97 107 168 179 206 230 249 282 293 314 351 362 397 405
 436 476 501 508 554 573 589 619 640
21 49 61 80 103 151 182 196 217 250 282 285 311 348 384 392 411
 442 464 493 524 544 556 595 622 636
28 52 75 99 104 147 174 207 216 243 260 301 320 343 366 404 421
 439 457 501 507 533 555 595 612 639
27 50 62 86 100 151 175 214 224 252 283 302 313 355 383 404 414
 448 469 488 526 531 573 584 610 638
28 48 59 96 112 154 187 210 229 251 280 305 318 348 372 397 413
 453 458 500 512 542 559 604 607 638
17 35 64 86 113 156 174 190 225 248 265 285 329 359 380 394 419
 453 459 494 508 546 569 585 620 637
11 45 59 80 104 153 171 206 234 239 273 302 328 349 373 391 418
 451 460 485 514 550 568 581 621 637
21 43 55 92 121 146 179 208 229 240 267 289 323 358 383 396 426
 432 467 504 507 548 570 591 608 637
8 38 73 91 124 154 185 204 233 236 268 299 326 346 366 388 420
 434 464 491 515 531 574 589 616 637
5 49 68 97 106 159 178 194 232 247 273 309 329 352 379 396 408
 434 478 480 526 552 560 594 607 639
21 34 77 89 119 156 184 193 223 253 263 291 324 343 373 399 405
 454 472 480 527 547 558 601 616 638
23 36 62 93 105 163 177 201 223 258 266 309 330 353 362 398 415
 446 473 486 512 537 571 595 605 637
20 30 67 94 105 169 187 211 219 239 265 304 325 337 376 396 412
 439 466 492 510 531 558 597 619 636
6 39 58 99 115 154 175 195 226 258 279 308 322 341 369 403 423
 431 475 480 509 530 570 581 620 636
15 54 71 87 107 148 171 191 217 255 270 306 322 353 376 401 424
 434 463 494 507 549 577 580 623 638
26 33 74 85 120 166 183 196 226 253 269 300 317 345 376 404 425
 441 479 487 518 552 559 603 609 637
16 44 57 88 112 152 170 200 228 256 279 293 334 356 379 401 409
 448 472 495 510 533 572 588 622 637
13 47 71 90 118 167 187 200 232 253 260 286 310 355 370 387 419
 449 464 486 529 530 568 586 608 640
28 46 76 83 109 161 180 203 217 237 284 290 312 339 369 390 412
 449 478 499 521 540 573 601 613 637
6 30 65 91 107 161 176 190 220 254 283 305 310 345 378 399 409
 443 465 504 514 539 556 596 605 639
25 41 78 81 124 150 173 203 226 247 267 286 325 349 368 394 411
 436 474 483 506 537 572 596 612 638
14 42 79 96 113 149 179 191 219 252 263 299 317 335 369 387 411
 447 456 485 528 536 571 588 617 639
27 48 56 89 108 162 176 191 221 246 276 296 325 352 384 389 423
 435 468 501 519 541 578 586 606 637
26 50 60 94 102 158 188 204 231 250 274 306 333 340 365 397 429
 446 472 499 506 546 578 581 608 639
13 45 63 98 101 160 186 196 221 256 275 303 322 350 368 398 412
 453 467 498 517 554 557 584 616 639
19 43 59 81 116 145 183 197 225 255 266 307 334 336 370 403 407
 440 468 493 513 540 558 589 610 639
26 48 64 87 106 155 181 193 234 236 261 304 331 354 361 390 415
 440 467 488 509 536 555 596 622 640
13 36 66 81 107 164 174 208 224 236 284 292 332 347 382 393 413
 430 472 485 519 532 561 594 609 636
9 38 68 84 122 164 170 211 217 259 283 307 317 343 368 402 423
 438 477 490 512 546 567 591 621 640
24 54 61 96 114 147 188 205 232 235 261 308 316 347 378 386 407
 444 477 483 525 547 575 584 619 637
14 36 60 83 120 154 182 197 228 246 267 301 329 337 378 391 406
 454 469 498 522 543 564 593 623 640
18 52 65 88 101 157 182 198 218 235 278 309 332 346 381 390 426
 447 466 487 513 530 578 585 621 638
9 32 79 81 106 167 175 192 216 249 271 303 333 348 364 395 422
 443 466 502 527 543 566 580 611 637
13 51 58 84 110 145 180 204 227 240 265 288 319 352 364 391 421
 433 479 496 525 539 571 600 622 638
19 30 75 84 123 160 181 214 218 241 274 286 318 351 382 392 428
 450 456 480 523 534 563 598 623 637
7 31 58 89 118 153 177 210 222 237 261 285 332 342 383 388 428
 441 474 490 510 549 566 593 624 639
12 51 70 94 103 148 189 199 230 243 283 298 324 338 361 387 416
 431 474 498 513 551 561 599 607 637
18 48 63 82 110 163 173 205 225 259 263 287 310 338 379 404 406
 432 460 499 515 549 565 598 611 636
10 32 72 93 103 168 186 197 220 245 284 297 316 354 379 388 419
 439 456 503 518 548 567 581 606 638
17 41 74 92 122 151 187 201 230 238 284 296 331 346 373 386 417
 433 475 495 505 543 577 598 618 639
23 47 73 88 100 168 181 195 217 248 281 287 325 358 367 391 425
 444 462 497 527 535 561 604 614 639
25 35 56 84 111 167 182 199 234 257 272 292 330 341 360 401 405
 432 458 482 518 531 575 592 613 639
7 53 66 80 115 146 181 194 228 243 269 296 310 335 380 402 407
 446 471 502 520 554 574 597 613 638
24 35 55 91 117 165 177 211 221 249 274 301 311 357 369 400 425
 440 460 495 529 551 562 594 615 638
7 38 71 86 101 162 183 199 215 251 274 289 314 344 373 395 415
 444 478 503 522 539 579 588 612 636
14 47 68 99 102 165 173 212 215 245 278 305 331 342 363 393 405
 442 463 496 511 538 557 597 610 637
12 47 61 95 121 166 176 207 233 257 279 304 315 336 365 398 422
 438 478 485 508 553 564 598 624 638
23 42 67 82 111 159 183 209 216 238 261 293 326 339 375 393 429
 450 465 498 524 541 568 591 620 638
29 33 70 98 114 167 185 213 222 248 273 307 323 337 382 389 427
 437 475 499 511 544 555 588 605 638
22 53 57 85 109 148 173 213 224 242 282 304 318 357 371 395 426
 454 473 491 525 550 567 586 620 639
29 52 72 90 119 145 178 195 219 242 264 292 311 344 368 397 424
 445 465 488 520 553 565 593 618 637
22 31 69 87 116 169 182 209 227 254 263 295 320 355 365 402 410
 436 475 503 517 542 576 594 614 637
10 53 77 97 117 157 187 202 231 255 275 287 315 341 375 385 421
 430 469 490 516 544 579 596 617 637
29 47 78 85 107 129 153 184 205 243 266 299 333 339 381 396 423
 453 469 503 505 534 562 592 622 644
29 53 75 88 122 135 149 188 193 245 272 285 319 355 376 400 413
 435 478 498 514 537 570 589 611 643
12 52 69 84 106 135 151 179 197 248 280 294 322 339 363 399 420
 446 460 483 510 545 579 586 609 645
22 45 78 89 121 144 149 180 197 235 281 292 314 353 375 404 427
 443 464 495 509 546 563 597 607 642
27 31 61 83 115 125 167 179 198 236 275 298 328 345 379 400 424
 450 473 496 505 546 558 604 612 641
20 44 72 84 107 125 156 189 201 251 261 287 320 350 369 389 426
 451 464 502 506 552 564 583 610 643
8 30 70 87 118 125 168 188 194 259 267 292 312 348 373 398 421
 448 468 487 528 538 562 590 620 645
5 41 73 80 112 136 155 188 214 242 278 301 324 341 370 389 412
 443 470 503 508 549 571 591 609 641
12 35 73 99 118 129 152 186 208 235 282 296 317 349 364 385 415
 452 465 499 526 542 558 602 623 643
28 44 73 93 117 144 151 171 213 240 272 298 310 340 368 393 422
 441 468 480 522 536 576 585 619 644
22 54 60 97 115 134 164 183 203 256 265 305 324 346 383 392 422
 445 460 486 528 535 555 592 606 643
27 49 57 94 121 142 161 172 195 249 266 297 331 359 382 402 421
 447 458 483 522 549 568 603 616 643
19 51 64 92 118 134 163 175 209 239 278 300 311 335 378 401 427
 430 478 501 506 545 567 604 616 644
20 38 74 99 109 127 159 177 197 256 262 302 319 348 382 387 424
 432 471 484 508 547 578 596 614 644
25 32 63 91 113 140 155 180 209 250 269 309 323 342 373 403 424
 438 469 500 523 533 561 586 619 643
10 33 67 81 110 129 161 177 199 242 276 306 327 355 380 386 420
 442 467 480 528 533 564 604 621 642
6 36 78 90 113 132 166 172 194 240 261 302 318 343 367 401 417
 442 466 499 517 551 579 589 606 641
11 53 74 94 110 134 154 174 200 254 271 294 323 353 368 390 405
 444 456 493 526 541 562 583 624 641
15 30 57 99 108 139 163 184 203 248 269 289 316 336 360 397 414
 433 464 498 516 536 566 594 621 641
23 40 75 96 117 142 153 175 199 253 282 307 329 350 365 390 424
 433 470 504 515 532 572 597 606 645
11 41 72 82 113 126 148 184 212 236 274 307 313 352 378 385 422
 449 458 487 510 554 570 595 614 642
16 31 62 95 103 144 150 181 211 242 277 289 319 346 378 403 405
 453 457 499 519 552 568 580 617 645
11 30 56 98 119 144 159 170 207 255 280 308 332 335 361 394 425
 442 473 503 515 543 573 600 608 643
10 43 57 80 113 135 158 189 211 253 281 305 332 351 364 398 406
 434 475 488 521 541 575 582 612 644
15 53 61 89 123 130 161 170 208 251 260 303 329 354 367 403 429
 436 460 487 511 531 571 599 618 644
19 46 67 91 114 144 158 182 193 243 262 287 322 352 383 395 419
 452 476 485 512 538 572 603 618 641
17 42 78 83 104 136 164 189 200 255 269 304 311 358 362 388 410
 452 458 480 511 539 578 584 611 645
5 48 69 95 115 131 145 170 190 253 284 302 330 358 366 395 428
 447 463 498 506 544 562 602 619 642
8 48 68 86 104 127 150 184 213 241 281 293 322 345 365 386 416
 430 466 493 529 548 571 593 613 643
20 33 66 89 122 140 154 171 203 252 278 288 315 359 379 395 416
 440 465 497 517 534 575 595 608 645
25 50 69 92 119 142 152 183 205 245 260 304 327 348 369 391 416
 434 455 490 519 554 563 585 605 641
5 53 63 81 121 128 165 184 204 244 261 300 328 344 384 387 409
 439 475 482 512 535 573 585 623 645
8 41 59 90 114 142 169 174 202 257 276 291 317 342 379 392 426
 446 462 498 509 539 573 580 615 644
7 37 73 94 122 132 165 175 198 255 267 293 320 354 360 392 408
 453 479 485 521 547 565 586 605 642
15 48 67 97 102 132 167 174 201 235 283 290 334 357 374 391 411
 441 471 503 523 553 570 582 616 645
16 52 68 96 107 134 162 172 214 237 269 303 315 340 361 391 419
 432 475 491 524 537 558 590 615 642
6 35 60 87 119 137 157 179 196 241 284 288 313 336 374 389 408
 444 474 491 512 533 568 597 611 644
14 39 57 93 107 131 146 180 196 257 274 295 326 338 370 394 418
 435 466 490 526 547 555 604 618 645
27 36 64 82 112 127 158 186 207 254 272 286 314 342 369 396 407
 445 479 491 527 544 577 599 621 645
9 35 72 92 108 143 159 172 193 258 281 306 310 347 366 392 412
 436 469 496 513 550 559 588 624 645
26 37 59 89 110 131 147 182 192 248 279 286 313 344 362 393 412
 434 471 504 505 551 567 590 617 643
18 54 72 95 104 130 160 180 199 246 266 285 317 357 372 393 408
 448 475 492 527 545 574 596 608 641
18 39 56 96 106 132 156 183 204 242 275 286 312 337 377 402 414
 452 463 495 514 548 561 595 624 644
17 38 75 98 118 131 157 171 212 249 263 290 325 347 371 403 409
 446 479 488 524 548 564 592 607 641
28 43 79 90 101 134 155 173 206 241 270 285 316 352 375 402 425
 431 472 484 505 531 564 602 605 645
9 36 76 91 101 131 148 181 210 245 273 293 321 341 384 404 410
 433 459 483 528 553 558 583 608 644
28 42 77 86 102 126 145 177 196 259 279 297 321 346 361 396 427
 436 462 502 514 532 575 586 623 641
24 34 56 86 115 129 160 185 202 240 260 309 331 356 376 397 406
 443 474 485 524 540 567 583 614 645
21 54 59 83 102 135 150 178 207 249 262 300 310 356 381 389 415
 433 456 490 517 531 561 587 620 642
16 49 70 81 122 126 147 186 190 246 263 304 326 353 383 397 425
 451 470 496 523 530 579 587 613 644
24 51 76 87 120 135 159 187 213 257 277 303 314 349 380 388 423
 447 472 504 523 535 565 595 610 641
21 32 62 82 101 129 169 176 195 255 268 288 329 351 363 387 413
 441 477 495 506 550 555 590 613 641
21 50 68 98 108 141 168 180 198 254 261 301 334 349 376 395 420
 431 458 486 520 532 569 598 617 644
5 47 77 96 124 143 151 174 211 246 262 288 314 338 371 401 410
 450 467 487 520 540 566 581 605 643
26 51 65 99 119 128 168 185 201 252 275 285 318 347 370 396 410
 438 460 489 522 541 572 580 613 642
20 42 76 97 103 142 160 173 208 248 268 301 333 345 373 401 407
 435 461 488 512 530 576 600 624 642
21 45 65 94 123 133 147 183 212 247 284 287 321 355 364 401 423
 437 473 500 508 536 574 593 615 645
8 47 65 93 106 140 162 170 206 238 265 306 311 350 382 404 407
 454 474 482 521 542 570 587 617 641
23 34 71 95 102 140 164 182 214 244 271 296 316 345 369 394 421
 437 467 489 510 550 565 589 607 644
16 36 65 80 100 138 169 179 199 244 260 290 333 352 368 388 427
 440 463 481 516 547 559 598 620 643
17 43 71 82 114 128 166 177 198 247 283 303 312 341 366 397 418
 454 456 497 519 545 576 597 622 643
6 31 75 86 105 139 164 186 206 257 278 287 323 357 377 387 429
 434 468 483 520 543 559 601 622 642
11 48 66 83 105 138 160 188 195 247 282 295 327 346 375 399 419
 438 479 482 507 551 566 588 610 644
15 47 64 84 117 137 146 188 192 256 263 309 321 337 372 388 417
 431 465 493 519 550 573 603 612 642
6 52 55 93 116 130 153 181 202 259 268 300 327 337 360 395 411
 449 472 496 508 541 577 584 607 643
26 40 62 84 116 136 162 187 203 235 270 297 323 338 366 400 409
 442 461 485 527 554 560 593 620 644
28 38 63 87 108 138 152 189 202 238 266 286 329 335 383 400 405
 437 466 497 525 553 556 581 609 642
13 43 70 91 112 130 169 171 205 258 282 294 331 343 374 394 414
 450 478 502 518 535 578 593 617 642
25 39 79 85 116 127 151 176 193 239 277 290 332 350 379 397 421
 444 459 486 511 551 574 591 623 642
27 35 58 98 120 140 163 181 200 247 270 299 324 348 365 393 426
 439 477 481 514 540 579 582 618 642
19 40 61 85 106 126 146 185 210 258 284 301 325 340 375 387 405
 448 455 494 517 539 565 582 621 643
13 38 62 92 120 132 168 173 191 243 264 295 328 336 372 390 429
 443 459 480 510 544 575 587 615 643
26 34 70 97 105 143 150 175 197 251 272 299 332 358 384 402 418
 449 465 494 525 533 557 598 615 641
14 32 61 90 100 143 158 183 213 259 280 296 319 341 362 390 409
 451 474 492 507 534 569 594 616 642
14 50 67 87 109 136 163 178 206 240 271 307 315 347 384 399 428
 453 462 495 518 530 574 599 612 643
13 44 59 85 124 139 162 177 209 245 271 308 324 337 367 385 408
 447 476 488 507 546 556 598 613 645
24 46 66 90 112 133 148 175 196 238 263 289 330 351 381 391 420
 439 468 489 511 546 560 596 624 643
18 32 74 80 114 137 148 178 190 237 279 299 325 343 360 400 429
 430 467 486 522 542 563 600 610 645
13 33 68 88 121 137 147 189 210 239 274 296 330 354 377 399 411
 445 469 484 515 540 576 580 620 641
9 49 56 88 123 136 154 179 209 243 265 291 316 344 371 398 418
 441 455 499 529 532 577 596 610 642
9 52 66 85 117 128 156 186 191 250 267 305 334 338 362 386 428
 437 478 481 509 531 568 600 614 641
23 46 55 80 101 125 166 187 204 246 264 308 334 342 382 399 416
 436 457 494 526 536 567 592 611 642
18 45 76 81 111 139 154 176 214 253 270 298 311 354 374 396 417
 446 457 490 525 538 569 588 614 643
25 45 77 88 110 125 165 178 191 258 283 289 318 359 365 388 407
 449 476 492 524 543 555 602 609 644
17 33 55 94 111 143 149 173 207 236 277 309 322 344 370 391 428
 448 477 502 516 542 556 601 606 644
12 31 63 97 104 133 145 172 192 252 274 308 325 356 380 390 413
 454 464 481 518 538 577 591 605 644
7 51 77 98 109 130 152 182 195 236 276 305 333 336 377 404 417
 451 456 494 529 537 560 591 619 645
19 37 58 88 111 138 161 187 205 250 268 302 317 353 361 389 422
 454 459 489 520 548 557 594 612 645
10 42 64 95 105 141 167 171 204 237 267 291 318 356 363 404 423
 444 470 484 513 554 556 594 618 643
14 54 58 86 103 128 167 176 194 238 264 294 320 358 371 385 412
 440 472 500 515 537 563 603 621 644
7 34 79 83 103 137 145 187 212 254 273 306 326 357 367 398 414
 432 477 501 509 534 572 585 609 643
24 40 74 93 124 141 156 182 194 241 283 304 328 339 364 403 413
 445 462 501 516 549 557 588 608 642
7 46 69 82 100 139 155 185 200 249 265 292 315 343 372 386 411
 435 473 504 513 552 557 581 623 644
12 49 79 89 111 141 165 181 201 256 264 307 312 355 381 394 406
 430 461 491 507 539 559 581 619 641
29 30 71 92 109 133 157 174 210 250 279 298 326 349 363 402 406
 440 476 482 527 552 571 584 606 642
23 37 60 81 123 127 149 185 211 237 280 295 310 359 373 385 426
 431 463 501 518 553 560 584 622 641
29 41 60 91 100 141 166 170 191 239 275 297 320 351 380 393 415
 432 455 493 525 530 566 601 607 645
22 50 55 99 120 126 157 176 192 251 273 291 330 335 368 386 419
 450 461 492 521 549 561 589 622 645
10 44 58 96 116 133 146 173 190 244 273 292 313 339 376 392 415
 438 457 497 529 543 578 599 616 641
22 39 71 84 124 138 153 178 208 252 276 293 331 340 378 398 425
 439 471 500 513 544 569 601 611 641
29 38 59 82 106 136 161 196 223 252 267 296 332 357 365 401 419
 431 457 496 516 535 563 583 619 646
29 36 56 87 110 139 151 198 232 237 274 305 317 358 375 403 416
 439 461 502 508 550 572 587 616 650
22 35 79 93 110 132 150 210 217 236 260 308 315 351 373 396 409
 437 470 498 520 545 578 603 610 646
12 37 62 83 107 139 159 204 229 239 263 285 331 341 368 395 407
 437 462 487 529 533 563 582 606 649
20 53 64 83 116 126 168 214 232 250 276 289 322 343 364 393 418
 447 474 495 515 553 559 592 605 646
27 51 79 88 104 126 166 203 231 238 282 292 310 337 363 403 428
 434 467 503 512 547 569 583 615 649
20 54 55 81 118 137 151 195 223 257 269 293 318 352 366 390 406
 437 455 503 514 546 557 599 617 648
25 52 76 89 114 133 163 211 228 241 275 306 331 358 372 387 422
 451 479 503 526 532 556 589 620 646
5 31 65 84 114 129 154 196 231 249 281 304 334 335 373 393 414
 449 459 484 507 537 565 599 606 650
22 47 67 92 103 141 154 202 225 244 274 303 332 343 362 389 424
 448 479 483 514 536 560 602 613 649
27 54 65 90 122 131 152 204 225 251 277 301 323 339 361 398 411
 430 476 480 518 550 566 597 614 646
19 33 62 96 119 141 155 208 215 247 279 294 310 357 384 388 421
 451 466 498 521 546 577 592 614 650
28 34 74 98 107 132 158 192 234 246 268 289 311 355 379 385 428
 438 455 483 513 535 571 597 620 650
12 48 57 81 120 136 153 212 220 238 275 309 319 343 369 392 427
 444 476 494 520 531 576 590 608 650
10 39 76 86 122 136 169 192 221 250 261 299 310 336 382 391 405
 445 473 487 507 545 572 602 607 648
8 52 60 80 109 126 167 209 229 252 266 287 314 354 376 394 409
 433 477 480 519 551 557 602 624 650
6 50 61 97 112 144 156 212 216 239 270 295 317 344 382 388 406
 433 467 497 513 537 562 586 613 646
6 40 76 80 108 127 145 205 230 251 267 309 315 355 371 393 425
 452 456 482 510 546 555 580 616 649
15 50 78 93 122 143 160 209 234 249 279 305 312 352 380 387 426
 444 457 489 515 544 558 593 609 649
17 30 66 88 103 129 155 192 229 257 262 307 328 340 369 404 408
 436 463 486 525 541 579 593 616 646
25 53 71 96 120 131 169 201 216 236 281 297 311 356 383 399 408
 431 468 499 508 534 557 600 621 649
5 44 67 86 123 138 166 197 222 258 263 305 311 349 360 390 421
 435 477 491 505 554 561 580 608 646
14 31 55 98 124 142 148 201 218 244 265 302 310 354 375 397 423
 452 478 493 527 533 575 590 609 646
15 40 70 92 104 144 165 196 224 237 265 286 333 341 379 399 415
 447 477 500 520 541 564 589 614 648
7 42 55 90 123 144 168 190 226 256 271 290 331 338 365 389 413
 434 469 482 525 545 558 595 621 650
8 51 66 97 113 131 153 198 215 258 280 304 316 355 368 389 429
 432 457 495 527 540 556 603 623 648
23 43 58 94 106 131 160 191 224 259 262 291 315 349 378 400 417
 445 464 503 511 533 559 585 613 650
19 47 60 89 101 132 159 190 227 259 282 298 323 356 369 386 418
 439 458 488 516 537 574 580 609 648
15 42 74 81 119 135 162 198 233 240 282 287 330 342 378 402 412
 448 459 481 529 534 555 581 607 646
16 33 64 91 115 132 151 212 218 251 266 292 316 349 365 387 412
 454 462 490 507 541 560 600 611 647
11 32 68 95 118 132 149 196 228 258 276 287 324 339 382 397 410
 440 461 504 525 531 577 585 612 649
5 45 72 91 105 142 146 198 217 252 271 286 319 336 361 386 406
 441 472 501 511 542 579 592 620 649
8 43 77 85 115 137 159 199 220 249 278 286 320 353 384 391 413
 438 461 499 510 536 569 584 618 646
11 33 71 99 100 125 145 209 221 237 272 304 329 338 381 392 417
 443 472 483 512 548 574 582 617 646
10 48 73 84 101 139 149 194 230 254 279 300 333 347 383 394 424
 454 455 492 511 540 568 595 615 646
20 51 59 93 121 133 164 193 218 254 264 299 329 341 374 386 425
 448 463 499 524 554 566 586 612 650
11 34 73 90 121 141 163 199 216 252 284 305 322 337 371 400 407
 436 459 490 523 552 578 590 622 648
16 32 56 94 117 141 164 205 226 238 273 285 314 336 366 399 426
 449 471 488 517 538 571 604 623 646
24 36 75 85 102 136 152 190 222 247 264 288 322 354 373 402 422
 432 464 492 513 541 573 604 617 649
28 35 78 97 114 141 162 195 224 250 263 300 319 354 370 398 416
 450 463 504 510 543 574 583 621 647
26 30 61 93 111 142 145 191 228 247 278 290 314 343 383 385 420
 453 475 484 529 550 561 583 611 648
9 45 69 96 118 130 158 203 224 255 264 309 326 345 380 389 405
 439 462 484 522 551 570 598 622 646
21 38 78 88 115 139 158 201 219 241 273 303 327 338 378 393 421
 440 470 494 518 542 573 586 624 648
9 44 70 89 100 142 157 204 234 238 269 295 322 357 378 396 413
 442 456 486 508 540 565 602 612 647
17 46 77 95 108 142 147 194 227 250 270 293 332 337 368 387 415
 443 460 491 518 534 570 604 610 650
18 49 62 91 102 143 153 200 227 248 284 303 318 335 376 385 416
 445 468 482 509 547 564 591 612 646
27 53 72 99 101 137 150 205 222 253 265 295 312 340 362 401 420
 440 462 485 523 543 556 591 607 650
21 37 69 99 113 136 160 210 233 244 283 306 314 337 379 390 425
 430 468 502 525 537 568 592 618 647
18 41 77 94 116 144 167 210 215 241 269 302 329 347 369 398 420
 435 465 481 507 535 567 587 622 649
16 47 63 86 111 125 148 203 223 239 280 301 327 347 364 402 408
 441 456 504 509 544 578 589 618 650
24 39 67 80 118 139 150 191 231 256 284 294 329 344 361 404 426
 438 458 496 527 534 576 589 605 647
28 32 58 85 105 125 157 214 233 254 281 307 331 344 380 401 411
 452 460 498 519 547 560 587 608 648
16 34 55 84 113 128 161 213 232 255 278 295 325 348 374 404 415
 445 476 498 505 532 574 581 624 649
17 45 62 99 112 138 167 193 220 246 274 300 315 339 367 402 426
 434 474 493 528 532 565 600 619 648
6 41 68 85 103 135 163 204 221 255 260 292 321 359 383 390 418
 450 471 489 527 542 564 588 619 650
5 46 75 94 107 130 150 209 225 240 275 296 313 348 363 388 425
 454 461 486 509 553 575 588 621 648
8 54 57 98 117 133 155 197 227 237 283 296 327 344 367 396 405
 450 459 485 506 530 559 595 611 649
23 53 69 91 103 133 162 207 234 256 267 288 317 347 377 397 427
 449 466 480 505 549 569 582 610 648
21 36 58 95 109 134 165 202 234 243 280 297 325 350 370 386 414
 434 465 487 523 546 576 588 611 646
15 49 69 83 124 127 157 199 219 258 261 296 323 351 370 404 422
 453 472 497 514 538 567 600 615 650
21 48 74 90 111 140 157 211 224 248 266 308 320 340 377 388 418
 443 478 496 528 554 572 599 623 649
26 31 73 81 109 138 156 207 221 259 273 294 316 351 372 401 416
 447 469 486 524 539 570 597 618 649
20 52 63 92 102 131 161 194 226 246 272 307 324 351 375 388 414
 444 473 485 529 542 569 580 622 647
11 35 61 88 102 128 169 197 230 240 269 286 326 350 372 395 423
 430 457 488 528 549 560 601 605 650
13 40 67 89 113 143 152 214 217 257 273 300 320 346 363 397 407
 431 473 481 522 548 562 596 611 650
26 44 76 92 115 130 149 206 216 242 283 288 325 342 381 398 419
 437 458 493 515 547 579 594 623 650
19 35 66 82 124 125 147 206 220 256 277 291 333 358 376 390 414
 442 475 490 522 553 571 586 607 649
25 51 61 82 107 137 149 202 221 248 271 302 334 346 371 402 415
 439 470 480 521 538 559 593 608 647
26 45 71 83 117 129 163 190 230 245 280 291 320 352 382 403 411
 448 466 491 520 535 575 591 624 647
13 49 72 96 109 144 166 192 225 254 278 293 327 358 373 400 423
 446 474 489 516 531 555 582 623 647
27 43 75 95 119 133 154 213 217 239 261 309 333 338 360 385 419
 436 471 495 528 539 557 587 609 647
14 30 59 97 101 130 151 200 226 243 261 306 330 359 364 400 427
 438 470 491 519 548 565 601 614 649
28 47 70 80 120 128 160 193 219 235 271 293 313 359 377 403 420
 432 473 490 506 539 577 594 606 646
6 42 73 98 106 143 169 203 228 253 274 285 328 353 381 386 421
 432 476 500 519 553 567 599 610 647
9 30 78 82 116 138 165 213 233 251 284 285 324 356 377 391 424
 446 467 501 526 530 575 603 617 650
9 46 58 87 121 129 162 212 219 253 272 301 318 346 379 394 429
 451 471 493 516 545 561 584 605 649
13 41 75 87 111 127 146 195 231 246 283 299 316 356 362 395 427
 442 460 500 521 552 558 585 624 646
18 42 57 84 100 127 147 202 229 236 264 306 324 349 384 403 419
 441 478 489 517 543 562 597 605 648
13 50 79 82 117 135 154 194 222 235 266 289 325 345 361 392 410
 451 463 482 508 533 567 601 618 648
14 44 63 80 119 129 164 210 232 248 277 297 312 353 365 395 417
 450 479 501 513 531 570 596 615 648
24 38 79 97 100 140 146 207 225 245 276 298 318 353 360 399 412
 452 475 487 506 532 568 593 622 650
10 37 71 91 104 134 156 195 228 235 277 307 330 348 371 396 429
 435 474 496 517 536 573 598 609 650
25 43 68 87 123 126 156 200 230 244 268 308 319 357 381 404 412
 446 465 485 522 544 566 604 606 648
12 39 60 92 105 140 147 213 215 253 268 292 334 352 367 400 410
 453 456 502 524 549 573 596 621 646
17 31 57 90 110 130 159 214 215 235 267 299 321 350 376 399 422
 440 455 501 512 544 561 581 613 647
19 32 77 87 122 128 153 207 229 242 265 290 330 345 367 393 406
 431 464 483 526 554 578 588 615 647
23 54 74 84 112 126 165 206 219 247 260 298 332 336 380 395 410
 435 469 499 509 548 556 590 616 647
18 40 60 86 121 135 155 201 220 243 276 308 326 348 368 401 428
 449 479 497 511 550 558 594 617 647
7 41 56 95 120 143 161 206 218 245 263 294 334 340 364 396 424
 430 464 497 512 551 555 584 620 648
7 50 59 88 105 127 148 208 232 259 275 288 311 339 366 394 405
 443 475 481 523 536 564 603 606 647
14 46 56 85 104 138 168 211 223 236 279 303 323 355 374 392 407
 433 465 484 506 549 579 585 607 647
24 48 65 98 116 134 166 208 217 242 272 291 326 359 362 387 408
 433 469 502 510 538 563 581 612 648
7 49 64 99 114 135 164 191 223 242 268 298 313 350 375 391 409
 436 466 500 518 540 562 598 608 649
12 38 66 93 123 134 167 205 227 255 281 301 313 342 384 397 417
 447 467 492 514 552 572 601 620 647
22 34 65 81 108 125 146 200 222 241 262 297 317 341 363 391 429
 453 478 488 515 551 577 595 619 647
23 52 70 86 110 137 158 208 233 245 270 290 328 335 370 392 423
 454 458 495 517 552 566 596 619 649
29 37 64 96 108 140 148 197 226 249 260 287 328 346 374 398 428
 442 472 492 526 539 576 591 613 648
29 39 63 89 112 134 168 199 218 240 262 304 321 345 366 385 411
 446 477 494 521 543 568 594 610 649
10 36 68 94 124 140 145 193 216 257 282 289 312 335 372 389 409
 441 460 494 505 530 563 584 614 647
22 33 72 83 106 128 152 211 231 243 270 302 321 342 360 394 413
 444 468 504 524 530 571 598 616 648
1 33 46 48 50 52 103 113 118 123 124 336 341 350 353 356 393
 396 400 402 535 539 543 547 550 632
1 36 42 45 47 51 108 114 115 116 122 340 344 348 351 357 385
 390 394 399 531 533 548 549 552 635
1 31 32 38 40 53 102 107 111 112 119 337 349 352 358 359 386
 392 398 404 530 536 540 545 551 634
1 30 34 39 43 49 100 104 110 117 120 339 342 346 347 354 387
 389 395 401 537 542 546 553 554 631
1 35 37 41 44 54 101 105 106 109 121 335 338 343 345 355 388
 391 397 403 532 534 538 541 544 633
