625 626 627 628 629 630 631 632 633 634 635 636 637 638 639 640 641
 642 643 644 645 646 647 648 649 650
5 6 7 8 9 30 31 32 33 34 55 56 57 58 59 85 86
 87 88 89 605 606 607 608 609 630
10 11 12 13 14 25 26 27 28 29 80 81 82 83 84 600 601
 602 603 604 610 611 612 613 614 630
15 16 17 18 19 20 21 22 23 24 75 76 77 78 79 595 596
 597 598 599 615 616 617 618 619 630
0 1 2 3 4 35 36 37 38 39 50 51 52 53 54 70 71
 72 73 74 620 621 622 623 624 630
40 41 42 43 44 45 46 47 48 49 60 61 62 63 64 65 66
 67 68 69 590 591 592 593 594 630
7 23 35 162 179 203 214 223 236 251 278 280 286 332 337 338 351
 357 380 384 389 398 423 593 602 634
8 21 35 112 115 116 118 129 130 135 136 137 141 324 327 346 348
 364 441 460 465 486 490 594 604 632
7 21 39 195 207 217 227 282 320 334 343 362 363 543 548 558 565
 568 577 578 580 587 588 592 600 631
9 23 39 164 209 231 232 292 365 367 373 378 402 412 420 425 427
 434 438 463 474 477 484 591 603 632
5 24 39 182 218 244 261 277 439 447 450 451 468 472 476 479 491
 498 503 507 520 523 526 594 601 634
8 22 39 100 101 103 104 109 377 379 385 419 433 449 462 469 475
 481 542 552 554 562 564 590 602 635
6 20 39 174 186 194 224 289 325 333 335 339 347 349 350 352 355
 356 437 452 458 493 494 593 604 633
5 23 38 117 128 131 132 134 167 175 185 206 235 241 252 256 271
 295 537 538 550 553 573 590 604 631
9 21 38 178 230 240 260 276 331 340 342 344 358 374 381 391 424
 426 539 540 545 556 570 593 601 635
6 24 38 172 183 208 211 219 238 242 266 272 288 376 382 387 416
 417 535 549 551 572 574 592 602 632
7 22 38 161 171 177 204 233 237 253 259 283 296 386 388 401 406
 411 544 546 559 567 569 594 603 633
6 23 37 191 196 229 239 298 390 392 408 415 418 446 448 461 470
 480 536 541 561 563 571 594 600 635
5 21 37 113 125 126 133 140 159 163 220 284 291 369 393 399 403
 432 575 579 584 585 589 591 602 633
8 24 37 145 146 147 151 154 158 189 216 279 287 454 466 471 478
 483 547 555 557 560 566 593 603 631
9 22 37 110 121 123 143 144 169 176 199 262 270 442 443 456 457
 459 464 467 487 489 492 592 604 634
8 23 36 168 181 188 264 275 305 306 309 314 315 436 455 473 495
 496 509 511 512 517 532 592 601 633
6 21 36 111 114 120 127 142 170 184 193 268 294 383 396 407 413
 414 504 519 521 525 527 590 603 634
9 24 35 102 105 106 107 108 166 187 192 263 299 322 336 345 353
 354 501 502 510 513 533 590 600 633
6 22 35 95 96 97 98 99 157 215 225 248 290 370 375 405 421
 429 435 444 482 488 497 591 601 631
5 20 35 165 173 180 197 205 210 212 213 246 247 265 269 273 274
 281 300 308 310 318 319 592 603 635
8 20 38 155 156 160 202 222 249 267 285 293 297 368 395 400 404
 430 500 516 518 529 531 591 600 634
7 20 37 198 201 226 228 234 243 250 254 255 257 301 303 307 311
 317 440 445 453 485 499 590 601 632
5 22 36 148 149 150 152 153 321 323 326 328 329 330 341 359 360
 361 506 514 524 528 530 593 600 632
9 20 36 119 122 124 138 139 190 200 221 245 258 302 304 312 313
 316 505 508 515 522 534 594 602 631
7 24 36 90 91 92 93 94 366 371 372 394 397 409 410 422 428
 431 576 581 582 583 586 591 604 635
2 29 30 132 139 150 220 222 257 261 335 340 351 354 402 405 409
 414 418 475 490 557 567 592 598 638
1 26 30 109 129 142 145 186 245 270 273 275 317 326 389 406 416
 461 520 533 540 573 587 591 599 636
4 26 34 117 124 149 201 244 291 293 322 338 342 347 383 408 427
 429 431 449 465 559 560 592 596 637
2 28 34 104 118 127 151 173 181 190 199 224 311 341 387 388 398
 448 503 513 553 556 578 591 597 639
1 25 34 106 144 178 203 234 235 290 292 319 325 362 428 430 432
 454 496 506 519 552 572 594 595 638
3 27 34 95 113 187 191 193 204 206 242 246 309 324 379 438 445
 450 464 500 505 558 576 593 598 636
4 29 33 108 123 225 230 232 236 252 255 310 343 349 399 404 410
 466 473 524 525 551 564 594 597 636
2 26 33 97 125 175 184 192 265 272 296 298 314 364 385 453 474
 487 498 516 534 568 581 593 595 640
1 28 33 94 112 161 172 180 195 279 280 297 302 361 426 434 439
 443 494 497 509 536 589 590 598 637
3 25 33 119 128 152 156 163 182 243 336 337 339 344 367 370 372
 390 407 441 462 544 555 592 599 639
2 27 32 102 143 157 164 185 198 223 240 318 350 363 368 369 371
 471 495 504 514 542 574 594 599 637
1 29 32 99 140 229 237 266 274 294 295 299 315 348 433 468 484
 489 499 522 531 565 586 593 596 639
4 25 32 100 111 130 154 176 188 205 221 289 301 360 382 401 423
 470 501 523 537 570 580 591 598 640
3 26 32 92 116 171 179 189 208 212 217 249 304 328 381 412 451
 452 456 482 511 541 584 590 597 638
0 26 31 107 110 209 215 251 254 256 260 300 320 352 393 394 395
 436 478 527 528 535 562 594 598 639
4 28 31 96 126 183 197 233 239 263 268 271 305 346 419 442 463
 472 485 515 518 543 582 593 599 638
1 27 31 131 138 153 228 277 284 285 345 355 357 358 396 415 421
 422 425 469 486 566 569 592 597 640
0 25 30 98 133 166 167 170 177 196 210 219 306 327 377 440 447
 457 477 508 529 548 583 593 597 637
3 28 30 105 121 226 231 241 248 276 278 308 334 356 397 400 403
 455 483 521 530 549 554 594 596 640
4 27 30 91 141 202 227 238 247 283 286 287 316 359 378 424 444
 467 491 493 517 571 579 590 595 639
0 27 33 101 114 135 147 165 168 169 174 258 303 329 376 384 411
 480 502 526 538 539 577 591 596 638
0 28 32 122 134 148 159 160 218 250 331 332 333 353 366 373 375
 392 413 460 481 546 547 592 595 636
2 25 31 93 137 158 162 259 267 281 282 288 313 321 374 420 437
 476 488 492 532 561 585 590 596 636
3 29 31 103 115 120 146 194 200 262 264 269 307 323 380 386 417
 446 507 510 545 550 588 591 595 637
0 29 34 90 136 155 207 211 213 214 216 253 312 330 365 391 435
 458 459 479 512 563 575 590 599 640
10 19 50 118 152 157 200 209 265 266 309 333 351 358 397 399 406
 430 442 470 526 548 560 590 609 643
10 17 53 121 139 166 184 189 214 271 277 300 321 362 390 424 433
 445 460 494 495 551 559 591 607 645
14 19 51 96 132 133 147 194 217 247 250 288 322 326 396 423 438
 459 462 509 516 556 586 594 605 645
14 17 52 115 149 164 219 221 246 248 305 331 335 337 395 410 411
 432 461 489 503 566 568 590 606 644
14 16 50 119 123 162 192 193 218 287 295 318 320 328 377 408 426
 455 458 485 490 569 572 591 608 642
13 15 54 129 148 232 242 258 274 290 306 344 347 357 369 386 394
 400 448 487 523 543 557 590 608 645
13 19 52 105 116 160 188 234 253 256 269 270 284 316 370 376 402
 431 476 525 536 542 578 593 607 642
13 18 51 110 138 175 182 216 263 286 294 310 334 361 374 379 392
 440 452 465 496 567 574 591 609 644
13 16 53 98 113 117 146 186 195 213 238 243 341 353 384 414 456
 469 484 518 532 570 581 594 606 643
12 19 54 122 143 158 170 206 244 280 299 319 330 343 381 418 419
 436 453 486 493 544 549 591 606 641
12 18 53 135 150 183 190 210 215 292 314 332 342 355 371 401 403
 404 446 464 520 555 565 590 605 642
12 17 51 108 141 159 169 185 205 222 254 259 275 302 367 387 422
 429 451 519 554 563 588 593 608 643
12 16 52 91 104 111 155 177 229 260 278 317 324 350 420 454 482
 498 510 515 524 538 589 592 609 645
11 19 53 93 109 127 191 202 230 233 251 307 325 327 434 435 468
 483 502 514 534 537 584 592 608 644
11 18 50 102 137 161 173 176 235 255 264 285 291 304 372 373 405
 416 479 521 562 571 577 593 606 645
11 17 54 99 125 128 151 180 208 227 257 289 329 345 389 413 449
 463 492 500 512 545 583 594 609 642
10 15 51 94 103 142 196 236 240 267 296 303 346 356 412 444 450
 478 501 506 522 553 575 592 606 642
10 18 52 95 134 140 145 211 212 224 228 282 336 360 380 383 443
 474 475 517 529 539 582 594 608 641
10 16 54 106 112 156 168 171 198 199 220 241 273 312 366 417 421
 427 491 527 561 564 580 593 605 644
14 15 53 107 136 163 165 181 226 252 262 283 293 313 375 382 409
 425 439 504 541 552 587 593 609 641
13 17 50 92 101 120 178 223 237 239 297 301 352 364 365 447 466
 488 505 513 530 573 579 592 605 641
12 15 50 97 126 131 154 172 174 201 207 281 323 354 398 407 467
 477 481 511 531 540 576 594 607 644
11 15 52 124 144 167 179 187 261 268 279 308 359 363 385 391 415
 437 441 473 499 535 546 591 605 643
11 16 51 130 153 197 225 231 245 272 315 338 339 340 368 388 393
 428 457 480 507 547 558 590 607 641
14 18 54 90 100 114 203 204 249 276 298 311 348 349 378 471 472
 497 508 528 533 550 585 592 607 643
80 85 107 149 172 198 213 217 235 237 298 327 332 339 358 450 492
 515 517 525 554 557 591 615 624 626
80 89 104 120 159 183 216 274 280 293 303 309 328 372 402 421 424
 437 457 533 537 568 594 619 621 625
80 87 95 122 126 168 176 240 269 277 278 325 387 408 441 466 484
 516 528 567 583 587 590 616 623 629
84 85 97 113 138 173 223 244 260 262 275 349 376 390 463 483 490
 506 529 546 580 586 590 618 622 625
84 89 136 151 161 166 194 215 231 268 295 316 360 369 379 384 410
 430 451 453 540 561 592 616 624 628
84 88 106 152 180 196 233 238 252 254 282 335 342 348 357 459 498
 505 511 521 542 547 591 617 621 629
83 89 96 139 140 181 205 218 236 270 276 352 415 417 454 465 477
 500 514 544 577 581 590 617 620 626
83 88 116 154 170 175 186 187 248 259 292 312 329 368 380 394 399
 433 439 485 556 571 592 615 623 625
83 87 102 153 177 191 211 226 227 256 281 331 347 351 364 456 472
 509 519 522 555 564 591 619 622 628
83 86 103 111 158 210 214 220 266 285 305 311 359 367 375 426 431
 452 487 502 558 573 594 618 624 629
82 89 105 148 185 195 212 239 255 288 296 324 337 340 355 467 468
 508 512 527 552 560 591 618 623 627
82 88 100 142 160 162 163 189 219 265 307 315 361 391 405 422 427
 464 493 513 538 543 594 616 622 626
82 87 91 131 135 143 221 257 297 300 334 353 383 406 412 435 448
 462 473 507 572 585 593 617 624 625
81 89 94 118 121 134 155 243 245 318 343 354 378 396 411 446 449
 488 496 523 535 584 593 615 622 629
81 88 98 124 125 165 178 182 188 199 251 356 416 418 438 460 471
 524 531 569 582 588 590 619 624 627
81 87 112 147 164 193 224 271 283 290 299 304 323 385 389 393 397
 404 440 476 563 570 592 618 621 626
80 88 93 128 130 144 190 228 249 310 320 322 365 386 414 444 461
 481 495 526 549 589 593 618 620 628
80 86 137 146 157 167 192 232 253 289 294 302 326 395 398 403 419
 428 445 491 539 541 592 617 622 627
84 87 101 127 156 197 242 279 284 286 314 317 321 373 381 409 429
 458 489 501 548 550 594 615 620 627
83 85 92 110 117 129 200 202 250 319 345 363 401 407 420 455 475
 480 497 503 551 575 593 616 621 627
82 85 141 145 171 174 184 206 209 225 263 313 341 371 377 400 423
 432 479 499 536 545 592 619 620 629
82 86 99 119 133 169 203 230 261 264 273 350 382 392 474 478 486
 518 530 559 576 578 590 615 621 628
81 85 109 114 179 222 246 272 287 291 301 306 330 366 370 374 425
 442 494 510 553 565 594 617 623 628
81 86 108 150 204 207 208 229 234 241 247 333 338 344 346 443 447
 504 532 534 562 566 591 616 620 625
84 86 90 115 123 132 201 258 267 308 336 362 388 413 434 436 469
 470 482 520 574 579 593 619 623 626
56 70 79 116 117 183 230 246 257 278 283 302 315 336 352 396 471
 479 481 487 506 548 561 591 613 650
58 74 75 109 111 124 157 195 208 277 281 292 303 392 393 400 410
 459 490 513 517 544 550 593 614 650
59 74 79 97 102 118 133 162 216 221 241 254 359 381 386 480 484
 494 500 520 525 552 582 592 612 647
56 74 78 91 149 169 173 188 192 206 249 268 344 351 355 417 433
 434 440 488 547 575 587 594 610 648
55 74 77 110 147 156 159 186 196 204 318 360 362 364 398 405 425
 431 468 473 515 545 549 590 613 646
57 74 76 128 137 171 223 242 250 265 276 305 316 325 354 383 439
 457 469 478 524 563 565 591 611 649
57 73 78 121 146 163 191 224 237 285 310 329 346 363 366 402 423
 429 436 498 508 540 572 590 612 650
58 73 77 131 141 161 178 197 236 243 266 306 312 322 350 413 464
 475 476 483 528 541 568 591 610 647
59 73 76 104 114 122 164 172 225 247 261 282 307 390 394 403 430
 456 465 501 512 569 573 593 613 648
58 72 79 144 145 222 229 284 289 296 300 323 327 343 372 375 384
 427 455 472 505 556 574 590 611 648
59 72 78 132 136 210 228 240 251 259 272 304 309 349 353 407 449
 454 489 491 530 536 543 591 614 646
56 72 77 100 119 120 213 215 227 232 244 288 317 368 397 415 432
 443 460 502 511 553 567 593 612 649
55 72 76 98 107 135 140 185 200 214 234 279 328 374 388 461 463
 493 516 521 523 564 576 592 610 650
58 71 78 99 106 126 129 190 255 256 280 287 321 391 411 438 452
 470 504 507 529 554 581 592 613 649
59 71 77 93 150 155 167 176 181 184 273 299 331 339 357 376 379
 412 485 497 560 579 588 594 611 650
56 71 76 123 154 160 177 194 239 291 319 334 341 348 367 389 409
 421 450 495 534 535 539 590 614 647
59 70 75 143 151 174 220 233 293 298 308 320 324 326 370 373 380
 422 447 496 522 551 570 590 610 649
55 70 78 101 138 142 207 209 212 218 238 248 311 369 404 418 428
 441 492 509 510 537 559 593 611 647
57 70 77 95 105 115 125 158 179 198 245 252 361 401 424 448 458
 477 518 519 526 562 586 592 614 648
58 70 76 94 153 187 199 202 269 271 275 294 333 337 342 365 377
 382 453 482 557 577 585 594 612 646
56 73 75 96 108 113 130 189 226 235 258 286 330 406 426 437 446
 474 503 527 531 542 583 592 611 646
57 72 75 92 152 165 166 175 193 264 267 270 332 340 347 378 387
 419 435 499 566 580 589 594 613 647
55 71 75 112 134 201 203 219 253 260 274 313 314 345 356 414 442
 451 462 466 514 558 571 591 612 648
57 71 79 103 127 139 180 182 211 217 231 290 301 371 395 399 408
 467 486 532 533 538 546 593 610 646
55 73 79 90 148 168 170 205 262 263 295 297 335 338 358 385 416
 420 444 445 555 578 584 594 614 649
63 72 83 91 126 179 199 253 258 265 282 295 339 392 396 404 429
 447 483 495 533 545 552 598 606 632
63 70 82 108 110 111 201 213 224 231 240 306 321 348 351 372 376
 419 439 461 500 569 584 595 605 631
62 74 82 94 140 167 190 217 246 259 262 286 347 413 418 421 430
 455 466 498 502 562 570 599 607 632
60 72 82 103 124 130 147 172 233 241 275 319 331 336 369 402 445
 458 488 528 565 571 581 597 609 634
61 73 84 93 125 195 206 214 221 270 274 283 333 368 405 407 408
 472 478 496 510 539 554 597 605 632
63 71 81 128 141 148 157 187 216 220 244 267 307 352 384 401 474
 489 509 515 521 572 587 597 607 635
63 73 80 101 118 139 154 208 256 264 296 308 342 353 425 432 440
 493 497 524 558 561 586 599 608 634
64 71 80 92 113 161 162 169 207 210 245 271 335 370 383 400 415
 436 468 471 501 556 564 595 609 632
64 74 83 105 120 144 164 174 180 243 260 315 330 332 346 379 409
 416 470 491 516 559 585 597 608 631
62 70 80 97 193 222 226 239 251 266 273 316 329 362 371 391 420
 443 462 465 523 547 550 597 606 633
61 74 81 100 129 138 151 168 211 237 252 300 322 340 367 403 437
 482 485 514 536 548 576 595 606 634
63 74 84 98 160 183 184 191 198 203 205 304 326 343 365 394 426
 441 467 475 507 553 566 596 609 633
61 72 80 102 123 127 178 186 209 247 257 305 324 357 361 366 382
 385 446 451 529 544 575 596 607 631
61 70 83 134 137 149 166 261 284 287 290 297 303 349 388 423 464
 484 511 527 534 549 588 599 609 635
64 70 84 109 122 135 146 177 181 235 288 318 344 345 399 427 444
 452 499 530 563 568 582 598 607 634
62 73 81 106 142 143 194 228 232 276 281 314 327 328 337 387 431
 433 479 480 518 546 579 598 609 631
60 73 83 95 156 165 219 223 229 255 268 302 320 341 374 397 412
 449 459 486 520 537 557 595 607 633
60 74 80 131 136 152 189 202 218 225 291 299 317 356 380 411 463
 487 508 519 532 574 578 598 605 635
60 71 84 107 114 121 212 230 250 289 292 309 338 359 364 377 417
 422 448 476 531 567 589 599 606 631
61 71 82 96 173 196 234 272 278 293 294 312 323 363 378 381 410
 460 469 492 526 555 573 598 608 633
64 73 82 116 132 153 155 159 182 192 215 279 311 325 386 389 442
 477 504 505 517 551 580 596 606 635
62 71 83 104 115 119 145 185 188 204 238 310 354 358 373 393 435
 453 494 506 541 543 583 596 605 634
62 72 84 112 117 150 158 163 248 249 263 277 301 350 398 406 438
 457 512 522 525 535 577 595 608 635
64 72 81 99 170 236 242 254 269 285 298 313 334 360 424 428 434
 456 481 490 503 538 560 599 605 633
60 70 81 90 133 171 175 176 197 200 227 280 355 375 390 395 414
 450 454 473 513 540 542 596 608 632
0 8 67 75 83 131 190 192 194 240 242 273 283 301 338 343 361
 390 402 432 468 482 492 521 582 643
4 5 69 75 82 97 107 122 127 129 179 204 243 285 335 365 397
 433 454 457 509 539 561 574 588 642
4 8 66 79 84 128 174 178 219 245 259 269 299 311 328 351 363
 392 403 425 435 443 450 527 581 645
4 7 68 76 80 143 147 155 180 191 248 284 295 306 313 340 407
 417 452 460 474 506 513 520 562 643
4 6 67 77 81 104 137 195 203 210 218 231 256 262 329 336 381
 406 422 495 499 505 516 557 575 644
3 5 68 77 83 98 106 114 130 138 162 257 293 296 333 371 419
 434 466 489 517 535 540 563 578 645
3 9 66 75 80 94 133 148 158 181 234 238 268 300 349 364 368
 389 429 470 475 479 538 565 569 644
3 8 69 76 81 132 173 186 221 230 253 263 266 303 320 321 332
 369 415 427 467 497 498 519 583 641
3 7 67 78 84 110 145 157 247 271 291 297 298 312 315 331 387
 414 437 477 486 502 523 524 552 642
3 6 65 79 82 101 136 164 199 227 235 236 274 277 326 354 374
 401 431 436 485 529 534 547 589 643
2 9 69 77 84 91 140 153 168 193 208 216 255 319 327 356 370
 395 423 439 446 481 543 559 573 643
2 8 68 78 82 134 161 165 183 187 200 276 289 317 330 357 362
 367 393 408 444 447 456 525 586 644
2 7 65 75 81 144 154 163 196 202 206 212 215 302 305 358 376
 413 458 465 484 507 530 533 564 645
1 9 67 76 82 93 113 152 170 188 198 211 287 308 346 352 375
 398 404 449 451 480 550 567 568 645
1 7 69 79 83 121 151 159 167 213 225 239 267 304 314 344 382
 383 438 490 493 510 526 528 542 644
0 5 65 76 84 96 105 111 118 119 222 228 237 280 347 385 412
 428 464 471 532 545 551 571 587 644
0 9 68 79 81 92 126 149 184 226 275 279 288 310 348 350 380
 405 430 448 469 491 537 544 558 642
0 7 66 77 82 123 146 175 220 229 249 281 290 309 316 342 396
 416 441 463 494 501 503 514 554 641
0 6 69 78 80 100 141 182 223 241 246 270 282 292 323 345 388
 409 426 453 473 518 522 560 584 645
2 5 67 79 80 99 108 115 124 142 156 177 214 250 355 378 379
 394 442 483 511 536 570 572 577 641
2 6 66 76 83 109 112 169 197 209 217 244 252 278 353 360 372
 386 391 445 496 508 531 566 579 642
1 5 66 78 81 95 102 120 135 139 160 201 233 286 339 377 410
 420 478 487 512 541 549 556 580 643
1 8 65 77 80 117 166 171 205 224 258 260 272 307 334 337 359
 373 399 418 459 472 488 504 576 642
1 6 68 75 84 103 116 176 185 207 232 251 261 265 322 341 366
 411 424 440 455 500 515 555 585 641
4 9 65 78 83 90 125 150 172 189 254 264 294 318 324 325 384
 400 421 461 462 476 546 548 553 641
7 17 28 63 113 129 153 176 194 266 292 293 318 336 374 385 418
 435 478 491 508 511 525 538 620 648
9 19 25 63 99 120 131 145 165 195 249 278 314 335 359 366 369
 388 450 465 485 551 562 563 622 646
5 15 26 64 91 100 137 198 200 230 239 248 299 384 387 402 413
 459 494 496 529 555 558 569 620 646
9 17 26 62 98 111 134 147 173 202 207 236 309 339 361 386 403
 409 472 486 499 542 561 572 623 649
7 16 29 62 126 135 148 209 219 270 285 289 308 322 379 381 390
 439 471 488 517 519 534 553 621 646
6 16 28 64 108 139 158 175 188 212 283 291 303 327 357 363 365
 430 462 489 520 528 545 576 622 649
7 18 26 61 115 133 152 174 199 222 231 242 319 353 415 426 433
 444 466 476 504 512 515 537 622 650
9 15 28 61 95 114 128 146 155 205 217 251 315 321 355 406 431
 432 447 453 490 564 571 574 621 647
6 19 26 60 102 138 181 213 220 259 279 295 301 337 346 362 378
 400 464 481 507 524 539 583 621 648
8 15 27 62 110 170 197 214 218 237 241 257 288 304 325 341 342
 370 410 470 474 533 588 589 622 648
5 16 25 61 92 103 136 157 190 191 254 263 276 373 376 389 396
 443 473 493 531 557 559 568 623 648
7 19 27 64 125 130 149 156 183 224 232 262 300 354 377 391 392
 451 454 497 521 522 532 573 623 647
9 18 29 64 96 117 127 154 223 227 267 273 306 328 333 393 411
 422 441 445 498 536 549 552 624 648
6 15 29 63 106 119 161 189 206 247 275 284 311 332 334 364 395
 420 449 457 514 526 570 582 623 650
5 17 29 60 93 104 112 187 215 234 240 258 298 383 416 423 425
 452 455 467 518 544 547 548 622 647
8 17 25 64 123 172 204 228 244 256 265 268 286 312 326 340 356
 371 375 448 484 510 577 584 621 650
6 18 25 62 107 124 159 168 180 253 271 287 307 324 343 351 368
 412 469 487 503 530 540 586 620 647
9 16 27 60 97 132 142 151 203 269 282 297 305 330 347 372 399
 401 440 460 468 535 541 554 620 650
7 15 25 60 118 140 150 160 164 169 186 272 310 345 408 419 424
 479 482 483 505 509 527 550 624 649
5 18 27 63 94 109 116 166 178 221 225 226 229 367 398 414 417
 436 458 492 516 543 546 560 621 649
8 19 29 61 121 179 182 193 201 210 235 238 296 302 331 350 360
 394 421 463 480 513 585 587 620 649
6 17 27 61 105 122 163 167 171 216 264 281 317 320 338 348 404
 434 442 475 506 523 556 581 624 646
8 16 26 63 144 185 211 233 246 250 277 280 294 313 329 344 349
 397 405 446 477 501 578 579 624 647
8 18 28 60 143 162 177 184 208 243 252 261 274 316 323 352 358
 428 429 438 461 502 575 580 623 646
5 19 28 62 90 101 141 192 196 245 255 260 290 380 382 407 427
 437 456 495 500 565 566 567 624 650
50 64 76 87 115 138 148 165 167 189 233 272 292 343 350 414 423
 431 443 500 533 554 561 575 601 639
50 63 77 85 112 143 182 212 214 254 268 315 347 382 402 403 411
 444 454 469 534 550 556 583 600 636
54 64 77 89 102 111 163 190 225 238 250 251 253 275 297 308 323
 374 408 433 450 474 548 566 604 638
54 62 79 85 95 132 154 166 169 195 265 293 317 331 346 365 428
 446 452 473 476 514 521 569 602 639
53 64 79 88 110 141 193 234 261 280 281 305 339 369 373 406 417
 449 466 482 508 539 553 586 600 640
53 63 75 86 105 142 155 168 172 200 223 257 259 290 291 310 360
 377 381 415 438 472 547 568 604 639
53 62 76 89 91 103 133 178 224 256 298 302 330 338 345 400 405
 441 485 489 511 526 574 580 603 636
53 61 78 85 118 124 153 158 204 219 232 273 295 334 352 372 380
 413 467 501 516 542 563 589 601 638
52 60 76 85 106 127 157 159 201 236 245 249 264 283 288 300 329
 379 418 426 447 484 543 555 604 640
52 64 78 86 98 131 151 176 217 222 263 274 307 342 364 378 397
 439 458 480 495 506 527 544 602 636
52 63 79 89 122 130 150 173 175 209 237 242 287 356 362 389 407
 422 459 502 518 541 564 585 601 637
51 60 78 89 123 137 170 179 180 226 277 314 333 376 386 427 432
 435 471 475 515 570 573 576 600 639
51 64 75 85 93 101 126 186 229 252 276 304 336 351 359 395 421
 453 460 464 512 523 572 578 603 637
51 63 76 88 97 134 146 156 210 227 270 299 301 324 358 410 434
 437 448 455 479 504 528 559 602 638
51 62 77 86 129 139 152 164 177 183 206 269 279 320 349 366 383
 384 492 513 531 552 571 584 601 640
50 60 79 86 94 100 125 185 191 194 260 312 321 353 357 370 404
 457 465 499 503 517 549 587 603 638
50 62 78 88 108 114 171 181 211 215 221 243 267 278 284 319 326
 385 392 424 463 468 557 558 604 637
50 61 75 89 99 117 147 160 187 197 262 282 311 327 344 371 412
 436 461 491 494 519 524 567 602 640
54 60 75 88 119 135 149 205 216 231 266 271 296 325 363 396 398
 409 456 510 529 536 562 579 601 636
54 63 78 87 92 104 140 174 196 230 235 316 322 337 361 368 375
 442 445 490 520 532 535 588 603 640
54 61 76 86 116 144 184 213 218 255 286 309 335 387 393 401 425
 462 483 488 522 538 540 582 600 637
53 60 77 87 96 128 145 192 199 207 246 285 303 340 348 394 420
 451 470 493 496 525 530 546 602 637
52 62 75 87 121 136 162 198 244 247 294 306 355 367 388 399 416
 478 481 497 505 537 545 581 600 638
51 61 79 87 107 120 161 188 202 203 208 220 228 248 258 318 341
 390 391 419 477 498 560 565 604 636
52 61 77 88 90 109 113 239 240 241 289 313 328 332 354 429 430
 440 486 487 507 509 551 577 603 639
40 59 128 149 159 200 203 238 255 270 277 306 334 346 371 385 458
 482 502 531 556 561 598 603 622 641
40 57 107 141 144 173 177 189 232 240 297 333 360 370 396 418 485
 512 520 550 558 581 596 602 621 644
44 59 106 116 123 158 165 202 231 237 260 323 355 383 392 405 445
 509 523 553 568 583 599 602 620 643
44 58 97 139 196 213 242 268 307 328 331 345 367 404 406 423 471
 491 496 562 578 589 596 604 623 641
44 56 101 115 140 151 157 175 210 243 275 313 325 338 366 391 412
 467 472 525 549 569 598 600 621 645
43 55 103 125 129 154 181 225 228 246 271 316 332 350 372 381 434
 447 459 527 567 572 596 600 622 643
43 58 92 114 160 192 214 224 227 252 259 308 369 416 446 457 462
 484 486 506 515 560 598 601 620 644
43 57 117 153 169 172 218 220 221 234 251 314 343 348 379 397 437
 444 513 529 541 545 599 603 623 645
42 59 100 113 135 145 197 250 264 290 295 302 351 356 365 424 431
 492 498 504 535 544 597 600 623 644
42 58 105 136 143 204 205 209 230 267 279 329 339 408 414 421 440
 503 511 565 573 582 595 602 622 645
42 56 131 148 163 199 211 223 245 254 261 309 327 362 410 419 452
 497 510 516 570 571 596 603 620 642
41 59 94 120 156 179 207 256 263 283 289 319 387 399 461 464 469
 474 490 508 514 547 596 601 624 645
41 58 134 150 182 198 258 262 278 288 291 305 320 364 428 433 435
 493 500 501 536 540 597 603 621 643
41 56 98 122 180 193 229 272 311 321 322 358 380 400 401 402 451
 473 478 552 577 579 599 604 622 644
40 55 95 119 183 281 294 298 301 340 353 359 389 411 427 430 436
 439 483 542 575 588 597 604 620 645
40 58 104 130 133 146 168 201 206 248 265 304 352 357 374 378 409
 443 468 519 546 551 599 600 624 642
40 56 93 142 166 174 217 241 253 280 285 318 382 393 448 463 465
 475 489 505 524 555 595 601 623 643
44 55 132 152 176 190 208 226 236 244 284 315 324 363 377 394 488
 494 518 533 539 563 595 603 624 644
43 59 96 124 170 191 212 266 317 344 354 361 384 388 395 425 466
 479 495 554 580 585 595 604 621 642
43 56 102 110 112 155 269 276 287 292 296 326 335 390 413 429 499
 526 532 537 543 576 597 602 624 641
42 55 91 127 162 171 187 194 195 222 235 310 376 403 449 460 470
 477 487 522 528 566 599 601 621 641
42 57 99 138 184 219 239 247 303 330 336 342 368 373 386 398 454
 455 476 564 584 587 598 604 624 643
41 55 108 121 137 164 178 216 233 249 273 341 347 375 407 415 453
 507 517 538 548 586 598 602 623 642
41 57 109 118 126 147 167 188 215 257 274 312 337 349 420 422 426
 450 456 521 559 574 595 600 620 641
44 57 90 111 161 185 186 282 286 293 299 300 417 432 438 441 442
 480 481 530 534 557 597 601 622 642
21 30 44 52 81 172 192 205 250 341 357 368 372 435 436 452 463
 464 466 522 526 550 552 559 561 646
22 30 42 54 84 120 124 126 137 155 175 189 224 234 236 246 320
 353 358 367 371 382 468 480 509 648
21 34 43 54 80 165 243 263 288 351 360 404 422 455 477 478 482
 489 494 507 534 542 546 571 573 650
20 34 42 51 82 92 98 102 109 115 121 128 150 154 168 218 232
 260 266 268 280 282 283 284 298 646
23 34 41 52 84 169 200 225 281 285 296 352 361 460 462 485 491
 504 533 549 557 565 570 583 584 647
24 33 44 54 82 256 301 304 305 318 327 333 379 380 388 403 414
 415 420 424 429 459 506 531 587 647
20 33 43 52 83 93 99 100 107 118 132 143 146 148 171 178 183
 193 196 207 231 275 277 286 291 648
22 33 41 53 80 111 116 138 140 194 197 203 206 254 267 287 331
 354 363 397 416 427 447 448 512 646
23 32 40 54 83 215 222 233 245 247 262 321 356 440 441 469 479
 513 525 539 560 568 572 576 589 646
20 32 44 53 84 94 95 104 108 129 131 144 147 149 162 170 182
 209 220 227 239 253 264 272 276 650
22 32 43 51 81 113 119 127 136 158 167 174 255 265 278 297 342
 345 362 394 402 417 461 472 517 647
22 31 40 52 82 112 114 125 139 186 202 210 216 223 226 295 322
 343 344 373 387 428 450 470 511 650
23 31 44 51 80 160 199 204 212 221 290 330 350 439 449 490 499
 502 521 540 548 551 555 579 581 648
24 31 43 50 84 241 302 303 306 310 324 339 375 378 383 389 391
 401 418 432 433 456 514 516 578 646
23 30 43 53 82 156 157 176 180 237 258 328 349 453 465 476 481
 510 519 535 556 558 566 575 582 649
24 30 41 51 83 235 300 307 309 313 348 355 365 369 370 381 385
 398 408 411 413 443 518 524 580 650
24 34 40 53 81 185 308 315 316 317 335 364 386 392 399 407 412
 419 421 423 426 492 528 529 577 648
22 34 44 50 83 122 133 141 142 198 249 251 271 274 279 289 334
 336 340 376 410 425 446 498 532 649
21 33 40 51 84 187 211 257 273 323 332 400 431 442 454 484 488
 493 495 503 508 537 541 562 569 649
23 33 42 50 81 177 190 213 248 270 293 325 359 445 451 475 486
 501 527 543 545 547 574 585 586 650
24 32 42 52 80 252 311 312 314 319 346 347 374 377 384 390 393
 396 405 406 434 467 500 530 588 649
21 32 41 50 82 166 228 238 269 329 338 395 409 437 438 483 487
 496 497 515 520 544 553 563 564 648
21 31 42 53 83 173 201 208 299 326 337 366 430 444 457 458 471
 473 474 505 523 536 538 554 567 647
20 31 41 54 81 91 97 101 105 117 123 130 145 152 159 161 181
 191 214 217 219 240 261 292 294 649
20 30 40 50 80 90 96 103 106 110 134 135 151 153 163 164 179
 184 188 195 229 230 242 244 259 647
1 12 22 55 60 115 163 173 193 217 256 257 276 306 365 368 384
 392 437 491 501 534 551 560 582 629
0 11 20 55 62 189 336 357 397 401 417 419 429 450 467 484 490
 496 504 524 536 556 568 573 585 628
3 13 23 55 64 97 104 124 143 150 166 197 202 211 255 259 289
 348 366 396 426 432 478 526 587 626
4 12 23 59 63 95 103 121 138 152 171 186 192 234 274 288 297
 327 391 393 409 413 471 503 577 628
0 10 22 59 61 130 185 227 230 243 268 269 291 314 398 400 418
 420 439 452 505 533 566 572 586 626
3 10 21 58 60 91 108 154 167 183 237 244 251 270 290 311 313
 318 335 361 373 469 480 512 516 628
2 11 23 58 61 98 101 110 119 148 172 194 226 246 249 253 299
 346 383 399 422 424 454 520 580 629
0 12 24 58 64 112 128 140 142 179 191 221 231 247 264 293 341
 349 358 362 485 487 488 542 567 627
1 10 23 57 62 96 100 122 123 149 155 174 187 208 210 254 283
 364 369 372 374 414 483 507 578 627
0 13 21 57 63 93 102 151 204 236 248 261 262 271 272 302 317
 319 328 355 427 462 470 517 531 629
3 11 22 56 63 135 159 170 207 228 252 260 273 305 378 408 423
 430 476 494 513 522 557 574 581 627
2 12 21 56 62 92 105 146 176 182 203 225 233 242 295 300 303
 312 333 359 425 449 461 509 529 626
1 13 24 56 61 111 126 132 141 156 162 164 181 200 212 298 329
 342 343 356 435 445 457 546 562 628
4 10 20 56 64 216 337 353 376 385 388 394 405 438 447 455 486
 492 514 519 540 541 550 565 589 629
4 14 21 55 61 94 106 145 169 175 177 215 223 266 277 304 307
 308 330 339 402 448 481 500 532 627
2 10 24 55 63 114 117 133 136 180 188 232 239 245 285 286 320
 323 325 331 464 482 499 544 554 625
3 14 24 59 62 125 127 131 137 160 213 229 258 275 280 292 340
 352 360 363 440 442 444 559 564 629
2 13 20 59 60 287 322 332 382 406 410 421 433 436 441 443 472
 477 506 521 538 545 558 563 584 627
4 13 22 58 62 118 165 184 220 235 240 250 282 315 389 395 415
 434 451 458 508 510 549 555 576 625
1 14 20 58 63 158 338 354 370 371 379 386 387 456 460 463 473
 498 527 530 537 539 548 571 575 626
2 14 22 57 64 129 178 195 201 205 241 284 294 309 380 390 404
 412 479 493 502 515 535 547 583 628
3 12 20 57 61 279 345 351 375 377 411 416 428 459 465 468 474
 495 525 528 543 553 561 570 579 625
4 11 24 57 60 113 116 120 134 168 190 196 209 214 222 281 326
 334 344 350 453 489 497 552 569 626
0 14 23 56 60 99 109 139 144 153 161 198 224 238 263 265 267
 324 381 403 407 431 466 523 588 625
1 11 21 59 64 90 107 147 157 199 206 218 219 278 296 301 310
 316 321 347 367 446 475 511 518 625
1 16 40 85 105 137 150 165 194 196 221 227 271 309 311 391 394
 429 466 474 481 544 574 584 610 634
3 15 40 89 109 176 192 219 220 254 286 319 329 350 358 365 383
 388 404 460 472 532 536 586 613 631
4 19 40 87 98 212 237 261 267 275 276 312 320 345 372 379 398
 432 446 487 494 504 538 547 614 632
4 17 44 88 102 136 148 200 206 217 224 229 273 303 314 370 426
 428 469 477 483 535 567 585 613 634
0 19 44 89 113 124 154 164 171 203 252 257 285 294 321 339 364
 387 443 444 455 510 520 543 610 635
0 15 43 87 108 116 152 173 195 245 289 295 298 305 307 371 374
 421 438 454 475 549 559 579 612 634
4 18 43 86 101 163 187 198 270 272 280 300 331 341 356 386 396
 420 430 468 490 511 563 583 610 631
1 17 43 89 97 168 177 182 230 247 249 313 353 363 380 393 419
 431 458 464 470 521 553 557 611 632
2 18 42 89 106 141 149 167 186 191 207 258 269 301 315 375 381
 397 462 463 478 551 569 589 614 634
4 15 42 85 133 139 151 156 185 193 228 253 278 292 333 348 361
 416 436 456 488 502 507 568 611 635
3 19 41 86 107 112 153 174 175 190 205 239 282 306 317 405 410
 424 449 471 484 546 572 575 611 634
0 17 41 85 103 162 183 199 255 284 299 308 325 344 360 368 378
 406 414 465 498 509 541 576 614 631
2 15 41 88 96 204 213 260 264 277 297 316 336 343 366 377 389
 403 452 480 489 519 537 560 610 632
2 17 40 86 126 138 145 160 170 231 235 243 251 283 324 328 347
 417 459 473 497 501 526 565 612 635
0 18 40 88 91 120 121 129 132 157 158 172 197 337 408 425 451
 499 500 506 534 564 570 578 611 633
2 16 44 87 100 159 166 179 234 262 266 310 326 342 352 400 407
 411 434 450 486 512 571 582 611 631
3 18 44 85 99 155 188 218 233 240 281 302 322 362 384 385 399
 409 448 457 493 527 566 573 612 632
1 15 44 86 92 127 130 134 143 215 216 238 246 351 390 427 476
 485 508 516 524 545 554 577 614 633
3 16 43 88 122 140 147 161 184 201 222 223 232 256 346 355 359
 382 435 492 496 503 533 548 614 635
2 19 43 85 94 111 123 128 135 189 211 248 274 338 373 415 440
 491 505 518 528 540 552 588 613 633
1 19 42 88 104 169 214 226 242 263 291 318 323 340 349 395 401
 412 413 441 447 517 561 581 612 631
0 16 42 86 95 178 180 181 202 244 296 304 334 354 369 422 423
 433 437 442 461 525 550 555 613 632
1 18 41 87 119 125 146 209 236 241 250 259 268 293 327 330 335
 376 467 482 495 513 523 558 613 635
4 16 41 89 93 110 114 115 131 208 265 279 290 332 367 418 445
 479 522 529 530 542 556 587 612 633
3 17 42 87 90 117 118 142 144 210 225 287 288 357 392 402 439
 453 514 515 531 539 562 580 610 633
135 156 166 206 208 213 245 251 276 282 291 294 350 375 385 386 402
 422 466 467 470 485 503 506 509 630
115 159 172 178 184 187 190 212 227 278 285 295 349 370 406 409 419
 427 440 459 478 480 514 523 532 630
132 188 189 191 209 243 262 273 280 290 296 345 348 359 368 374 383
 387 403 410 447 458 481 515 577 630
128 164 165 176 201 204 214 215 239 275 287 327 353 361 381 396 399
 400 417 428 437 475 498 522 578 630
129 163 175 180 203 207 221 222 240 268 288 299 352 373 377 388 421
 431 445 446 456 483 517 524 526 630
118 170 192 217 223 230 238 258 271 281 284 293 356 366 367 379 401
 405 443 454 461 499 507 512 528 630
134 158 177 199 205 225 257 264 286 292 298 322 328 346 369 376 391
 395 397 407 468 469 494 505 587 630
130 160 167 193 195 200 211 220 236 247 260 263 325 372 411 425 429
 433 448 453 471 492 511 520 530 630
117 157 162 168 173 228 229 231 233 270 279 330 354 364 382 394 404
 413 424 432 450 452 462 508 588 630
131 169 179 181 196 216 232 237 248 250 269 321 324 336 371 393 414
 416 426 430 449 472 493 534 580 630
93 105 139 147 235 244 246 254 266 289 297 314 341 378 380 392 441
 457 482 504 540 543 564 569 575 630
98 104 123 126 136 142 153 171 300 301 302 332 335 344 363 474 476
 496 500 502 549 550 560 571 586 630
97 103 114 137 140 144 148 283 312 317 318 334 339 342 351 436 438
 451 513 518 536 537 551 566 583 630
94 107 138 154 210 224 241 242 249 255 261 315 326 384 408 420 435
 442 460 519 542 544 545 568 579 630
91 106 124 146 174 185 218 226 267 272 274 305 360 365 389 390 464
 486 497 525 548 556 562 567 584 630
95 100 110 116 127 133 150 161 303 308 313 337 343 347 358 463 491
 495 510 531 547 563 572 573 581 630
96 109 120 125 141 143 152 253 304 310 311 331 338 355 362 439 455
 484 501 529 535 538 557 561 576 630
92 108 119 151 155 186 197 198 219 256 277 309 323 418 423 434 444
 465 487 521 539 546 552 565 585 630
99 101 111 112 113 121 149 259 307 316 319 320 333 340 357 473 477
 479 516 533 541 553 555 574 582 630
90 102 122 145 182 183 194 202 234 252 265 306 329 398 412 415 488
 489 490 527 554 558 559 570 589 630
5 10 42 73 147 176 231 238 249 259 294 305 317 332 343 345 352
 370 391 448 490 534 552 576 619 637
5 14 41 71 151 170 171 172 202 232 270 303 315 350 351 353 362
 374 429 441 446 505 562 582 618 640
5 13 40 74 154 155 161 193 199 209 288 307 314 336 338 349 363
 375 424 461 486 522 554 583 617 638
8 10 44 70 107 119 126 150 191 195 223 225 319 378 386 413 416
 431 437 440 451 489 538 556 617 640
8 12 41 74 106 113 139 148 227 248 251 298 310 372 382 388 396
 412 442 458 476 499 539 573 616 637
8 11 43 71 105 133 138 149 215 229 236 282 318 365 366 387 406
 407 439 445 487 493 550 570 619 638
7 14 43 72 95 142 188 190 197 216 235 260 261 299 329 333 364
 367 400 467 469 551 561 584 617 637
7 13 41 70 99 127 168 185 189 192 210 221 244 276 323 339 346
 425 430 459 475 535 571 589 619 636
7 12 44 73 98 120 181 187 230 241 245 265 277 287 347 348 360
 373 395 462 492 536 574 575 618 638
6 14 44 74 93 117 121 135 222 255 269 312 358 361 369 389 419
 447 454 474 501 511 546 558 619 639
6 13 43 73 91 115 134 144 254 273 293 304 321 340 377 398 399
 450 463 471 502 509 544 565 616 640
6 12 42 71 94 110 130 132 165 198 285 316 328 344 380 385 432
 472 483 484 512 513 548 559 617 636
6 11 40 70 92 118 123 131 156 205 234 313 330 331 384 403 433
 438 478 498 517 533 543 567 618 637
5 12 43 70 145 164 208 253 262 267 268 301 309 322 325 334 357
 405 426 460 480 508 564 581 615 639
5 11 44 72 146 169 184 211 283 292 297 306 311 320 337 354 356
 381 421 465 470 515 542 586 616 636
9 10 43 74 104 141 175 179 194 213 219 233 257 284 408 428 436
 497 504 523 530 531 555 577 618 636
9 14 42 70 103 112 159 206 237 243 272 281 286 289 394 415 435
 495 520 521 524 529 560 578 616 638
9 13 44 71 109 137 163 174 183 214 228 247 295 296 397 418 473
 482 500 503 519 528 547 580 615 637
9 12 40 72 101 116 162 167 180 204 224 250 266 291 390 410 444
 496 507 514 518 527 557 587 619 640
9 11 41 73 100 136 177 186 201 212 220 242 271 280 371 392 455
 488 506 516 525 526 566 588 617 639
8 14 40 73 102 124 140 152 207 239 278 290 300 376 401 414 422
 434 452 453 457 491 545 553 615 636
8 13 42 72 108 122 125 153 157 196 203 217 308 383 409 411 417
 420 464 479 485 494 537 540 618 639
7 10 40 71 97 111 178 218 246 252 258 263 264 279 326 327 355
 368 402 449 456 549 563 585 616 639
7 11 42 74 96 114 158 166 182 200 240 256 274 275 324 335 341
 404 427 443 481 541 572 579 615 640
6 10 41 72 90 128 129 143 160 173 226 302 342 359 379 393 423
 466 468 477 510 532 568 569 615 638
16 30 65 73 127 128 138 169 183 240 253 319 364 375 380 410 438
 494 499 511 523 560 562 585 600 626
19 30 68 71 136 144 146 159 197 208 221 223 298 336 347 361 404
 420 433 527 553 569 576 577 601 629
17 30 67 74 95 107 130 267 280 295 311 323 342 350 366 376 399
 415 456 462 479 496 534 543 603 627
15 34 69 73 99 105 135 162 175 202 301 326 331 349 372 393 417
 418 443 451 469 495 515 548 603 629
18 33 65 74 92 153 170 181 185 201 247 289 290 320 391 402 406
 450 460 483 489 510 518 561 602 629
15 33 67 71 117 120 122 199 259 266 276 300 324 405 423 428 440
 458 463 517 520 542 566 584 600 628
19 33 66 73 103 126 166 173 198 204 216 218 222 227 292 313 315
 357 383 461 482 530 535 570 604 627
15 32 68 74 101 125 177 231 234 244 263 273 282 285 287 302 309
 337 414 435 446 528 551 556 604 626
19 31 69 74 119 134 142 176 178 272 283 308 348 371 384 429 445
 452 477 503 512 557 564 589 600 625
17 31 68 73 94 150 157 174 188 193 213 250 252 334 381 388 427
 441 454 468 487 529 533 571 602 628
16 31 67 72 109 133 164 182 187 189 205 207 237 255 293 314 316
 351 413 448 497 506 539 549 604 629
18 31 66 71 98 108 118 179 206 297 317 325 329 340 369 382 390
 431 455 459 481 491 522 568 603 626
18 30 69 70 104 113 160 165 217 232 254 277 279 296 299 305 312
 338 407 470 488 514 545 572 604 628
15 30 66 72 93 149 168 194 212 225 243 256 294 362 373 401 426
 442 471 486 498 500 513 563 602 625
17 34 65 71 100 140 156 158 192 195 209 226 233 261 269 304 306
 332 396 444 480 524 540 574 604 625
18 34 68 72 111 131 139 171 219 230 262 318 346 370 389 394 437
 453 484 509 526 547 554 579 600 627
19 34 67 70 91 148 180 184 186 215 228 241 264 363 367 374 411
 457 466 472 490 501 531 541 602 626
16 34 66 74 116 143 145 163 172 210 236 239 258 321 333 345 378
 385 395 521 537 567 586 588 601 628
17 33 69 72 110 137 154 191 220 238 245 274 278 322 330 355 377
 412 430 504 546 550 578 582 601 626
16 33 68 70 96 102 129 167 214 249 307 356 358 360 387 392 409
 432 436 449 467 476 505 565 603 625
19 32 65 72 97 106 115 155 271 286 303 341 344 352 403 408 416
 422 439 473 475 492 508 558 603 628
18 32 67 73 112 123 151 196 200 246 251 284 288 339 354 359 365
 400 419 519 538 559 581 587 601 625
17 32 66 70 114 124 132 161 242 260 270 310 327 397 398 421 474
 485 493 507 532 552 555 575 600 629
15 31 65 70 121 141 147 190 203 211 229 265 291 328 335 353 368
 379 434 525 544 573 580 583 601 627
16 32 69 71 90 152 224 235 248 257 268 275 281 343 386 424 425
 447 464 465 478 502 516 536 602 627
32 36 60 105 110 126 178 206 210 211 232 293 307 388 389 444 462
 490 494 498 561 566 577 611 615 643
33 39 60 98 141 155 158 221 228 235 239 242 262 294 308 351 366
 393 511 514 533 556 559 613 616 642
30 37 64 94 119 171 173 214 282 290 314 322 324 329 331 352 419
 425 507 525 531 537 574 614 616 643
32 38 64 103 118 145 168 187 203 213 226 320 355 361 407 410 418
 429 457 463 476 534 579 613 617 645
34 36 63 107 123 125 164 167 197 222 238 276 303 380 406 452 468
 481 486 488 536 555 580 612 616 645
32 39 63 96 137 169 190 193 202 219 241 243 279 298 300 357 399
 431 506 510 512 540 567 614 619 641
31 35 63 127 132 149 163 177 218 289 312 400 412 416 424 443 453
 466 480 496 542 565 576 613 618 643
33 38 62 109 130 151 212 223 234 264 299 321 334 335 375 394 396
 408 464 477 491 515 575 612 619 643
31 36 62 102 113 144 156 172 175 230 231 274 311 411 423 447 460
 475 482 493 560 563 587 614 617 642
30 36 61 108 140 143 260 265 271 285 288 292 301 384 386 441 449
 450 458 497 541 547 578 613 619 644
34 39 61 97 112 170 176 183 189 229 245 250 256 267 310 337 369
 409 502 517 530 545 569 610 617 643
32 37 61 91 139 165 207 225 259 280 306 325 326 336 358 364 379
 427 503 518 521 535 550 612 618 642
30 35 60 111 117 148 174 182 204 284 304 387 391 430 434 446 478
 485 492 495 564 568 586 612 617 641
34 38 60 101 129 146 166 188 247 254 278 328 339 343 371 405 413
 415 439 442 474 522 585 614 618 644
31 37 60 92 122 195 248 253 273 286 315 327 342 349 354 360 367
 385 500 504 526 553 572 610 619 645
33 36 64 106 121 133 160 208 209 240 246 295 317 398 401 435 437
 465 469 472 557 571 588 610 618 641
31 39 64 95 136 184 185 196 249 257 258 266 270 287 319 338 372
 403 509 513 524 546 570 612 615 644
34 35 64 114 134 152 194 220 237 277 302 368 381 382 420 440 461
 467 473 483 543 562 581 611 619 642
30 38 63 100 115 147 181 251 255 263 281 330 333 363 383 390 421
 428 451 484 487 505 589 610 615 642
34 37 62 93 138 157 161 179 205 227 305 323 344 348 353 356 377
 402 516 520 527 538 551 613 615 641
30 39 62 99 116 191 199 200 201 216 252 268 272 297 318 332 422
 432 501 528 532 539 544 611 618 645
32 35 62 120 128 153 186 261 291 296 313 376 378 404 426 436 445
 448 454 459 548 554 582 610 616 644
31 38 61 104 135 154 180 192 198 236 275 347 359 362 370 392 397
 414 438 479 489 508 584 611 616 641
33 35 61 131 142 150 159 224 233 244 316 365 374 395 417 455 456
 470 471 499 552 558 583 614 615 645
33 37 63 90 124 162 215 217 269 283 309 340 341 345 346 350 373
 433 519 523 529 549 573 611 617 644
20 67 127 140 141 166 172 176 248 252 296 309 320 330 344 389 392
 420 431 469 471 507 605 612 622 638
24 65 98 103 143 149 161 175 250 273 278 404 425 437 470 490 505
 512 519 539 543 584 607 612 620 639
24 67 97 100 121 153 165 206 236 253 257 373 430 441 452 461 515
 527 532 556 565 579 608 614 621 637
24 66 99 104 110 152 167 205 223 228 283 400 427 446 458 460 509
 525 534 540 558 585 606 610 623 638
24 69 96 101 144 150 171 201 251 269 295 367 368 448 486 494 508
 517 521 568 570 575 609 613 622 636
24 68 95 109 123 148 173 203 243 259 271 395 402 465 480 493 504
 511 522 545 548 589 605 611 624 640
23 68 115 170 195 216 240 291 300 311 316 326 339 345 382 397 464
 488 498 531 546 564 608 613 620 638
23 67 118 163 227 260 279 294 303 304 319 322 335 360 371 417 435
 447 487 518 554 569 607 611 623 636
23 65 135 178 217 220 268 287 310 313 317 323 333 336 387 394 457
 468 497 500 542 559 606 614 622 640
22 66 92 106 147 183 213 221 261 285 324 338 356 374 399 413 453
 477 495 536 550 587 608 611 622 639
21 66 117 138 155 164 196 226 264 265 280 289 370 388 433 451 467
 502 528 557 572 582 605 614 620 636
21 69 124 128 181 194 198 209 210 229 286 297 405 411 419 456 476
 506 533 547 551 576 608 612 623 640
20 69 111 125 136 169 187 233 256 288 290 315 328 334 358 366 378
 390 398 466 475 520 606 611 620 637
20 68 112 120 133 192 204 211 225 235 270 305 321 342 363 384 412
 418 422 481 483 523 609 614 623 639
20 65 114 116 126 157 177 238 241 262 299 314 340 361 362 365 372
 415 423 449 478 503 608 610 624 636
20 66 113 137 142 185 199 208 215 237 263 306 331 343 359 380 408
 409 434 454 462 526 607 613 621 640
23 69 130 158 184 207 276 284 302 307 318 329 347 353 410 416 442
 450 482 529 552 567 605 610 621 639
23 66 129 159 189 193 230 282 301 308 312 341 354 355 376 428 444
 472 489 516 544 562 609 612 624 637
22 67 94 102 146 212 219 222 244 258 325 332 348 393 407 424 438
 473 485 561 573 578 609 610 620 640
22 65 91 107 151 160 182 245 266 281 346 349 357 381 414 432 445
 455 474 537 563 577 605 613 623 637
22 69 93 108 145 180 200 218 242 293 337 350 364 391 396 403 436
 440 484 553 571 580 607 614 624 638
21 65 122 131 186 188 214 231 246 255 267 298 377 386 429 443 491
 513 514 535 555 586 609 611 621 638
21 67 134 139 162 174 191 197 232 234 249 275 385 401 421 439 459
 510 530 560 574 583 606 613 624 639
21 68 119 132 168 179 202 224 239 254 274 292 375 379 406 479 492
 501 524 549 566 581 607 610 622 637
22 68 90 105 154 156 190 247 272 277 327 351 352 369 383 426 463
 496 499 538 541 588 606 612 621 636
10 35 69 85 146 161 164 170 190 234 340 392 422 458 462 472 487
 500 511 524 535 537 579 587 596 646
12 35 68 88 151 209 255 258 283 294 331 415 431 450 457 475 494
 516 530 532 550 572 580 584 599 648
13 35 67 86 147 171 226 245 268 292 358 372 408 481 489 493 498
 512 514 529 551 553 585 588 598 647
12 39 65 87 93 123 124 129 133 134 213 223 263 296 311 315 329
 370 417 424 430 521 541 566 598 646
11 39 69 88 94 115 117 126 139 143 192 203 237 247 309 317 360
 374 375 376 400 527 555 563 597 647
14 39 68 86 91 110 113 118 122 128 166 212 233 236 301 314 323
 368 391 416 421 519 536 557 596 650
12 38 69 86 102 114 149 189 195 196 197 199 228 313 352 379 389
 399 402 435 441 455 523 586 595 649
13 38 68 89 107 142 152 158 169 201 227 229 246 312 325 373 385
 403 423 490 495 497 507 582 597 646
10 38 66 88 105 127 153 207 250 262 274 287 298 304 350 367 384
 419 432 465 473 488 520 583 598 650
11 37 66 86 97 141 188 224 276 277 288 293 295 319 332 361 394
 411 412 414 505 510 548 564 599 646
14 36 67 88 101 155 173 179 183 185 220 225 327 334 345 347 443
 445 470 476 478 484 540 544 595 646
11 35 65 89 145 193 198 221 232 259 342 390 409 442 447 452 469
 509 528 531 538 549 575 578 595 650
14 35 66 87 154 184 200 231 253 254 344 366 418 437 449 464 468
 506 517 518 573 574 577 589 597 649
10 39 67 89 92 125 132 135 138 144 204 278 281 299 306 307 341
 382 395 426 429 525 547 571 599 649
14 38 65 85 108 120 148 176 191 210 257 279 282 316 356 393 398
 427 433 482 486 496 526 581 599 647
11 38 67 87 106 111 150 216 217 239 243 265 270 302 349 369 377
 380 425 436 444 460 503 576 596 648
13 37 65 88 95 112 167 194 208 218 230 275 285 300 330 351 371
 378 388 407 501 515 552 568 596 649
14 37 69 89 98 116 156 174 211 240 244 264 271 310 357 359 406
 413 420 428 513 534 554 565 598 648
10 37 68 87 99 137 172 181 182 186 206 222 260 308 328 338 365
 396 401 410 502 508 542 543 595 647
12 37 67 85 96 136 160 168 175 178 238 261 289 318 321 337 383
 386 397 434 522 533 558 562 597 650
10 36 65 86 109 159 162 165 242 248 256 297 322 339 348 363 446
 453 454 463 467 479 567 570 597 648
13 36 69 87 103 205 215 219 249 252 280 291 324 333 354 362 474
 480 483 491 492 499 556 569 599 650
11 36 68 85 104 163 241 266 267 269 286 290 343 353 355 364 451
 459 461 471 477 485 539 559 598 649
12 36 66 89 100 157 202 214 235 272 273 284 320 335 336 346 438
 439 440 448 456 466 545 546 596 647
13 39 66 85 90 119 121 130 131 140 177 180 187 251 303 305 326
 381 387 404 405 504 560 561 595 648
21 25 48 71 89 95 101 143 153 189 200 213 222 241 283 305 322
 349 392 394 398 416 434 498 499 642
23 29 45 71 85 91 102 116 125 142 147 205 242 243 277 320 342
 375 388 419 430 437 443 508 530 644
21 26 45 72 86 96 104 121 148 156 161 221 252 281 287 315 325
 345 365 371 376 380 418 440 450 643
21 28 49 70 85 98 100 144 152 216 247 256 258 259 285 314 350
 354 389 408 410 412 417 445 468 641
20 25 45 70 88 236 295 341 364 381 383 393 402 442 446 491 497
 502 512 546 554 566 574 576 587 645
20 28 46 72 89 206 223 326 348 391 399 414 425 476 480 482 487
 501 517 555 559 562 572 583 588 644
23 28 48 73 88 92 107 111 133 137 145 244 257 269 272 344 362
 379 404 411 421 458 467 514 522 643
21 29 46 73 87 97 109 110 149 158 160 171 180 185 190 309 336
 356 378 382 384 415 428 447 485 645
20 26 47 73 85 167 203 323 324 367 369 396 424 435 439 470 489
 513 532 547 549 564 567 577 582 642
22 28 45 74 87 132 187 214 229 232 238 264 301 313 319 339 422
 465 471 526 527 529 540 568 584 642
24 27 45 73 89 119 129 184 199 210 217 233 234 248 260 267 289
 291 351 361 473 481 484 550 563 641
23 27 46 70 86 93 106 120 136 140 154 173 182 219 250 340 343
 385 400 406 429 456 494 515 528 642
24 26 48 70 87 130 139 155 157 163 169 170 178 194 204 255 274
 282 332 359 455 463 469 536 553 644
22 27 48 72 85 134 181 192 208 231 239 280 307 310 312 335 431
 441 478 519 520 531 548 570 585 645
21 27 47 74 88 99 103 123 150 212 235 245 253 279 293 306 352
 353 387 390 397 420 423 453 472 644
20 27 49 71 87 175 251 346 360 403 413 426 427 457 461 479 488
 510 511 544 551 552 557 578 586 643
23 25 47 72 87 94 105 113 114 141 151 183 201 218 273 358 363
 386 395 405 433 452 459 524 534 641
24 28 47 71 86 124 135 186 193 225 227 237 240 249 254 262 265
 284 330 337 475 477 496 537 561 645
22 29 47 70 89 128 162 172 188 196 263 292 300 304 317 347 366
 483 486 503 504 516 539 558 579 643
24 29 49 72 88 118 138 159 174 176 177 195 198 202 246 268 276
 290 321 338 436 462 474 541 573 642
22 25 49 73 86 117 179 209 211 275 298 299 303 316 318 355 409
 460 466 500 507 521 543 556 589 644
20 29 48 74 86 271 278 327 329 373 374 407 432 444 448 451 464
 509 533 535 542 560 569 580 581 641
22 26 46 71 88 131 164 166 168 191 286 288 302 308 311 333 372
 454 490 518 523 525 545 565 575 641
24 25 46 74 85 115 122 197 207 215 220 224 226 230 270 294 296
 297 328 357 438 449 495 538 571 643
23 26 49 74 89 90 108 112 126 127 146 165 228 261 266 331 334
 368 370 377 401 492 493 505 506 645
28 53 55 65 99 102 130 174 179 270 288 309 312 343 367 383 395
 440 498 506 550 557 569 579 616 635
25 50 55 69 109 155 206 227 231 250 258 261 300 342 346 361 380
 387 421 471 489 525 541 581 618 633
27 52 55 67 126 128 158 161 213 230 254 272 290 326 333 409 412
 433 446 455 465 508 513 580 619 634
25 54 59 65 110 139 142 146 173 187 239 252 284 338 350 397 411
 426 435 451 481 516 517 565 619 632
27 53 59 69 92 112 148 177 188 222 236 265 294 311 336 408 432
 437 459 463 507 540 549 562 615 631
26 52 59 66 101 182 190 195 232 257 267 271 318 330 348 358 375
 417 423 457 483 519 571 576 616 633
26 50 58 65 113 132 180 216 219 225 234 276 283 355 360 366 419
 420 441 448 495 502 522 588 615 634
28 52 58 69 120 123 138 147 163 166 185 273 298 325 351 381 394
 401 444 449 479 531 532 558 617 632
27 51 57 65 104 200 207 243 244 249 292 295 308 321 327 331 382
 389 405 466 487 527 536 582 617 633
25 52 57 68 97 108 135 194 199 238 280 304 315 320 400 413 425
 445 472 514 560 567 573 575 615 635
27 50 56 68 121 124 127 145 196 205 220 256 299 332 349 374 386
 428 439 462 482 512 518 568 616 632
28 54 56 67 103 167 201 202 209 221 277 282 310 328 340 364 370
 384 416 454 464 504 563 586 615 633
26 54 55 68 93 141 153 160 210 237 264 268 278 303 354 390 399
 438 443 458 503 552 570 574 617 631
29 51 55 66 111 122 144 151 165 191 192 241 291 337 352 371 406
 424 469 476 497 511 529 543 615 632
28 51 59 68 117 140 178 189 198 215 242 253 281 329 335 372 377
 378 470 473 486 510 534 587 618 634
29 50 59 67 98 105 129 169 208 224 286 305 313 362 368 396 427
 450 453 528 537 546 555 589 617 635
29 53 58 68 100 164 175 217 218 228 245 297 319 324 344 359 376
 398 429 442 478 521 561 583 619 633
27 54 58 66 96 107 115 162 176 186 211 302 314 334 402 407 430
 447 499 524 547 553 559 584 618 635
29 54 57 69 131 133 157 183 212 226 259 260 287 339 341 385 431
 434 460 461 496 501 505 577 616 634
26 53 57 67 114 119 143 154 159 229 235 263 269 356 357 388 391
 410 475 488 491 500 509 548 618 632
28 50 57 66 91 136 150 156 170 203 246 275 296 307 322 393 415
 452 484 492 523 539 542 551 619 631
29 52 56 65 94 137 152 168 184 197 204 251 293 301 345 369 392
 456 477 493 520 554 556 572 618 631
26 51 56 69 95 106 118 172 214 262 289 306 316 363 373 404 414
 468 485 530 538 544 566 585 619 635
25 53 56 66 125 134 171 240 247 248 255 266 279 323 347 365 379
 422 436 480 490 515 533 578 617 634
25 51 58 67 90 116 149 181 193 223 233 274 285 317 353 403 418
 467 474 494 526 535 545 564 616 631
10 34 47 75 110 120 177 217 221 255 272 275 295 329 354 357 375
 403 434 441 471 476 493 518 620 635
14 34 45 76 126 130 182 196 208 259 273 297 355 373 384 397 424
 436 475 487 499 510 514 525 622 631
14 31 49 78 111 143 167 168 227 234 242 245 296 332 336 341 365
 399 405 451 465 483 494 531 621 635
14 32 48 75 138 141 146 150 180 199 214 230 256 317 372 383 385
 430 450 477 480 488 543 549 623 633
14 30 47 77 92 97 187 209 228 274 291 302 321 325 343 346 388
 392 417 512 538 542 555 570 624 634
14 33 46 79 104 105 134 157 186 189 251 268 285 306 319 342 492
 507 522 563 567 576 579 580 620 632
13 32 49 77 133 135 172 173 191 267 277 283 335 367 380 391 428
 442 449 453 455 524 527 533 620 631
13 30 48 79 114 123 190 198 206 207 233 264 266 337 345 360 393
 412 429 437 439 454 460 516 622 635
13 33 47 76 136 139 145 149 176 179 241 260 281 311 368 413 419
 422 438 444 446 468 548 572 621 633
13 34 46 78 94 96 159 231 257 265 299 313 320 327 350 359 390
 401 416 511 539 550 564 566 623 634
12 34 49 79 119 137 147 153 212 240 252 270 286 307 366 400 414
 433 447 463 470 497 535 568 624 633
11 30 45 78 112 122 152 154 162 178 185 213 262 303 379 395 396
 431 448 472 474 482 551 565 620 633
11 33 49 75 91 95 164 210 250 263 284 312 328 348 352 362 382
 386 418 532 540 553 554 560 622 634
10 32 45 79 93 98 163 192 197 201 292 316 324 330 334 349 387
 411 415 509 545 557 562 573 621 634
10 30 49 76 101 102 131 158 193 203 215 289 293 310 315 344 459
 503 515 536 546 581 584 588 623 632
10 33 48 78 113 115 202 205 229 253 261 288 347 371 381 389 425
 457 481 485 496 513 521 528 624 631
10 31 46 77 116 124 148 151 169 235 247 276 280 301 377 404 407
 409 435 461 484 498 558 574 622 633
13 31 45 75 100 106 128 170 222 224 225 278 279 309 318 331 467
 520 534 541 559 575 577 586 624 632
12 33 45 77 127 144 188 200 219 226 237 271 282 326 338 353 369
 378 421 452 478 479 490 500 623 635
12 32 47 78 107 109 117 156 184 194 216 236 290 305 308 340 443
 505 526 569 571 578 583 585 622 632
12 30 46 75 118 125 161 211 218 239 249 269 339 374 394 423 427
 445 469 473 489 502 504 506 621 631
11 34 48 77 103 108 132 160 174 223 248 287 294 300 314 358 456
 508 523 544 561 582 587 589 621 632
11 31 47 79 129 140 155 165 171 238 244 298 333 398 402 410 426
 440 462 464 495 501 519 530 623 631
11 32 46 76 121 142 175 181 183 195 204 254 258 322 323 351 370
 420 432 458 466 486 491 529 624 635
12 31 48 76 90 99 166 220 232 243 246 304 356 361 363 364 376
 406 408 517 537 547 552 556 620 634
5 45 52 110 174 181 189 203 227 266 302 327 340 366 386 404 408
 438 453 469 488 501 521 599 614 625
5 49 54 121 188 194 207 223 272 279 313 324 342 372 392 395 406
 444 475 484 485 502 519 597 613 626
5 46 53 123 216 242 275 278 282 289 304 346 358 368 411 418 431
 462 477 497 499 513 527 595 610 628
9 48 52 129 156 191 215 218 235 259 265 303 323 334 338 382 414
 419 471 494 512 579 586 597 610 629
9 47 54 118 182 185 197 229 248 283 285 307 326 332 362 376 377
 383 437 466 511 575 581 598 614 628
9 46 50 130 210 222 252 253 277 290 298 317 337 341 363 379 413
 417 478 493 509 582 584 596 613 625
8 49 52 92 96 142 180 206 220 255 262 292 339 353 398 424 523
 528 534 548 563 569 574 596 612 628
8 48 54 94 98 127 164 254 270 281 291 295 336 355 391 423 515
 526 530 541 551 558 567 595 611 625
7 48 51 100 105 112 124 131 173 184 238 325 328 375 399 420 436
 446 447 489 500 539 557 599 613 628
7 46 52 102 103 117 119 141 165 170 208 321 349 365 403 421 442
 448 468 496 516 540 547 598 611 626
6 47 52 133 153 154 214 233 243 258 276 297 299 309 310 371 427
 451 490 492 553 562 587 595 613 627
6 46 54 113 147 150 177 178 179 192 200 228 267 300 315 373 410
 439 465 467 537 554 578 599 612 629
5 48 50 144 158 168 183 186 217 236 316 331 348 388 390 400 422
 435 440 449 474 504 510 598 612 627
5 47 51 143 195 219 224 251 264 287 312 344 364 401 409 415 430
 445 463 481 482 525 533 596 611 629
9 45 51 135 157 171 239 246 256 261 293 311 343 357 360 407 416
 433 458 483 532 583 589 595 612 626
9 49 53 115 160 161 196 225 241 244 274 301 320 329 351 385 387
 396 452 454 517 576 585 599 611 627
8 47 50 93 95 111 159 175 199 226 232 247 335 345 381 384 506
 507 508 535 536 559 565 599 610 626
8 46 51 91 99 114 163 176 209 213 234 271 347 354 380 426 505
 514 520 546 549 561 568 597 614 627
7 45 54 108 109 134 136 138 172 193 269 352 359 405 412 432 457
 470 495 498 518 555 556 596 610 627
7 49 50 104 107 116 128 139 273 288 294 330 356 369 429 434 464
 472 473 480 529 566 570 595 614 629
7 47 53 101 106 122 132 137 205 211 268 350 361 370 378 393 450
 455 461 487 531 545 560 597 612 625
6 45 50 140 146 149 202 204 240 245 257 263 280 308 314 367 394
 459 460 476 538 552 580 597 611 628
6 49 51 125 145 148 155 162 166 190 201 230 237 305 319 397 425
 441 456 491 542 550 577 598 610 625
6 48 53 126 151 152 187 221 249 250 260 286 296 306 318 402 428
 443 479 486 564 573 588 596 614 626
8 45 53 90 97 120 167 169 198 212 231 284 322 333 374 389 503
 522 524 543 544 571 572 598 613 629
25 35 43 77 121 126 185 202 217 242 264 311 330 352 385 410 414
 427 520 522 536 539 547 569 609 625
26 35 42 75 123 140 183 188 227 241 297 307 321 350 379 407 425
 428 508 526 546 556 557 563 606 629
26 39 43 76 120 150 151 162 205 206 226 238 240 285 290 312 327
 336 392 411 442 473 586 589 607 627
27 39 42 79 111 146 152 160 172 179 215 255 271 273 276 313 322
 364 388 418 489 496 575 583 608 625
25 38 44 79 91 96 112 138 232 291 308 309 329 332 453 456 458
 461 468 475 478 504 513 588 607 629
28 38 42 78 93 97 116 119 164 220 300 306 338 360 446 450 459
 466 469 493 499 519 533 577 609 627
27 37 40 76 100 108 117 190 268 274 296 339 362 366 380 381 395
 416 435 476 477 490 509 530 609 629
26 37 44 78 103 105 128 177 193 197 258 335 343 374 382 398 422
 430 460 479 484 497 514 517 605 625
25 37 41 75 102 104 132 184 237 245 246 333 334 384 391 404 417
 431 439 444 463 486 511 528 608 627
28 36 40 75 115 169 171 182 191 213 228 236 287 289 299 342 369
 405 420 516 535 548 552 573 607 625
27 36 44 77 118 180 189 194 201 259 261 263 270 278 298 344 365
 375 393 529 537 564 565 572 606 627
25 36 42 76 129 161 174 192 212 216 229 251 257 262 277 331 378
 399 429 518 542 549 553 558 605 626
29 35 40 79 113 143 181 249 256 272 282 303 325 361 367 377 397
 413 515 523 540 559 566 571 605 627
28 35 44 76 110 125 168 207 219 235 267 317 349 359 371 396 402
 433 505 507 541 544 560 570 608 628
27 35 41 78 133 144 155 195 252 266 275 301 328 356 373 383 394
 419 503 534 545 555 561 567 607 626
25 39 40 78 127 147 148 175 198 208 214 225 260 269 293 302 348
 354 406 415 455 464 579 582 606 628
29 39 44 75 114 145 153 156 167 173 178 248 254 280 288 316 346
 353 401 408 487 495 576 584 609 626
28 39 41 77 142 149 154 157 165 211 222 230 234 286 295 304 324
 345 386 390 436 457 581 585 605 629
26 38 40 77 94 99 122 136 284 292 305 310 341 351 437 445 447
 462 467 471 480 510 521 580 608 626
29 38 41 76 92 95 124 141 163 231 314 318 326 357 440 454 470
 472 481 492 494 502 527 578 606 625
28 37 43 79 106 109 131 200 204 210 294 320 347 368 376 409 423
 424 441 451 474 488 512 524 606 626
29 37 42 77 101 107 134 170 221 233 265 355 363 372 387 389 400
 426 438 465 482 491 506 532 607 628
29 36 43 78 130 166 186 199 203 239 244 250 279 281 283 358 370
 403 412 500 538 562 568 574 608 629
26 36 41 79 135 158 176 187 196 218 223 224 243 247 253 340 421
 432 434 531 543 550 551 554 609 628
27 38 43 75 90 98 137 139 159 209 315 319 323 337 443 448 449
 452 483 485 498 501 525 587 605 628
15 37 45 59 81 111 115 153 166 180 183 209 223 235 249 312 429
 455 462 468 493 539 567 578 581 636
15 38 49 55 83 113 123 157 182 184 221 224 269 280 317 322 327
 378 422 512 530 547 561 562 565 638
19 36 45 58 82 95 117 137 151 177 207 254 310 332 356 368 385
 390 417 425 426 489 523 533 579 638
19 37 49 56 80 114 129 150 185 187 219 231 236 281 297 304 375
 458 469 496 498 545 559 580 582 639
19 35 46 55 84 92 100 139 167 172 199 229 240 243 287 293 305
 329 334 355 386 393 474 479 519 636
18 36 48 56 83 97 128 136 147 195 234 237 308 350 357 377 387
 395 418 424 427 442 501 507 584 636
18 37 47 57 84 130 142 148 164 192 202 213 256 266 278 313 421
 447 449 473 494 544 556 576 588 638
18 38 46 59 82 126 144 193 194 205 214 244 245 248 303 345 364
 366 434 524 532 541 542 548 557 639
17 38 45 56 84 133 143 165 179 186 190 218 290 294 307 346 354
 372 420 517 528 536 558 560 564 640
17 35 48 59 80 91 109 119 175 196 201 211 262 276 279 285 315
 333 341 343 369 401 438 476 527 638
16 35 45 57 83 94 101 124 160 176 206 216 228 230 288 298 306
 323 335 362 403 406 451 463 504 639
16 39 46 56 81 107 259 264 274 284 331 361 371 383 398 441 444
 453 459 470 483 500 508 551 573 638
15 39 48 58 84 102 159 171 188 210 330 340 380 396 397 445 461
 465 466 492 497 518 534 538 572 639
15 36 46 57 80 98 112 132 145 227 233 255 318 338 352 367 376
 381 392 430 433 464 503 510 585 640
19 38 48 57 81 110 140 162 225 258 268 273 277 289 311 324 353
 365 409 506 511 554 555 568 571 637
19 39 47 59 83 108 161 163 168 246 328 342 389 414 428 448 460
 467 478 488 499 515 529 550 574 640
18 39 45 55 80 105 220 265 275 283 321 344 410 413 423 435 454
 456 480 485 486 505 531 535 553 637
18 35 49 58 81 93 103 122 156 169 189 238 239 257 260 295 309
 326 347 363 388 432 439 477 525 640
17 39 49 57 82 106 181 197 253 291 358 359 384 394 407 440 443
 446 471 482 490 516 522 537 549 636
17 36 47 55 81 96 116 131 146 198 282 296 319 349 351 373 379
 382 391 400 408 457 502 520 589 639
17 37 46 58 83 127 135 152 155 203 212 232 241 263 272 316 405
 436 437 450 481 569 570 586 587 637
16 36 49 59 84 99 134 141 154 204 217 226 300 325 337 374 402
 404 415 416 419 487 513 526 575 637
16 37 48 55 82 118 120 149 242 247 251 252 267 292 299 302 370
 452 472 475 495 540 546 577 583 640
16 38 47 58 80 121 125 170 173 174 200 215 261 286 301 336 348
 412 431 509 514 543 552 563 566 636
15 35 47 56 82 90 104 138 158 178 191 208 222 250 270 271 314
 320 339 360 399 411 484 491 521 637
0 45 145 150 274 276 286 363 370 382 399 434 445 449 507 511 513
 515 516 519 561 569 604 606 618 647
0 49 94 97 163 186 200 205 208 232 233 235 278 287 311 340 379
 383 476 486 489 495 600 605 619 648
0 47 115 127 206 234 239 259 277 315 318 322 356 359 372 404 456
 474 497 540 557 580 602 609 617 649
0 46 137 138 143 156 187 188 201 217 225 266 335 389 424 446 472
 530 552 553 581 589 603 608 616 650
4 48 135 142 161 167 182 226 298 309 319 321 352 354 366 368 459
 482 484 545 566 578 602 608 618 648
4 47 112 119 144 157 160 166 181 207 242 257 355 374 380 480 498
 528 554 573 584 586 603 606 619 646
3 45 123 139 141 168 195 215 250 272 285 299 347 391 398 447 461
 506 537 542 582 585 603 609 615 648
3 47 100 102 126 134 169 180 267 294 316 327 338 341 394 406 418
 425 454 458 551 568 601 605 618 650
2 47 147 152 210 230 280 334 365 416 429 432 469 485 500 510 517
 522 523 527 541 546 604 607 616 648
1 49 110 124 136 183 192 222 243 248 264 282 333 381 423 448 450
 514 538 564 579 583 603 607 618 649
1 47 91 98 189 190 204 220 223 231 252 269 288 289 303 331 385
 407 436 442 465 479 600 608 615 647
1 46 101 108 128 133 184 202 262 281 312 324 332 360 388 397 402
 408 452 471 535 543 601 606 617 648
0 48 104 106 117 125 176 193 212 297 313 326 346 351 367 386 410
 415 483 493 565 574 601 607 615 646
4 45 92 99 158 159 164 173 194 211 241 251 258 296 317 358 377
 414 439 441 464 496 600 607 617 650
4 49 105 109 132 140 170 199 213 249 302 323 357 364 371 373 390
 411 437 478 558 572 601 609 616 647
4 46 146 153 162 246 260 362 369 375 387 412 440 475 512 521 526
 531 533 534 536 544 604 605 615 649
3 49 149 151 178 214 265 343 376 393 420 421 481 499 501 504 508
 509 518 520 567 571 604 608 617 646
3 48 93 96 165 172 177 185 203 209 216 224 245 284 301 342 413
 433 473 487 490 491 600 606 616 649
3 46 111 129 196 198 261 283 295 310 314 325 330 353 395 422 443
 463 488 556 560 577 602 607 619 647
2 45 103 107 113 131 155 247 268 270 304 329 337 348 392 401 427
 428 466 494 548 549 601 608 619 649
2 49 120 130 171 218 229 254 271 306 308 345 349 361 430 431 435
 438 467 539 555 587 602 606 615 650
2 48 116 121 122 219 227 228 263 275 290 293 339 384 426 468 470
 524 550 562 575 576 603 605 617 647
1 45 114 118 175 191 244 253 255 300 305 328 336 350 400 409 444
 477 492 547 570 588 602 605 616 646
1 48 148 154 179 197 240 320 378 403 405 417 453 462 502 503 505
 525 529 532 559 563 604 609 619 650
2 46 90 95 174 221 236 237 238 256 273 279 291 292 307 344 396
 419 451 455 457 460 600 609 618 646
