625 626 627 628 629 630 631 632 633 634 635 636 637 638 639 640 641
 642 643 644 645 646 647 648 649 650
600 601 602 603 604 605 606 607 608 609 610 611 612 613 614 615 616
 617 618 619 620 621 622 623 624 625
500 501 502 503 516 517 518 519 532 533 534 535 548 549 550 551 572
 573 574 575 580 581 582 583 598 625
504 505 506 507 520 521 522 523 536 537 538 539 552 553 554 555 576
 577 578 579 584 585 586 587 599 625
508 509 510 511 524 525 526 527 540 541 542 543 556 557 558 559 564
 565 566 567 588 589 590 591 596 625
512 513 514 515 528 529 530 531 544 545 546 547 560 561 562 563 568
 569 570 571 592 593 594 595 597 625
400 401 402 403 408 409 410 411 416 417 418 419 424 425 426 427 432
 433 434 435 440 441 442 443 448 625
404 405 406 407 412 413 414 415 420 421 422 423 428 429 430 431 436
 437 438 439 444 445 446 447 449 625
104 105 106 107 112 113 114 115 120 121 122 123 128 129 130 131 136
 137 138 139 144 145 146 147 149 625
100 101 102 103 108 109 110 111 116 117 118 119 124 125 126 127 132
 133 134 135 140 141 142 143 148 625
75 76 77 78 79 80 81 82 83 84 85 86 87 88 89 90 91
 92 93 94 95 96 97 98 99 625
25 26 27 28 33 34 35 36 42 43 44 45 49 50 51 52 57
 58 59 60 65 66 67 68 73 625
29 30 31 32 37 38 39 40 41 46 47 48 53 54 55 56 61
 62 63 64 69 70 71 72 74 625
0 1 2 3 4 5 6 7 8 9 10 11 12 13 14 15 16
 17 18 19 20 21 22 23 24 625
312 313 314 315 320 321 322 323 336 337 338 339 352 353 354 355 376
 377 378 379 392 393 394 395 399 625
308 309 310 311 316 317 318 319 332 333 334 335 348 349 350 351 372
 373 374 375 388 389 390 391 398 625
304 305 306 307 328 329 330 331 344 345 346 347 360 361 362 363 368
 369 370 371 384 385 386 387 397 625
300 301 302 303 324 325 326 327 340 341 342 343 356 357 358 359 364
 365 366 367 380 381 382 383 396 625
250 251 252 253 258 259 260 261 266 267 268 269 274 275 276 277 282
 283 284 285 290 291 292 293 298 625
254 255 256 257 262 263 264 265 270 271 272 273 278 279 280 281 286
 287 288 289 294 295 296 297 299 625
24 73 74 99 148 149 246 247 248 249 298 299 396 397 398 399 448
 449 498 499 596 597 598 599 624 650
24 28 70 96 106 140 217 225 237 245 287 291 371 379 381 389 406
 440 456 491 504 510 518 528 607 647
24 27 69 97 107 141 214 222 234 242 289 293 370 378 380 388 407
 441 457 490 505 511 519 529 601 649
24 30 68 98 102 147 220 228 232 240 285 297 364 372 387 395 402
 447 451 497 503 513 521 527 606 646
24 25 72 92 105 143 216 223 236 244 288 292 368 376 383 391 404
 443 454 492 507 508 516 531 600 648
24 29 67 91 100 146 219 226 231 239 283 295 365 373 386 394 400
 446 450 496 502 512 520 526 604 643
24 26 71 94 104 142 215 224 235 243 286 290 369 377 382 390 405
 442 455 493 506 509 517 530 603 644
24 31 65 93 103 145 221 229 233 241 284 296 367 375 385 393 403
 445 453 494 500 514 522 524 602 645
24 32 66 95 101 144 218 227 230 238 282 294 366 374 384 392 401
 444 452 495 501 515 523 525 605 642
24 37 45 81 126 139 185 193 205 213 269 281 319 327 339 347 426
 439 458 473 552 560 564 572 609 640
24 39 43 75 125 136 182 190 202 210 266 278 316 324 338 346 425
 436 461 471 553 561 567 575 614 635
24 40 42 78 127 137 183 191 203 211 267 279 317 325 336 344 427
 437 460 470 554 563 566 574 612 636
24 35 46 76 130 134 187 195 199 207 272 276 322 330 334 342 430
 433 464 467 549 557 569 577 610 639
24 34 47 79 129 133 186 194 198 206 270 274 320 328 333 341 429
 434 463 469 550 558 571 579 615 634
24 33 48 77 128 135 188 196 200 208 271 275 321 329 335 343 428
 435 462 468 548 556 570 578 613 637
24 38 44 80 124 138 184 192 204 212 268 280 318 326 337 345 424
 438 459 472 555 562 565 573 611 638
24 36 41 82 131 132 189 197 201 209 273 277 323 331 332 340 431
 432 465 466 551 559 568 576 608 641
24 52 61 88 115 116 154 162 166 174 255 260 300 308 355 363 415
 416 481 482 536 544 583 591 620 629
24 51 62 90 114 117 156 164 168 176 256 259 303 311 353 361 414
 417 480 483 538 546 580 588 619 628
24 53 58 87 109 123 150 158 170 178 253 265 305 313 348 356 410
 423 474 487 535 543 586 594 616 633
24 54 59 89 110 122 153 161 173 181 251 263 306 314 351 359 409
 422 475 488 532 540 585 593 621 630
24 55 60 85 108 121 152 160 172 180 250 262 307 315 349 357 408
 420 476 489 534 542 584 592 623 626
24 56 57 84 111 120 151 159 171 179 252 264 304 312 350 358 411
 421 477 486 533 541 587 595 618 631
24 49 63 83 113 119 157 165 169 177 257 261 302 310 354 362 413
 419 478 484 537 545 581 589 617 632
24 50 64 86 112 118 155 163 167 175 254 258 301 309 352 360 412
 418 479 485 539 547 582 590 622 627
7 30 73 86 116 138 198 213 218 222 266 271 312 330 332 367 417
 422 478 492 520 528 534 566 616 644
0 32 73 83 117 137 201 210 219 223 268 272 314 328 335 364 418
 423 481 491 522 530 533 564 623 649
2 29 73 88 118 139 200 212 221 225 267 270 313 331 334 366 419
 420 480 493 521 529 532 567 618 648
1 31 73 90 119 136 199 211 220 224 269 273 315 329 333 365 416
 421 479 490 523 531 535 565 621 647
6 27 74 87 120 132 205 207 216 229 268 270 310 325 338 369 416
 422 476 497 518 525 539 570 619 643
5 28 74 84 123 134 204 209 215 227 269 271 311 324 336 368 418
 420 475 496 519 524 536 571 617 646
4 26 74 89 121 133 203 208 214 226 266 272 309 326 339 371 419
 421 474 494 516 527 538 568 620 642
3 25 74 85 122 135 202 206 217 228 267 273 308 327 337 370 417
 423 477 495 517 526 537 569 622 645
6 70 73 80 127 128 179 197 215 230 265 283 301 322 370 372 415
 425 453 473 516 540 545 584 615 628
5 69 73 81 125 129 178 195 216 233 264 285 300 323 371 373 412
 427 452 472 517 542 546 585 613 632
0 65 74 76 126 129 176 191 220 235 261 289 304 316 366 379 410
 428 454 466 520 540 547 583 611 626
7 67 74 77 127 130 174 192 221 237 258 286 307 319 364 376 409
 431 457 469 523 541 546 581 614 633
2 68 74 79 125 131 175 193 218 234 260 288 306 318 365 377 408
 430 456 468 522 543 545 580 612 631
1 66 74 82 124 128 177 190 219 236 259 287 305 317 367 378 411
 429 455 467 521 542 544 582 609 630
4 72 73 75 124 131 180 194 217 232 263 282 303 321 369 375 413
 426 450 470 519 541 547 586 610 629
3 71 73 78 126 130 181 196 214 231 262 284 302 320 368 374 414
 424 451 471 518 543 544 587 608 627
7 28 37 85 125 146 150 171 181 246 257 276 317 321 340 384 415
 434 493 497 500 531 538 590 611 649
4 30 33 90 130 143 154 167 177 247 253 280 316 323 347 380 408
 437 493 495 504 524 533 593 615 643
0 26 39 84 124 145 152 173 178 246 255 274 319 322 343 386 414
 432 490 495 503 528 539 589 612 648
2 27 38 89 127 147 151 170 180 246 256 277 316 320 342 385 412
 435 492 496 501 530 537 591 609 647
1 25 40 87 126 144 153 172 179 246 254 275 318 323 341 387 413
 433 491 494 502 529 536 588 614 644
6 32 35 86 129 140 156 169 174 247 250 279 318 321 346 383 411
 439 490 496 506 527 532 594 608 645
5 31 36 88 128 141 157 168 175 247 251 278 319 320 344 382 410
 438 491 497 507 526 534 595 610 642
3 29 34 83 131 142 155 166 176 247 252 281 317 322 345 381 409
 436 492 494 505 525 535 592 613 646
2 36 37 94 115 124 156 191 199 228 253 271 328 354 381 398 401
 446 476 486 511 514 516 585 614 627
3 33 37 95 108 129 151 197 204 224 255 266 325 348 387 399 407
 443 480 485 510 512 522 581 610 630
0 34 40 96 113 125 154 192 200 229 251 273 330 352 383 398 402
 444 474 489 509 512 519 587 609 628
7 35 38 92 112 126 157 190 201 226 252 270 329 353 380 398 403
 447 475 487 510 515 517 584 612 629
1 33 39 97 114 127 155 193 198 227 250 272 331 355 382 398 400
 445 477 488 508 513 518 586 611 632
6 36 40 98 109 130 152 194 202 225 257 269 326 351 385 399 405
 441 481 483 508 515 520 582 613 631
5 35 39 91 111 131 153 196 203 222 256 268 327 349 384 399 404
 440 479 484 509 514 521 583 615 633
4 34 38 93 110 128 150 195 205 223 254 267 324 350 386 399 406
 442 478 482 511 513 523 580 608 626
1 37 51 88 121 148 192 196 241 245 264 292 316 359 370 395 405
 418 450 478 525 549 576 594 612 634
6 34 53 89 119 149 191 196 239 242 260 294 323 361 364 391 403
 420 455 477 528 552 573 590 610 635
4 35 54 84 118 149 192 197 238 243 261 297 320 363 367 388 400
 423 456 476 531 554 575 588 613 640
0 38 49 86 122 148 193 194 238 242 265 290 317 357 371 394 404
 416 451 480 524 551 577 595 614 637
7 39 50 90 120 148 191 195 240 243 263 291 318 356 368 392 407
 419 453 481 526 550 578 592 609 641
2 40 52 83 123 148 190 197 239 244 262 293 319 358 369 393 406
 417 452 479 527 548 579 593 611 639
5 33 56 85 117 149 190 194 240 245 258 296 322 362 365 390 401
 422 454 474 529 555 572 591 608 636
3 36 55 87 116 149 193 195 241 244 259 295 321 360 366 389 402
 421 457 475 530 553 574 589 615 638
0 33 53 78 141 144 164 199 232 243 270 292 301 332 337 397 406
 409 484 496 500 542 553 560 620 631
7 36 54 80 142 147 162 200 233 245 272 293 303 333 338 397 404
 411 485 495 502 543 552 563 617 626
4 37 49 79 142 144 160 202 237 240 268 295 304 334 336 396 403
 412 488 490 507 544 548 559 616 628
2 35 55 81 143 146 163 198 230 242 273 291 302 335 336 397 405
 410 482 494 503 541 555 561 619 630
1 34 56 75 140 145 165 201 231 244 271 290 300 334 339 397 407
 408 483 497 501 540 554 562 622 633
6 39 52 82 141 146 159 204 235 238 267 296 306 333 339 396 402
 413 487 492 504 546 549 556 623 627
5 40 50 76 140 147 158 205 236 241 266 294 307 335 337 396 400
 414 486 493 505 545 551 558 621 629
3 38 51 77 143 145 161 203 234 239 269 297 305 332 338 396 401
 415 489 491 506 547 550 557 618 632
1 30 67 89 112 141 152 158 171 249 281 291 308 354 366 369 404
 427 459 462 522 557 571 575 608 628
4 27 70 88 109 145 155 164 169 248 276 294 312 349 365 368 402
 428 459 465 517 563 564 579 614 630
3 28 69 86 111 144 154 165 168 248 277 296 313 351 364 369 400
 429 458 464 516 561 565 578 612 626
0 29 68 85 115 140 153 159 170 249 280 293 309 353 367 368 405
 425 458 463 523 559 570 574 610 632
7 32 65 87 113 143 151 160 173 249 278 290 311 355 365 370 406
 426 460 464 521 558 568 573 613 627
2 31 66 84 114 142 150 161 172 249 279 292 310 352 364 371 407
 424 461 465 520 556 569 572 615 629
6 25 71 90 108 147 157 163 166 248 274 295 314 350 367 371 401
 430 460 462 519 560 567 576 611 633
5 26 72 83 110 146 156 162 167 248 275 297 315 348 366 370 403
 431 461 463 518 562 566 577 609 631
0 30 66 80 105 132 166 196 217 221 250 257 339 344 348 365 412
 442 475 486 550 561 588 599 601 639
6 26 69 79 103 139 172 190 217 220 253 256 335 340 355 368 409
 444 478 485 554 557 595 598 604 638
5 25 70 77 101 138 173 191 214 219 252 257 333 342 352 369 408
 445 480 482 553 559 594 598 606 640
7 31 68 75 107 133 169 197 216 219 253 254 336 345 351 366 414
 440 477 489 549 560 591 599 603 637
2 32 67 78 106 135 168 195 215 220 252 255 338 347 349 367 413
 441 474 488 551 562 590 599 600 634
1 29 65 81 104 134 167 194 214 218 251 256 337 346 350 364 415
 443 476 487 548 563 589 599 607 641
4 28 71 76 100 137 170 193 216 221 251 255 332 341 354 370 411
 447 479 483 555 556 592 598 605 635
3 27 72 82 102 136 171 192 215 218 250 254 334 343 353 371 410
 446 481 484 552 558 593 598 602 636
0 28 54 98 112 133 156 183 195 224 283 294 305 310 327 355 408
 438 471 492 529 541 548 576 602 650
2 26 53 95 113 132 155 185 194 222 284 295 307 308 324 353 411
 437 472 491 531 540 549 578 606 650
6 30 49 94 110 137 151 189 192 227 288 293 300 313 329 349 414
 434 467 494 526 547 553 572 607 650
7 25 56 93 114 134 154 184 196 225 282 297 306 309 325 354 410
 436 473 490 530 542 551 579 604 650
1 27 55 91 115 135 157 182 197 223 285 296 304 311 326 352 409
 439 470 493 528 543 550 577 605 650
5 29 51 92 108 136 150 187 193 229 286 291 301 312 328 351 413
 435 466 495 527 544 554 573 601 650
4 31 50 96 111 138 152 186 190 228 289 290 302 314 331 348 415
 433 468 496 525 546 552 574 600 650
3 32 52 97 109 139 153 188 191 226 287 292 303 315 330 350 412
 432 469 497 524 545 555 575 603 650
2 34 61 85 102 104 158 173 179 248 261 272 325 329 332 392 439
 440 450 471 507 524 546 582 601 638
1 36 62 84 101 107 160 170 181 248 260 270 327 330 335 394 436
 442 453 472 504 527 547 581 600 636
5 37 57 86 100 107 164 166 177 249 262 267 326 329 338 391 433
 444 456 469 503 530 540 586 602 641
0 35 63 87 103 106 161 171 180 248 258 271 326 331 333 395 437
 443 452 473 505 526 544 580 603 635
7 33 64 89 100 105 159 172 178 248 259 273 324 328 334 393 438
 441 451 470 506 525 545 583 607 640
6 38 58 88 102 106 165 167 176 249 263 266 327 328 336 390 432
 445 457 468 502 531 542 587 605 639
4 39 59 83 103 105 163 168 174 249 264 269 325 330 337 389 434
 446 455 466 501 529 543 584 606 637
3 40 60 90 101 104 162 169 175 249 265 268 324 331 339 388 435
 447 454 467 500 528 541 585 604 634
0 25 61 81 109 121 175 186 222 227 259 263 338 345 358 372 403
 446 464 493 554 556 581 597 608 647
2 28 62 75 108 120 177 189 223 226 258 265 337 344 359 374 402
 445 463 490 552 557 583 597 613 644
3 30 57 76 114 118 178 185 223 229 260 263 333 340 362 378 405
 440 460 496 548 562 584 596 614 642
7 27 63 78 110 123 176 187 224 228 260 264 339 346 357 375 400
 444 462 491 555 559 582 597 615 648
1 26 64 80 111 122 174 188 225 229 261 262 336 347 356 373 401
 447 465 492 553 558 580 597 610 649
6 31 60 77 115 117 181 183 222 226 261 264 334 341 360 377 406
 443 459 495 551 561 586 596 609 646
5 32 59 79 112 119 180 182 225 228 259 265 332 343 363 376 407
 442 458 494 549 563 587 596 611 643
4 29 58 82 113 116 179 184 224 227 258 262 335 342 361 379 404
 441 461 497 550 560 585 596 612 645
5 30 45 78 104 124 161 200 226 242 254 277 304 355 356 389 425
 430 483 499 525 531 579 581 623 645
0 27 46 77 100 131 162 204 225 241 253 278 302 350 361 392 427
 429 488 498 527 531 572 584 622 644
7 26 48 82 101 129 165 202 223 239 251 281 301 349 363 395 424
 430 486 498 524 529 574 586 619 647
2 25 47 76 103 128 164 203 224 240 250 280 300 351 360 394 426
 431 487 498 525 528 575 587 617 649
6 29 44 75 105 126 160 198 228 245 255 276 305 352 358 388 427
 431 484 499 524 530 578 580 621 642
4 32 43 81 107 127 158 199 229 244 257 275 306 353 357 390 424
 429 485 499 526 528 576 583 618 646
3 31 42 80 106 125 159 201 227 243 256 274 307 354 359 391 426
 428 482 499 527 529 577 582 616 643
1 28 41 79 102 130 163 205 222 238 252 279 303 348 362 393 425
 428 489 498 526 530 573 585 620 648
0 36 70 95 111 123 167 198 205 234 285 299 329 334 359 376 413
 424 455 460 538 575 591 592 604 645
1 35 69 93 109 120 166 200 204 237 283 299 328 332 357 377 414
 426 454 461 537 574 590 593 606 642
6 37 68 97 112 116 173 200 203 231 286 298 324 337 362 375 410
 429 452 465 533 577 588 592 600 647
7 34 72 98 108 122 168 199 203 235 284 299 331 335 358 378 412
 425 456 459 536 572 589 594 605 643
2 33 71 91 110 121 169 201 202 236 282 299 330 333 356 379 415
 427 457 458 539 573 588 595 602 646
5 38 67 96 115 118 172 198 202 232 288 298 325 339 361 374 411
 428 453 464 535 576 589 593 603 649
4 40 65 94 114 119 171 201 204 230 287 298 327 338 360 373 409
 430 451 463 534 578 591 594 601 648
3 39 66 92 113 117 170 199 205 233 289 298 326 336 363 372 408
 431 450 462 532 579 590 595 607 644
2 30 65 92 109 122 165 182 209 219 264 274 321 361 388 396 433
 438 473 485 509 518 523 592 620 636
4 25 69 95 112 117 159 189 212 215 260 278 317 356 395 397 435
 439 469 489 514 518 520 589 621 639
3 26 70 93 115 119 158 187 213 216 258 279 316 358 394 397 434
 438 468 488 515 519 521 588 623 641
0 31 67 97 110 120 163 185 206 218 262 276 323 363 390 396 435
 436 470 483 510 516 521 594 617 638
7 29 66 94 111 121 164 183 207 220 265 275 320 362 389 396 432
 439 472 482 508 519 522 593 622 635
1 32 68 96 108 123 162 184 208 221 263 277 322 360 391 396 434
 437 471 484 511 517 520 595 619 640
6 28 72 91 113 118 161 188 211 214 259 280 319 357 392 397 433
 436 466 486 513 517 522 591 616 634
5 27 71 98 114 116 160 186 210 217 261 281 318 359 393 397 432
 437 467 487 512 516 523 590 618 637
0 37 59 91 104 127 165 189 190 216 284 297 303 312 318 360 420
 441 462 482 504 535 558 569 624 642
5 34 62 94 103 130 159 184 197 218 289 292 305 308 321 357 419
 447 460 488 502 539 561 564 624 647
3 35 61 96 100 128 160 182 194 220 286 293 306 310 323 356 418
 445 459 486 501 538 560 566 624 648
7 40 57 95 106 124 163 186 193 214 283 296 300 315 316 361 423
 442 465 484 507 532 557 570 624 646
2 39 58 93 107 126 162 188 192 217 285 294 301 314 317 362 421
 443 464 483 506 534 559 571 624 643
1 38 60 98 105 125 164 187 191 215 282 295 302 313 319 363 422
 440 463 485 505 533 556 568 624 645
6 33 63 92 101 131 158 185 195 221 287 290 304 309 320 359 417
 446 461 489 503 536 563 565 624 649
4 36 64 97 102 129 161 183 196 219 288 291 307 311 322 358 416
 444 458 487 500 537 562 567 624 644
0 43 48 79 108 149 155 213 214 230 264 267 311 354 356 385 431
 440 467 497 502 506 565 593 600 629
2 44 46 82 111 149 157 210 216 231 263 269 309 355 357 387 428
 442 469 495 500 505 566 594 607 628
1 42 47 77 110 149 154 212 217 233 265 266 310 353 358 384 430
 441 466 496 503 507 564 592 603 627
6 43 46 78 114 148 153 208 219 234 258 273 312 348 363 381 426
 447 472 493 501 507 571 589 602 626
4 45 48 80 115 148 151 209 218 235 259 270 315 351 362 383 427
 445 471 491 503 505 569 590 604 633
3 44 47 81 112 148 150 207 221 236 261 271 314 349 361 382 425
 444 470 490 502 504 568 591 606 631
7 41 45 76 109 149 156 211 215 232 262 268 308 352 359 386 429
 443 468 494 501 504 567 595 601 632
5 41 42 75 113 148 152 206 220 237 260 272 313 350 360 380 424
 446 473 492 500 506 570 588 605 630
7 44 69 84 132 136 153 158 180 247 267 288 302 360 372 379 401
 445 455 483 512 548 564 577 620 634
2 45 70 87 134 137 152 159 181 247 266 286 303 363 373 378 403
 444 454 484 513 550 565 576 622 637
0 42 72 89 135 138 150 160 179 247 269 287 300 362 374 377 400
 447 457 485 514 549 567 579 619 641
1 43 71 85 133 139 151 161 178 247 268 289 301 361 375 376 402
 446 456 482 515 551 566 578 617 639
5 46 66 90 135 137 155 165 174 246 270 283 306 358 375 379 405
 443 451 489 511 552 568 575 616 638
4 47 67 86 134 139 157 162 176 246 273 284 305 359 372 377 407
 440 452 486 508 553 570 573 623 636
3 48 68 88 132 138 156 163 177 246 272 282 304 357 373 376 406
 441 453 487 509 554 571 572 621 635
6 41 65 83 133 136 154 164 175 246 271 285 307 356 374 378 404
 442 450 488 510 555 569 574 618 640
0 45 62 93 136 143 174 208 212 245 295 298 320 340 349 369 407
 433 477 487 545 566 582 585 605 646
7 42 61 91 139 141 177 209 210 244 294 298 322 341 348 371 405
 435 476 488 547 565 580 587 606 645
2 43 64 98 138 140 176 207 211 243 296 298 323 343 350 370 404
 434 475 489 544 564 581 586 604 642
1 44 63 95 137 142 175 206 213 242 297 298 321 342 351 368 406
 432 474 486 546 567 583 584 602 643
6 48 57 96 134 145 180 206 210 240 292 299 317 347 353 366 400
 438 479 482 543 568 581 585 601 644
5 47 58 97 132 144 181 208 211 239 290 299 316 345 354 367 402
 439 481 485 541 569 580 584 607 648
3 46 59 94 133 147 179 209 212 238 291 299 319 346 352 365 403
 437 478 483 542 570 583 586 600 649
4 41 60 92 135 146 178 207 213 241 293 299 318 344 355 364 401
 436 480 484 540 571 582 587 603 647
7 59 62 97 135 145 175 194 205 230 261 280 313 381 387 391 421
 427 461 496 509 544 576 598 623 639
1 57 61 94 132 146 176 195 203 232 258 278 314 383 385 388 420
 424 458 495 510 545 579 598 616 637
6 59 61 93 138 142 178 193 199 236 262 277 311 380 384 395 419
 428 463 491 512 541 575 599 622 636
3 58 62 98 137 141 180 190 198 237 264 275 309 383 386 392 416
 430 465 493 514 540 573 599 617 640
0 58 64 92 134 147 177 197 202 231 260 279 315 382 384 389 422
 426 459 494 511 546 578 598 618 634
2 60 63 96 133 144 174 196 204 233 259 281 312 380 386 390 423
 425 460 497 508 547 577 598 621 641
5 60 64 95 139 143 179 192 201 235 263 276 310 381 385 394 417
 429 462 490 513 543 574 599 620 635
4 57 63 91 136 140 181 191 200 234 265 274 308 382 387 393 418
 431 464 492 515 542 572 599 619 638
5 43 61 80 126 145 171 189 224 238 253 295 309 330 364 378 406
 448 468 470 508 532 537 592 619 634
4 44 62 78 125 147 173 188 222 239 250 296 310 328 366 376 405
 448 467 473 510 535 536 595 622 641
0 47 57 82 130 142 169 182 226 244 256 291 313 325 370 375 401
 449 468 472 513 534 536 590 621 640
7 46 60 79 128 140 167 185 227 242 255 292 314 326 369 373 402
 449 466 471 514 535 537 588 618 636
1 48 58 76 131 143 168 183 228 243 257 293 312 324 371 374 403
 449 469 473 512 532 539 591 623 638
6 42 64 81 124 144 170 187 223 241 252 297 308 331 365 379 407
 448 469 471 509 534 538 593 617 637
3 45 63 75 127 146 172 186 225 240 251 294 311 329 367 377 404
 448 466 472 511 533 539 594 620 639
2 41 59 77 129 141 166 184 229 245 254 290 315 327 368 372 400
 449 467 470 515 533 538 589 616 635
7 51 70 83 118 144 182 189 231 236 250 289 327 350 377 385 416
 437 474 499 503 556 571 585 610 638
2 49 69 90 116 145 183 187 232 235 251 287 326 348 376 384 418
 436 477 499 502 558 570 584 608 640
6 54 66 85 123 143 182 186 232 237 254 284 330 354 373 382 421
 435 480 498 505 562 564 583 612 641
3 53 67 84 121 140 184 189 230 235 257 285 328 355 375 380 422
 433 479 498 507 563 567 580 609 637
0 50 71 88 119 146 184 188 233 237 252 288 324 351 378 387 417
 439 476 499 501 557 568 586 615 636
1 52 72 86 117 147 185 186 230 234 253 286 325 349 379 386 419
 438 475 499 500 559 569 587 613 635
5 55 65 89 120 142 183 188 231 234 255 282 331 353 372 383 423
 434 478 498 504 560 565 582 614 639
4 56 68 87 122 141 185 187 233 236 256 283 329 352 374 381 420
 432 481 498 506 561 566 581 611 634
7 43 53 96 102 137 166 188 212 241 256 269 304 382 388 394 408
 413 452 463 516 539 569 596 608 630
1 45 54 92 103 138 169 189 210 239 255 267 307 381 390 392 410
 412 451 464 519 538 570 596 615 631
0 44 55 94 101 139 168 187 211 240 254 266 306 380 391 393 411
 415 450 465 518 537 571 596 613 633
2 42 56 97 100 136 167 186 213 238 257 268 305 383 389 395 409
 414 453 462 517 536 568 596 610 626
6 47 51 95 107 135 171 184 209 243 251 272 302 386 389 393 408
 412 454 458 521 535 566 597 614 629
5 48 49 93 106 133 170 185 207 244 250 273 303 387 388 392 409
 415 455 459 520 533 567 597 612 627
4 46 52 98 104 132 172 182 206 245 252 271 301 384 391 394 410
 414 457 460 522 532 565 597 609 632
3 41 50 91 105 134 173 183 208 242 253 270 300 385 390 395 411
 413 456 461 523 534 564 597 611 628
0 60 69 75 102 114 157 209 236 239 275 286 308 342 347 399 421
 434 453 456 525 532 555 563 616 627
1 59 70 78 100 113 156 207 235 240 274 288 309 340 345 399 423
 435 452 457 524 534 552 561 618 629
6 62 67 76 104 111 150 213 233 244 278 282 315 343 345 398 418
 437 451 456 529 537 550 559 620 630
4 61 66 77 106 108 153 211 231 242 281 285 313 340 346 398 417
 438 453 454 530 539 549 558 617 631
7 58 71 81 103 115 155 206 234 238 277 287 310 343 344 399 420
 433 450 454 527 533 553 562 621 628
2 57 72 80 101 112 154 208 237 241 276 289 311 341 346 399 422
 432 451 455 526 535 554 560 623 632
5 63 68 82 105 109 151 212 230 243 279 284 314 341 347 398 416
 436 450 457 528 538 548 557 622 626
3 64 65 79 107 110 152 210 232 245 280 283 312 342 344 398 419
 439 452 455 531 536 551 556 619 633
2 51 54 86 105 119 205 206 214 227 275 278 304 322 340 375 447
 448 459 481 504 512 542 574 603 633
1 50 53 83 106 116 202 209 216 226 276 280 306 320 343 372 444
 448 460 480 506 514 541 572 601 626
5 52 54 87 102 121 199 213 221 223 274 280 302 317 346 377 441
 449 465 477 501 510 547 578 604 628
4 51 53 85 101 120 198 210 220 225 277 279 300 319 345 378 443
 449 462 475 502 509 545 577 602 627
0 52 56 90 107 118 203 207 215 228 277 281 307 321 341 373 445
 448 461 478 507 515 543 573 607 630
7 49 55 88 104 117 204 208 217 229 274 279 305 323 342 374 446
 448 458 479 505 513 540 575 600 631
6 50 55 84 100 122 201 212 218 224 275 281 303 316 344 376 440
 449 464 474 500 511 544 579 606 632
3 49 56 89 103 123 200 211 219 222 276 278 301 318 347 379 442
 449 463 476 503 508 546 576 605 629
5 44 53 99 122 127 154 163 169 176 287 293 334 340 386 395 421
 426 471 476 515 522 550 556 600 644
3 43 54 99 120 124 157 164 167 174 288 290 335 341 384 393 420
 427 473 474 513 520 549 559 601 647
7 47 52 99 119 131 152 161 170 179 285 295 337 347 383 390 418
 428 467 480 511 518 554 561 602 642
2 48 50 99 117 130 153 160 171 178 283 297 339 345 382 391 416
 429 466 478 510 519 553 563 605 645
1 46 49 99 118 129 150 159 173 180 284 294 338 344 380 389 417
 431 468 481 509 516 555 560 604 646
6 45 56 99 121 125 155 162 168 177 289 291 332 342 387 394 423
 424 470 475 514 523 548 558 603 648
4 42 55 99 123 126 156 165 166 175 286 292 333 343 385 392 422
 425 472 477 512 521 551 557 607 649
0 41 51 99 116 128 151 158 172 181 282 296 336 346 381 388 419
 430 469 479 508 517 552 562 606 643
8 37 73 84 105 141 162 186 207 239 258 287 346 351 353 356 408
 428 460 494 509 513 537 551 605 638
14 40 73 85 107 142 165 187 208 238 259 288 347 350 355 359 410
 431 459 496 510 514 539 550 606 635
11 35 74 83 102 145 159 185 211 245 265 282 341 351 355 361 412
 424 462 493 511 512 534 553 600 641
13 33 74 86 103 146 160 183 212 244 263 285 342 350 354 363 414
 425 465 491 509 515 535 552 601 634
10 38 73 87 104 140 163 188 209 240 260 289 344 349 354 358 409
 429 461 495 508 512 538 549 602 640
9 34 74 88 101 147 161 182 213 243 262 283 340 348 353 360 413
 427 464 490 508 514 533 555 607 637
15 39 73 89 106 143 164 189 206 241 261 286 345 348 352 357 411
 430 458 497 511 515 536 548 604 636
12 36 74 90 100 144 158 184 210 242 264 284 343 349 352 362 415
 426 463 492 510 513 532 554 603 639
22 53 73 97 134 146 151 168 236 245 274 281 310 326 360 392 442
 447 468 489 554 559 583 593 614 645
19 54 73 94 135 144 152 166 234 244 276 279 309 324 361 395 440
 445 466 487 555 558 581 595 609 643
23 52 74 91 138 143 155 171 233 240 275 279 313 328 359 388 442
 444 471 483 551 560 584 589 610 647
20 55 73 92 133 145 153 167 237 243 277 278 308 325 362 394 441
 444 467 486 552 556 580 594 611 646
18 49 74 95 136 141 156 172 231 241 277 280 314 330 358 390 440
 447 473 482 550 563 586 590 613 648
17 56 73 96 132 147 150 169 235 242 275 280 311 327 363 393 443
 446 469 488 553 557 582 592 612 642
21 50 74 98 139 142 154 170 230 239 274 278 312 329 357 389 443
 445 470 484 549 562 585 588 608 649
16 51 74 93 137 140 157 173 232 238 276 281 315 331 356 391 441
 446 472 485 548 561 587 591 615 644
18 62 73 82 100 121 154 161 185 228 252 294 318 336 382 385 406
 434 454 485 570 575 577 589 601 633
21 61 73 79 101 123 157 159 183 229 250 297 316 337 381 386 404
 433 457 483 568 572 578 590 603 630
23 64 73 77 103 120 156 158 182 227 251 295 317 339 380 387 405
 432 456 484 569 573 579 591 600 626
20 59 74 75 106 118 151 162 187 222 257 292 323 335 382 386 401
 439 451 487 565 574 579 592 602 628
22 57 74 81 105 117 152 165 188 224 254 293 320 332 381 384 402
 437 453 488 567 573 577 594 604 629
17 58 74 80 104 119 153 164 186 223 255 291 321 334 380 385 400
 436 452 489 566 572 576 595 606 627
16 63 73 76 102 122 155 160 184 226 253 296 319 338 383 384 407
 435 455 482 571 574 576 588 607 631
19 60 74 78 107 116 150 163 189 225 256 290 322 333 383 387 403
 438 450 486 564 575 578 593 605 632
14 43 74 92 110 115 168 179 194 200 250 294 302 345 373 395 407
 432 460 479 500 504 530 557 616 640
13 47 73 98 111 115 173 177 193 204 254 292 307 340 379 388 403
 436 462 474 501 506 526 563 619 639
10 45 74 97 111 113 166 180 195 201 253 297 301 346 374 393 405
 434 459 480 502 507 528 556 621 636
9 48 73 91 109 112 172 176 192 205 255 290 306 342 378 389 401
 437 463 477 500 507 527 561 617 641
15 42 74 94 108 112 169 178 196 198 251 296 303 347 372 394 406
 433 461 481 501 505 531 559 618 638
12 46 73 93 108 113 171 175 191 202 256 293 305 341 376 390 400
 439 465 475 503 504 525 562 620 637
8 44 74 96 109 114 167 181 197 199 252 295 300 344 375 392 404
 435 458 478 503 506 529 558 623 635
11 41 73 95 110 114 170 174 190 203 257 291 304 343 377 391 402
 438 464 476 502 505 524 560 622 634
20 34 37 80 120 134 170 175 219 232 275 296 302 349 355 371 417
 437 457 466 506 515 575 596 621 648
21 35 37 82 119 137 168 178 217 234 280 290 307 350 352 366 422
 435 453 471 502 508 579 597 620 646
23 36 38 76 117 136 169 179 214 237 281 292 306 348 355 367 420
 434 452 470 503 509 578 597 622 643
22 35 40 75 121 135 173 176 218 233 277 295 301 348 354 368 416
 438 455 469 504 513 572 596 618 649
18 34 39 77 116 139 167 180 215 236 279 293 304 351 354 365 423
 433 451 472 500 510 576 597 619 642
17 36 39 78 122 133 172 177 221 230 276 297 300 350 353 369 418
 439 454 468 505 512 573 596 616 647
16 33 40 79 118 138 166 181 216 235 278 291 305 349 353 364 421
 432 450 473 501 511 577 597 617 645
19 33 38 81 123 132 171 174 220 231 274 294 303 351 352 370 419
 436 456 467 507 514 574 596 623 644
16 25 37 89 111 136 176 194 209 221 279 283 335 363 380 392 402
 406 467 499 534 539 543 562 603 632
19 30 35 88 113 133 181 193 210 215 275 287 337 358 385 391 401
 407 470 498 535 539 546 559 604 626
23 27 40 84 108 139 174 195 206 219 280 282 332 362 382 395 403
 404 468 499 535 538 540 561 607 627
20 29 36 86 114 135 180 192 211 216 274 289 339 356 384 390 403
 406 471 498 533 536 545 557 606 630
22 32 34 90 115 132 178 190 212 214 276 286 336 359 387 389 400
 404 473 498 534 537 547 556 602 631
18 26 38 85 109 137 177 196 207 218 278 285 333 360 381 393 400
 407 466 499 532 536 541 560 600 628
17 31 33 83 112 134 179 191 213 217 277 288 338 357 386 388 402
 405 472 498 532 538 544 558 605 633
21 28 39 87 110 138 175 197 208 220 281 284 334 361 383 394 401
 405 469 499 533 537 542 563 601 629
9 25 30 79 100 145 150 168 188 197 272 298 346 359 379 390 416
 420 472 484 505 515 541 574 609 627
8 27 30 81 106 142 156 173 184 190 267 299 341 363 374 394 418
 421 466 489 500 508 545 578 610 633
14 26 31 78 105 140 154 171 182 193 268 299 342 362 372 392 417
 420 469 487 502 511 547 576 613 630
11 27 31 76 101 146 153 166 189 194 271 298 347 358 376 389 419
 423 471 485 506 513 542 573 612 628
13 26 29 77 102 144 151 169 186 195 273 298 344 357 378 391 418
 422 473 483 504 514 543 575 611 629
10 28 29 80 107 143 157 172 185 191 266 299 343 360 375 395 416
 423 467 488 501 509 546 579 608 631
15 25 32 75 104 141 155 170 183 192 269 299 340 361 373 393 419
 422 468 486 503 510 544 577 615 626
12 28 32 82 103 147 152 167 187 196 270 298 345 356 377 388 417
 421 470 482 507 512 540 572 614 632
17 26 30 97 108 128 159 176 237 244 269 270 302 318 352 384 423
 448 450 464 551 563 585 591 602 635
16 28 30 95 115 126 164 180 233 239 268 273 306 322 350 382 419
 449 457 461 554 558 582 594 600 637
23 25 31 98 113 127 162 178 231 238 266 270 304 321 349 381 418
 449 455 458 555 557 580 593 601 641
20 28 31 94 109 131 160 174 236 242 267 272 301 316 353 387 422
 448 452 462 550 562 587 589 604 640
22 25 29 96 110 129 158 177 234 243 268 271 303 319 355 385 421
 448 451 465 549 561 584 590 605 636
18 27 29 93 112 124 165 181 230 240 269 272 307 323 348 383 417
 449 456 460 553 556 583 595 603 634
21 26 32 91 114 125 163 179 232 241 267 271 305 320 351 380 416
 449 454 459 552 559 581 592 607 639
19 27 32 92 111 130 161 175 235 245 266 273 300 317 354 386 420
 448 453 463 548 560 586 588 606 638
10 30 36 83 121 127 153 187 206 212 290 296 305 324 373 392 428
 443 456 490 560 587 590 598 619 629
9 26 37 87 117 131 157 184 206 211 291 294 300 330 376 388 425
 445 451 496 556 582 593 599 618 626
14 32 33 88 120 126 150 186 209 211 293 297 307 326 375 394 430
 440 455 492 561 585 589 598 622 628
11 28 40 89 116 129 155 182 207 212 292 297 302 329 378 390 426
 446 453 495 559 580 595 599 623 633
13 25 38 84 119 130 156 185 208 210 293 296 301 331 377 389 427
 444 450 497 558 583 592 599 616 630
15 31 34 86 123 124 151 188 207 210 291 295 306 327 374 395 431
 441 454 493 563 584 588 598 620 632
12 27 39 85 118 128 154 183 209 213 290 295 303 328 379 391 424
 447 452 494 557 581 594 599 621 631
8 29 35 90 122 125 152 189 208 213 292 294 304 325 372 393 429
 442 457 491 562 586 591 598 617 627
23 30 34 99 107 111 202 211 230 241 255 258 303 310 368 377 435
 446 487 491 532 542 568 577 611 640
17 27 37 99 103 113 198 208 236 243 252 265 306 315 364 373 438
 440 483 495 536 547 567 574 608 639
20 26 40 99 100 112 199 209 234 245 250 263 304 313 367 374 436
 443 482 497 537 546 564 573 615 637
22 28 38 99 101 114 200 206 235 244 253 264 307 314 365 372 439
 441 484 494 539 544 566 575 610 641
18 31 35 99 104 108 205 212 232 239 257 259 300 309 370 379 432
 444 488 492 533 543 571 578 614 636
21 29 33 99 106 109 203 210 233 238 254 260 302 311 369 376 434
 447 486 490 534 540 569 576 609 638
16 32 36 99 105 110 204 213 231 240 256 261 301 308 371 378 433
 445 489 493 535 541 570 579 612 635
19 25 39 99 102 115 201 207 237 242 251 262 305 312 366 375 437
 442 485 496 538 545 565 572 613 634
10 25 62 91 142 149 151 167 220 229 276 287 302 307 332 339 425
 438 452 481 511 532 571 586 612 637
15 27 61 95 140 149 152 168 221 226 275 288 301 305 333 336 426
 436 451 478 509 533 569 585 611 641
12 30 59 96 146 148 157 170 214 224 279 282 301 307 334 338 429
 432 454 477 514 536 564 580 613 638
14 28 64 93 141 149 153 169 218 228 274 286 300 304 335 338 424
 437 450 480 508 535 568 584 609 639
11 29 60 97 147 148 156 171 217 223 278 284 300 306 332 336 428
 433 455 474 515 539 565 581 615 640
13 32 58 94 145 148 154 172 216 222 281 283 302 304 333 337 431
 435 456 475 513 538 567 582 610 636
9 31 57 92 144 148 155 173 215 225 280 285 303 305 335 339 430
 434 457 476 512 537 566 583 608 635
8 26 63 98 143 149 150 166 219 227 277 289 303 306 334 337 427
 439 453 479 510 534 570 587 614 634
23 37 58 96 135 149 161 163 187 201 250 278 341 369 372 378 414
 419 472 492 523 524 563 583 604 631
20 33 61 98 136 148 161 165 184 205 256 276 344 366 373 377 411
 423 469 494 519 528 559 584 600 627
17 35 62 95 138 148 158 162 183 202 254 274 347 365 375 378 409
 420 466 497 516 530 556 587 607 632
22 36 63 93 139 148 159 163 182 203 255 275 345 364 374 379 408
 422 467 496 517 531 558 586 601 628
18 40 59 92 132 149 159 164 188 198 253 281 342 371 375 377 415
 418 471 490 521 526 562 581 605 626
21 38 57 97 133 149 160 162 189 199 251 279 343 368 373 379 413
 417 473 493 522 525 561 582 606 633
16 39 60 94 134 149 158 165 186 200 252 280 340 370 374 376 412
 416 470 491 520 527 560 580 602 630
19 34 64 91 137 148 160 164 185 204 257 277 346 367 372 376 410
 421 468 495 518 529 557 585 603 629
13 30 50 75 101 149 174 179 207 234 256 284 315 317 326 328 406
 410 458 488 512 517 556 576 617 648
10 27 53 79 105 148 177 179 211 233 251 286 309 321 327 331 401
 414 464 482 510 520 562 575 623 646
15 26 54 76 107 148 175 180 212 231 252 287 311 323 325 328 402
 415 462 484 508 523 561 572 616 645
14 25 55 82 106 148 174 181 213 232 253 289 310 322 324 329 400
 412 463 483 509 522 563 573 618 642
11 32 49 80 100 149 176 181 206 236 254 285 312 319 325 331 405
 408 461 487 514 519 557 578 620 647
9 29 52 78 103 149 175 178 209 237 257 282 314 316 327 329 407
 411 459 489 513 516 558 577 619 644
12 31 51 81 102 149 177 180 208 235 255 283 313 318 324 330 404
 409 460 486 515 518 559 579 622 649
8 28 56 77 104 148 176 178 210 230 250 288 308 320 326 330 403
 413 465 485 511 521 560 574 621 643
13 28 53 81 135 136 159 162 219 240 262 290 325 376 385 398 430
 432 459 478 505 532 547 588 615 642
15 30 52 77 134 136 160 163 216 243 259 294 331 375 381 399 424
 439 463 474 502 537 540 595 612 649
12 25 54 78 132 139 160 165 218 241 265 291 326 378 386 398 428
 434 461 479 506 533 546 591 610 646
14 29 50 79 132 137 161 162 215 244 261 296 330 374 380 399 426
 438 462 477 503 538 542 594 614 647
11 26 55 75 134 138 161 164 221 238 264 293 327 379 387 398 429
 435 460 481 507 535 545 590 608 643
10 32 51 76 133 138 159 165 217 242 258 295 329 372 382 399 427
 436 465 476 500 536 543 593 609 648
9 27 56 80 133 137 158 163 220 239 263 292 324 377 384 398 431
 433 458 480 504 534 544 589 613 645
8 31 49 82 135 139 158 164 214 245 260 297 328 373 383 399 425
 437 464 475 501 539 541 592 611 644
14 36 53 91 108 145 207 217 227 249 252 254 316 363 377 383 419
 429 451 473 546 548 555 566 621 649
10 34 54 95 109 146 208 216 228 249 250 256 319 362 379 380 418
 430 453 470 544 551 553 565 618 644
12 37 52 92 114 140 212 220 222 248 251 254 322 357 374 385 423
 427 455 468 541 550 553 568 617 643
11 38 50 94 113 141 213 219 225 248 250 255 323 359 375 384 421
 425 454 469 543 548 554 569 619 646
13 39 51 96 112 142 211 218 223 248 253 257 320 358 373 387 420
 426 457 467 540 551 555 570 620 645
9 40 49 97 115 143 210 221 224 248 252 256 321 356 372 386 422
 424 456 466 542 549 552 571 622 642
15 35 56 98 110 144 209 214 229 249 253 255 317 360 376 382 417
 428 450 472 545 550 552 567 623 647
8 33 55 93 111 147 206 215 226 249 251 257 318 361 378 381 416
 431 452 471 547 549 554 564 616 648
21 30 43 93 131 135 186 231 235 248 265 292 319 336 342 360 411
 444 476 481 510 529 538 573 621 632
23 29 42 95 130 133 188 232 236 248 264 290 318 338 340 363 410
 445 475 479 511 528 537 572 623 628
22 27 47 94 125 138 185 231 237 249 259 297 322 335 344 356 413
 443 477 479 515 524 532 576 620 626
18 32 44 98 128 134 189 233 234 248 262 291 316 339 341 362 409
 446 477 480 509 531 539 574 616 629
17 28 48 92 127 139 184 232 234 249 261 295 323 333 346 358 414
 442 474 481 514 525 534 577 622 630
16 31 45 91 129 132 187 230 237 248 263 293 317 337 343 361 408
 447 474 478 508 530 536 575 618 627
19 26 46 96 126 136 183 230 236 249 260 296 321 332 345 359 412
 441 476 480 513 526 533 579 617 633
20 25 41 97 124 137 182 233 235 249 258 294 320 334 347 357 415
 440 475 478 512 527 535 578 619 631
22 33 70 84 104 133 157 222 228 241 262 298 306 313 317 383 412
 426 466 481 502 523 557 562 619 635
18 37 65 90 102 138 153 225 227 244 260 299 301 310 320 386 411
 431 470 474 505 517 557 561 623 637
17 34 69 87 105 135 156 225 226 238 263 298 307 312 316 382 415
 424 467 479 503 522 559 560 617 636
23 39 68 86 101 137 150 224 226 245 259 299 302 308 323 385 409
 428 473 476 507 519 558 562 618 639
20 35 71 89 107 132 154 223 227 240 264 298 305 315 319 381 413
 425 468 480 500 520 558 563 622 638
21 40 67 88 103 136 151 223 228 242 261 299 303 309 322 384 408
 429 472 475 506 518 556 560 616 641
16 38 66 83 100 139 152 222 229 243 258 299 300 311 321 387 410
 430 471 477 504 516 559 563 621 634
19 36 72 85 106 134 155 224 229 239 265 298 304 314 318 380 414
 427 469 478 501 521 556 561 620 640
14 37 44 77 123 133 152 155 223 235 256 282 323 367 389 397 416
 447 461 464 526 532 545 587 601 636
11 34 48 78 118 136 152 157 227 233 253 287 318 370 394 396 422
 443 458 465 530 538 541 583 606 639
10 40 43 82 122 134 150 156 222 237 255 285 320 365 391 397 419
 445 458 462 525 533 547 584 603 638
9 36 46 81 119 138 151 154 226 232 250 286 317 368 393 396 423
 440 461 462 529 539 540 580 605 634
15 38 45 79 120 135 153 154 224 236 257 284 322 366 388 397 418
 446 460 465 527 534 546 586 607 635
12 33 47 75 116 137 153 156 229 230 252 289 319 371 395 396 420
 442 459 464 531 537 543 582 604 641
8 39 42 76 121 132 151 157 225 234 254 283 321 364 390 397 417
 444 459 463 524 535 544 585 600 640
13 35 41 80 117 139 150 155 228 231 251 288 316 369 392 396 421
 441 460 463 528 536 542 581 602 637
10 37 42 98 118 145 158 174 218 226 273 293 311 314 342 345 413
 442 454 498 518 542 578 595 615 635
14 39 45 95 119 147 160 176 219 229 271 292 309 313 341 344 415
 441 456 498 517 541 577 593 608 638
11 36 47 96 120 143 165 178 215 222 267 294 309 315 342 346 409
 447 450 499 522 544 572 588 611 637
13 34 46 92 121 141 163 181 217 224 268 297 311 313 343 347 411
 445 452 499 520 545 574 591 614 641
15 40 44 93 117 146 161 177 220 227 270 290 308 312 343 346 412
 440 457 498 516 543 576 592 610 640
12 35 48 97 123 142 164 179 216 225 266 296 308 314 340 344 408
 446 451 499 523 547 573 589 609 634
8 38 43 91 116 144 159 175 221 228 272 291 310 315 340 347 414
 443 455 498 519 540 579 594 613 636
9 33 41 94 122 140 162 180 214 223 269 295 310 312 341 345 410
 444 453 499 521 546 575 590 612 639
23 33 54 82 125 145 170 176 225 242 268 286 315 358 360 374 433
 439 460 478 516 526 571 599 606 629
22 37 50 78 128 143 169 180 229 238 272 285 308 358 361 377 432
 436 463 475 520 529 565 598 607 633
16 35 53 77 124 147 172 175 224 244 267 289 312 359 362 373 434
 436 458 481 518 524 568 599 605 628
20 39 49 81 130 140 166 179 228 239 270 282 311 359 360 378 435
 438 465 474 522 531 566 598 603 626
18 36 56 79 126 146 173 174 223 243 266 287 313 357 361 372 435
 437 459 479 519 525 569 599 602 632
17 38 52 75 129 142 168 181 227 241 273 283 309 356 362 376 433
 437 462 476 521 528 564 598 601 631
21 34 55 76 127 144 171 177 222 245 269 288 314 356 363 375 432
 438 461 480 517 527 570 599 604 627
19 40 51 80 131 141 167 178 226 240 271 284 310 357 363 379 434
 439 464 477 523 530 567 598 600 630
18 33 69 76 115 142 152 163 192 219 265 284 327 346 391 392 413
 448 475 497 566 568 579 580 618 647
16 34 70 82 112 143 153 162 193 220 264 282 326 344 390 393 414
 448 476 496 567 569 578 581 616 649
19 37 66 75 109 147 154 159 195 214 261 288 331 343 390 394 409
 449 479 491 566 571 573 584 619 645
23 35 72 79 114 141 151 165 191 221 262 285 324 345 389 394 415
 448 474 495 564 570 576 582 621 644
20 38 65 78 111 146 155 158 197 217 259 286 330 341 391 395 408
 449 481 490 567 570 572 585 617 642
22 39 67 80 108 144 156 161 194 216 260 287 329 342 388 393 410
 449 478 493 564 568 574 587 622 646
17 40 68 81 110 145 157 160 196 215 258 289 328 340 389 392 411
 449 480 492 565 569 575 586 620 643
21 36 71 77 113 140 150 164 190 218 263 283 325 347 388 395 412
 448 477 494 565 571 577 583 623 648
20 30 51 87 125 139 169 183 194 204 252 262 309 314 343 397 400
 431 453 455 507 511 569 583 605 647
18 25 53 86 131 133 171 187 190 200 255 261 311 315 344 396 405
 424 453 457 501 513 564 585 607 643
21 27 54 90 129 134 172 188 193 201 257 258 308 313 345 396 406
 425 450 455 503 514 566 587 600 642
23 28 55 83 128 132 173 186 192 199 256 260 309 312 347 396 407
 427 451 454 502 515 567 586 603 645
22 31 52 89 126 137 167 184 195 202 250 265 311 312 340 397 401
 429 450 456 505 509 570 581 606 648
17 32 50 85 124 136 166 185 197 203 251 264 310 313 342 397 403
 428 451 457 504 508 571 580 604 644
16 26 56 88 130 135 170 189 191 198 254 259 310 314 346 396 404
 426 452 456 500 512 565 584 601 646
19 29 49 84 127 138 168 182 196 205 253 263 308 315 341 397 402
 430 452 454 506 510 568 582 602 649
14 35 70 94 116 136 170 177 188 206 263 284 311 339 364 386 427
 449 485 489 507 525 529 551 611 631
11 37 67 93 122 132 167 179 183 210 259 289 313 333 368 382 430
 448 484 489 501 527 528 555 613 629
15 36 69 92 118 137 171 176 186 208 262 282 310 337 365 387 425
 449 482 488 506 524 528 549 609 633
13 40 66 91 120 133 168 180 184 213 260 286 314 334 370 381 428
 448 485 487 503 524 531 553 608 632
10 33 72 96 119 139 173 175 189 207 264 283 308 336 367 384 424
 449 483 487 505 527 530 550 614 626
9 39 65 98 123 135 169 181 185 212 258 288 315 332 371 380 429
 448 482 486 502 525 530 554 610 628
12 38 68 95 121 134 166 178 182 211 261 287 312 335 369 383 431
 448 483 488 500 526 529 552 615 627
8 34 71 97 117 138 172 174 187 209 265 285 309 338 366 385 426
 449 484 486 504 526 531 548 612 630
22 30 42 82 120 140 155 172 199 208 261 278 327 351 376 386 403
 415 452 480 519 530 543 555 624 634
20 32 45 77 122 142 157 171 198 207 260 280 324 348 379 385 402
 414 450 479 516 529 542 554 624 641
18 28 47 78 117 145 151 166 202 213 263 275 331 352 373 380 404
 410 455 476 523 527 545 549 624 638
17 29 43 76 123 141 154 173 201 206 259 279 326 349 377 387 401
 412 453 478 518 531 541 552 624 637
21 25 46 80 116 146 152 169 205 211 264 277 328 353 374 382 407
 409 456 474 521 524 547 548 624 635
16 27 48 75 119 144 150 167 203 212 262 274 330 355 372 381 405
 411 454 475 522 526 546 551 624 640
19 31 44 79 121 143 156 170 200 209 258 281 325 350 378 384 400
 413 451 481 517 528 540 553 624 639
23 26 41 81 118 147 153 168 204 210 265 276 329 354 375 383 406
 408 457 477 520 525 544 550 624 636
11 30 44 85 103 144 162 191 201 205 283 286 311 320 371 383 436
 441 468 479 549 586 589 597 618 630
13 31 43 87 100 147 165 192 198 203 282 287 308 322 368 380 439
 442 466 480 548 585 590 597 623 631
10 26 47 90 106 141 160 197 200 205 282 288 312 317 364 385 433
 446 471 475 555 583 594 596 622 632
9 32 42 84 102 146 164 193 200 202 284 289 309 323 369 381 438
 443 467 478 550 584 591 597 621 633
15 28 46 88 105 142 158 194 201 203 285 289 315 318 367 386 435
 444 473 477 553 581 593 596 619 627
12 29 45 89 101 145 163 190 199 204 285 288 310 321 370 382 437
 440 469 481 551 587 588 597 616 626
8 25 48 83 107 140 161 195 198 204 284 286 313 316 365 384 432
 447 470 476 552 582 595 596 620 628
14 27 41 86 104 143 159 196 199 202 283 287 314 319 366 387 434
 445 472 474 554 580 592 596 617 629
22 26 62 92 116 123 192 240 242 247 257 283 331 338 341 350 428
 440 458 470 501 522 542 569 621 627
18 30 60 91 119 123 195 238 245 246 251 289 325 335 345 353 426
 445 465 469 506 516 544 567 622 631
19 28 61 97 119 122 190 241 243 247 254 282 328 339 342 349 431
 443 460 472 503 520 543 570 618 628
23 32 57 93 116 121 194 239 243 246 253 288 327 334 344 352 425
 447 462 466 505 518 546 565 617 630
20 27 64 96 117 121 191 238 244 247 255 284 329 337 340 351 430
 442 461 473 502 521 541 571 616 632
17 25 63 94 118 120 193 239 245 247 256 285 330 336 343 348 429
 441 459 471 500 523 540 568 623 629
21 31 58 95 118 122 196 240 244 246 252 286 326 332 346 355 427
 446 463 467 504 519 545 564 619 626
16 29 59 98 117 120 197 241 242 246 250 287 324 333 347 354 424
 444 464 468 507 517 547 566 620 633
13 37 60 76 106 110 182 188 230 247 270 277 305 309 365 393 404
 424 477 481 519 546 554 589 606 644
15 33 62 80 102 113 182 187 234 246 267 281 300 314 368 389 403
 429 476 479 520 541 551 594 603 642
8 36 61 75 103 112 185 188 235 246 268 279 302 312 370 391 400
 430 474 480 523 542 550 593 607 646
14 34 63 81 100 114 183 189 237 246 266 280 301 315 369 388 401
 428 475 481 521 543 549 595 600 645
11 39 57 79 104 109 184 187 231 247 273 275 307 310 367 395 406
 427 475 480 516 547 552 591 605 649
10 35 64 78 101 115 184 186 236 246 269 278 303 313 371 390 402
 431 477 478 522 540 548 592 601 643
9 38 59 82 107 108 183 186 233 247 271 276 304 308 364 392 405
 426 474 479 518 545 553 588 604 648
12 40 58 77 105 111 185 189 232 247 272 274 306 311 366 394 407
 425 476 478 517 544 555 590 602 647
15 37 43 83 101 130 172 215 233 242 263 274 332 344 379 383 400
 421 459 487 521 570 580 591 622 650
14 38 42 90 103 131 173 216 230 245 262 275 334 346 378 382 402
 423 458 486 520 571 581 590 620 650
11 33 46 87 107 124 168 218 237 239 261 279 339 340 372 385 404
 418 463 482 517 567 587 592 621 650
13 36 48 89 104 125 166 220 236 238 258 280 336 341 375 386 407
 417 464 484 518 564 584 594 618 650
10 39 44 88 100 129 171 214 232 244 265 277 335 347 377 381 403
 422 460 489 523 569 582 588 617 650
9 35 47 85 105 127 167 219 235 241 260 281 338 343 374 387 406
 419 465 483 519 565 585 595 616 650
8 40 45 86 102 128 170 217 231 243 264 276 333 345 376 380 401
 420 461 488 522 568 583 589 619 650
12 34 41 84 106 126 169 221 234 240 259 278 337 342 373 384 405
 416 462 485 516 566 586 593 623 650
14 30 58 84 117 129 175 203 225 236 276 295 357 370 393 398 409
 413 471 482 501 552 565 570 603 641
13 27 62 83 122 126 178 200 227 232 279 291 360 367 390 399 408
 415 469 486 507 549 565 568 604 635
12 26 61 86 120 127 181 201 228 233 280 292 361 365 389 399 410
 413 467 489 505 548 567 571 605 640
11 25 64 88 123 125 180 199 226 230 281 290 362 364 388 399 411
 414 466 488 504 550 566 570 602 638
10 31 59 85 116 130 176 204 223 234 275 294 356 369 394 398 411
 412 473 484 503 554 567 568 607 634
9 28 63 90 121 124 179 198 229 231 278 293 363 366 391 399 409
 412 468 487 506 551 564 569 606 636
15 29 57 87 119 128 174 202 222 235 277 297 359 371 392 398 408
 414 470 485 500 555 564 571 600 639
8 32 60 89 118 131 177 205 224 237 274 296 358 368 395 398 410
 415 472 483 502 553 566 569 601 637
20 66 69 88 127 149 173 185 202 224 271 291 345 350 383 393 433
 447 463 484 538 543 547 551 623 643
18 68 70 89 130 148 168 186 201 229 267 295 343 355 384 388 439
 443 461 486 535 542 547 555 617 644
16 67 69 85 131 148 169 188 199 227 266 297 341 352 385 389 438
 442 460 487 533 540 544 552 619 648
19 65 70 86 125 149 172 184 203 223 270 293 347 348 382 392 432
 446 462 483 537 541 544 549 621 646
23 66 71 87 129 148 167 189 200 228 269 296 342 353 386 391 436
 440 459 488 534 541 545 554 620 649
22 68 71 83 124 149 171 183 205 225 273 292 346 349 380 394 435
 445 464 485 536 540 546 550 616 642
17 67 72 90 126 149 170 182 204 222 272 290 344 351 381 395 434
 444 465 482 539 542 545 548 618 645
21 65 72 84 128 148 166 187 198 226 268 294 340 354 387 390 437
 441 458 489 532 543 546 553 622 647
23 43 70 90 142 146 180 185 196 209 254 261 300 305 337 398 422
 441 464 469 522 527 574 595 605 648
21 42 69 83 143 147 181 184 194 207 255 259 301 304 339 398 420
 440 465 468 523 526 575 594 602 644
20 46 68 84 143 144 176 188 190 213 251 265 300 307 333 399 419
 446 459 470 518 530 576 590 601 645
22 48 65 85 141 147 174 189 193 211 252 263 302 305 334 399 418
 444 461 472 516 528 579 588 603 643
18 45 72 88 140 144 178 183 197 206 256 258 302 306 338 398 421
 442 462 467 520 524 573 592 606 649
17 47 66 89 140 146 175 187 192 210 253 262 303 304 332 399 416
 445 460 473 517 529 578 589 600 646
16 44 71 86 141 145 179 182 195 208 257 260 303 307 336 398 423
 443 463 466 521 525 572 593 604 647
19 41 67 87 142 145 177 186 191 212 250 264 301 306 335 399 417
 447 458 471 519 531 577 591 607 642
11 42 53 92 128 142 204 214 228 246 258 263 330 349 366 393 416
 439 456 483 533 558 561 576 604 632
13 44 54 97 131 140 202 215 229 246 259 264 329 348 364 394 419
 437 454 482 534 557 560 579 605 627
14 48 51 98 124 146 201 221 222 247 260 265 325 352 368 390 421
 433 452 488 537 558 560 575 607 626
9 45 55 96 130 141 203 216 227 246 261 265 328 350 365 395 417
 436 455 485 532 559 562 578 602 629
15 47 49 91 126 147 199 218 225 247 258 264 324 355 369 391 423
 432 453 489 538 556 562 574 601 630
12 43 56 94 129 143 205 217 226 246 260 262 331 351 367 392 418
 438 457 484 535 556 563 577 606 628
8 46 50 95 127 145 200 220 223 247 259 262 327 354 371 388 422
 434 450 487 536 559 561 573 603 631
10 41 52 93 125 144 198 219 224 247 261 263 326 353 370 389 420
 435 451 486 539 557 563 572 600 633
23 49 61 78 131 134 198 212 223 249 283 289 307 343 351 393 401
 421 485 497 504 517 588 594 609 635
20 53 60 82 126 138 203 206 229 248 283 288 303 346 354 389 407
 418 488 493 503 523 591 595 613 639
22 54 58 79 127 136 204 207 226 248 282 289 300 347 352 391 405
 417 486 491 500 521 589 592 608 637
16 52 62 81 128 133 201 211 225 249 284 288 304 342 348 395 400
 422 484 495 506 519 590 592 614 638
18 50 63 80 129 135 199 210 222 249 282 286 305 340 350 394 402
 420 483 494 507 518 591 593 612 640
17 55 57 77 125 137 205 209 228 248 284 287 301 345 355 390 404
 419 487 490 501 520 588 593 610 634
21 51 64 75 130 132 200 213 224 249 285 287 306 341 349 392 403
 423 482 496 505 516 589 595 611 636
19 56 59 76 124 139 202 208 227 248 285 286 302 344 353 388 406
 416 489 492 502 522 590 594 615 641
13 49 70 85 114 132 175 226 233 243 255 269 335 346 366 395 429
 433 470 492 511 573 587 593 624 633
9 51 69 89 113 134 174 228 230 244 254 268 333 344 367 394 428
 432 471 493 510 572 586 592 624 631
15 53 68 90 111 139 181 223 237 238 250 271 338 342 370 390 427
 438 466 494 512 579 582 589 624 629
8 54 65 88 108 137 179 222 236 240 253 273 339 343 369 389 424
 436 469 496 515 577 580 590 624 632
14 56 67 83 109 138 180 224 234 241 251 270 336 340 371 391 425
 439 467 495 513 578 583 588 624 627
11 52 71 84 112 135 177 229 232 242 256 266 334 345 365 392 431
 434 473 491 508 574 585 594 624 626
10 55 66 86 110 136 178 225 235 239 252 272 337 341 368 388 426
 437 468 497 514 576 581 591 624 628
12 50 72 87 115 133 176 227 231 245 257 267 332 347 364 393 430
 435 472 490 509 575 584 595 624 630
23 50 62 89 109 144 157 193 217 235 271 293 322 325 346 373 424
 431 482 489 521 531 533 596 602 634
20 54 57 83 115 141 150 196 220 230 266 295 318 331 342 376 426
 429 483 489 517 524 539 597 607 636
18 51 61 84 110 147 155 191 216 237 273 290 321 326 347 374 425
 429 484 487 522 529 534 596 604 639
17 53 59 88 114 143 152 195 218 231 268 296 317 329 341 379 425
 431 485 486 519 527 537 597 603 640
22 56 60 86 113 142 153 197 221 232 269 294 316 328 343 378 427
 430 482 487 518 526 538 597 600 638
21 52 63 85 111 145 156 192 214 236 270 291 323 324 344 372 426
 430 485 488 520 530 535 596 605 637
16 49 64 87 108 146 154 190 215 234 272 292 320 327 345 375 427
 428 483 486 523 528 532 596 606 641
19 55 58 90 112 140 151 194 219 233 267 297 319 330 340 377 424
 428 484 488 516 525 536 597 601 635
14 61 68 76 113 135 167 172 204 239 264 291 303 317 320 331 422
 442 490 499 515 516 553 564 602 633
13 57 69 78 108 138 167 170 201 245 261 294 306 319 321 324 416
 446 494 498 508 521 550 569 603 628
9 58 70 75 110 139 166 171 199 242 259 296 307 318 320 325 418
 447 495 498 509 520 548 568 600 632
8 62 66 79 115 134 169 171 203 241 263 290 301 319 323 329 423
 441 492 499 512 518 555 567 606 626
11 59 72 81 111 137 169 172 200 243 260 295 305 316 322 326 417
 445 497 498 510 523 551 571 601 627
10 63 65 77 112 132 168 170 202 238 262 292 300 318 322 328 421
 440 493 499 513 519 552 566 604 630
15 64 67 82 114 133 166 173 205 240 265 293 302 316 321 330 420
 443 491 499 514 517 554 565 605 631
12 60 71 80 109 136 168 173 198 244 258 297 304 317 323 327 419
 444 496 498 511 522 549 570 607 629
11 45 61 90 105 133 150 192 202 234 252 296 335 354 357 360 432
 449 452 496 518 521 540 563 610 644
9 43 62 86 106 132 152 191 204 236 251 297 334 355 358 362 435
 449 450 494 517 523 543 560 615 649
14 46 57 89 102 139 156 197 198 233 257 290 337 349 356 360 436
 448 454 491 519 523 544 556 612 643
13 42 63 88 107 134 153 190 205 235 250 295 332 352 356 361 434
 449 451 495 516 522 541 562 613 647
10 48 60 84 103 137 154 194 199 231 254 291 338 348 359 361 439
 448 457 492 517 521 545 559 611 642
12 44 64 83 104 135 151 193 203 237 253 294 333 353 359 363 433
 449 453 497 519 520 542 561 608 648
8 47 59 87 101 136 155 196 201 232 255 293 336 350 357 362 438
 448 456 493 516 520 546 557 609 645
15 41 58 85 100 138 157 195 200 230 256 292 339 351 358 363 437
 448 455 490 518 522 547 558 614 646
23 59 69 80 123 140 160 177 203 213 252 273 320 361 366 390 430
 443 450 481 500 513 539 556 614 650
17 61 65 82 117 144 163 180 200 207 257 266 319 359 368 394 427
 447 456 477 506 511 535 562 615 650
21 60 70 81 120 141 161 176 202 212 253 272 321 362 367 391 431
 442 451 479 501 512 536 558 612 650
19 62 68 77 118 146 165 179 199 206 255 268 316 356 371 393 426
 444 455 475 505 508 534 563 608 650
20 63 67 79 116 147 164 178 201 208 254 269 317 358 370 392 424
 445 454 476 504 509 532 561 610 650
22 64 66 76 119 145 162 181 198 209 256 267 318 357 369 395 425
 446 457 474 507 510 533 560 613 650
18 57 71 75 122 143 158 175 204 211 250 270 322 363 364 389 428
 441 452 478 502 514 538 559 609 650
16 58 72 78 121 142 159 174 205 210 251 271 323 360 365 388 429
 440 453 480 503 515 537 557 611 650
11 43 69 77 119 121 193 197 240 249 270 276 303 314 374 386 410
 437 486 492 509 536 562 582 607 645
12 42 70 79 117 122 192 195 239 249 271 277 302 315 375 387 411
 436 487 493 508 539 560 583 601 642
14 47 65 80 118 121 190 195 242 248 269 279 306 308 376 381 414
 435 484 497 512 533 559 586 605 644
13 45 71 82 118 123 191 194 241 249 272 275 300 312 372 384 409
 438 489 490 510 537 561 580 600 643
10 46 67 75 117 123 193 196 243 248 267 280 304 310 378 383 415
 432 485 494 515 534 558 585 606 647
9 44 72 76 116 120 190 196 238 249 273 274 301 313 373 385 408
 439 488 491 511 538 563 581 603 646
15 48 66 81 116 122 191 197 245 248 268 278 307 309 377 380 413
 434 483 496 513 535 557 587 602 648
8 41 68 78 119 120 192 194 244 248 266 281 305 311 379 382 412
 433 482 495 514 532 556 584 604 649
23 53 65 75 100 115 205 208 215 247 291 297 314 333 357 384 412
 417 465 467 508 529 581 587 612 638
20 52 70 76 105 108 200 210 218 246 290 297 310 336 361 380 409
 421 458 472 514 526 582 586 608 634
18 54 67 81 101 113 203 209 217 247 292 296 312 334 356 387 414
 416 463 468 511 530 582 584 611 635
19 50 69 82 104 110 198 211 221 246 292 295 311 338 362 381 408
 423 459 473 515 527 583 587 610 637
22 49 72 77 107 109 201 213 220 246 291 296 309 337 363 382 411
 420 460 471 512 525 580 585 615 639
17 51 71 79 106 111 199 212 219 246 293 294 308 339 360 383 410
 422 461 470 513 524 581 584 613 641
21 56 66 78 102 112 204 206 216 247 293 295 315 335 359 385 415
 419 464 466 509 528 580 586 614 640
16 55 68 80 103 114 202 207 214 247 290 294 313 332 358 386 413
 418 462 469 510 531 583 585 609 636
20 42 62 85 119 129 163 215 221 231 253 299 306 312 326 388 404
 432 464 491 513 525 548 553 609 629
22 44 61 87 118 130 164 217 219 230 251 299 304 315 324 390 407
 434 462 492 514 527 551 552 612 632
23 47 60 88 122 124 159 216 220 234 257 298 301 311 330 392 400
 437 461 494 510 530 548 552 608 633
18 46 58 83 120 125 160 214 221 235 254 298 303 308 329 395 401
 438 458 496 508 528 551 554 615 630
17 45 64 84 116 131 165 214 220 233 250 299 305 314 325 391 406
 435 463 493 515 526 549 555 614 628
21 48 59 86 121 126 158 215 219 237 256 298 300 310 331 393 402
 436 460 495 511 531 550 555 610 631
19 43 63 89 117 128 162 216 218 232 252 299 307 313 327 389 405
 433 465 490 512 524 550 554 611 627
16 41 57 90 123 127 161 217 218 236 255 298 302 309 328 394 403
 439 459 497 509 529 549 553 613 626
14 60 62 87 112 127 166 210 214 243 273 285 351 379 384 396 411
 446 468 478 524 562 572 579 610 648
10 58 61 89 114 124 169 213 215 245 270 284 350 376 387 396 408
 444 466 479 526 561 574 577 613 649
9 60 61 83 111 129 170 208 218 240 267 287 352 375 382 397 414
 441 473 475 531 557 573 576 614 643
12 57 62 88 110 131 172 207 219 238 269 286 354 372 380 397 412
 443 471 474 528 558 574 578 611 645
11 58 63 86 108 130 173 209 220 241 268 288 353 373 381 397 415
 442 470 477 529 556 575 579 609 642
13 59 64 90 109 128 171 206 221 239 266 289 355 374 383 397 413
 440 472 476 530 559 572 577 612 646
15 59 63 84 115 125 167 211 217 244 272 283 349 378 385 396 410
 447 469 480 525 560 573 578 608 644
8 57 64 85 113 126 168 212 216 242 271 282 348 377 386 396 409
 445 467 481 527 563 575 576 615 647
23 45 46 85 110 112 164 184 222 244 274 287 316 331 336 364 413
 416 453 486 506 512 543 598 613 642
20 44 48 90 110 113 159 186 226 241 279 285 322 327 332 369 410
 420 456 485 501 508 544 599 614 649
18 42 48 87 111 114 162 182 224 242 276 288 319 328 337 367 412
 419 450 489 504 515 540 598 608 646
17 42 46 86 109 115 161 189 229 240 281 282 320 324 335 370 408
 421 455 484 502 510 546 599 611 648
16 43 47 84 109 113 163 183 223 245 277 286 318 329 339 366 415
 417 451 488 505 514 542 598 610 643
19 45 47 83 108 114 158 188 228 238 278 283 323 326 334 368 411
 422 457 482 500 509 547 599 612 647
22 41 43 88 111 112 160 187 227 239 280 284 321 325 333 371 409
 423 454 483 503 511 545 599 609 644
21 41 44 89 108 115 165 185 225 243 275 289 317 330 338 365 414
 418 452 487 507 513 541 598 615 645
14 52 69 96 101 122 151 164 205 231 258 272 305 318 343 354 403
 405 466 470 531 534 567 599 615 646
11 54 68 91 106 117 154 158 198 235 262 269 301 321 344 350 403
 407 467 472 525 537 568 598 614 648
9 53 66 93 104 118 156 160 201 234 264 266 302 322 347 351 402
 404 469 470 526 536 570 598 611 647
15 50 70 97 103 121 150 165 204 232 260 273 304 319 341 353 401
 404 467 471 530 532 566 599 613 643
13 56 65 95 105 116 157 161 199 237 265 267 303 323 345 349 400
 405 468 471 527 539 571 598 609 649
10 49 71 92 102 120 152 162 203 230 259 271 306 316 340 352 400
 406 469 472 529 535 564 599 610 645
12 55 67 98 107 119 155 159 200 236 263 268 300 320 346 348 401
 406 466 473 524 538 569 598 612 644
8 51 72 94 100 123 153 163 202 233 261 270 307 317 342 355 402
 407 468 473 528 533 565 599 608 642
11 66 70 98 126 131 151 163 208 244 251 280 308 328 338 356 400
 420 478 490 500 546 577 596 603 636
10 68 69 94 126 128 155 161 210 241 257 274 315 325 334 363 404
 417 474 496 504 541 573 597 605 641
12 65 69 91 124 130 150 162 206 243 250 281 309 329 336 358 402
 422 480 491 501 545 576 596 600 635
8 67 70 92 124 129 154 160 211 238 256 275 314 324 332 360 405
 419 477 497 505 543 572 597 602 639
14 66 72 97 125 130 157 158 212 240 255 277 312 327 333 361 406
 418 476 494 506 540 574 597 604 637
13 68 72 93 127 129 152 164 209 242 252 278 310 330 339 359 401
 423 479 493 502 544 578 596 607 638
9 67 71 95 125 128 153 165 207 245 253 279 311 331 337 357 403
 421 481 492 503 547 579 596 601 640
15 65 71 96 127 131 156 159 213 239 254 276 313 326 335 362 407
 416 475 495 507 542 575 597 606 634
21 45 53 94 107 117 167 173 182 221 273 282 318 358 371 399 400
 428 492 497 544 557 574 584 617 634
16 42 54 96 104 116 168 171 185 219 270 285 316 357 368 399 401
 431 490 494 545 556 573 586 622 639
23 44 56 92 106 119 166 172 183 218 272 284 319 356 370 399 402
 429 493 496 547 559 575 585 619 637
20 47 50 93 102 123 168 172 189 214 268 287 321 363 365 398 405
 427 492 495 540 560 577 581 618 635
22 46 51 91 103 122 166 170 186 215 266 288 323 362 366 398 406
 424 490 497 541 563 578 582 623 640
18 43 55 97 105 118 169 170 184 220 271 283 317 359 369 399 403
 430 491 495 546 558 572 587 620 641
19 48 52 95 100 120 169 173 187 217 269 289 320 360 364 398 404
 425 493 494 542 562 576 580 616 636
17 41 49 98 101 121 167 171 188 216 267 286 322 361 367 398 407
 426 491 496 543 561 579 583 621 638
22 45 69 98 100 106 175 179 196 223 279 290 330 353 375 396 419
 431 476 495 535 553 571 591 611 630
17 44 70 91 102 107 174 178 194 224 278 292 331 354 374 396 417
 430 475 494 533 554 570 590 609 626
23 48 67 94 102 105 175 181 190 229 277 294 326 350 379 397 423
 426 480 490 536 549 566 592 615 632
20 43 72 95 103 104 177 181 195 225 281 293 328 352 372 396 416
 428 477 496 534 555 568 588 612 633
21 47 68 92 100 104 174 180 191 227 276 296 327 348 378 397 421
 424 478 491 539 551 567 593 613 628
16 46 65 97 101 106 177 178 192 228 275 295 325 351 377 397 420
 425 479 492 538 550 564 595 608 629
19 42 71 93 101 105 176 180 197 222 280 291 329 355 373 396 418
 429 474 497 532 552 569 589 614 631
18 41 66 96 103 107 176 179 193 226 274 297 324 349 376 397 422
 427 481 493 537 548 565 594 610 627
14 49 54 75 111 128 163 178 184 191 281 298 332 353 365 385 443
 444 457 493 518 527 536 569 623 634
9 50 54 77 114 126 159 177 187 194 277 299 336 349 370 383 442
 446 452 497 522 528 535 567 620 638
12 49 53 76 112 125 161 174 186 197 275 299 339 350 368 381 441
 445 450 495 521 530 534 565 619 636
8 52 53 80 110 130 165 180 183 193 278 298 335 352 367 387 440
 446 454 490 517 525 538 571 618 641
11 51 56 82 115 127 160 175 188 195 274 299 337 348 369 380 440
 444 451 494 520 531 532 564 617 635
13 52 55 79 113 124 158 176 189 196 276 299 338 351 371 382 443
 447 453 496 523 529 533 566 622 640
10 50 56 81 108 131 164 181 182 192 279 298 333 355 366 386 441
 447 455 491 516 524 537 570 616 639
15 51 55 78 109 129 162 179 185 190 280 298 334 354 364 384 442
 445 456 492 519 526 539 568 621 637
17 54 60 93 100 130 151 155 190 211 260 271 337 366 371 372 413
 432 458 499 507 509 550 594 619 649
21 49 62 96 105 124 153 155 195 209 262 266 333 364 370 377 410
 439 462 498 500 515 554 591 618 643
16 50 61 92 107 125 151 156 196 206 265 269 334 367 369 379 409
 437 465 498 502 513 555 589 623 642
19 53 57 98 103 129 153 157 192 213 259 272 336 365 369 374 415
 435 461 499 504 511 551 592 622 648
23 51 63 97 104 126 152 154 197 207 263 267 335 365 371 376 411
 438 463 498 501 514 553 590 616 646
20 56 58 91 101 128 152 156 193 212 261 273 338 364 368 375 412
 434 460 499 505 510 549 593 620 644
22 55 59 95 102 131 150 154 191 210 258 270 339 367 370 373 414
 433 459 499 506 508 548 595 617 647
18 52 64 94 106 127 150 157 194 208 264 268 332 366 368 378 408
 436 464 498 503 512 552 588 621 645
11 62 65 99 139 140 186 196 216 224 272 277 317 324 352 363 401
 413 457 459 503 526 584 593 616 631
13 61 67 99 137 143 187 197 214 225 271 274 318 327 353 362 402
 412 455 461 500 525 586 595 621 626
10 57 70 99 135 147 183 190 221 227 268 281 323 330 351 357 407
 410 450 463 506 531 580 589 620 627
8 58 69 99 133 146 182 191 218 229 269 280 322 331 349 359 406
 411 451 462 507 530 581 588 622 629
14 59 71 99 134 144 185 192 220 226 267 278 321 328 348 358 404
 408 453 465 505 528 582 591 619 632
9 64 68 99 136 142 189 195 217 222 270 275 319 326 354 361 400
 415 454 460 501 524 587 594 623 630
15 60 72 99 132 145 184 193 219 228 266 279 320 329 350 356 405
 409 452 464 504 529 583 590 617 628
12 63 66 99 138 141 188 194 215 223 273 276 316 325 355 360 403
 414 456 458 502 527 585 592 618 633
454 455 456 457 462 463 464 465 470 471 472 473 478 479 480 481 486
 487 488 489 494 495 496 497 499 625
450 451 452 453 458 459 460 461 466 467 468 469 474 475 476 477 482
 483 484 485 490 491 492 493 498 625
150 151 152 153 174 175 176 177 182 183 184 185 198 199 200 201 214
 215 216 217 238 239 240 241 248 625
154 155 156 157 178 179 180 181 186 187 188 189 202 203 204 205 218
 219 220 221 242 243 244 245 249 625
158 159 160 161 166 167 168 169 190 191 192 193 206 207 208 209 222
 223 224 225 230 231 232 233 246 625
162 163 164 165 170 171 172 173 194 195 196 197 210 211 212 213 226
 227 228 229 234 235 236 237 247 625
