625 626 627 628 629 630 631 632 633 634 635 636 637 638 639 640 641
 642 643 644 645 646 647 648 649 650
10 11 12 13 18 19 20 21 22 28 35 36 37 38 39 45 46
 47 48 49 50 51 52 53 54 630
14 15 16 17 23 24 25 26 27 29 30 31 32 33 34 40 41
 42 43 44 55 56 57 58 59 630
60 61 62 63 64 65 66 67 68 69 70 71 72 73 74 75 76
 77 78 79 620 621 622 623 624 630
0 1 2 3 4 85 86 87 88 89 90 91 92 93 99 105 106
 107 108 109 110 111 112 113 114 630
5 6 7 8 9 80 81 82 83 84 94 95 96 97 98 100 101
 102 103 104 115 116 117 118 119 630
4 44 53 71 119 242 249 255 259 322 330 336 339 362 368 374 379
 522 528 535 539 582 590 594 599 650
3 43 52 72 116 244 253 254 256 324 333 334 335 364 373 375 376
 523 533 534 536 584 593 595 596 650
2 42 54 73 118 246 251 257 258 326 331 337 338 366 371 377 378
 526 532 537 538 585 591 597 598 650
1 40 51 69 117 241 243 247 252 321 323 329 332 361 363 367 372
 521 524 527 531 581 583 588 592 650
0 41 50 70 115 240 245 248 250 320 325 327 328 360 365 369 370
 520 525 529 530 580 586 587 589 650
3 40 50 73 119 121 142 161 183 209 230 275 296 316 349 389 415
 435 450 461 489 511 548 570 608 648
4 40 54 72 115 122 143 163 182 212 237 271 288 309 357 392 410
 431 457 463 498 512 552 577 613 646
2 40 53 70 116 123 141 162 181 217 232 277 298 318 351 398 417
 438 451 462 493 518 558 573 617 649
2 44 50 72 117 126 149 168 187 200 231 273 293 313 353 380 413
 433 452 470 492 500 540 572 600 647
0 44 54 69 116 128 150 166 186 216 233 269 290 311 352 395 409
 427 453 469 491 515 556 571 616 648
1 44 52 73 115 134 155 174 195 211 235 260 280 300 355 390 400
 420 455 474 495 508 551 575 610 649
1 43 54 70 119 137 156 176 197 215 228 265 285 302 347 396 405
 424 448 476 487 516 555 568 615 647
0 43 53 73 117 130 146 170 188 204 238 261 281 301 358 384 401
 421 458 468 497 502 543 578 605 646
2 43 51 71 115 131 151 172 193 201 223 264 284 304 343 381 404
 422 445 472 484 501 541 563 601 648
1 42 50 71 116 139 159 179 199 210 229 263 283 305 350 391 403
 423 449 479 490 510 550 569 609 646
4 42 52 70 117 135 154 175 194 206 227 270 287 307 348 387 407
 430 447 475 488 507 547 567 606 648
3 41 54 71 117 136 157 177 198 205 239 268 291 308 359 385 411
 428 459 478 499 505 544 579 603 649
1 41 53 72 118 133 152 173 191 218 236 262 282 303 356 397 402
 425 456 471 496 517 557 576 618 648
4 41 51 73 116 138 158 178 196 208 224 279 297 317 345 388 419
 439 444 477 485 509 549 565 611 647
0 40 52 71 118 120 140 160 180 219 234 266 286 306 354 399 406
 426 454 460 494 519 559 574 619 647
4 43 50 69 118 125 144 165 184 202 221 274 294 314 341 383 414
 434 441 465 481 503 542 561 604 649
3 42 53 69 115 129 147 169 189 207 225 267 289 310 346 386 408
 429 443 467 486 506 546 566 607 647
0 42 51 72 119 127 148 167 190 203 222 272 292 312 342 382 412
 432 442 466 482 504 545 562 602 649
2 41 52 69 119 124 145 164 185 214 226 276 295 315 344 394 416
 436 446 464 483 514 554 564 614 646
3 44 51 70 118 132 153 171 192 213 220 278 299 319 340 393 418
 437 440 473 480 513 553 560 612 646
9 40 47 67 112 133 134 137 139 281 287 291 293 480 482 484 485
 503 506 514 515 528 529 534 537 645
9 43 48 64 110 121 129 132 136 283 290 297 298 483 488 494 495
 500 504 512 517 520 527 532 539 641
9 42 46 66 113 123 124 126 131 282 286 294 299 487 491 498 499
 502 508 509 511 522 524 525 533 643
9 41 45 65 111 120 127 128 130 280 284 288 289 481 489 490 492
 507 513 516 518 523 531 535 538 642
9 44 49 68 114 122 125 135 138 285 292 295 296 486 493 496 497
 501 505 510 519 521 526 530 536 644
6 40 49 64 111 152 179 195 202 223 254 261 308 328 345 377 386
 407 433 440 476 554 562 590 616 643
5 44 45 67 110 144 175 196 219 232 241 275 302 335 358 366 391
 412 436 456 463 541 566 589 603 643
6 44 48 65 113 154 163 184 205 236 250 276 312 326 346 361 399
 415 424 458 477 550 573 595 601 645
8 44 46 64 112 143 178 194 201 238 256 265 316 321 351 370 385
 416 432 443 465 559 576 585 609 642
6 43 45 66 112 142 171 198 203 227 251 263 318 329 354 379 380
 409 439 446 467 552 575 580 618 644
7 43 49 67 113 147 177 192 212 234 247 277 305 331 348 360 397
 419 427 455 461 545 564 599 600 642
8 43 47 65 114 153 169 183 218 226 240 279 311 339 355 371 382
 403 438 454 478 540 567 588 613 643
5 42 49 65 112 141 172 187 208 239 245 262 306 323 357 373 384
 414 437 453 464 548 568 582 610 641
8 42 48 67 111 145 168 193 209 237 243 266 303 325 359 362 390
 418 434 448 462 549 571 593 605 644
8 41 49 66 110 146 160 186 206 229 257 267 304 324 341 372 398
 410 420 452 466 555 570 594 612 645
7 41 48 68 112 140 167 188 213 231 255 260 309 332 349 378 387
 408 422 441 469 558 569 584 615 643
5 41 47 64 113 148 166 180 215 221 244 264 310 338 350 374 393
 400 431 450 468 547 572 592 617 644
6 41 46 67 114 150 170 190 217 230 252 271 300 336 353 364 396
 404 429 449 460 553 561 597 606 641
8 40 45 68 113 159 176 191 216 220 249 273 307 337 342 375 383
 401 428 444 474 546 563 587 614 641
7 40 46 65 110 156 174 199 214 224 248 268 301 334 343 368 395
 413 430 442 471 542 560 598 607 644
7 44 47 66 111 158 165 182 210 225 246 272 315 327 356 376 381
 405 435 451 475 544 578 581 619 641
5 43 46 68 111 157 161 189 200 235 259 269 317 320 344 367 392
 417 423 447 473 557 574 591 602 645
7 42 45 64 114 149 162 185 204 228 253 274 319 322 352 363 389
 406 425 459 472 551 577 586 611 645
6 42 47 68 110 151 164 181 211 233 242 278 314 333 347 365 388
 402 426 457 470 543 579 583 608 642
5 40 48 66 114 155 173 197 207 222 258 270 313 330 340 369 394
 411 421 445 479 556 565 596 604 642
5 50 55 78 106 120 146 190 212 228 246 268 295 303 339 351 439
 440 469 488 508 534 546 583 601 639
6 50 59 74 109 127 140 186 207 232 259 262 297 315 334 348 428
 448 468 480 501 524 551 585 613 640
7 50 58 76 107 130 150 180 201 220 243 279 282 308 326 347 436
 447 466 493 506 539 552 596 610 638
8 54 59 75 107 131 141 185 202 230 250 263 292 310 330 358 430
 455 470 485 513 527 557 584 619 639
5 54 57 76 108 126 145 181 213 224 247 272 283 307 324 355 429
 458 472 489 503 530 559 590 618 640
8 53 55 76 109 135 144 182 203 223 252 278 280 313 320 350 427
 459 477 494 514 533 548 598 615 636
5 53 59 77 105 138 143 184 214 234 253 260 299 311 337 359 433
 449 475 484 504 531 555 580 608 638
6 53 57 78 107 125 158 194 215 239 258 269 293 319 332 343 420
 454 463 490 511 520 545 593 614 637
7 53 56 75 106 122 154 196 209 229 240 273 290 300 333 354 437
 445 465 499 516 537 554 592 602 640
7 52 59 78 108 132 142 189 216 237 257 265 284 314 328 353 421
 456 478 482 509 521 550 582 617 636
5 52 58 75 109 129 153 198 210 231 248 274 281 304 321 342 424
 457 461 496 518 522 549 597 616 637
8 51 58 78 105 133 155 199 205 233 251 271 298 306 335 344 435
 441 476 486 502 535 547 586 600 640
7 51 57 77 109 139 152 197 206 226 256 266 296 318 336 346 431
 453 474 481 500 525 543 591 603 639
7 54 55 74 105 124 151 187 218 238 249 267 287 312 329 345 423
 450 462 495 519 523 553 589 604 637
6 54 58 77 106 123 149 193 219 235 244 270 289 305 327 349 432
 444 464 497 517 528 542 588 612 636
8 52 57 74 106 121 157 192 217 236 242 261 294 302 338 357 422
 442 467 492 510 529 556 581 611 638
6 52 56 76 105 136 147 183 208 222 241 264 285 301 322 356 434
 452 473 498 515 538 558 587 609 639
6 51 55 75 108 134 156 191 200 221 245 275 286 309 331 352 438
 443 479 483 507 536 544 594 605 638
5 51 56 74 107 137 159 195 204 225 255 277 288 316 325 341 426
 446 471 491 505 532 540 595 606 636
8 50 56 77 108 128 148 188 211 227 254 276 291 317 323 340 425
 451 460 487 512 526 541 599 607 637
9 50 57 75 105 160 166 167 170 363 366 375 379 381 386 390 392
 402 411 416 419 560 567 568 573 636
9 54 56 78 109 162 164 168 172 364 367 368 370 383 393 397 399
 403 407 408 412 565 570 575 578 638
9 52 55 77 107 161 169 171 177 361 362 369 378 388 391 395 398
 401 404 405 414 562 572 576 577 640
9 51 59 76 106 173 174 176 179 365 371 374 376 380 384 385 387
 406 410 415 417 561 564 566 571 637
9 53 58 74 108 163 165 175 178 360 372 373 377 382 389 394 396
 400 409 413 418 563 569 574 579 639
4 45 59 63 103 124 167 183 200 225 266 291 305 333 351 372 393
 404 458 476 496 520 556 598 610 632
3 49 59 61 104 128 178 181 204 226 271 293 303 338 354 361 381
 412 447 479 495 522 542 587 615 633
2 49 57 63 101 132 165 191 207 228 279 280 301 329 359 370 391
 415 457 460 491 528 547 584 602 634
0 49 56 62 103 134 163 189 218 230 270 299 318 334 350 366 385
 405 441 472 492 539 549 583 614 635
0 48 58 61 101 131 169 195 214 229 278 285 307 323 353 379 397
 417 450 463 481 534 544 585 611 632
1 48 56 63 100 130 177 194 219 224 267 294 315 336 342 371 392
 409 440 470 484 536 548 586 617 633
0 47 55 63 104 122 174 193 208 231 265 298 319 326 341 375 394
 407 449 467 489 524 557 599 603 631
2 47 58 60 103 120 173 192 203 239 260 296 317 324 352 368 386
 401 448 465 498 527 550 589 606 633
3 47 57 62 100 123 179 196 201 227 262 288 312 322 344 369 383
 413 455 469 494 521 555 597 605 632
4 47 56 61 102 121 176 190 213 238 263 286 304 320 346 377 395
 411 456 464 493 531 551 593 600 634
4 46 55 62 101 127 164 197 216 236 264 283 308 332 358 373 390
 406 451 461 486 537 540 580 612 633
3 46 58 63 102 139 162 186 215 234 273 292 309 328 355 362 384
 402 446 477 488 538 541 581 604 635
1 46 57 61 103 135 168 198 212 220 276 289 311 335 345 365 389
 414 445 468 482 532 558 594 619 631
2 45 55 61 100 133 160 184 210 237 261 297 316 330 347 364 387
 400 453 473 499 530 545 588 607 635
3 45 56 60 101 138 166 199 202 235 272 282 313 321 348 378 396
 410 454 462 483 529 543 582 601 631
1 49 55 60 102 126 175 188 217 222 274 290 310 325 343 376 399
 416 444 478 480 535 552 591 608 632
2 48 59 62 102 125 171 180 206 233 275 281 300 327 357 367 382
 419 459 471 487 523 546 590 609 631
4 48 57 60 104 137 161 185 211 232 268 284 306 337 356 360 380
 403 443 466 497 533 553 592 616 635
0 46 59 60 100 129 172 182 205 221 277 287 302 339 349 363 388
 418 452 474 490 526 554 596 618 634
1 45 58 62 104 136 170 187 209 223 269 295 314 331 340 374 398
 408 442 475 485 525 559 595 613 634
0 45 57 79 102 143 147 151 155 243 246 254 259 424 430 437 438
 505 509 514 517 561 569 570 572 633
4 49 58 79 100 142 145 148 156 240 252 253 258 422 423 426 428
 500 508 513 515 566 573 576 578 631
3 48 55 79 103 141 150 158 159 241 242 248 257 425 431 432 433
 501 502 503 516 564 567 574 575 634
1 47 59 79 101 146 149 154 157 245 251 255 256 427 429 434 436
 511 512 518 519 560 562 563 565 635
2 46 56 79 104 140 144 152 153 244 247 249 250 420 421 435 439
 504 506 507 510 568 571 577 579 632
9 28 29 79 99 600 601 602 603 604 605 606 607 608 609 610 611
 612 613 614 615 616 617 618 619 650
6 10 29 61 92 141 144 148 155 157 224 225 228 231 234 401 403
 410 416 418 521 523 525 537 539 648
8 12 29 63 90 142 150 151 152 154 221 222 232 235 239 405 406
 408 413 419 522 530 531 532 534 646
7 11 29 60 91 143 145 146 153 159 223 227 230 233 236 400 411
 412 414 417 520 524 528 536 538 647
5 13 29 62 93 140 147 149 156 158 220 226 229 237 238 402 404
 407 409 415 526 527 529 533 535 649
8 14 28 60 93 162 165 167 174 177 241 244 245 258 259 281 283
 288 295 299 345 346 347 353 354 648
7 16 28 62 92 161 166 172 173 175 242 250 251 252 254 285 286
 289 293 297 341 342 351 355 359 646
5 15 28 61 90 163 164 170 171 179 240 243 249 256 257 280 291
 292 294 298 343 348 349 352 356 647
6 17 28 63 91 160 168 169 176 178 246 247 248 253 255 282 284
 287 290 296 340 344 350 357 358 649
6 13 16 60 90 204 210 212 213 214 382 383 385 390 398 500 506
 509 516 519 541 547 548 556 557 650
7 12 17 61 93 202 203 205 211 217 384 391 392 393 394 501 507
 511 515 517 540 546 549 555 559 650
8 10 15 62 91 200 207 208 215 219 381 387 389 395 397 503 504
 505 508 518 543 550 552 553 554 650
5 11 14 63 92 201 206 209 216 218 380 386 388 396 399 502 510
 512 513 514 542 544 545 551 558 650
9 10 16 63 93 182 185 188 192 199 420 428 432 434 438 445 447
 450 453 456 580 583 590 595 597 647
9 13 14 61 91 183 186 191 193 194 424 426 429 433 439 441 442
 451 455 459 582 589 591 592 596 646
9 11 17 62 90 181 184 190 195 198 421 423 431 436 437 443 444
 448 452 454 581 584 586 598 599 648
9 12 15 60 92 180 187 189 196 197 422 425 427 430 435 440 446
 449 457 458 585 587 588 593 594 649
6 12 14 62 99 122 124 130 132 139 260 268 272 274 277 320 323
 330 335 338 563 567 570 571 576 647
8 11 16 61 99 120 126 129 137 138 262 264 269 270 275 326 328
 329 333 336 560 564 569 577 578 649
5 10 17 60 99 121 128 131 133 135 265 266 267 273 279 322 327
 331 332 334 561 562 573 575 579 646
7 13 15 63 99 123 125 127 134 136 261 263 271 276 278 321 324
 325 337 339 565 566 568 572 574 648
7 10 14 79 90 303 304 307 311 316 366 367 369 373 374 460 467
 470 476 477 480 483 490 497 498 649
8 13 17 79 92 300 308 312 314 318 360 363 368 376 378 463 464
 468 473 479 484 488 489 491 496 647
5 12 16 79 91 301 305 309 315 319 361 364 365 377 379 462 465
 466 474 478 485 486 487 492 494 648
6 11 15 79 93 302 306 310 313 317 362 370 371 372 375 461 469
 471 472 475 481 482 493 495 499 646
1 27 28 76 94 140 141 142 143 261 268 270 273 381 382 388 393
 481 483 486 491 589 593 597 599 645
3 23 28 77 96 144 146 151 156 263 269 277 279 387 390 394 399
 482 492 496 498 585 586 590 592 641
4 26 28 74 98 149 150 153 155 265 272 275 276 384 386 397 398
 484 490 494 499 583 584 587 591 644
2 25 28 78 95 147 148 154 159 262 266 274 278 385 392 395 396
 485 489 495 497 580 581 594 596 643
0 24 28 75 97 145 152 157 158 260 264 267 271 380 383 389 391
 480 487 488 493 582 588 595 598 642
2 18 29 66 80 283 287 289 292 463 469 476 478 543 548 549 551
 560 561 574 576 587 592 595 599 638
3 21 29 64 82 281 284 285 294 460 464 474 475 540 545 552 557
 565 569 571 573 583 589 594 598 640
0 20 29 65 81 282 291 295 297 461 465 470 479 547 553 555 558
 563 566 575 577 581 590 591 593 636
1 19 29 67 83 286 288 296 298 466 472 473 477 542 546 554 556
 567 572 578 579 580 582 584 585 637
4 22 29 68 84 280 290 293 299 462 467 468 471 541 544 550 559
 562 564 568 570 586 588 596 597 639
2 10 23 75 94 127 179 189 205 238 241 282 319 336 355 360 414
 426 444 475 512 534 556 570 615 644
3 10 27 74 97 125 170 197 211 237 245 290 305 326 342 368 417
 439 452 472 514 531 547 576 619 643
0 10 26 77 95 136 164 196 202 220 258 284 309 329 351 376 400
 429 448 471 510 522 548 567 600 645
4 10 25 76 96 134 171 187 217 229 244 296 315 328 359 363 412
 424 454 469 502 532 557 563 607 642
4 13 23 78 97 126 166 192 207 223 248 292 316 323 354 371 405
 436 449 474 517 523 558 579 605 645
2 13 27 77 98 129 175 199 215 230 255 294 303 320 345 375 406
 437 458 466 515 521 544 575 613 642
1 13 26 75 96 120 161 182 208 233 253 291 307 338 346 370 413
 421 446 462 501 539 545 561 612 643
0 13 25 74 94 138 173 185 200 227 247 280 304 335 347 362 408
 431 440 478 511 537 542 573 609 641
3 13 24 76 95 137 172 188 219 236 246 298 311 330 353 372 419
 423 457 465 507 525 551 562 614 644
0 12 23 76 98 133 178 198 209 228 242 288 310 337 348 367 404
 420 451 464 500 536 550 560 604 643
4 12 27 75 95 128 168 195 218 234 251 295 302 324 343 369 415
 432 459 473 506 524 543 569 617 641
3 12 26 78 94 131 176 184 206 231 252 283 317 325 356 366 409
 438 442 468 519 528 554 577 610 642
2 12 24 74 96 135 169 190 216 224 254 299 306 321 349 374 402
 434 455 479 516 520 552 578 603 645
2 11 26 76 97 139 167 194 212 235 240 286 314 334 358 361 418
 425 450 467 505 535 555 565 616 641
3 11 25 75 98 130 165 193 214 222 249 297 318 332 357 365 403
 427 456 476 508 526 559 572 606 645
4 11 24 77 94 132 174 186 204 239 243 285 312 331 350 364 416
 435 445 470 518 529 546 574 618 643
1 10 24 78 98 123 163 180 203 226 259 287 301 333 341 378 411
 433 443 461 513 530 541 571 611 641
1 12 25 77 97 121 160 181 201 225 250 281 313 339 352 373 407
 428 441 463 509 538 553 564 602 644
1 11 23 74 95 122 162 183 213 221 257 293 308 327 344 379 401
 430 453 460 504 533 549 566 601 642
0 11 27 78 96 124 177 191 210 232 256 289 300 322 340 377 410
 422 447 477 503 527 540 568 608 644
0 14 18 64 83 125 142 168 199 217 225 249 262 317 331 355 361
 387 411 436 457 484 516 533 612 639
4 14 21 67 81 123 152 169 188 205 228 257 269 313 334 342 365
 381 400 437 446 489 519 527 609 638
2 14 19 65 84 136 150 176 182 211 234 256 270 310 332 341 379
 389 412 423 440 496 509 529 605 640
1 17 21 65 80 138 148 171 193 207 238 242 277 309 324 353 366
 383 406 435 447 499 514 520 616 639
4 17 20 66 83 129 141 170 191 219 226 254 260 319 325 347 367
 385 413 427 450 482 510 538 601 640
0 17 19 68 82 126 144 179 183 215 237 251 268 315 321 346 373
 398 419 425 445 495 513 528 606 638
4 16 18 65 82 133 146 162 189 201 222 247 278 300 338 349 375
 391 409 433 448 483 505 525 619 637
2 16 21 68 83 128 143 177 197 209 221 248 263 312 335 356 372
 384 407 429 454 480 508 539 611 636
1 16 20 64 84 131 153 167 196 216 239 246 271 318 320 348 362
 394 415 426 452 497 503 523 607 638
1 15 18 68 81 132 158 172 190 214 227 244 266 316 326 358 360
 386 410 438 459 492 515 522 604 640
3 15 22 65 83 124 140 175 195 212 233 258 265 304 336 350 363
 380 401 434 451 485 517 530 602 638
0 15 21 66 84 139 149 161 184 213 223 241 279 303 333 357 368
 396 416 428 455 486 507 532 617 637
4 15 19 64 80 130 147 173 181 210 230 245 273 311 329 344 378
 399 418 420 442 487 501 534 603 636
1 14 22 66 82 127 151 178 192 202 231 240 275 306 322 359 364
 395 417 431 458 488 506 526 614 636
3 14 20 68 80 134 154 160 185 203 224 243 264 302 327 351 377
 397 414 421 449 491 500 535 613 637
3 17 18 67 84 120 155 164 194 200 229 250 274 301 337 345 374
 382 405 422 453 493 512 524 618 636
2 17 22 64 81 137 157 163 186 208 220 252 272 305 339 354 369
 390 408 430 456 481 502 536 608 637
0 16 22 67 80 121 159 165 187 206 235 253 276 308 330 343 371
 393 402 439 443 498 518 521 615 640
3 16 19 66 81 135 145 174 180 218 232 255 261 314 323 352 370
 392 404 424 444 490 504 537 600 639
2 15 20 67 82 122 156 166 198 204 236 259 267 307 328 340 376
 388 403 432 441 494 511 531 610 639
6 18 23 71 85 135 143 165 196 298 303 324 342 363 395 408 421
 450 487 513 529 540 564 591 610 635
7 18 26 72 89 129 157 171 183 295 306 330 350 365 396 407 420
 444 491 503 531 541 573 585 605 633
5 22 23 69 88 134 152 176 199 297 312 333 353 370 398 418 422
 459 497 511 538 552 567 599 619 633
8 22 27 72 85 132 147 161 198 287 315 332 352 366 384 400 426
 449 493 516 525 542 565 590 601 632
6 22 25 70 89 128 146 167 180 294 316 337 355 376 397 413 423
 445 486 514 527 549 577 582 603 634
7 21 25 69 85 137 155 179 191 299 317 338 358 379 399 404 432
 452 488 518 530 548 579 593 613 631
5 21 24 71 89 125 154 178 182 289 318 328 347 371 390 401 425
 442 483 515 524 553 570 584 600 632
6 20 26 69 86 133 159 174 197 292 304 339 359 378 389 419 437
 447 492 512 533 559 578 589 617 632
5 20 25 72 87 136 142 169 192 286 300 326 345 372 383 416 430
 451 490 501 528 543 571 586 615 635
7 19 23 70 87 120 148 170 186 283 313 335 357 377 388 415 434
 443 484 505 522 557 575 588 614 632
5 19 26 73 85 123 151 168 185 285 308 336 354 375 382 410 427
 441 480 507 520 550 576 581 607 634
8 19 25 71 86 122 158 175 184 282 301 331 349 369 393 417 429
 446 482 500 523 551 568 583 616 633
6 19 24 72 88 121 153 177 189 280 307 325 351 368 381 406 436
 453 485 502 526 555 569 592 604 631
5 18 27 70 86 127 150 160 188 293 314 329 346 362 385 403 435
 455 498 517 536 554 563 598 611 631
8 18 24 69 87 139 156 173 195 284 319 327 348 373 392 412 439
 458 499 519 539 558 572 597 608 634
6 21 27 73 87 131 145 162 187 291 311 321 341 360 387 405 431
 456 494 510 535 546 560 596 602 633
8 21 26 70 88 130 140 166 190 296 305 322 343 367 394 414 433
 457 495 509 537 544 566 595 618 635
8 20 23 73 89 124 149 172 181 290 309 334 356 374 391 411 424
 440 481 506 521 545 574 580 606 631
7 20 27 71 88 138 144 163 194 281 310 323 344 364 380 402 438
 448 489 508 532 556 562 587 612 634
7 22 24 73 86 126 141 164 193 288 302 320 340 361 386 409 428
 454 496 504 534 547 561 594 609 635
9 18 25 73 88 203 206 207 210 220 221 234 236 240 241 254 255
 265 268 269 271 462 464 470 472 632
9 22 26 71 87 200 211 213 216 222 226 228 230 243 244 248 251
 261 262 267 277 463 465 475 477 631
9 21 23 72 86 201 202 204 215 224 229 232 233 245 246 249 252
 260 266 270 276 461 467 473 478 634
9 20 24 70 85 205 208 214 218 223 225 235 237 242 247 256 258
 263 273 274 275 460 466 468 469 633
9 19 27 69 89 209 212 217 219 227 231 238 239 250 253 257 259
 264 272 278 279 471 474 476 479 635
28 59 69 83 112 320 322 324 326 400 402 403 405 440 442 444 445
 460 461 462 463 500 502 505 507 628
28 57 70 81 111 321 330 331 333 401 406 409 412 441 449 450 452
 464 471 477 478 501 506 508 512 627
28 56 73 80 113 328 332 335 339 404 413 416 417 448 453 457 459
 466 467 475 479 503 513 517 519 626
28 55 72 82 110 323 327 336 337 408 411 415 418 446 447 454 455
 465 468 472 476 509 510 515 518 625
28 58 71 84 114 325 329 334 338 407 410 414 419 443 451 456 458
 469 470 473 474 504 511 514 516 629
10 55 71 80 112 132 149 166 195 209 232 247 271 294 317 346 365
 382 430 496 538 555 578 596 614 627
10 59 73 82 111 139 147 175 190 218 239 248 276 298 313 347 379
 383 422 491 536 559 577 592 612 629
10 58 69 81 113 122 140 161 181 206 222 246 263 280 302 345 364
 385 425 484 520 540 560 582 605 625
10 57 72 83 114 130 156 172 184 216 235 255 278 291 310 354 377
 398 435 488 524 549 564 589 609 626
10 56 70 84 110 124 158 173 198 201 221 253 261 292 306 353 361
 390 427 489 528 546 569 591 613 628
13 57 71 82 113 128 153 174 187 203 225 257 270 297 309 358 367
 396 434 493 534 554 576 586 608 628
13 56 72 81 112 131 146 165 197 217 234 243 275 289 319 344 374
 388 428 495 530 550 567 598 616 629
12 55 73 81 114 129 148 179 194 213 233 259 273 284 318 359 372
 397 436 498 529 542 568 595 619 628
12 59 72 84 113 137 144 170 193 210 227 258 267 296 308 355 370
 395 437 483 535 558 574 583 611 627
12 57 69 80 110 120 141 163 183 204 223 244 265 282 300 342 362
 387 423 480 526 544 565 580 600 629
12 56 71 83 111 126 155 171 186 214 236 245 279 287 314 351 375
 389 431 497 527 545 566 597 615 625
11 55 70 83 113 136 152 178 185 207 229 251 272 281 311 349 368
 392 426 492 521 541 561 593 610 629
11 59 71 81 110 134 150 168 192 215 238 254 274 288 307 356 378
 394 439 486 525 548 573 588 602 626
11 56 69 82 114 123 142 160 182 200 220 242 260 283 303 343 360
 384 424 485 523 547 562 585 603 627
13 59 70 80 114 133 145 177 196 211 231 249 269 286 301 350 373
 386 432 481 532 552 570 581 601 625
13 58 73 83 110 135 159 167 189 202 228 256 264 293 315 357 369
 399 438 499 531 553 571 599 618 627
12 58 70 82 112 138 157 164 191 212 230 241 266 290 312 341 371
 381 421 490 533 551 572 590 607 626
11 58 72 80 111 125 151 176 188 208 226 250 268 299 316 348 363
 391 429 494 537 556 575 594 617 628
11 57 73 84 112 127 154 169 199 219 237 252 277 295 304 352 376
 393 433 487 539 557 579 587 604 625
13 55 69 84 111 121 143 162 180 205 224 240 262 285 305 340 366
 380 420 482 522 543 563 584 606 626
23 52 64 99 103 182 187 190 191 243 250 255 258 403 409 417 419
 480 486 489 499 541 542 543 555 625
27 51 67 99 101 184 185 186 189 240 242 244 246 401 407 411 413
 487 490 495 496 548 552 558 559 628
26 53 68 99 100 180 193 198 199 245 247 254 257 405 412 415 416
 481 485 488 498 540 551 553 556 629
25 54 66 99 104 183 188 195 196 248 252 256 259 402 406 414 418
 483 484 492 493 545 546 547 550 626
24 50 65 99 102 181 192 194 197 241 249 251 253 400 404 408 410
 482 491 494 497 544 549 554 557 627
23 50 68 93 101 123 153 175 208 234 267 284 300 330 352 361 385
 431 442 476 514 532 578 593 618 626
23 54 67 91 102 138 142 174 210 226 278 294 306 332 351 369 386
 425 452 468 507 539 563 595 602 629
23 53 65 90 104 139 157 160 216 227 275 285 315 325 345 378 393
 432 457 472 508 527 561 596 600 628
23 51 66 92 100 128 147 164 217 235 268 281 307 326 350 362 389
 433 456 465 519 520 568 584 613 627
27 54 68 90 103 130 155 178 206 223 262 286 319 339 353 376 391
 434 446 461 504 529 573 592 607 627
27 53 66 93 102 136 159 172 200 224 265 296 312 338 348 365 390
 436 441 460 513 534 577 588 616 625
26 54 65 92 101 121 158 170 203 232 274 299 303 328 344 372 387
 426 445 474 506 536 572 599 609 625
26 52 67 93 104 127 143 173 215 225 279 290 318 323 349 377 383
 423 459 470 502 530 560 594 601 627
26 51 64 90 102 124 144 169 209 236 270 293 301 324 347 360 392
 428 449 469 518 526 575 582 619 626
25 53 64 91 101 120 151 177 213 237 276 292 302 334 341 367 380
 435 444 479 515 525 567 597 610 627
25 51 65 93 103 125 145 166 219 228 273 287 308 320 356 364 398
 421 455 467 512 522 569 585 608 629
24 54 64 93 100 134 146 161 207 231 266 282 314 335 343 379 382
 437 451 477 510 531 564 587 606 628
24 52 66 90 101 122 148 168 201 230 269 297 305 337 346 363 384
 438 440 471 503 535 579 589 615 629
24 51 68 91 104 129 150 165 212 229 261 291 313 322 355 366 399
 430 448 464 511 523 576 580 617 625
27 50 64 92 104 135 156 171 205 222 260 288 304 333 358 371 397
 429 453 462 509 528 574 581 614 629
27 52 65 91 100 126 152 167 204 220 263 298 317 327 359 374 396
 427 443 463 501 537 570 583 604 626
26 50 66 91 103 137 154 162 214 238 271 280 310 331 342 373 388
 422 454 473 517 521 571 590 603 628
25 50 67 90 100 132 141 176 218 233 264 289 309 321 354 368 394
 420 458 475 505 533 562 591 611 625
24 53 67 92 103 131 140 179 211 221 272 295 316 329 357 375 395
 424 447 478 500 538 565 586 612 626
25 52 68 92 102 133 149 163 202 239 277 283 311 336 340 370 381
 439 450 466 516 524 566 598 605 628
29 45 75 85 115 121 125 126 139 244 252 255 257 301 306 311 312
 385 388 394 397 440 447 448 451 627
29 49 74 87 119 123 129 130 133 241 246 250 256 307 309 314 317
 380 390 393 395 445 449 454 459 629
29 47 76 89 117 127 131 132 138 248 249 254 258 300 302 303 305
 389 392 398 399 441 443 446 453 628
29 46 78 88 118 122 128 136 137 242 243 245 253 304 313 315 318
 382 386 387 391 444 450 455 458 626
29 48 77 86 116 120 124 134 135 240 247 251 259 308 310 316 319
 381 383 384 396 442 452 456 457 625
14 45 77 89 119 141 173 189 213 229 271 287 326 343 370 419 434
 468 494 508 536 540 579 581 616 626
14 49 76 85 118 157 166 197 210 238 276 284 333 349 362 413 438
 463 485 504 524 546 575 586 606 625
14 48 74 88 117 148 172 196 212 226 263 282 328 352 375 405 420
 473 486 518 528 559 561 598 608 627
14 47 78 86 115 144 161 187 214 220 261 290 336 348 372 406 432
 479 487 505 538 549 573 584 618 629
14 46 75 87 116 155 175 180 204 237 278 296 329 356 371 408 428
 464 492 503 520 555 562 599 601 628
17 45 74 86 118 156 177 182 206 230 264 298 323 355 365 416 433
 469 497 506 522 550 565 593 602 628
17 47 75 88 119 147 162 188 216 223 270 294 335 359 361 410 439
 471 490 500 530 553 574 585 610 625
17 46 77 85 117 158 167 192 209 233 262 280 330 341 377 403 424
 472 483 519 534 552 566 587 617 629
16 45 76 88 116 154 164 195 215 231 267 299 339 357 360 411 435
 460 482 501 527 542 576 591 605 629
16 49 75 86 117 151 171 190 219 225 265 283 337 344 368 400 425
 477 481 511 529 558 571 596 613 626
15 45 78 87 117 153 178 193 217 221 260 285 334 346 369 402 423
 466 491 512 537 548 564 590 619 625
15 49 77 88 115 159 168 183 205 232 272 286 332 347 374 409 421
 465 488 514 523 557 560 597 611 628
15 47 74 85 116 145 160 194 202 222 268 289 331 353 367 415 437
 474 496 502 539 541 577 580 615 626
17 49 78 89 116 140 174 185 201 236 275 291 320 342 379 418 429
 475 498 516 532 543 572 588 604 627
17 48 76 87 115 149 165 199 218 227 269 292 338 351 364 401 426
 461 480 509 531 554 568 594 603 626
16 48 78 85 119 152 170 181 200 234 279 288 321 350 376 414 430
 467 499 515 526 551 563 589 612 628
16 47 77 87 118 150 163 198 207 224 273 295 325 358 363 417 422
 476 495 507 533 545 570 582 609 627
15 48 75 89 118 143 176 186 203 235 277 293 322 345 373 404 436
 478 489 510 525 547 578 583 607 629
15 46 76 86 119 146 169 191 211 239 274 297 327 354 366 407 431
 462 484 513 521 556 569 595 600 627
16 46 74 89 115 142 179 184 208 228 266 281 324 340 378 412 427
 470 493 517 535 544 567 592 614 625
18 40 62 98 105 128 144 185 213 239 256 282 305 325 353 371 388
 400 424 467 488 501 578 594 602 625
18 44 60 97 107 136 140 193 218 228 252 294 307 333 344 377 384
 419 431 479 482 518 570 580 607 628
18 43 61 94 108 122 152 187 219 233 248 299 310 322 351 378 390
 415 428 466 490 514 565 581 606 627
18 41 63 96 106 137 153 181 202 237 259 286 312 323 343 366 389
 401 427 475 486 500 575 596 609 629
22 40 63 95 107 129 145 184 203 238 245 285 300 335 348 374 381
 403 425 469 492 509 579 591 612 627
22 43 62 97 106 133 148 182 214 232 257 296 319 321 345 362 399
 411 429 470 491 507 569 587 610 626
22 41 60 94 109 123 156 194 209 225 254 292 311 326 357 379 391
 406 421 473 495 503 563 583 600 625
21 40 61 97 109 124 150 189 208 227 255 283 302 331 359 376 382
 402 420 465 497 513 572 586 601 629
20 40 60 96 108 125 147 186 201 231 251 280 303 336 358 365 393
 405 423 464 499 504 567 595 611 626
20 42 62 94 107 121 155 188 212 221 249 284 315 324 354 370 396
 417 433 477 496 515 560 588 603 629
19 43 60 95 105 127 149 191 206 224 242 291 316 328 350 361 394
 408 437 463 493 508 571 597 619 629
19 42 63 97 108 138 146 195 205 220 244 293 318 330 356 367 395
 416 422 461 494 516 561 589 613 625
19 41 61 98 107 132 154 197 200 223 246 281 306 334 355 363 383
 409 432 462 498 510 566 599 608 626
22 42 61 96 105 130 142 196 215 236 247 295 313 327 341 368 385
 404 438 474 480 512 574 584 616 628
21 44 63 94 105 120 159 198 217 226 258 297 314 320 349 373 397
 410 430 472 487 506 562 592 605 626
21 41 62 95 108 135 141 192 210 235 243 290 301 339 346 375 380
 412 426 476 484 511 577 585 604 628
20 44 61 95 106 139 151 180 207 230 253 288 317 332 342 360 398
 407 434 478 483 502 568 598 618 625
20 43 63 98 109 126 143 190 211 229 241 289 308 338 352 369 387
 418 435 471 485 519 573 582 614 628
19 44 62 96 109 131 157 199 204 222 240 287 309 337 347 372 386
 414 439 460 489 517 564 593 617 627
21 42 60 98 106 134 158 183 216 234 250 298 304 329 340 364 392
 413 436 468 481 505 576 590 615 627
18 42 79 95 109 161 170 174 178 264 273 276 277 440 441 454 456
 523 527 528 530 544 552 555 556 626
21 43 79 96 107 163 167 168 173 267 268 275 278 444 449 451 453
 521 522 529 538 547 551 554 559 625
20 41 79 97 105 162 171 175 176 261 266 269 272 443 445 455 457
 524 526 534 539 540 542 548 550 627
19 40 79 94 106 164 165 166 169 260 262 263 265 447 452 458 459
 525 532 535 536 541 545 549 553 628
22 44 79 98 108 160 172 177 179 270 271 274 279 442 446 448 450
 520 531 533 537 543 546 557 558 629
34 49 69 90 96 127 158 193 211 255 273 281 335 351 371 396 411
 430 450 473 494 525 550 577 618 638
34 46 72 92 98 120 145 195 207 257 263 290 322 347 361 393 419
 438 441 475 497 529 548 563 603 637
34 48 73 91 94 128 157 182 201 244 274 286 329 348 368 398 402
 437 449 476 482 530 540 566 614 639
33 48 71 90 97 123 147 191 202 253 265 295 320 355 372 388 412
 435 453 468 492 537 552 560 606 637
33 47 70 92 96 126 159 184 219 243 271 284 334 345 379 384 408
 420 459 461 483 526 556 576 602 639
33 45 69 91 98 131 148 192 218 245 268 293 336 349 376 390 407
 421 457 477 493 532 555 574 609 640
32 48 70 93 98 139 142 187 204 254 264 280 339 344 366 395 410
 429 444 465 496 524 545 579 619 638
32 49 73 92 97 137 143 198 200 249 278 282 327 346 364 394 406
 434 442 469 490 527 541 567 617 640
32 46 71 91 96 133 141 188 206 258 272 285 333 352 360 383 415
 436 440 467 495 531 549 572 613 636
31 47 73 90 98 136 156 186 217 247 266 299 330 342 370 380 414
 425 447 463 486 523 554 569 601 636
31 46 69 93 97 132 151 196 210 251 270 291 325 357 374 397 401
 433 454 466 489 536 551 573 615 639
30 46 70 90 94 125 149 183 203 246 267 288 323 359 375 399 400
 422 456 479 485 539 543 564 616 640
30 45 73 93 96 122 150 197 214 250 262 294 324 350 367 381 418
 426 443 478 488 528 558 562 600 637
30 48 69 92 95 138 153 190 215 256 261 287 331 354 365 391 413
 428 451 472 498 535 557 570 610 636
30 47 72 91 97 135 155 185 209 241 277 297 328 343 378 385 409
 423 458 460 481 522 546 568 612 638
33 49 72 93 94 124 154 180 213 242 269 298 321 358 369 389 403
 439 448 474 484 538 544 561 607 636
32 45 72 90 95 134 140 194 205 248 279 283 338 341 362 386 417
 427 445 464 487 521 553 578 608 639
31 45 71 92 94 129 146 181 208 240 276 296 332 353 377 392 405
 432 455 471 480 533 547 571 604 638
31 49 70 91 95 121 144 199 216 259 260 289 326 356 363 382 404
 431 446 470 499 534 559 565 605 637
34 47 71 93 95 130 152 189 212 252 275 292 337 340 373 387 416
 424 452 462 491 520 542 575 611 640
30 49 71 98 99 162 169 170 173 220 231 233 235 302 312 315 316
 503 507 509 512 580 592 593 598 639
33 46 73 95 99 163 166 176 177 222 225 227 229 303 306 314 319
 500 501 514 518 584 588 589 590 638
32 47 69 94 99 167 171 172 178 230 232 234 237 301 307 308 313
 508 510 516 517 586 591 594 595 637
34 45 70 97 99 161 165 168 179 224 226 236 239 300 304 309 310
 502 504 515 519 583 585 596 599 636
31 48 72 96 99 160 164 174 175 221 223 228 238 305 311 317 318
 505 506 511 513 581 582 587 597 640
35 43 75 80 92 123 150 178 199 213 236 258 266 280 315 323 374
 407 452 482 505 546 577 589 608 635
39 41 74 80 90 131 143 174 189 219 220 251 274 296 313 333 361
 403 451 488 515 545 568 590 605 634
39 43 78 84 93 138 141 179 186 209 222 255 276 286 307 327 363
 400 457 492 506 553 576 598 603 633
39 42 75 82 91 132 140 173 184 217 224 256 269 288 308 339 372
 405 450 497 514 541 575 587 600 631
39 44 77 81 92 127 142 176 185 212 223 245 267 298 301 338 367
 402 454 499 503 549 569 596 606 632
38 42 76 84 92 125 152 160 192 214 230 259 265 291 309 335 369
 409 444 495 518 540 578 592 601 634
38 43 74 83 91 139 158 166 181 205 231 243 270 295 300 337 370
 406 456 498 513 548 562 594 607 632
38 44 78 82 90 121 145 167 197 208 229 254 277 282 310 329 365
 401 459 484 507 542 574 597 613 635
37 41 77 84 91 122 147 172 195 203 228 249 275 283 314 321 371
 413 447 480 502 556 573 593 619 635
37 44 75 83 93 137 148 164 183 206 239 247 261 289 303 334 378
 417 449 494 509 552 563 586 604 634
37 40 74 82 92 136 154 168 188 210 233 244 279 292 319 320 366
 404 443 481 508 555 564 582 618 633
36 41 78 83 92 134 151 169 182 204 227 241 273 294 305 330 373
 415 448 493 504 559 560 591 616 631
36 42 74 81 93 120 144 171 191 201 235 248 271 285 311 332 376
 411 458 485 500 554 570 599 617 635
35 42 77 83 90 133 153 165 180 200 238 252 268 290 302 328 379
 410 455 489 501 558 565 595 614 633
35 41 76 82 93 129 155 163 193 216 232 253 263 293 316 331 368
 414 440 487 519 543 567 581 602 632
35 40 78 81 91 130 149 175 198 211 225 240 264 299 312 324 362
 419 453 483 510 557 561 585 615 634
38 40 77 80 93 126 157 170 194 218 221 246 278 297 304 322 360
 412 446 486 516 550 571 584 610 631
37 43 76 81 90 128 159 162 196 207 237 250 260 287 306 336 377
 416 442 496 511 544 572 583 612 631
36 44 76 80 91 124 156 161 190 202 234 257 262 281 318 325 375
 408 445 490 512 547 579 588 611 633
36 40 75 84 90 135 146 177 187 215 226 242 272 284 317 326 364
 418 441 491 517 551 566 580 609 632
37 42 78 80 99 345 349 355 358 380 381 394 398 424 427 428 431
 460 465 471 473 529 531 536 539 632
35 44 74 84 99 343 350 354 359 383 387 388 392 421 425 429 438
 461 464 466 476 525 527 534 538 631
39 40 76 83 99 341 344 346 352 390 391 396 397 422 432 437 439
 468 470 475 478 520 522 523 526 635
36 43 77 82 99 342 353 356 357 385 386 389 393 420 426 430 436
 462 469 477 479 524 530 535 537 634
38 41 75 81 99 340 347 348 351 382 384 395 399 423 433 434 435
 463 467 472 474 521 528 532 533 633
35 57 64 89 95 214 233 241 267 286 313 325 349 364 384 405 439
 447 496 513 537 550 563 599 613 649
39 55 68 88 97 204 230 258 279 289 306 324 348 379 393 413 424
 456 484 512 525 554 571 581 609 649
38 56 68 89 96 207 226 252 274 298 308 331 357 362 380 400 432
 458 490 509 534 555 560 589 619 648
38 58 64 88 94 211 224 257 275 287 303 330 346 376 383 404 427
 454 492 505 524 558 568 580 602 646
38 55 67 87 95 201 239 255 263 299 315 333 355 367 389 410 421
 442 481 517 526 547 573 587 616 647
38 59 66 86 98 212 236 244 273 285 317 321 343 377 391 408 426
 453 489 514 539 553 567 586 605 649
37 58 67 85 96 213 227 245 265 297 310 339 356 361 392 406 433
 445 491 510 523 543 570 598 614 649
37 55 65 89 98 202 225 243 269 296 307 335 354 360 385 402 422
 452 487 504 528 551 565 597 617 646
37 57 68 86 94 218 222 253 271 281 305 328 341 374 395 418 436
 451 499 507 527 548 575 585 601 647
36 59 68 85 95 217 228 240 270 282 304 323 345 368 390 409 435
 443 494 503 538 545 572 595 603 646
36 58 66 89 97 216 221 247 276 288 301 336 351 366 387 403 437
 459 495 501 529 557 562 593 608 647
36 57 67 88 98 208 238 251 260 292 314 327 350 372 399 417 428
 440 483 516 522 540 577 596 607 648
35 55 66 85 94 215 220 250 277 291 300 334 344 371 386 412 434
 457 497 500 531 559 569 582 611 648
35 59 65 88 96 209 235 246 261 283 319 329 342 369 397 416 431
 441 493 515 533 541 579 594 606 647
35 56 67 86 97 203 231 256 262 284 311 338 347 363 398 415 430
 444 486 508 520 544 574 590 604 646
39 56 64 85 98 206 232 248 278 295 309 326 359 373 381 401 423
 455 482 511 535 556 561 588 618 647
39 57 66 87 96 205 234 249 264 290 316 320 353 378 382 407 425
 448 485 518 536 542 566 583 610 646
39 58 65 86 95 200 237 254 272 294 318 322 358 370 388 411 420
 449 480 519 532 546 564 592 615 648
36 56 65 87 94 210 223 259 266 293 302 337 352 365 394 419 429
 450 488 502 521 552 576 584 612 649
37 59 64 87 97 219 229 242 268 280 312 332 340 375 396 414 438
 446 498 506 530 549 578 591 600 648
39 59 67 89 94 126 130 135 136 148 151 153 158 160 161 162 163
 191 195 197 199 464 465 467 469 650
36 55 64 86 96 123 128 138 139 140 145 154 155 165 170 172 176
 183 189 192 198 463 466 470 471 650
35 58 68 87 98 121 124 127 137 141 146 147 152 166 168 171 174
 182 184 194 196 460 472 478 479 650
38 57 65 85 97 122 129 131 134 142 144 149 159 164 173 177 178
 180 186 188 190 462 473 475 476 650
37 56 66 88 95 120 125 132 133 143 150 156 157 167 169 175 179
 181 185 187 193 461 468 474 477 650
34 52 63 80 87 144 172 197 233 240 272 288 303 331 379 385 433
 444 468 493 511 527 553 569 607 645
34 51 60 84 86 142 163 181 238 248 269 289 315 330 375 397 434
 459 460 488 510 537 555 572 610 643
34 54 62 82 89 159 169 194 234 245 261 280 317 333 363 394 435
 456 466 480 500 522 558 561 601 644
33 52 61 84 89 156 165 188 232 251 273 282 312 339 367 386 431
 449 472 485 505 520 548 571 612 642
33 50 63 83 86 157 173 196 223 257 277 299 307 332 364 382 424
 443 464 495 515 535 543 577 619 644
33 53 60 82 85 150 171 195 226 246 264 286 305 335 370 387 428
 442 470 489 512 521 549 568 604 645
32 54 63 84 85 148 175 189 236 243 260 281 316 322 365 398 439
 454 479 481 501 533 554 560 600 641
32 52 60 81 88 151 170 184 229 247 262 293 309 320 371 389 432
 451 476 491 513 539 546 565 603 644
31 50 62 84 88 145 178 191 225 244 278 298 302 336 378 384 430
 445 478 498 519 531 545 575 616 645
31 54 60 83 87 154 179 190 220 253 275 297 301 323 362 381 420
 441 467 496 514 525 540 574 617 642
31 53 63 81 89 155 166 187 230 256 268 283 304 327 361 383 426
 448 473 482 507 526 552 564 611 643
30 50 60 80 89 152 164 198 237 255 270 285 319 338 372 395 438
 455 477 484 502 523 559 566 602 641
30 52 62 83 85 146 176 193 224 259 271 292 313 329 360 393 425
 453 465 490 506 532 544 573 608 643
30 51 63 82 88 141 161 180 227 249 274 295 311 334 377 390 429
 452 463 499 517 529 550 578 615 642
30 54 61 81 86 147 167 199 221 242 279 296 300 325 373 380 421
 440 475 494 518 524 541 576 614 645
34 53 61 83 88 149 174 192 222 250 266 284 308 321 366 388 423
 446 469 487 503 536 547 570 613 641
33 51 62 81 87 143 160 183 231 258 276 294 310 328 368 391 427
 447 462 497 516 534 551 579 618 641
32 53 62 80 86 153 168 186 228 241 263 291 306 326 376 392 422
 450 474 483 509 530 542 562 606 642
32 50 61 82 87 158 177 185 235 252 265 287 318 324 374 399 437
 457 471 486 504 538 556 563 605 643
31 51 61 80 85 140 162 182 239 254 267 290 314 337 369 396 436
 458 461 492 508 528 557 567 609 644
30 53 79 84 87 126 128 132 134 202 206 208 212 342 344 347 349
 403 404 406 411 581 585 589 595 644
34 50 79 81 85 124 133 136 138 203 204 216 219 343 346 355 357
 405 407 417 418 584 592 594 597 642
31 52 79 82 86 125 130 131 137 205 207 209 213 345 350 351 352
 402 410 412 413 580 588 591 599 641
32 51 79 83 89 120 121 122 123 210 211 215 218 348 353 358 359
 408 409 414 416 587 590 596 598 645
33 54 79 80 88 127 129 135 139 200 201 214 217 340 341 354 356
 400 401 415 419 582 583 586 593 643
26 35 79 114 119 186 187 192 195 221 224 227 237 281 282 289 298
 320 332 333 337 381 385 391 399 639
27 39 79 112 117 180 181 182 183 228 229 235 236 284 292 297 299
 325 331 335 336 383 386 394 395 637
25 37 79 113 118 189 190 194 199 223 226 231 232 285 288 290 291
 324 327 329 330 384 388 389 390 638
24 38 79 111 115 185 191 196 198 222 233 234 238 283 293 294 296
 323 326 334 339 387 393 396 398 636
23 36 79 110 116 184 188 193 197 220 225 230 239 280 286 287 295
 321 322 328 338 380 382 392 397 640
25 39 60 114 115 124 157 178 215 243 263 314 342 366 415 433 453
 471 494 507 534 558 578 599 612 640
23 39 62 111 118 129 154 167 211 247 265 311 343 364 410 428 446
 479 493 502 528 548 572 589 611 639
25 38 61 110 117 123 143 161 216 245 272 319 350 371 419 422 448
 460 496 506 535 554 575 595 604 639
27 38 62 114 116 137 151 165 203 248 266 307 349 361 416 420 440
 468 499 512 538 557 566 582 600 638
26 37 62 110 115 138 152 177 217 246 273 316 352 379 403 434 458
 464 482 513 524 547 574 596 615 637
24 37 60 112 116 130 144 176 200 257 276 300 359 369 407 426 450
 472 486 517 522 545 560 581 613 639
27 37 61 111 119 134 153 166 201 258 277 301 357 372 408 425 444
 470 488 519 533 550 561 580 603 640
24 36 61 114 118 127 159 175 209 244 268 309 344 370 405 427 452
 467 484 509 527 543 573 590 610 637
27 36 63 113 115 133 158 164 213 254 275 313 354 363 414 423 442
 478 497 518 539 555 571 585 606 639
25 36 62 112 119 126 150 174 205 253 267 303 348 377 401 438 457
 473 481 510 520 541 565 592 619 636
26 36 60 111 117 122 141 160 207 256 278 312 355 374 404 439 456
 461 487 515 532 542 569 586 614 638
27 35 60 110 118 139 148 169 208 249 271 308 351 367 409 424 445
 475 492 511 530 551 564 584 605 636
24 35 62 113 117 120 142 162 202 255 279 304 356 365 418 432 449
 463 495 514 536 556 568 591 607 640
23 35 61 112 115 136 145 173 206 259 274 305 358 375 413 435 454
 477 491 516 526 553 562 583 617 638
25 35 63 111 116 131 156 170 212 242 270 306 346 378 400 436 459
 465 480 504 521 540 570 587 618 637
24 39 63 110 119 128 149 171 210 252 262 310 345 360 417 421 441
 474 498 505 537 559 567 593 601 638
23 38 60 113 119 132 155 168 219 240 261 318 341 373 402 429 447
 469 485 501 531 544 577 598 609 637
26 38 63 112 118 135 147 179 204 250 269 302 353 368 411 431 451
 466 483 508 523 549 563 588 608 640
23 37 63 114 117 121 140 163 214 251 264 317 347 376 412 437 455
 462 490 503 525 546 576 594 616 636
26 39 61 113 116 125 146 172 218 241 260 315 340 362 406 430 443
 476 489 500 529 552 579 597 602 636
16 39 70 100 109 122 155 169 202 238 244 291 303 332 380 419 436
 442 472 491 538 550 574 594 608 641
17 39 72 104 108 123 159 166 214 239 240 281 302 329 387 404 434
 440 477 486 539 551 570 591 619 642
15 39 73 102 107 120 152 165 216 231 242 287 305 323 385 412 429
 445 473 483 533 555 573 586 613 644
15 38 72 100 106 138 150 162 206 225 251 284 301 320 390 414 424
 450 479 480 527 559 579 599 614 643
16 38 71 104 107 124 148 176 217 237 241 280 311 327 386 413 437
 441 461 488 536 543 565 585 618 645
17 38 69 103 109 136 146 175 213 235 249 288 306 328 381 415 438
 449 470 487 537 545 576 596 611 644
15 37 70 103 108 129 151 174 209 234 252 282 315 338 383 411 439
 453 463 497 535 540 562 584 609 645
16 37 72 101 105 139 141 178 211 220 259 294 304 331 399 405 421
 459 469 489 520 554 566 588 606 644
14 36 70 104 106 131 147 163 200 233 255 297 308 324 391 416 425
 454 474 482 531 548 578 597 604 644
16 36 69 102 108 130 157 168 203 229 258 298 316 334 388 406 431
 455 475 496 528 553 568 587 601 643
15 36 71 101 109 137 142 167 218 224 250 290 319 335 398 400 433
 447 464 498 526 546 561 581 605 642
15 35 69 104 105 126 154 177 201 228 254 296 309 330 382 417 426
 456 468 490 529 549 575 598 612 641
16 35 73 103 106 132 144 160 205 226 245 292 307 322 396 408 423
 451 471 484 524 552 572 593 616 642
14 35 72 102 109 128 158 179 219 230 247 285 314 339 394 401 422
 443 462 499 532 547 560 580 610 645
17 35 70 101 107 134 143 172 210 222 257 295 317 336 389 402 428
 458 467 494 523 542 571 592 600 643
14 39 71 103 105 121 156 164 207 227 246 293 300 321 384 418 427
 444 466 481 530 557 577 595 617 643
14 38 73 101 108 133 140 171 215 223 253 289 312 325 392 403 430
 452 465 493 522 556 564 583 603 641
14 37 69 100 107 135 149 170 208 236 248 286 318 337 393 410 435
 448 478 495 534 541 569 590 602 642
17 37 71 102 106 127 145 161 204 221 256 299 313 326 397 409 420
 457 476 485 521 558 567 589 607 641
17 36 73 100 105 125 153 173 212 232 243 283 310 333 395 407 432
 446 460 492 525 544 563 582 615 645
29 35 71 100 108 183 185 190 197 260 269 273 278 341 345 348 357
 361 366 370 376 502 506 517 518 644
29 39 69 101 106 187 188 194 198 266 271 275 277 347 350 355 356
 368 369 375 377 501 504 509 513 645
29 38 70 102 105 182 189 193 195 262 268 276 279 342 352 354 358
 364 372 374 378 500 503 510 511 642
29 37 73 104 109 180 184 191 192 263 267 270 272 343 344 351 353
 362 363 365 373 505 512 515 516 643
29 36 72 103 107 181 186 196 199 261 264 265 274 340 346 349 359
 360 367 371 379 507 508 514 519 641
28 34 65 105 115 123 132 135 137 221 229 230 231 362 367 376 377
 425 428 436 439 543 545 556 559 633
28 33 66 109 118 121 130 134 138 228 233 237 239 360 361 374 375
 423 429 430 432 540 541 554 558 632
28 32 67 106 117 124 125 128 129 220 222 223 224 370 373 378 379
 426 431 435 438 550 551 555 557 635
28 31 64 107 116 122 126 127 133 226 227 234 235 365 366 368 372
 421 422 424 434 544 546 548 553 634
28 30 68 108 119 120 131 136 139 225 232 236 238 363 364 369 371
 420 427 433 437 542 547 549 552 631
12 30 64 105 118 158 174 188 200 240 263 289 307 336 357 398 412
 448 461 491 514 521 579 596 601 635
11 34 68 109 116 148 173 187 205 246 265 294 301 325 354 389 404
 455 463 483 506 531 567 590 612 635
13 34 64 108 117 150 164 184 218 259 277 296 306 327 342 391 410
 445 467 485 508 538 560 593 615 632
12 34 66 106 119 140 177 199 208 243 278 293 311 328 358 383 400
 443 472 496 512 523 573 591 606 634
13 33 65 107 119 151 179 198 206 244 260 290 313 331 351 392 418
 456 460 486 503 524 578 587 611 635
13 32 66 105 116 152 163 190 209 245 274 284 302 332 355 393 401
 447 470 494 505 528 564 585 607 631
11 32 65 108 118 155 161 196 217 255 267 292 305 321 347 381 407
 459 468 498 500 534 571 580 614 634
12 32 68 107 115 156 162 192 219 256 276 297 303 329 350 382 411
 452 475 489 502 537 561 582 616 632
10 31 66 108 115 153 176 194 204 242 262 295 308 335 349 399 419
 449 462 481 515 527 572 598 602 635
13 31 68 106 118 142 170 195 201 241 272 287 310 334 359 394 403
 453 477 487 518 520 577 594 600 633
13 30 67 109 115 154 171 181 216 258 268 282 317 322 341 384 416
 450 476 492 504 536 569 588 619 634
11 30 66 107 117 144 166 189 211 253 266 298 309 339 345 397 415
 442 464 480 516 530 563 597 609 633
10 30 65 106 116 143 168 191 213 252 264 281 314 330 348 386 405
 446 466 495 511 526 574 586 603 632
10 34 67 107 118 146 178 183 214 254 270 283 312 320 352 380 408
 457 474 499 501 535 568 581 617 631
10 33 68 105 117 145 169 186 210 250 275 288 318 338 343 396 406
 440 465 482 517 533 565 599 610 634
12 33 67 108 116 149 167 182 207 249 261 285 304 326 344 385 414
 454 471 488 513 525 575 592 608 633
11 33 64 106 115 141 175 197 203 247 279 291 315 337 353 395 402
 441 473 490 519 522 570 595 605 631
10 32 64 109 119 159 160 193 212 251 269 299 300 323 356 388 413
 458 478 493 507 529 566 584 604 633
11 31 67 105 119 157 172 180 202 248 273 280 319 324 346 387 409
 451 479 497 509 532 576 583 613 632
12 31 65 109 117 147 165 185 215 257 271 286 316 333 340 390 417
 444 469 484 510 539 562 589 618 631
19 30 75 104 110 133 142 172 194 207 243 276 299 305 320 376 396
 401 431 469 519 538 540 590 611 649
21 34 76 100 113 121 151 175 186 200 256 271 295 319 323 378 386
 403 421 471 516 528 549 580 619 649
22 34 77 104 112 125 155 162 190 210 242 264 282 307 334 372 392
 415 427 478 513 532 554 589 605 647
19 33 77 100 111 137 140 178 187 216 241 274 292 300 324 365 397
 411 438 467 511 539 547 598 601 646
20 33 74 103 112 128 152 161 193 215 240 278 283 301 330 363 399
 410 436 475 509 536 546 597 600 649
22 33 76 102 110 122 153 170 185 205 255 266 289 317 329 373 383
 405 433 479 508 529 545 585 617 648
21 33 75 101 114 136 144 174 181 212 254 262 287 316 327 362 393
 409 422 466 502 531 550 591 614 647
21 32 74 104 111 132 146 164 199 203 253 273 286 310 336 369 385
 419 424 463 503 526 558 588 610 648
22 32 75 103 113 138 149 169 197 201 259 268 298 314 325 377 387
 412 420 460 515 523 548 581 618 646
18 32 77 102 114 131 154 166 191 208 257 261 288 315 335 368 380
 418 423 461 506 520 559 583 615 649
20 31 76 104 114 120 158 168 189 206 245 277 294 312 321 379 395
 400 428 476 517 537 541 584 608 646
19 31 74 102 113 134 141 167 198 214 252 269 284 303 322 371 391
 407 435 465 512 530 543 596 612 647
22 31 78 101 111 135 150 173 183 219 249 263 281 309 338 360 388
 416 437 472 500 524 555 595 607 649
18 30 76 103 111 123 148 177 184 204 251 275 290 304 332 370 394
 402 430 474 510 534 553 582 613 647
21 30 78 102 112 129 156 160 196 218 244 272 280 308 337 361 389
 417 434 470 501 525 556 599 606 646
20 30 77 101 113 130 145 179 182 217 248 265 293 306 333 366 382
 408 439 473 505 527 551 594 604 648
19 34 78 103 114 139 143 171 188 202 247 267 297 302 326 374 390
 413 426 464 518 533 544 587 602 648
18 34 74 101 110 126 147 176 180 209 258 260 291 318 339 364 381
 414 432 477 507 521 557 586 616 646
20 32 78 100 110 127 157 165 195 213 250 270 296 311 331 375 384
 404 425 462 514 522 552 592 609 647
18 31 75 100 112 124 159 163 192 211 246 279 285 313 328 367 398
 406 429 468 504 535 542 593 603 648
21 31 77 103 110 222 231 236 237 344 348 354 355 440 443 450 459
 485 490 491 493 561 563 568 578 650
22 30 74 100 114 223 229 234 239 346 351 356 358 441 444 447 457
 482 483 487 489 560 571 572 575 650
20 34 75 102 111 220 227 228 232 341 349 350 353 442 453 454 458
 484 486 495 498 564 565 576 579 650
18 33 78 104 113 224 230 235 238 347 352 357 359 445 446 451 452
 480 481 494 496 562 566 567 569 650
19 32 76 101 112 221 225 226 233 340 342 343 345 448 449 455 456
 488 492 497 499 570 573 574 577 650
21 58 90 118 126 172 185 225 259 261 300 332 350 395 415 439 462
 482 512 536 555 567 587 603 623 642
19 56 90 116 129 161 192 228 258 271 312 327 358 387 402 433 478
 481 514 524 559 563 594 610 622 644
19 58 93 115 128 160 190 236 249 277 319 333 359 380 405 430 468
 483 503 521 548 565 591 609 624 643
20 56 93 119 135 178 184 233 257 268 305 329 355 386 406 422 463
 480 518 525 557 572 596 605 623 641
22 55 93 118 131 168 181 227 256 260 301 328 342 396 419 435 464
 490 505 539 556 566 592 613 622 645
18 55 92 115 130 167 186 226 253 270 302 321 356 383 417 437 460
 485 511 532 550 579 590 600 623 644
19 57 92 118 124 162 193 229 248 275 317 339 348 385 400 421 470
 486 515 531 552 562 595 615 620 641
22 56 92 117 139 174 191 237 246 269 310 324 349 382 414 436 476
 494 501 522 553 573 580 611 624 642
20 58 92 116 132 177 183 238 255 262 313 337 343 390 412 431 467
 487 507 530 554 561 583 619 621 645
20 59 91 118 123 164 187 222 252 279 316 335 346 392 401 420 472
 488 516 529 544 569 599 616 624 644
18 58 91 117 134 179 197 232 242 267 311 320 354 393 416 434 471
 489 509 526 545 577 584 601 622 641
22 57 91 116 136 171 189 221 250 273 303 323 347 394 410 432 461
 484 519 535 551 578 598 606 623 643
22 59 90 115 120 166 188 224 241 278 318 331 344 389 407 424 466
 499 510 528 540 576 593 604 621 641
20 55 90 117 137 173 199 234 244 276 314 322 357 381 409 429 474
 493 513 520 549 570 585 602 620 643
21 57 93 117 133 176 195 230 240 274 315 326 351 388 408 427 479
 498 504 523 541 574 582 612 621 644
18 59 93 116 121 169 198 223 243 272 309 336 341 399 413 425 473
 497 508 537 547 568 589 614 620 642
21 59 92 119 122 165 194 220 247 264 306 325 352 398 411 423 477
 492 517 534 543 575 597 607 622 643
21 56 91 115 127 170 180 239 251 265 307 330 345 391 418 438 469
 496 500 533 542 564 581 608 620 645
19 55 91 119 125 163 196 235 254 266 304 338 353 384 403 428 475
 491 506 527 558 560 586 618 621 642
18 57 90 119 138 175 182 231 245 263 308 334 340 397 404 426 465
 495 502 538 546 571 588 617 624 645
20 57 99 115 140 146 148 150 200 202 209 210 285 287 298 299 361
 368 371 373 444 446 456 459 622 642
18 56 99 118 141 145 149 151 205 212 215 216 280 281 296 297 369
 372 376 379 442 443 447 449 621 643
22 58 99 119 143 144 154 158 204 207 217 218 283 284 286 291 365
 367 375 378 440 452 453 455 620 644
19 59 99 117 152 155 156 159 201 203 208 213 289 290 294 295 360
 362 364 366 450 451 454 457 623 645
21 55 99 116 142 147 153 157 206 211 214 219 282 288 292 293 363
 370 374 377 441 445 448 458 624 641
28 40 89 101 190 192 193 196 200 204 205 206 310 311 314 315 530
 533 538 539 568 569 575 576 623 637
28 42 88 104 182 186 197 198 202 213 218 219 300 301 316 317 520
 521 534 535 563 564 572 573 621 638
28 43 86 103 180 185 194 195 208 210 216 217 303 309 312 313 525
 526 528 531 560 566 570 579 624 640
28 41 85 102 183 184 187 199 201 207 211 212 302 307 318 319 522
 527 536 537 562 571 574 578 622 636
28 44 87 100 181 188 189 191 203 209 214 215 304 305 306 308 523
 524 529 532 561 565 567 577 620 639
13 44 85 104 130 141 169 221 251 266 283 328 348 364 389 411 422
 444 471 498 514 555 583 602 624 637
12 40 85 103 127 153 172 229 253 269 294 327 347 378 380 416 429
 456 477 495 505 547 599 605 621 639
12 43 89 104 134 145 175 220 246 262 292 332 346 368 388 410 433
 450 460 499 518 556 586 609 620 636
11 44 89 103 133 147 170 224 244 263 284 323 341 369 382 406 428
 457 462 488 511 554 591 615 622 638
10 42 89 102 137 150 177 223 240 260 297 321 344 375 393 415 421
 451 463 492 519 542 594 618 624 639
11 40 88 100 131 158 171 228 259 276 290 338 355 373 385 408 434
 449 466 496 507 543 589 600 624 636
12 44 88 102 123 146 173 237 248 264 291 331 345 363 396 403 426
 447 467 481 504 548 584 614 623 640
10 40 87 104 138 151 167 236 257 274 289 339 350 370 384 409 436
 455 473 487 500 544 593 606 622 640
11 43 87 102 135 140 164 225 245 271 282 330 359 366 398 413 432
 440 474 489 515 550 592 611 621 637
11 41 86 104 121 149 179 234 258 278 287 335 342 367 390 405 438
 458 465 491 501 552 582 607 623 639
10 44 86 101 129 152 162 227 243 268 286 324 357 371 394 404 423
 441 468 485 516 545 587 608 621 636
11 42 85 101 128 156 163 231 241 261 296 320 351 374 383 419 420
 446 478 484 517 553 596 619 620 640
13 41 89 100 139 144 168 222 242 265 299 329 352 377 381 417 430
 454 461 497 512 546 595 610 621 640
10 41 88 103 126 142 165 233 256 277 285 337 358 362 392 407 437
 442 479 494 506 551 588 601 620 637
13 43 88 101 124 155 160 239 252 273 288 326 349 365 395 412 425
 443 475 480 510 549 590 617 622 639
13 42 87 103 122 157 176 232 254 279 281 336 343 361 397 400 435
 452 469 483 513 559 580 604 623 636
12 41 87 101 125 159 161 238 247 270 298 322 354 376 386 418 424
 453 470 482 508 541 598 613 624 638
12 42 86 100 136 143 166 226 255 275 280 334 353 360 399 401 439
 445 476 493 503 557 581 612 622 637
13 40 86 102 132 148 178 235 250 267 295 333 356 379 387 414 427
 448 472 490 502 540 597 603 620 638
10 43 85 100 120 154 174 230 249 272 293 325 340 372 391 402 431
 459 464 486 509 558 585 616 623 638
23 45 80 108 137 158 169 180 212 222 256 320 359 368 384 441 470
 495 510 524 554 573 597 612 623 648
24 49 80 106 136 155 167 184 215 227 248 336 352 367 388 456 462
 489 506 533 540 563 585 619 624 646
24 48 84 109 133 151 166 183 217 220 245 324 358 377 385 446 475
 490 508 521 542 577 599 602 623 647
27 45 84 107 123 157 174 190 207 233 247 328 356 373 399 450 465
 484 500 526 549 567 594 615 621 646
23 46 84 106 130 159 171 185 218 231 254 331 346 372 381 448 463
 494 515 530 547 565 582 608 622 649
26 45 83 109 132 145 163 188 201 234 242 327 345 371 395 452 479
 486 511 534 557 568 592 606 624 649
25 48 83 108 127 144 162 198 208 230 246 333 343 374 386 447 474
 491 519 529 555 576 588 600 622 646
27 49 82 109 120 149 176 196 214 221 243 330 355 378 392 451 467
 482 502 520 553 579 595 609 622 648
24 47 82 108 124 143 170 199 206 228 250 332 354 362 397 444 473
 492 501 532 548 566 596 616 621 649
27 46 81 108 121 154 173 193 202 226 241 337 350 379 398 457 469
 480 505 523 545 578 586 610 624 647
26 48 81 106 126 156 178 189 210 239 249 335 341 363 393 455 460
 493 514 538 543 562 580 613 621 648
27 48 80 105 122 146 179 192 216 225 252 334 347 370 389 454 464
 485 507 522 541 572 591 618 620 649
26 47 80 107 128 142 175 191 205 229 259 321 357 364 390 440 472
 497 504 525 558 564 598 604 622 647
25 47 84 105 129 140 168 197 204 235 257 323 351 360 391 442 477
 499 513 536 552 561 590 614 624 648
24 46 83 107 138 147 160 187 213 232 240 338 342 376 394 459 476
 481 512 528 550 575 583 605 620 648
26 46 82 105 134 148 165 181 219 223 255 326 348 369 380 453 478
 496 516 527 546 570 593 611 623 646
25 45 82 106 135 152 172 186 211 238 258 325 344 361 382 449 461
 498 503 539 544 560 584 617 620 647
23 47 81 109 125 141 177 195 200 236 253 329 349 366 396 445 466
 488 509 535 559 571 587 607 620 646
25 49 81 107 139 153 164 182 209 224 251 322 353 375 387 443 468
 487 517 531 556 574 589 601 623 649
23 49 83 105 131 150 161 194 203 237 244 339 340 365 383 458 471
 483 518 537 551 569 581 603 621 647
26 49 84 108 263 264 266 268 287 288 294 297 300 311 313 319 401
 402 408 417 424 432 435 436 620 650
23 48 82 107 262 271 272 273 289 291 296 299 301 302 304 314 400
 406 407 416 423 427 438 439 624 650
24 45 81 105 265 270 277 278 281 286 290 292 303 308 315 317 403
 413 414 415 420 422 429 431 622 650
25 46 80 109 260 261 275 279 284 293 295 298 305 307 310 312 405
 409 410 411 425 426 434 437 621 650
27 47 83 106 267 269 274 276 280 282 283 285 306 309 316 318 404
 412 418 419 421 428 430 433 623 650
16 50 94 114 134 147 193 236 256 272 290 306 345 367 387 401 446
 463 513 522 555 579 598 617 621 634
15 51 98 113 135 157 188 237 253 262 283 300 351 379 394 405 454
 470 506 538 542 570 589 616 622 634
17 50 98 112 122 151 189 224 258 261 286 311 356 362 396 412 459
 474 518 527 547 564 595 612 624 632
14 52 98 111 138 159 181 221 252 267 291 319 358 368 382 415 445
 469 517 525 552 568 585 600 621 635
17 51 97 110 130 154 187 234 259 263 285 303 349 370 386 400 451
 478 503 533 556 577 597 614 621 631
15 52 97 114 128 141 199 238 246 275 299 308 341 365 392 408 448
 477 500 528 545 563 592 618 623 632
17 54 96 114 132 152 180 225 241 276 293 304 348 375 388 417 442
 465 508 535 548 569 580 605 622 635
14 50 96 113 129 143 195 239 242 266 292 301 344 376 398 409 456
 472 507 537 553 565 588 615 623 631
15 53 96 112 121 148 185 220 248 270 288 314 355 364 391 419 452
 476 519 524 544 571 591 601 621 633
14 51 95 114 126 146 198 232 250 265 280 305 357 378 383 402 450
 475 515 539 554 574 593 607 624 633
17 53 95 111 124 142 197 231 244 271 297 307 352 371 399 414 455
 466 505 529 541 560 583 609 623 634
17 52 94 113 139 150 196 228 245 278 289 316 343 372 380 411 441
 462 504 526 557 578 590 613 620 633
15 54 94 111 133 144 192 229 255 264 295 318 342 361 384 413 443
 460 509 520 551 567 596 608 624 631
16 54 98 110 125 140 191 227 240 277 284 313 346 374 389 416 449
 473 502 534 549 562 581 610 623 633
16 53 97 113 127 156 183 233 243 274 287 317 353 369 381 410 440
 464 510 532 559 575 584 603 624 635
14 54 97 112 120 153 184 222 254 273 298 315 350 360 390 404 447
 471 511 521 543 566 594 611 620 634
16 51 96 111 136 149 194 230 257 260 282 302 354 373 395 403 457
 468 514 530 546 573 599 604 620 632
15 50 95 110 131 155 182 226 247 269 281 312 359 377 393 406 444
 467 516 536 558 576 582 606 620 635
16 52 95 112 123 158 186 223 249 268 296 310 347 366 397 418 458
 479 512 531 540 561 586 602 622 631
14 53 94 110 137 145 190 235 251 279 294 309 340 363 385 407 453
 461 501 523 550 572 587 619 622 632
29 51 94 112 168 170 175 177 202 207 214 216 327 333 338 339 420
 423 424 425 489 493 494 498 623 635
29 53 98 114 161 164 167 176 201 205 210 219 323 324 328 331 430
 431 434 439 480 491 492 495 620 631
29 50 97 111 163 169 172 174 206 213 215 217 322 329 335 337 421
 426 427 432 483 485 496 499 622 633
29 52 96 110 162 166 178 179 200 203 212 218 325 326 330 332 428
 429 435 437 481 484 487 497 624 634
29 54 95 113 160 165 171 173 204 208 209 211 320 321 334 336 422
 433 436 438 482 486 488 490 621 632
130 143 164 192 208 232 244 269 287 304 325 355 379 396 415 425 441
 479 499 500 521 546 562 598 619 630
124 153 179 188 207 235 245 264 296 303 337 341 364 388 409 430 459
 463 482 516 539 559 573 581 600 630
128 151 173 194 214 228 255 272 298 300 328 346 366 393 414 428 452
 461 485 510 533 552 574 588 605 630
134 157 162 184 209 226 249 265 289 313 323 358 376 395 419 426 440
 466 498 501 520 547 569 597 618 630
127 155 177 181 218 220 257 266 285 310 320 357 363 387 413 439 449
 465 483 511 528 541 578 595 616 630
135 142 166 193 213 234 246 274 291 312 336 347 373 391 417 420 443
 471 492 502 527 554 565 587 613 630
136 141 165 190 201 237 240 267 293 317 335 350 378 397 406 424 446
 474 497 507 524 556 560 590 608 630
125 148 174 198 216 229 256 279 286 302 330 344 360 381 408 433 458
 462 480 517 538 548 577 583 606 630
122 145 171 199 200 239 241 270 284 316 339 342 377 399 402 427 451
 468 495 506 525 555 561 584 611 630
137 149 160 189 217 233 254 263 295 301 332 348 371 383 418 431 445
 477 489 504 522 544 576 589 610 630
138 156 168 180 211 223 250 271 283 315 322 349 372 385 401 437 456
 467 491 518 534 545 567 591 604 630
129 158 176 187 202 236 251 278 288 305 334 352 362 382 416 421 447
 460 484 508 530 558 570 592 603 630
133 154 161 186 212 225 248 260 294 308 329 353 374 394 412 438 444
 472 494 513 526 543 568 593 609 630
131 152 175 183 210 224 253 277 280 314 326 354 367 384 411 432 448
 469 486 512 529 553 572 594 614 630
126 140 169 196 203 230 242 276 281 319 331 356 370 390 410 423 453
 476 488 505 531 542 563 596 617 630
120 147 178 197 205 227 252 261 299 309 327 343 375 398 403 436 450
 470 496 503 532 551 571 582 602 630
139 146 163 185 219 221 258 262 290 307 321 359 365 386 404 435 442
 473 493 509 523 540 575 599 615 630
132 159 170 182 215 222 259 275 282 311 324 351 361 380 407 422 455
 464 481 519 537 549 579 586 607 630
121 150 172 191 204 231 247 268 292 318 333 345 369 392 400 434 454
 475 487 514 535 550 566 585 612 630
123 144 167 195 206 238 243 273 297 306 338 340 368 389 405 429 457
 478 490 515 536 557 564 580 601 630
1 6 34 36 129 166 185 206 237 249 279 299 369 384 412 422 451
 465 489 505 534 574 598 600 620 626
0 6 30 39 137 175 192 201 226 257 273 283 374 392 414 435 459
 462 496 508 531 565 584 607 621 625
1 8 33 35 125 164 189 204 234 248 272 297 377 380 404 437 450
 469 498 507 528 573 596 603 622 625
1 5 30 37 124 165 186 205 230 254 278 284 368 387 419 432 454
 467 493 500 537 577 587 605 624 627
3 8 30 38 127 163 187 210 228 247 260 286 379 388 407 436 445
 471 497 515 520 561 591 617 623 626
2 6 31 35 138 161 188 218 229 243 265 288 373 393 411 427 442
 474 488 503 522 566 586 619 623 627
0 7 32 35 135 176 181 207 239 244 275 294 372 390 403 433 446
 473 485 512 535 576 597 601 624 626
3 7 33 39 133 168 190 208 221 259 270 280 371 398 416 426 458
 463 487 510 527 563 580 616 620 627
2 5 32 38 130 174 183 202 227 242 271 290 363 397 405 428 443
 477 482 519 525 569 593 612 620 625
2 7 30 36 121 178 195 219 222 245 269 291 362 383 410 424 449
 468 486 513 533 567 583 618 622 628
0 8 31 37 123 171 197 212 224 255 274 293 364 386 415 423 456
 475 483 501 538 579 592 610 620 628
3 5 34 35 122 167 191 217 223 251 276 287 360 395 406 420 448
 470 481 509 539 578 588 609 621 628
4 8 32 36 136 179 180 214 231 246 277 289 361 396 402 421 453
 472 480 511 536 575 589 602 621 627
3 6 32 37 126 173 182 216 238 240 266 295 367 391 400 430 441
 466 484 518 532 568 599 611 622 629
4 5 31 39 139 177 193 203 233 250 261 282 376 389 408 438 452
 460 495 516 521 560 585 614 622 626
0 5 33 36 132 162 194 211 236 252 263 296 378 381 413 434 444
 476 499 506 523 564 594 613 623 629
4 7 34 37 131 160 198 215 235 241 262 298 370 382 401 429 440
 479 492 514 526 571 595 608 623 625
1 7 31 38 128 169 184 200 232 258 264 292 375 385 418 439 457
 464 494 502 529 570 590 606 621 629
2 8 34 39 134 170 196 213 225 253 268 285 365 399 409 431 447
 461 490 517 524 562 582 604 624 629
4 6 33 38 120 172 199 209 220 256 267 281 366 394 417 425 455
 478 491 504 530 572 581 615 624 628
0 9 34 38 141 153 154 156 305 313 314 316 324 332 336 338 344
 345 356 359 541 546 551 552 622 627
3 9 31 36 143 148 149 152 300 306 307 315 320 329 331 339 341
 343 347 358 549 550 556 558 624 625
2 9 33 37 142 146 155 158 302 308 309 311 322 323 325 333 342
 346 348 350 542 553 557 559 621 626
1 9 32 39 144 145 147 150 304 312 317 319 328 330 334 337 349
 351 354 357 540 543 544 547 623 628
4 9 30 35 140 151 157 159 301 303 310 318 321 326 327 335 340
 352 353 355 545 548 554 555 620 629
