625 626 627 628 629 630 631 632 633 634 635 636 637 638 639 640 641
 642 643 644 645 646 647 648 649 650
5 11 12 15 16 17 20 21 27 28 32 33 34 41 42 44 49
 50 53 58 164 170 171 177 178 650
1 3 4 10 13 19 22 24 26 30 31 36 38 40 45 46 52
 54 57 60 166 168 169 181 182 650
2 6 7 8 9 14 18 23 25 29 35 37 39 43 47 48 51
 55 56 59 165 172 173 179 180 650
121 123 124 125 126 129 134 135 137 138 139 140 142 148 150 151 152
 155 157 158 160 170 174 179 181 649
120 122 127 128 130 131 132 133 136 141 143 144 145 146 147 149 153
 154 156 159 161 171 175 180 182 649
81 83 84 87 88 92 94 96 98 99 101 103 104 105 106 107 113
 115 116 118 163 169 173 178 184 649
80 82 85 86 89 90 91 93 95 97 100 102 108 109 110 111 112
 114 117 119 162 168 172 177 183 649
0 61 62 63 64 65 66 67 68 69 70 71 72 73 74 75 76
 77 78 79 167 174 175 183 184 650
176 177 179 182 184 185 187 189 191 193 195 197 200 201 204 205 208
 209 212 213 215 219 220 222 223 626
176 178 180 181 183 186 188 190 192 194 196 198 199 202 203 206 207
 210 211 214 216 217 218 221 224 625
162 167 171 173 181 507 508 510 511 512 516 518 520 522 524 526 527
 530 532 533 537 538 540 541 542 626
163 167 170 172 182 505 506 509 513 514 515 517 519 521 523 525 528
 529 531 534 535 536 539 543 544 625
161 165 169 170 183 391 395 398 401 402 403 408 410 412 416 418 423
 429 438 442 446 448 456 460 463 626
160 165 168 171 184 390 392 393 397 400 404 406 411 417 419 422 427
 430 434 444 451 455 459 461 464 625
161 166 173 174 177 385 386 387 405 407 409 415 420 424 428 433 435
 440 443 445 449 452 454 457 458 625
160 166 172 175 178 388 389 394 396 399 413 414 421 425 426 431 432
 436 437 439 441 447 450 453 462 626
162 164 169 175 179 466 468 469 473 474 475 476 478 482 483 484 485
 486 488 494 498 499 501 502 503 625
163 164 168 174 180 465 467 470 471 472 477 479 480 481 487 489 490
 491 492 493 495 496 497 500 504 626
161 167 168 178 179 345 347 349 350 353 356 357 362 364 365 366 367
 368 370 371 372 376 378 379 384 647
160 167 169 177 180 346 348 351 352 354 355 358 359 360 361 363 369
 373 374 375 377 380 381 382 383 648
162 165 174 178 182 265 267 271 278 280 284 288 302 303 306 319 320
 324 328 329 330 331 336 338 339 648
163 165 175 177 181 266 268 270 276 291 293 296 300 309 312 315 316
 317 318 321 327 332 335 337 340 647
162 166 170 180 184 272 274 275 277 279 286 290 294 298 299 301 304
 305 311 314 323 325 333 341 343 647
163 166 171 179 183 269 273 281 282 283 285 287 289 292 295 297 307
 308 310 313 322 326 334 342 344 648
161 164 172 181 184 226 230 232 233 234 236 237 238 240 242 243 246
 248 251 253 255 257 259 261 263 648
160 164 173 182 183 225 227 228 229 231 235 239 241 244 245 247 249
 250 252 254 256 258 260 262 264 647
47 54 76 99 121 136 177 203 244 246 294 313 329 370 431 442 455
 468 491 529 532 560 583 615 619 642
29 57 62 119 131 150 178 222 241 255 270 298 342 382 454 455 463
 476 480 508 528 556 580 592 597 640
38 58 59 98 134 159 183 220 234 278 286 337 365 374 394 417 445
 492 499 529 530 556 582 593 595 634
12 39 78 106 119 127 181 195 264 304 313 328 371 381 423 434 441
 443 477 494 531 554 576 598 624 634
28 43 75 107 110 120 181 201 258 314 326 336 350 374 403 409 437
 455 465 475 536 562 572 611 622 636
22 28 78 82 105 142 180 215 236 241 280 287 337 379 391 433 439
 451 473 519 533 559 567 585 616 642
1 29 34 96 145 157 183 197 253 311 328 335 362 380 392 407 462
 469 490 507 513 562 579 604 618 642
13 34 75 84 102 131 179 221 237 244 302 304 317 377 388 429 457
 461 504 506 538 546 578 585 593 639
12 54 75 88 111 138 180 222 233 260 331 332 334 362 395 426 430
 458 466 515 542 551 582 586 607 631
37 53 72 103 117 135 182 217 248 298 300 307 383 384 386 395 399
 434 482 489 537 547 572 593 599 642
49 60 71 98 112 123 180 200 239 253 268 271 282 378 406 408 424
 453 482 536 541 546 576 605 615 640
9 50 75 101 108 158 182 202 251 313 316 323 357 380 413 446 449
 451 470 503 530 555 565 603 620 640
37 60 61 94 151 159 177 218 257 264 273 323 330 362 414 438 461
 475 487 514 527 564 574 597 616 633
7 34 60 109 122 126 184 198 252 265 308 337 367 369 395 396 454
 477 485 532 544 555 568 606 622 646
7 40 79 81 153 155 177 216 242 258 285 286 324 379 390 398 462
 472 494 520 539 547 578 586 609 640
5 47 61 112 115 157 182 194 237 309 325 344 349 382 398 426 444
 445 496 498 533 550 568 613 624 636
30 33 56 80 136 152 184 211 254 300 302 326 351 365 418 441 458
 469 496 540 543 558 571 608 616 640
3 43 49 101 128 139 183 212 246 284 312 341 345 383 396 405 427
 494 504 521 533 551 580 602 608 633
12 56 64 81 102 150 182 203 226 289 314 337 345 363 408 420 436
 459 483 490 527 552 584 612 617 635
5 59 63 100 105 128 181 193 256 310 329 343 352 376 395 404 414
 457 467 484 523 557 579 617 623 640
9 38 49 110 124 132 184 217 228 276 287 328 349 354 415 416 450
 468 487 523 542 548 578 587 592 635
12 24 61 97 98 145 179 216 231 259 290 296 329 369 389 409 451
 463 497 511 543 548 570 599 602 645
49 55 77 94 102 145 181 223 229 295 298 320 365 375 385 412 430
 431 493 503 535 559 568 601 609 643
17 37 57 87 147 148 183 191 259 276 280 299 373 376 435 437 459
 472 503 515 532 546 571 621 624 630
11 23 46 90 120 155 184 190 262 282 296 330 366 377 394 420 460
 474 481 508 535 551 565 623 624 642
46 51 75 115 139 156 177 224 241 259 297 333 339 384 392 408 450
 479 484 512 544 558 575 590 601 634
15 25 79 97 113 152 182 196 253 272 310 312 353 377 438 439 454
 464 493 502 542 553 583 611 621 634
1 37 75 85 121 133 178 223 235 242 268 279 310 369 405 411 460
 496 499 518 531 552 567 587 589 644
28 45 79 112 116 132 179 218 226 245 318 319 343 380 394 430 443
 448 489 528 532 563 575 589 608 637
29 49 76 93 104 155 182 224 234 279 281 321 350 381 397 429 440
 447 467 485 511 563 577 607 616 630
2 26 77 109 140 159 178 204 233 250 283 314 318 352 418 440 444
 486 504 512 539 548 576 620 621 642
2 45 58 100 121 154 184 210 247 291 331 342 357 381 407 410 439
 479 498 527 534 546 572 602 609 632
6 45 72 105 141 150 177 198 228 240 274 288 322 365 388 411 423
 497 502 507 536 551 569 613 620 630
24 34 63 93 106 140 180 219 238 258 303 309 322 384 413 435 460
 464 468 505 527 556 581 600 608 643
33 37 71 108 116 141 181 220 231 267 294 308 349 377 392 410 421
 433 483 495 539 561 580 600 607 629
31 33 77 89 113 129 180 201 247 255 307 321 339 356 389 411 445
 446 494 506 532 564 573 618 623 635
7 31 78 117 125 136 178 219 225 257 276 277 344 380 404 420 429
 493 501 516 536 561 582 590 602 638
15 56 62 88 114 146 181 204 262 290 319 344 354 384 391 411 449
 462 471 478 529 546 577 606 614 633
36 51 63 110 123 147 178 215 260 263 266 275 289 377 434 445 448
 470 485 507 543 560 566 596 609 633
24 25 41 83 138 149 183 209 248 318 325 339 354 370 419 421 457
 476 477 522 536 552 565 609 616 627
16 31 51 103 132 152 183 200 237 291 294 336 369 379 385 414 422
 488 500 505 508 554 577 612 620 631
5 22 64 108 118 154 179 224 242 250 328 332 341 375 399 428 442
 464 471 508 536 564 571 595 596 646
10 27 72 87 110 156 179 199 233 252 277 327 330 381 387 412 417
 425 495 505 533 552 583 614 618 640
23 57 64 83 137 146 177 221 256 263 271 272 281 367 430 441 446
 499 500 513 533 548 572 591 600 638
28 51 57 91 134 149 184 199 235 284 307 309 362 375 423 432 449
 467 501 538 539 553 584 610 615 645
31 42 76 96 114 130 179 202 243 256 266 301 320 383 408 419 439
 458 487 524 539 556 569 622 624 644
21 25 26 117 131 148 184 214 239 266 322 329 345 346 412 452 462
 473 500 530 531 564 575 594 607 636
16 45 62 80 107 134 180 223 243 264 269 306 312 376 387 429 444
 450 483 513 520 560 565 594 599 646
13 53 56 116 140 153 183 213 240 323 332 338 368 381 389 406 454
 481 501 523 524 560 567 591 601 636
10 12 35 104 123 144 183 189 261 274 319 340 372 382 413 415 461
 473 493 518 539 558 572 619 623 646
25 45 71 95 127 135 178 197 234 244 285 315 323 360 416 422 435
 466 471 533 535 558 573 617 622 645
5 8 31 95 142 153 184 192 260 278 295 316 361 384 443 447 456
 475 497 513 541 552 580 619 621 639
19 33 69 88 117 153 179 198 235 246 271 275 340 352 385 397 416
 437 480 519 527 550 565 588 604 634
39 41 54 82 143 150 184 218 231 306 310 340 378 383 398 425 435
 470 486 506 510 562 577 595 601 638
26 39 42 118 126 146 183 205 230 267 309 333 356 360 388 397 420
 475 491 534 542 559 566 589 599 640
52 56 70 103 129 147 177 194 233 245 305 310 328 364 427 447 463
 473 492 534 538 561 565 605 622 643
54 59 68 97 122 155 178 191 228 248 295 309 341 351 407 446 461
 465 483 519 524 554 575 605 614 628
29 32 68 101 109 136 181 209 247 271 274 297 348 364 394 398 452
 459 466 487 505 553 567 596 599 639
16 37 40 86 130 139 184 188 249 271 283 332 372 380 388 391 445
 465 476 511 525 549 583 598 617 643
3 27 47 85 147 158 184 206 229 269 270 319 356 358 401 414 440
 466 490 524 536 547 570 585 600 634
40 41 67 80 106 146 179 190 234 260 284 299 335 346 386 410 414
 455 493 512 517 555 567 605 613 635
3 17 62 81 91 133 179 214 228 261 272 303 316 348 395 422 431
 445 481 526 534 562 576 590 616 629
7 58 68 85 96 137 182 207 232 275 292 327 360 376 391 415 421
 455 474 497 538 564 576 601 608 631
3 39 73 92 132 148 177 202 238 250 289 298 331 353 417 421 429
 465 469 509 541 550 567 606 623 645
30 43 76 90 126 156 178 195 229 238 307 332 343 346 398 415 451
 492 502 513 522 546 574 588 612 629
18 34 79 104 117 130 181 191 241 269 325 331 347 360 425 427 428
 456 481 499 543 545 574 615 620 635
40 42 69 97 116 150 180 197 229 237 265 276 297 370 417 418 428
 447 474 526 531 557 572 603 610 633
3 18 70 86 134 153 178 193 236 254 296 304 308 354 408 452 464
 491 503 510 514 563 572 613 618 631
18 21 30 113 127 155 183 223 233 265 290 316 349 359 424 432 455
 484 489 509 527 549 569 585 596 638
39 52 74 108 139 149 178 201 239 243 290 292 337 358 386 430 438
 481 498 505 540 557 578 604 619 630
46 58 72 84 108 157 180 187 226 254 266 284 285 364 397 401 409
 431 476 518 523 554 574 606 621 638
5 52 79 87 114 135 180 209 225 246 296 336 342 367 423 436 440
 461 469 517 530 549 566 587 601 629
15 30 61 99 100 137 180 208 230 235 289 318 328 372 390 403 425
 452 488 524 535 555 580 590 593 630
19 53 68 83 90 152 180 189 250 259 267 270 273 357 412 427 432
 443 485 516 529 562 578 613 617 644
9 24 68 88 123 143 177 188 227 234 269 301 302 368 396 403 404
 489 498 508 531 559 584 618 621 629
36 58 70 92 111 120 179 196 248 264 276 311 338 359 398 411 413
 440 500 540 544 559 580 615 617 641
1 49 74 100 103 122 179 192 238 262 270 274 339 360 393 418 426
 433 472 514 530 560 584 598 611 638
14 40 50 105 129 133 183 195 257 270 275 306 350 355 436 458 464
 495 498 535 537 548 575 606 615 639
14 21 73 83 112 154 181 212 254 292 299 338 356 369 387 416 447
 461 470 502 525 556 584 586 590 642
10 14 61 93 124 141 178 205 226 249 301 326 335 373 393 395 428
 494 500 529 541 553 565 585 601 632
15 54 66 90 101 144 179 210 254 257 333 336 337 373 421 424 444
 456 467 507 531 547 573 591 592 643
6 38 73 91 142 146 178 189 231 246 282 317 325 381 401 458 459
 488 489 520 544 564 579 603 611 643
9 17 66 93 103 156 181 197 235 286 306 334 351 367 406 420 439
 448 476 504 509 564 570 613 619 641
20 46 71 85 105 159 179 188 225 230 265 298 321 354 402 407 427
 441 470 515 520 553 581 612 619 636
21 57 67 102 118 125 180 185 228 251 283 291 330 368 393 398 405
 421 478 537 543 563 579 619 622 634
19 29 78 113 126 149 177 210 226 260 282 320 341 376 413 418 422
 478 495 510 525 545 570 587 593 636
14 17 19 108 127 151 184 203 256 297 318 324 347 382 389 405 429
 482 492 507 517 559 581 611 614 631
41 51 72 86 118 133 181 208 244 265 282 301 357 363 389 400 438
 440 472 473 513 550 582 592 608 628
42 48 70 81 95 132 181 219 239 275 281 339 368 373 401 407 432
 451 486 496 517 551 583 593 597 646
26 44 66 96 110 155 180 220 240 249 293 310 319 347 386 422 441
 442 503 522 544 550 584 597 602 639
22 56 72 112 130 151 178 185 227 232 281 312 333 359 385 390 410
 468 477 515 530 562 570 610 623 639
2 13 69 106 144 157 177 199 232 239 279 287 306 356 394 395 419
 471 503 516 543 549 580 611 612 628
28 59 66 94 95 123 182 190 259 304 332 342 348 356 400 405 418
 425 468 500 520 561 569 604 606 627
20 52 59 93 133 157 184 221 250 288 313 327 359 368 408 433 437
 488 493 522 528 545 573 586 599 633
1 20 70 91 115 124 180 195 244 263 292 320 340 345 394 404 410
 454 475 509 511 547 571 614 620 627
6 11 64 80 96 149 181 200 225 287 303 323 359 372 405 417 426
 463 485 491 506 547 575 588 621 632
6 33 54 81 130 137 183 215 238 293 304 330 357 358 404 409 447
 471 482 512 528 553 568 587 594 641
20 55 67 88 100 140 182 211 236 276 282 294 358 367 387 388 419
 456 492 494 518 562 575 596 597 645
2 17 63 86 98 124 182 186 255 269 293 333 370 375 402 443 461
 462 488 495 540 551 567 588 622 638
8 21 70 82 107 139 182 216 230 273 274 335 347 352 417 431 448
 458 477 501 508 546 573 587 600 628
9 20 22 94 122 135 183 222 243 314 317 324 346 364 411 443 453
 467 474 510 543 550 583 590 600 632
6 13 42 119 129 145 184 207 227 268 334 336 352 353 386 402 413
 472 483 529 533 563 574 590 596 627
23 32 69 99 110 138 182 214 243 270 299 308 359 379 389 404 407
 423 478 504 541 558 574 589 595 643
32 60 73 93 107 128 179 203 240 241 267 291 305 358 415 434 446
 462 496 510 535 549 582 610 621 627
33 48 73 105 114 134 182 221 233 268 297 311 346 372 393 396 435
 442 475 481 516 554 570 592 609 637
23 44 60 88 124 136 183 201 242 266 298 303 361 371 425 433 444
 479 502 517 538 563 570 603 617 628
24 47 69 102 120 137 178 200 240 247 273 286 316 383 387 392 402
 467 473 517 542 545 571 598 606 637
8 60 65 100 132 157 178 209 258 261 299 300 334 363 427 442 449
 474 495 506 511 559 569 591 594 634
14 41 71 87 119 142 182 206 238 266 283 305 351 362 385 394 403
 411 484 491 526 545 578 591 602 646
7 11 36 99 131 158 183 185 226 268 305 331 375 384 387 400 441
 486 487 511 519 557 573 611 613 629
27 36 73 95 101 121 180 191 227 261 308 324 335 365 399 419 420
 438 484 528 538 548 577 588 598 636
6 44 78 90 118 148 182 192 261 286 315 326 364 369 410 430 450
 457 480 486 524 549 581 615 618 633
47 50 65 87 111 159 181 189 249 289 302 341 346 379 419 450 454
 460 482 497 534 563 573 604 610 638
11 18 62 109 116 129 182 199 263 317 322 341 373 378 390 409 414
 416 469 479 522 559 582 598 619 644
23 27 67 84 97 144 181 205 250 278 305 307 345 380 390 402 435
 453 480 498 544 560 569 587 616 631
4 8 28 92 150 154 183 187 251 301 321 329 367 377 386 390 450
 466 496 514 516 545 576 588 614 643
22 25 74 87 125 133 177 190 230 247 311 319 326 378 432 434 456
 483 504 511 523 556 568 588 603 631
4 48 50 112 135 146 184 196 258 273 293 320 348 371 421 428 463
 484 504 518 519 560 582 612 618 630
1 15 35 102 138 159 184 202 241 281 315 338 355 376 409 442 453
 489 494 505 526 561 566 588 613 628
1 48 65 98 120 142 177 214 251 252 267 304 307 347 416 436 444
 476 493 515 524 557 577 596 608 632
16 38 78 83 95 147 179 211 247 253 288 293 314 382 390 396 449
 460 491 509 537 557 574 601 607 628
46 48 66 111 154 158 178 213 253 256 294 322 340 355 403 417 443
 472 478 521 538 549 568 599 616 635
22 32 43 111 123 141 184 216 245 303 321 344 360 370 387 436 438
 480 503 509 512 554 579 591 593 644
18 38 71 107 152 154 177 186 229 248 277 303 334 345 389 391 393
 467 486 518 528 555 566 604 624 639
16 43 65 84 91 121 182 198 257 287 290 318 361 368 392 412 428
 441 466 472 510 556 566 605 623 641
4 23 79 80 129 143 178 212 252 259 274 291 313 375 391 419 424
 475 490 523 526 550 581 593 607 641
19 55 64 82 144 148 178 220 237 262 269 311 321 361 406 409 423
 484 487 534 537 555 583 586 608 627
15 46 55 106 121 143 183 193 263 277 288 300 347 348 426 440 451
 480 483 525 541 564 578 610 622 637
4 21 68 99 119 149 179 186 236 249 279 300 324 374 401 406 435
 436 479 513 542 561 568 620 623 633
8 53 74 91 113 147 181 222 227 279 285 330 355 370 388 408 415
 444 469 500 519 555 581 595 602 637
30 44 65 109 115 143 179 217 239 255 280 312 323 355 400 420 423
 447 465 518 529 545 579 600 609 631
42 51 74 80 92 151 182 210 240 277 295 340 371 374 427 452 453
 460 471 476 532 548 579 585 586 629
30 59 77 96 124 131 177 196 231 236 299 336 344 357 397 448 453
 466 481 521 537 552 581 598 610 646
3 50 64 103 119 151 180 213 234 252 317 329 344 366 392 415 437
 456 486 525 540 553 569 589 609 628
10 32 74 86 94 158 180 204 231 242 278 281 300 353 396 416 455
 457 501 507 534 545 575 612 624 641
11 13 65 85 104 126 180 212 248 256 288 316 326 371 385 448 459
 462 498 512 514 561 583 592 595 645
11 26 63 89 94 136 179 206 227 251 306 315 325 363 391 392 432
 454 492 521 541 554 572 586 587 630
4 35 62 118 130 140 177 217 235 253 278 308 343 350 412 426 459
 470 474 517 540 554 573 585 602 627
53 57 77 82 104 127 179 194 232 258 268 278 294 351 404 438 450
 452 490 522 525 551 566 603 606 632
27 35 77 106 111 126 182 218 246 285 291 301 354 366 406 432 433
 463 465 499 507 557 571 590 594 639
14 36 66 84 128 135 177 211 255 262 265 295 325 372 410 437 451
 490 501 505 542 563 576 594 595 644
12 29 36 89 140 156 184 186 225 267 292 312 373 379 403 431 457
 471 499 514 537 550 569 603 605 637
5 19 48 107 125 141 183 204 255 279 302 327 363 366 430 439 452
 468 470 526 544 547 574 598 605 645
7 20 69 90 98 143 181 213 245 283 284 311 353 382 399 422 446
 458 468 479 514 552 566 585 594 630
10 44 55 97 128 137 184 194 264 285 317 339 350 363 399 424 448
 478 491 515 516 556 567 604 620 629
4 41 76 81 109 148 180 193 245 257 295 327 338 349 388 402 434
 449 499 508 521 558 570 604 611 632
35 58 76 89 115 131 181 215 228 273 277 324 361 378 386 396 418
 464 488 490 515 549 565 589 591 645
2 16 61 85 92 122 181 185 260 272 280 322 366 383 397 424 436
 442 492 501 528 558 578 603 618 627
2 27 52 115 120 151 183 219 236 271 315 343 351 353 428 431 434
 478 497 506 520 555 584 592 607 644
26 43 67 104 145 158 177 192 243 254 275 280 342 349 399 406 460
 477 488 506 526 553 582 614 617 637
32 45 47 84 142 156 183 208 232 272 296 320 352 378 393 399 449
 465 485 531 540 561 581 586 597 635
9 13 67 89 128 138 178 187 230 245 272 293 297 374 400 412 433
 469 497 525 527 547 577 615 624 646
18 24 53 114 125 144 184 224 244 280 289 335 364 374 385 426 446
 495 502 520 521 557 576 589 597 641
8 10 63 101 122 134 177 207 225 237 283 290 338 371 400 401 439
 480 482 522 535 562 571 589 607 635
0 50 52 86 113 141 179 207 229 263 286 309 331 361 403 405 453
 459 477 516 523 558 577 594 597 642
0 34 39 83 89 125 182 188 242 296 334 343 355 365 401 422 424
 437 473 487 512 560 580 610 614 632
0 17 38 92 117 139 180 205 232 262 302 313 315 350 400 407 414
 463 502 510 539 552 568 591 596 637
0 31 55 116 127 138 177 206 249 261 284 292 314 366 402 425 464
 485 496 519 530 546 579 592 599 641
0 25 44 82 99 153 181 187 252 288 333 342 358 362 393 413 429
 445 474 489 521 548 571 605 612 644
0 35 40 114 145 152 178 208 251 264 287 305 327 348 397 456 457
 479 482 509 532 551 584 595 600 636
14 24 58 62 82 94 126 132 201 225 233 271 279 293 313 345 377
 399 456 472 524 558 579 610 613 625
26 37 58 64 93 113 142 143 202 244 261 270 297 336 343 354 371
 387 390 501 543 551 568 604 605 626
7 38 41 75 100 113 144 151 204 243 249 267 296 298 322 348 368
 447 448 490 533 554 571 588 615 625
13 14 49 79 111 118 134 136 194 231 263 273 280 314 327 358 384
 407 422 476 531 555 569 588 623 626
21 45 55 75 98 114 126 147 203 250 257 281 303 325 340 351 379
 386 400 474 523 553 580 598 618 626
25 36 50 77 90 107 130 157 222 228 242 280 290 297 340 367 381
 402 414 491 541 561 584 593 608 625
10 16 25 76 88 108 120 129 221 232 241 265 289 299 309 348 365
 406 443 486 514 547 579 587 602 626
23 38 42 61 82 101 133 140 196 245 255 285 300 304 331 346 376
 385 392 485 536 549 584 614 619 626
12 31 59 72 107 109 146 158 214 235 238 287 311 315 324 370 377
 424 427 498 525 563 571 597 601 626
13 32 37 78 114 115 154 155 193 238 252 269 275 284 318 363 365
 453 463 500 542 562 573 603 619 625
2 4 12 71 91 96 125 128 213 237 254 270 281 286 288 346 384
 425 438 465 532 559 565 587 596 625
23 45 53 63 81 111 139 145 195 235 236 265 277 317 326 356 382
 421 442 487 530 545 577 605 621 625
9 11 19 70 87 97 121 130 218 240 258 284 298 337 344 355 356
 393 457 488 513 558 576 596 607 626
3 7 53 66 80 115 138 141 192 247 251 266 282 290 328 350 352
 435 461 499 528 559 583 610 612 626
19 34 43 72 95 99 129 159 205 231 251 272 276 292 319 351 371
 408 426 467 508 549 567 594 609 625
10 18 28 69 89 103 121 146 220 250 253 266 295 302 323 358 376
 398 436 477 511 551 581 590 592 625
4 34 47 74 90 105 124 127 211 248 260 271 305 312 342 363 368
 409 417 503 539 564 577 589 590 626
1 28 56 68 86 106 128 148 206 225 243 294 316 330 334 378 382
 397 428 502 544 548 573 593 609 626
11 40 59 74 88 112 148 156 223 244 255 291 308 314 328 347 383
 401 413 497 516 553 566 591 616 625
16 39 46 68 87 102 124 153 212 245 261 268 307 325 329 350 359
 418 439 471 507 555 582 597 600 625
3 29 33 61 110 118 135 143 187 232 256 305 334 337 338 361 370
 432 460 493 520 546 575 598 620 625
5 36 39 69 91 104 152 159 217 236 252 293 301 322 339 364 380
 405 455 483 535 546 570 586 591 626
44 47 57 70 106 108 122 152 215 227 257 282 321 331 343 372 374
 416 462 504 526 552 569 599 601 625
6 17 46 77 99 112 122 125 216 234 264 267 275 310 332 345 361
 419 449 469 505 545 572 585 592 626
8 20 54 62 83 110 145 151 198 226 239 286 291 302 307 360 372
 440 464 484 521 561 567 603 624 626
22 42 55 65 83 93 131 134 191 246 260 274 310 315 330 349 380
 389 403 479 540 547 576 606 612 625
1 5 6 67 92 109 123 127 208 226 229 273 300 306 333 354 379
 437 446 481 538 556 583 602 607 625
29 41 52 65 94 117 137 154 199 228 237 268 308 319 333 366 374
 451 458 494 509 560 581 617 621 626
20 26 51 79 101 119 137 141 189 248 262 278 287 299 332 355 378
 429 431 496 527 557 570 618 622 625
17 56 60 76 97 105 149 158 219 247 263 283 304 335 336 360 366
 412 450 489 518 550 580 586 595 625
18 50 60 67 95 96 150 156 210 246 262 279 318 326 338 353 375
 404 445 473 515 554 578 599 600 626
2 40 44 73 102 103 123 149 224 230 256 277 278 296 313 349 373
 411 454 466 519 562 574 594 608 626
9 15 31 73 86 104 120 150 209 239 259 285 303 327 341 352 362
 410 441 492 537 560 568 585 589 625
22 33 35 63 84 119 132 155 188 229 259 288 292 323 335 367 383
 444 452 478 534 552 582 611 615 626
15 43 57 71 89 92 153 157 207 233 249 269 274 317 320 357 369
 420 434 468 517 557 575 595 616 626
8 27 30 64 98 117 133 138 197 240 264 294 309 320 342 364 373
 391 396 470 512 563 578 611 623 625
24 27 48 78 100 116 131 139 190 242 254 272 295 306 321 359 362
 415 459 482 529 550 566 620 622 626
21 35 52 66 85 116 136 142 200 234 258 289 311 312 339 357 375
 388 395 480 510 548 574 614 624 625
0 48 49 54 80 84 140 147 185 230 241 301 316 324 344 353 369
 394 423 495 522 564 572 604 617 625
0 30 32 51 81 85 135 144 186 227 253 276 283 329 341 347 381
 430 433 475 506 556 565 606 613 626
85 118 131 151 216 220 233 247 284 287 300 325 367 373 404 408 413
 443 465 502 526 535 560 577 604 650
101 117 147 155 213 218 236 244 267 272 327 334 372 375 409 411 418
 450 477 498 517 541 556 579 612 650
91 99 120 148 194 197 242 256 274 283 302 312 354 356 386 451 453
 456 485 495 527 528 554 582 601 650
97 107 123 153 195 199 225 251 281 299 318 331 364 383 388 422 433
 460 484 490 529 540 564 568 592 650
4 11 43 73 194 204 234 247 265 333 334 340 376 380 423 431 433
 464 482 500 524 543 552 578 597 649
106 112 150 159 186 201 235 261 280 295 296 305 357 360 392 396 429
 458 478 500 522 523 547 583 596 650
10 17 39 67 193 196 240 244 271 287 321 341 369 384 403 432 444
 458 474 490 528 530 561 574 609 649
104 108 125 156 193 198 253 260 273 298 317 336 359 370 391 394 400
 435 494 496 524 534 548 584 594 650
83 111 142 144 217 219 229 240 268 290 313 324 363 376 397 410 425
 445 469 504 508 514 553 575 622 650
80 98 132 137 205 224 227 246 265 270 314 322 361 362 398 434 439
 457 481 503 518 525 561 573 614 650
90 92 121 149 188 204 237 241 275 285 293 328 351 378 387 389 395
 459 475 493 521 530 563 569 600 650
110 113 136 139 208 221 238 245 278 323 340 342 366 369 401 419 428
 462 467 483 515 537 559 576 613 650
14 32 54 64 207 219 235 251 285 288 298 312 349 374 414 418 419
 443 473 481 511 544 546 566 618 649
94 114 140 141 214 215 232 254 291 310 339 341 371 382 402 417 420
 437 466 489 511 513 555 578 615 650
87 89 127 158 196 200 257 262 288 301 308 309 345 352 415 430 442
 447 476 479 520 543 562 567 593 650
3 35 42 75 209 216 226 262 280 283 293 294 359 365 416 425 434
 454 467 498 513 516 564 581 605 649
19 44 59 71 195 202 232 245 290 322 330 335 375 379 396 440 456
 459 476 496 506 542 560 572 590 649
15 40 47 72 186 191 243 250 268 304 326 339 361 367 394 415 422
 463 470 501 521 527 559 579 607 649
102 105 146 157 191 192 252 255 292 294 303 332 353 374 390 432 440
 448 482 487 510 531 558 565 602 650
82 84 138 154 207 223 234 239 276 326 330 343 348 384 427 436 446
 454 488 491 507 539 550 570 598 650
7 33 45 65 205 206 241 263 279 295 329 332 354 364 413 417 424
 438 488 504 517 537 562 584 624 649
81 100 134 143 206 222 248 250 320 333 335 344 350 377 405 406 416
 441 473 497 505 532 549 574 603 650
21 29 38 63 213 221 242 264 301 307 318 336 358 378 410 420 426
 427 497 503 519 526 558 583 606 649
115 119 126 133 209 211 231 243 286 289 321 338 347 380 393 412 414
 424 468 471 519 538 551 572 621 650
103 109 124 130 187 203 259 264 279 282 316 319 346 365 403 407 421
 464 480 501 506 533 557 566 586 650
13 27 51 62 211 220 257 258 274 292 296 328 346 370 397 405 439
 446 486 489 515 541 545 568 617 649
22 23 41 66 217 223 225 261 273 275 302 309 353 381 393 408 409
 462 466 492 525 532 557 580 620 649
93 116 135 145 210 212 228 230 266 269 271 304 355 379 426 438 449
 455 486 492 516 544 552 571 623 650
88 95 128 152 185 202 249 263 306 307 311 337 349 381 431 452 461
 463 472 474 512 536 545 581 589 650
86 96 122 129 189 190 226 258 277 297 315 329 358 368 385 399 423
 444 470 499 509 542 546 580 616 650
5 25 60 68 185 199 238 254 276 313 314 320 355 372 386 389 392
 448 480 499 520 534 551 577 585 649
1 16 18 77 189 203 227 230 284 286 327 342 371 377 395 435 447
 451 478 487 536 540 550 575 591 649
46 50 56 69 192 201 231 248 269 291 324 343 362 373 388 400 442
 452 485 493 509 533 556 576 587 649
2 31 34 70 187 190 228 246 267 289 300 323 350 382 387 391 430
 453 472 484 522 531 553 570 595 649
52 53 55 61 210 215 252 253 297 299 306 316 345 360 401 411 441
 457 465 468 508 539 563 582 588 649
30 48 58 79 222 224 237 249 282 303 305 315 356 383 404 412 437
 449 477 483 507 514 548 567 619 649
8 26 49 78 208 218 256 259 308 311 317 331 351 368 402 436 445
 455 471 502 505 518 547 565 610 649
6 28 36 76 188 197 233 239 270 272 278 344 347 363 385 421 460
 461 479 494 510 523 555 571 599 649
9 12 57 74 198 200 229 236 266 310 325 338 348 366 390 399 407
 429 475 495 512 529 549 573 608 649
0 20 24 37 212 214 255 260 277 281 319 337 352 357 398 406 428
 450 469 491 535 538 554 569 611 649
160 161 162 163 176 585 587 588 590 591 595 597 599 605 606 607 608
 609 610 611 617 618 619 620 624 650
164 165 166 167 176 586 589 592 593 594 596 598 600 601 602 603 604
 612 613 614 615 616 621 622 623 649
169 171 172 174 176 545 546 547 548 549 550 551 552 553 554 555 556
 557 558 559 560 561 562 563 564 647
168 170 173 175 176 565 566 567 568 569 570 571 572 573 574 575 576
 577 578 579 580 581 582 583 584 648
47 49 52 88 119 130 174 197 216 254 261 277 318 322 376 377 400
 432 446 475 537 544 567 595 612 632
13 59 76 80 103 142 171 198 209 242 249 276 331 333 345 382 409
 432 438 470 478 535 576 600 618 637
17 31 48 85 88 155 175 195 217 226 250 274 338 342 374 378 392
 438 457 491 533 543 555 594 610 643
19 42 67 111 147 157 173 201 224 238 286 308 312 329 348 378 391
 441 461 489 501 535 552 592 620 632
4 5 37 98 102 136 174 198 215 243 262 272 285 335 356 381 403
 413 427 486 509 522 575 592 610 631
41 48 74 102 126 128 169 189 216 232 235 269 276 323 336 364 441
 445 464 479 528 541 569 607 614 642
42 57 68 94 120 139 172 192 220 244 288 305 318 344 379 381 395
 424 464 469 470 518 570 588 594 635
46 49 73 82 131 152 173 195 210 243 283 309 319 323 363 370 390
 395 437 497 499 517 561 596 618 641
34 56 78 94 134 156 168 200 217 230 249 285 299 329 340 361 421
 440 446 498 526 528 551 596 611 644
40 53 76 84 122 151 172 199 212 231 293 303 311 342 354 376 403
 420 430 473 496 541 573 596 620 634
35 36 44 80 87 139 175 193 214 231 237 279 320 334 360 368 390
 443 446 492 527 536 553 592 606 642
23 58 77 91 151 153 169 200 211 238 241 319 334 335 341 349 400
 436 457 470 516 531 583 599 622 630
1 14 63 104 114 149 170 190 222 240 245 276 302 308 357 361 390
 424 431 465 486 533 564 599 612 634
14 33 74 99 123 145 168 196 209 237 250 284 316 322 343 381 391
 420 450 499 510 515 547 597 622 628
13 43 68 81 108 147 170 200 210 255 264 278 315 322 354 367 393
 425 458 484 493 511 550 589 610 642
29 58 67 107 133 148 168 198 212 227 263 296 323 339 344 351 425
 442 443 482 539 542 557 585 612 643
31 41 68 110 121 141 173 197 211 230 280 281 317 343 345 375 413
 444 463 481 482 514 549 586 606 634
4 33 67 101 142 159 172 203 222 239 269 277 309 328 359 366 422
 448 457 472 502 511 572 601 606 644
14 28 31 97 101 131 174 186 223 232 252 282 286 340 354 368 426
 434 442 469 512 534 574 600 617 630
55 57 79 84 86 123 171 197 217 238 247 267 279 337 359 371 414
 442 458 486 497 521 565 590 614 636
17 43 61 113 130 138 168 189 224 225 236 288 291 295 311 363 386
 394 416 486 531 538 560 600 606 640
25 30 42 105 110 122 174 200 218 250 251 269 279 296 382 384 410
 431 459 494 525 538 582 591 604 641
33 57 76 85 124 154 173 189 214 240 285 296 306 314 353 380 400
 426 456 477 484 505 559 593 605 633
7 32 77 105 147 152 168 190 220 239 261 313 317 333 338 383 403
 426 428 476 513 527 563 587 614 645
30 47 67 91 116 154 170 204 221 225 259 310 324 337 350 360 385
 413 434 476 487 541 551 594 618 628
20 35 68 112 127 134 169 204 224 240 252 266 272 326 331 370 414
 420 451 472 506 537 580 587 604 643
2 54 67 105 119 139 171 202 223 253 258 319 325 327 361 364 389
 416 420 485 500 514 571 593 610 629
12 30 63 103 141 148 172 201 210 241 268 272 273 284 368 380 416
 419 440 474 491 520 568 595 614 639
13 25 33 94 112 121 175 202 208 236 260 283 286 303 350 373 415
 423 427 490 508 544 557 599 614 638
6 21 24 84 95 124 175 194 220 235 243 297 331 341 355 366 391
 434 440 493 514 532 562 591 612 640
8 50 57 93 99 126 175 204 206 245 253 277 287 339 365 383 409
 410 461 481 520 531 550 596 617 631
13 15 63 91 130 135 173 192 223 226 267 299 313 321 351 366 396
 398 417 473 479 536 548 597 604 631
38 50 79 88 121 145 172 200 214 256 292 321 330 333 363 364 418
 434 435 465 501 522 580 585 613 646
37 46 63 97 118 129 171 204 211 239 246 311 316 320 374 379 415
 425 429 466 477 528 584 591 613 632
27 55 68 103 125 154 168 202 222 226 231 265 287 304 312 352 445
 460 462 475 517 522 558 591 615 630
7 10 15 95 116 133 174 188 222 238 256 273 291 325 345 374 397
 423 450 503 506 540 570 596 605 642
2 24 76 112 113 133 170 191 217 251 262 284 317 334 358 379 417
 441 452 475 480 507 561 601 617 646
9 28 61 119 144 152 169 203 212 242 247 275 308 315 320 384 388
 417 440 481 515 522 579 594 605 638
9 27 45 83 102 129 175 196 213 225 238 280 282 333 347 361 395
 452 455 496 511 539 554 595 604 633
18 22 73 88 110 126 171 192 219 237 264 272 300 329 355 357 394
 402 405 476 490 539 573 601 605 630
10 20 73 118 138 153 172 190 215 229 279 312 322 336 347 351 392
 449 463 487 498 532 576 593 617 638
15 18 78 85 123 132 169 198 213 231 255 297 305 309 330 350 386
 419 431 504 513 530 571 586 617 632
7 49 67 86 135 149 169 191 214 233 264 288 289 340 343 356 392
 409 439 496 508 529 581 591 603 639
26 47 68 82 92 135 171 190 213 235 263 290 291 303 365 380 408
 447 457 494 495 515 574 592 611 646
19 35 79 93 105 120 170 199 213 227 243 295 300 328 345 369 400
 421 445 466 491 512 546 597 603 638
21 54 56 87 100 120 174 187 224 229 255 275 287 317 371 380 396
 422 438 499 539 541 581 599 613 627
1 12 23 112 118 147 174 199 219 248 249 297 321 323 352 365 439
 455 456 488 510 521 578 594 606 629
2 22 49 89 116 148 175 203 205 248 252 285 290 336 348 372 404
 458 460 470 513 538 545 597 613 634
25 52 73 89 98 144 170 193 211 226 235 330 332 344 371 383 407
 450 455 472 485 526 559 600 620 639
1 11 55 105 117 151 175 201 207 254 259 278 289 301 370 381 398
 422 449 504 528 542 549 600 605 646
3 9 58 106 117 149 174 185 221 231 253 274 326 332 363 379 402
 444 447 484 532 535 566 597 614 644
17 22 79 90 128 140 173 198 220 251 268 277 289 320 354 362 401
 447 455 498 500 506 558 598 599 628
36 48 61 83 109 150 171 200 207 243 244 277 284 332 350 351 433
 456 462 489 503 534 581 587 623 634
17 59 65 82 129 136 169 192 222 229 253 281 284 296 301 372 387
 421 434 471 527 544 578 589 620 636
19 28 37 100 104 138 175 200 216 228 263 265 305 313 346 353 401
 420 444 471 521 540 556 601 618 639
14 53 70 89 155 159 169 197 221 243 260 287 291 329 333 353 425
 449 459 480 518 536 568 598 608 629
58 60 74 83 130 155 172 186 205 245 289 294 306 317 352 384 405
 423 451 466 493 526 571 592 618 636
11 35 60 81 86 154 174 196 220 230 260 270 290 307 351 364 419
 429 437 468 531 533 579 601 620 637
20 23 76 87 132 150 168 194 208 253 254 267 269 290 315 374 395
 405 413 501 512 519 564 598 609 639
15 26 75 87 129 154 172 185 217 264 271 286 295 335 370 382 401
 404 433 481 485 510 569 608 612 645
23 31 62 92 100 156 170 203 215 231 234 268 283 288 355 364 428
 432 461 477 503 542 547 604 608 636
38 56 74 93 96 138 171 188 208 252 257 268 280 341 356 377 398
 431 443 480 484 517 572 594 620 645
19 50 51 84 89 143 174 190 209 236 264 268 281 314 349 360 395
 417 462 502 524 528 571 602 619 643
13 44 61 105 125 132 172 197 206 262 307 324 340 341 348 357 387
 408 455 477 499 540 566 607 621 643
13 18 41 92 93 159 174 195 214 247 259 294 312 344 361 372 399
 401 430 474 507 519 584 587 622 640
51 53 73 106 136 158 168 188 205 228 255 286 310 318 320 359 409
 436 456 474 514 533 546 604 607 646
16 48 57 90 115 145 174 202 205 225 234 300 308 341 358 370 411
 425 448 473 523 527 576 586 611 639
32 46 70 116 137 149 172 198 223 250 280 301 315 334 346 371 445
 456 461 468 490 537 577 602 611 640
30 34 66 112 139 153 173 203 209 263 270 287 301 330 374 376 399
 402 411 486 493 534 554 603 607 645
23 40 78 98 108 121 171 189 206 228 233 301 312 338 360 384 437
 448 452 467 469 506 568 597 612 627
18 42 54 91 98 158 175 190 212 232 249 273 328 343 363 367 411
 429 433 480 505 537 558 609 621 636
51 60 66 99 117 146 170 202 212 229 233 280 285 321 368 382 394
 457 464 483 497 540 562 587 598 632
10 48 75 82 106 130 170 198 208 247 248 270 292 329 349 375 420
 422 453 469 492 520 563 591 621 633
26 59 69 83 86 132 170 187 216 241 257 312 320 326 366 381 411
 426 435 482 490 538 555 596 619 629
10 58 71 114 136 150 173 191 216 236 307 316 328 333 355 368 414
 430 460 485 504 525 550 594 611 627
21 40 77 93 132 158 173 193 207 248 272 282 302 337 364 382 392
 423 425 471 475 515 560 588 602 644
17 45 64 106 123 131 172 187 211 249 290 308 327 339 353 355 385
 398 427 467 475 524 582 587 603 642
5 38 62 89 122 137 173 202 219 259 284 305 326 340 347 359 388
 406 438 466 495 531 563 609 612 642
11 54 61 108 134 146 173 188 213 261 276 279 339 342 352 379 412
 434 453 490 502 509 545 608 622 639
3 56 71 84 109 145 170 189 218 242 260 309 313 339 347 374 387
 404 439 474 500 537 549 588 592 630
10 51 65 102 113 148 171 195 218 234 254 293 305 324 352 367 391
 407 426 468 481 536 580 599 603 644
21 51 71 90 122 138 169 201 217 246 256 304 306 327 344 365 390
 413 428 490 511 534 567 597 621 637
21 48 72 96 121 144 168 192 215 245 259 271 309 314 334 354 414
 429 454 494 535 540 545 595 603 629
20 38 47 81 97 125 175 192 209 233 241 306 308 323 371 375 386
 397 403 500 507 525 546 608 623 644
16 59 75 81 140 149 168 197 207 246 252 273 305 319 321 355 399
 410 452 502 541 543 559 592 624 638
14 60 75 90 116 125 171 187 214 227 236 274 278 309 376 383 440
 441 463 471 488 509 583 604 609 635
5 40 51 96 111 140 175 187 221 247 261 269 298 330 345 351 416
 424 451 477 510 529 561 589 611 630
28 47 63 83 126 153 168 185 214 234 262 297 298 327 328 373 438
 453 458 483 506 518 549 602 620 641
37 41 70 88 131 157 168 203 213 229 251 278 293 326 341 360 423
 424 439 485 505 520 548 590 623 637
16 52 64 97 126 159 173 190 208 255 266 274 324 334 381 384 404
 416 421 496 503 521 562 585 615 637
43 52 58 109 118 152 175 188 223 240 262 281 304 329 362 382 419
 435 448 495 519 541 547 590 603 635
36 37 65 96 119 153 170 194 219 230 250 282 291 306 348 370 396
 409 430 467 502 530 558 585 614 635
32 55 76 95 139 146 169 187 218 225 248 268 286 322 328 357 437
 444 454 495 526 543 584 585 623 631
8 33 72 97 120 140 169 193 210 234 249 270 280 313 325 378 405
 430 462 487 509 538 566 590 612 646
12 25 62 84 139 159 168 191 206 240 256 275 282 300 336 375 398
 433 447 468 509 516 555 589 618 632
28 52 62 96 143 158 172 195 224 260 267 276 285 325 365 369 393
 402 452 482 504 527 583 591 623 628
38 39 72 90 94 131 170 197 224 258 263 269 316 338 352 372 419
 433 436 478 496 532 553 602 605 631
31 35 64 91 94 157 171 185 210 245 248 265 275 296 347 358 403
 435 450 502 504 529 567 598 607 640
4 55 78 107 111 122 170 188 209 232 244 266 307 319 353 373 392
 405 447 481 488 527 548 595 613 640
26 41 56 108 115 123 175 186 222 246 258 272 288 307 369 376 407
 417 456 487 516 535 563 585 598 641
15 29 60 82 103 134 175 189 211 244 251 275 322 324 356 359 402
 428 430 465 512 523 552 602 624 629
8 42 71 104 124 143 168 199 223 247 257 272 289 324 332 358 437
 457 463 478 530 544 554 608 613 642
19 41 77 98 135 156 172 188 219 254 274 287 316 331 350 358 390
 442 454 483 500 538 579 589 624 633
4 53 69 100 123 133 173 185 218 233 292 315 336 341 361 365 429
 451 462 476 491 544 553 600 624 635
6 26 53 85 107 156 174 191 211 237 245 301 313 337 348 362 416
 453 464 478 511 517 580 609 623 638
27 29 69 108 130 142 169 195 207 230 262 300 303 310 314 368 424
 450 461 500 521 532 582 609 613 645
12 26 65 95 149 151 173 196 215 242 265 269 294 327 350 383 393
 394 446 469 480 523 546 590 613 643
2 5 75 117 145 150 169 188 220 245 263 282 299 312 324 371 393
 415 432 491 505 524 573 606 616 641
27 60 70 80 145 148 173 204 217 232 288 297 325 332 357 377 403
 422 436 467 494 519 556 589 619 638
6 12 79 110 154 157 169 190 205 244 257 283 298 316 339 376 396
 406 452 492 519 540 577 600 610 644
4 14 16 106 110 137 175 191 210 229 242 267 311 344 352 364 400
 408 454 489 506 530 551 616 619 645
18 44 64 101 120 135 168 204 216 238 260 268 292 301 306 382 388
 407 412 488 523 532 561 610 616 634
21 31 69 115 128 134 172 196 208 227 298 313 319 332 360 367 409
 459 460 486 495 507 578 605 616 632
9 30 69 107 114 151 171 194 205 260 261 288 304 321 375 378 401
 421 454 472 499 505 575 602 617 642
24 44 75 86 127 142 173 199 205 253 275 291 338 344 346 367 418
 427 431 483 487 528 547 595 623 630
30 39 53 86 101 157 175 198 219 234 256 295 314 319 377 379 387
 393 463 479 515 526 564 587 615 627
11 24 66 107 147 150 172 189 221 252 283 300 320 343 349 361 397
 407 438 471 494 530 567 590 615 631
39 44 62 93 121 147 169 186 209 251 254 265 273 311 332 366 385
 404 453 497 533 539 575 593 611 635
39 45 70 85 99 140 171 199 222 259 262 266 286 336 349 363 396
 428 446 482 493 525 579 588 616 639
16 47 66 114 143 148 169 196 219 226 228 278 279 292 317 362 389
 427 433 477 512 535 572 588 596 640
7 12 46 92 114 142 175 197 218 227 255 271 299 326 349 358 405
 412 464 467 522 534 560 593 620 628
29 44 46 83 91 141 174 203 208 233 258 276 295 304 353 383 391
 406 414 498 530 543 573 588 589 646
9 54 77 95 118 141 170 195 206 237 252 271 289 296 359 376 386
 427 462 479 501 518 556 611 616 637
5 9 65 116 146 155 168 201 211 232 264 270 277 283 331 369 408
 431 435 473 507 521 553 588 593 627
24 33 39 103 111 128 174 204 207 228 257 299 315 342 347 375 390
 394 408 485 513 518 583 585 603 636
29 40 64 85 87 128 170 192 205 236 239 273 331 340 365 377 389
 444 449 468 489 522 554 590 622 641
18 45 74 97 115 136 170 185 207 256 261 267 287 293 346 362 406
 437 440 470 494 508 552 593 606 643
7 19 62 101 112 124 171 193 221 229 230 294 315 339 362 381 386
 436 460 465 473 543 569 595 621 641
37 42 73 109 137 156 169 185 206 236 258 290 302 321 342 345 422
 426 443 493 507 523 565 595 615 628
22 27 59 99 114 127 174 189 210 239 263 293 298 334 350 369 388
 392 398 501 514 526 565 608 621 635
24 43 77 87 117 134 171 186 215 226 256 270 323 328 348 353 388
 410 424 474 496 544 577 586 619 628
20 36 74 117 129 144 173 187 206 234 273 303 304 318 349 369 439
 442 459 465 478 513 551 601 610 640
3 25 72 104 111 137 171 203 220 225 255 306 335 343 368 369 418
 449 453 475 479 519 578 596 624 643
6 22 70 101 102 143 170 201 214 249 253 265 318 342 351 384 397
 414 415 495 499 516 560 586 624 645
45 50 78 109 120 138 173 186 212 237 278 298 310 335 358 372 397
 408 432 468 472 543 564 591 614 629
20 43 45 82 96 146 174 193 217 227 242 289 305 316 366 373 389
 418 461 476 505 516 568 607 615 634
11 39 79 115 122 142 168 187 210 233 235 281 294 302 335 348 389
 402 415 503 536 537 556 594 617 633
35 49 69 92 129 141 168 186 219 242 244 325 330 337 342 346 441
 448 449 484 524 525 562 599 621 631
10 23 34 107 119 135 175 185 224 239 257 284 294 310 354 357 418
 445 459 497 509 524 559 586 588 637
3 32 59 90 113 150 175 199 215 230 264 292 302 325 380 384 385
 406 442 472 517 518 548 607 622 632
43 50 63 80 125 131 169 199 208 250 261 271 285 294 337 347 407
 411 447 489 514 542 570 601 624 627
1 8 66 81 89 152 171 191 224 231 232 271 298 318 346 366 387
 413 423 491 498 523 582 585 622 633
8 46 61 80 88 127 170 186 220 228 238 281 327 336 356 380 399
 454 459 473 504 510 557 609 615 644
2 32 38 80 104 153 174 201 206 226 244 309 310 311 355 367 412
 421 451 482 508 515 569 590 598 633
1 27 71 113 140 146 172 194 209 228 275 326 329 337 372 383 400
 429 443 479 503 508 574 586 610 641
2 50 66 118 127 137 168 193 218 241 243 274 276 303 307 377 385
 396 401 469 511 529 552 586 605 636
36 49 72 81 126 127 172 202 213 247 296 299 302 310 362 374 391
 428 444 480 488 516 575 600 619 627
25 34 64 100 141 158 169 194 223 227 259 277 293 307 338 379 394
 397 458 465 510 517 576 592 619 633
6 52 71 100 106 155 171 196 212 241 251 302 314 340 370 373 399
 412 445 487 501 513 570 589 606 631
34 36 55 108 113 132 174 192 212 235 240 283 327 333 346 378 404
 436 463 466 520 529 572 616 624 628
8 17 40 94 109 144 174 194 213 241 246 266 292 343 357 359 393
 441 460 483 536 542 577 593 618 645
34 54 65 92 133 152 172 193 216 225 266 278 297 314 356 375 406
 410 415 478 489 533 565 597 598 630
1 32 72 119 125 143 173 200 221 246 290 293 295 331 356 373 448
 450 464 474 492 539 555 616 617 636
3 5 78 99 124 144 172 191 207 258 265 281 291 323 377 378 411
 412 458 476 492 512 584 599 604 637
0 11 56 111 124 133 169 202 215 237 239 267 274 295 318 367 399
 435 455 467 520 525 574 602 618 634
0 3 28 102 155 156 173 194 222 257 271 300 311 322 360 371 389
 410 419 470 488 529 557 587 621 646
0 16 22 104 136 157 172 204 218 235 270 282 304 338 345 373 386
 417 446 484 497 542 581 609 622 629
0 7 57 103 110 159 170 196 223 246 254 297 303 335 363 378 388
 443 451 471 498 524 545 607 623 627
0 4 29 95 115 158 171 201 216 240 250 299 317 330 354 372 385
 395 439 483 492 531 566 608 615 638
0 6 15 98 128 151 168 195 221 248 258 266 279 280 308 380 387
 418 432 466 508 534 550 601 619 635
7 28 30 73 87 108 140 145 176 244 248 274 281 293 306 361 366
 408 414 427 445 478 480 531 542 632
3 34 51 77 88 97 142 154 176 243 245 273 279 288 315 372 373
 398 420 441 455 482 495 523 530 627
8 11 38 76 102 106 135 141 176 236 250 275 297 312 319 362 369
 404 424 425 446 472 476 534 540 636
13 17 35 74 95 107 137 143 176 233 254 282 298 309 329 379 380
 410 411 428 436 485 487 521 522 634
12 37 52 67 90 99 132 134 176 232 247 295 301 303 317 347 355
 397 418 454 462 470 484 533 536 641
16 26 29 70 105 112 138 144 176 231 238 277 285 302 316 367 375
 405 434 437 438 474 479 524 529 635
24 50 55 72 91 92 136 155 176 230 239 305 308 332 336 376 382
 393 416 439 443 490 499 506 512 633
44 45 48 68 89 104 133 151 176 229 246 283 299 328 337 377 384
 402 409 419 426 500 501 509 510 640
14 15 22 69 96 109 139 147 176 228 234 294 296 307 331 363 371
 406 412 413 457 475 496 520 528 638
5 23 54 71 86 103 126 131 176 227 240 280 292 311 318 348 350
 401 417 449 450 493 494 527 543 644
9 10 21 78 80 81 157 159 176 262 263 267 268 342 343 370 383
 385 389 456 464 465 466 538 544 630
1 2 33 79 82 83 156 158 176 261 264 265 266 341 344 368 374
 386 388 459 463 467 468 535 541 631
4 6 27 75 93 94 152 153 176 255 256 276 284 289 290 360 378
 394 407 442 444 473 477 525 537 629
18 20 31 61 84 111 148 149 176 251 258 270 271 310 333 365 381
 396 400 415 448 471 483 517 526 642
19 25 49 63 85 115 146 150 176 249 257 278 291 304 334 359 364
 387 399 403 451 469 481 532 539 628
42 46 47 62 113 117 123 128 176 242 252 287 314 335 338 351 357
 421 423 430 435 488 492 511 514 639
36 41 43 64 114 116 122 124 176 241 253 286 300 313 330 352 356
 422 429 432 452 497 498 515 518 643
32 39 57 66 98 100 129 130 176 237 260 323 324 326 327 345 354
 392 431 440 460 489 502 516 519 646
40 56 58 65 101 110 125 127 176 235 259 320 321 322 325 353 358
 395 433 453 461 486 491 508 513 637
0 53 59 60 118 119 120 121 176 225 226 269 272 339 340 346 349
 390 391 447 458 503 504 505 507 645
17 18 36 68 100 118 142 145 201 221 257 285 319 383 417 423 453
 454 468 496 512 525 565 607 612 647
35 41 45 61 90 103 153 158 191 221 239 314 321 371 391 404 405
 431 469 495 542 544 556 596 610 648
51 54 58 78 104 112 128 129 197 214 250 290 300 366 388 393 403
 454 487 503 517 520 552 588 600 648
16 36 56 67 82 98 141 155 199 209 256 298 315 357 401 415 426
 464 475 504 531 532 545 590 604 648
31 43 44 74 98 119 140 154 191 218 263 297 302 359 395 397 421
 449 473 490 520 535 583 587 613 647
14 20 30 78 92 102 130 158 199 220 246 334 339 348 435 438 444
 462 485 497 508 523 572 589 605 647
6 10 50 68 115 117 132 140 203 223 260 296 311 356 390 433 438
 441 467 476 521 526 546 595 622 648
7 21 22 61 91 106 129 156 202 209 240 269 278 377 407 418 430
 437 482 491 518 521 577 592 617 647
5 10 56 77 83 85 139 143 197 210 251 303 308 346 394 409 429
 434 472 488 519 542 569 597 615 647
2 15 19 74 81 110 131 142 194 212 225 301 332 365 392 414 435
 446 474 477 509 518 563 599 615 648
25 28 46 67 81 93 136 151 189 217 237 292 331 352 396 411 424
 463 495 503 513 524 566 595 598 647
28 39 60 77 84 114 133 137 192 213 249 277 312 370 407 413 416
 459 484 492 508 543 547 607 613 648
13 20 48 64 86 99 152 156 201 218 228 325 335 376 424 434 447
 460 466 480 530 539 559 602 606 648
35 38 53 65 99 108 128 150 190 223 238 271 344 373 402 422 439
 440 475 477 538 543 575 586 618 647
11 31 47 71 93 118 139 144 198 222 264 293 299 353 418 436 451
 452 489 499 523 538 562 609 614 648
27 37 54 79 89 107 124 149 192 208 234 322 338 382 385 408 441
 451 474 504 516 534 579 596 606 647
30 37 49 62 95 106 120 125 189 207 245 266 333 367 389 417 442
 457 490 498 510 519 553 586 620 648
26 32 48 62 97 103 127 157 188 212 236 289 330 361 400 410 413
 458 467 499 532 536 578 588 601 647
5 18 46 76 94 119 138 147 196 205 235 274 337 368 387 410 422
 462 465 482 506 516 548 603 608 648
24 49 51 64 105 109 121 153 196 222 232 267 326 380 386 401 425
 461 478 492 509 526 573 594 624 647
12 19 47 73 80 94 133 155 187 207 253 280 307 354 388 404 428
 448 479 486 505 530 580 591 622 647
33 38 55 66 87 109 149 157 195 216 227 272 291 384 428 429 453
 455 470 473 514 524 551 589 617 648
4 9 44 72 85 113 134 145 190 219 241 294 318 345 398 437 458
 461 471 485 534 541 557 591 598 648
34 57 59 73 111 116 143 151 186 208 262 275 316 364 386 412 439
 444 491 494 511 536 558 587 612 648
4 15 59 70 84 117 126 141 200 224 261 283 306 358 389 443 455
 460 469 487 515 533 584 603 609 647
2 11 57 72 101 114 132 138 195 211 242 273 329 360 403 406 445
 447 483 493 510 544 581 585 604 647
12 40 43 70 83 100 135 136 202 220 252 279 309 378 385 400 402
 450 478 481 507 528 564 585 621 648
29 42 45 66 86 88 125 159 194 215 248 284 313 369 390 412 415
 436 481 484 506 541 571 600 611 647
9 34 40 71 82 115 137 147 204 214 226 295 336 381 405 419 432
 442 480 502 514 540 582 599 623 647
23 33 52 75 95 104 122 148 186 213 230 287 320 363 387 398 414
 464 476 489 507 529 576 602 610 647
22 29 53 75 92 97 124 146 200 206 254 327 343 347 396 419 423
 445 472 486 527 535 561 594 619 648
3 41 55 63 96 112 120 152 198 205 233 324 342 355 433 446 450
 459 471 501 511 531 574 593 619 647
1 39 50 76 110 116 134 144 185 216 255 282 288 351 391 399 427
 457 466 500 517 527 568 590 621 647
7 42 52 63 102 107 121 127 187 217 231 270 341 372 394 406 449
 456 500 502 512 515 550 616 618 648
3 21 23 65 89 105 123 130 204 210 244 276 286 362 397 399 443
 463 483 496 505 522 555 601 611 648
6 16 60 69 111 113 131 135 193 206 259 281 328 374 393 420 431
 456 470 498 522 539 567 608 614 647
1 17 25 69 80 101 126 154 188 215 258 305 317 349 408 425 430
 440 497 501 529 537 554 597 623 648
8 24 32 79 96 108 148 159 185 211 229 304 340 350 395 411 420
 432 479 488 525 533 560 592 605 648
0 8 13 58 87 90 123 146 203 219 243 265 310 375 392 416 426
 452 465 494 528 537 570 616 620 647
0 14 26 27 88 91 122 150 193 224 247 268 323 379 409 421 427
 448 468 493 513 540 549 593 624 648
11 22 48 67 113 137 153 162 186 197 231 257 266 313 365 382 395
 427 440 450 465 505 546 584 589 627
28 40 48 117 118 124 159 167 209 210 227 238 288 290 310 317 387
 406 431 446 485 490 558 580 624 631
33 36 47 78 86 146 151 163 223 224 245 251 274 336 345 355 395
 406 407 425 474 522 556 578 621 645
26 35 50 73 100 124 147 163 197 198 225 232 284 304 374 384 389
 398 424 430 483 508 545 583 616 644
16 30 55 74 89 118 150 161 213 214 258 275 313 331 335 354 394
 461 467 482 533 544 561 570 621 644
18 19 58 66 102 122 140 163 206 208 239 242 288 299 370 380 434
 450 458 463 475 533 553 577 623 629
10 33 59 64 92 125 147 162 212 217 243 258 282 318 360 362 402
 431 451 454 479 531 549 577 613 639
24 59 67 110 115 130 152 164 206 213 265 268 274 285 371 373 429
 430 436 449 510 534 564 580 588 642
8 15 52 68 105 111 156 160 205 214 242 282 284 293 323 349 385
 429 486 490 532 543 556 572 598 627
6 57 58 63 88 144 158 162 209 218 230 252 295 312 346 350 389
 408 422 428 496 509 561 578 598 642
13 47 77 100 101 149 150 164 205 217 266 281 311 330 347 369 391
 437 443 464 509 520 558 582 605 629
10 47 53 79 98 109 131 160 201 202 230 275 276 288 334 366 405
 410 471 484 510 513 554 584 616 643
5 13 55 70 110 133 158 163 186 189 234 241 271 290 362 383 390
 418 420 421 502 532 554 581 594 632
9 32 52 92 112 131 140 167 189 192 256 257 265 279 307 335 391
 409 422 425 483 491 551 571 609 634
18 27 57 65 81 112 141 160 187 188 243 311 313 336 340 384 418
 457 485 492 535 542 564 567 602 628
49 56 57 61 107 117 142 161 190 193 250 265 286 292 293 355 413
 419 466 479 506 507 554 583 589 629
10 37 66 91 105 126 145 164 186 187 314 315 331 344 359 378 419
 446 447 452 508 517 560 578 608 634
25 27 40 66 92 119 134 161 198 201 245 267 281 316 341 363 404
 426 487 488 518 543 546 581 601 642
26 34 61 81 114 121 128 165 199 201 229 234 274 282 353 359 443
 450 470 476 519 537 561 571 591 631
6 32 40 61 89 120 126 163 217 222 254 263 294 319 368 375 427
 429 435 439 484 530 552 576 604 628
6 34 62 86 87 136 138 166 210 213 232 250 321 324 349 383 448
 451 475 500 518 535 557 584 605 634
15 38 48 77 119 136 148 163 187 199 240 260 265 343 360 379 399
 405 408 461 498 511 562 565 600 641
12 55 60 85 101 129 153 167 208 224 228 243 293 302 343 344 410
 417 432 435 476 500 545 566 611 642
14 44 52 77 81 138 146 162 185 198 244 259 269 300 378 380 415
 417 439 460 467 514 554 580 596 636
27 31 56 63 90 137 159 163 212 216 244 253 279 331 348 349 386
 393 423 437 476 510 559 575 603 646
4 42 77 103 108 144 155 165 208 214 225 263 325 326 355 362 387
 396 468 497 510 528 546 567 617 634
33 43 60 62 102 115 144 160 190 197 248 301 310 327 331 379 401
 443 491 501 525 530 548 581 596 630
11 37 45 77 92 110 128 160 209 224 253 292 304 309 324 368 456
 458 473 480 526 529 555 570 612 638
37 38 44 69 84 112 158 161 210 222 225 274 289 327 329 351 432
 464 481 494 512 513 559 577 622 627
4 25 58 61 86 116 147 160 192 195 246 268 287 298 302 347 420
 446 467 478 505 512 562 569 586 646
33 51 70 93 98 127 150 166 185 192 225 242 317 319 348 376 412
 419 465 498 521 542 555 574 591 642
50 59 61 102 104 139 154 166 211 219 227 233 266 267 354 378 422
 423 474 480 513 532 547 567 611 641
6 19 20 65 103 114 139 161 185 186 247 285 309 338 343 377 425
 455 490 503 531 541 548 582 616 646
25 31 32 65 106 124 145 162 213 224 233 262 273 337 351 376 388
 390 401 405 470 528 550 572 615 629
4 18 32 63 82 87 151 161 197 202 228 282 314 332 339 369 397
 441 493 498 529 538 547 580 594 637
25 38 70 114 118 123 156 164 207 212 270 294 295 324 366 380 395
 409 441 444 506 527 545 567 610 630
45 49 59 87 91 137 144 167 188 201 251 260 294 297 300 338 420
 462 463 464 477 486 550 574 585 644
17 54 55 73 115 135 159 162 199 200 242 245 270 326 368 377 391
 397 413 452 477 513 557 569 602 635
25 53 54 96 102 132 142 167 186 204 263 264 274 284 308 321 400
 428 437 460 492 498 549 570 590 640
12 14 45 76 117 143 152 163 192 204 230 258 330 341 359 367 392
 401 445 453 503 538 557 567 592 627
1 58 73 97 99 139 141 165 213 217 257 260 269 314 348 367 385
 432 471 473 506 522 563 581 624 640
44 56 79 92 95 126 144 166 221 223 228 236 270 284 352 370 392
 403 470 482 505 511 564 582 624 632
43 54 69 85 94 127 148 164 209 221 267 277 282 335 355 384 390
 439 445 463 523 540 563 584 620 646
21 37 74 101 111 146 152 166 197 199 226 241 288 296 350 361 402
 404 468 492 506 524 550 576 609 646
22 44 51 76 100 107 159 160 207 213 226 271 308 316 325 356 435
 463 469 493 531 537 551 578 614 641
36 42 59 79 85 106 138 161 203 204 254 271 307 317 323 361 393
 450 473 495 508 509 562 568 602 630
41 46 59 78 89 101 145 160 185 194 240 270 279 289 303 367 416
 428 475 489 539 540 546 583 594 631
8 12 22 77 86 115 121 161 212 221 262 276 305 306 322 374 421
 422 485 489 517 524 553 574 604 640
44 54 63 116 117 156 157 165 189 196 243 247 281 305 354 365 405
 436 472 475 508 525 555 576 585 645
31 37 50 81 82 122 123 167 205 221 240 254 312 325 328 334 394
 412 440 455 478 479 557 581 588 645
14 46 65 86 107 140 144 164 200 202 272 317 328 342 360 365 386
 398 404 432 519 532 552 570 607 633
45 56 73 113 119 122 157 164 214 220 271 273 276 301 350 375 425
 451 457 460 512 521 547 566 619 631
1 43 53 78 88 93 137 161 187 196 239 283 296 324 325 375 414
 417 470 483 532 534 558 569 592 639
1 51 61 87 95 131 155 164 198 204 303 312 313 343 358 364 402
 406 421 458 516 525 559 572 595 635
8 34 45 69 118 149 155 162 189 202 254 255 268 344 345 348 403
 414 433 434 492 515 548 583 601 641
6 31 49 66 83 108 133 160 199 204 236 269 305 329 335 371 398
 454 465 474 515 527 558 566 593 637
3 11 14 68 95 98 157 161 208 217 241 277 310 321 336 346 388
 430 477 478 527 539 560 571 603 641
55 58 69 81 119 124 156 166 190 204 251 256 280 309 369 372 427
 438 469 489 510 536 560 573 607 639
11 25 78 91 103 140 143 166 205 216 229 243 271 327 357 374 442
 461 484 496 507 515 563 580 606 635
3 8 44 67 114 129 131 163 188 200 235 248 267 314 376 381 394
 428 438 451 468 507 558 568 586 638
3 16 79 94 100 125 146 165 186 195 239 240 297 301 349 351 409
 413 480 485 515 538 552 573 595 642
3 15 37 76 83 127 140 162 190 201 227 237 287 340 364 375 393
 407 436 448 497 544 545 582 594 640
23 49 68 113 114 158 159 166 187 198 237 258 306 332 347 373 410
 434 473 491 528 540 552 579 590 645
9 41 60 79 91 127 139 163 207 215 250 255 311 329 365 373 387
 397 426 460 478 524 561 572 612 639
4 20 56 66 104 121 131 162 205 207 238 264 296 297 379 383 416
 430 432 445 495 536 555 579 621 628
5 43 66 97 106 132 151 166 214 222 230 244 268 338 358 365 391
 459 479 485 537 539 545 565 618 638
20 39 40 63 95 113 154 160 200 203 232 274 280 300 344 362 409
 412 499 504 524 544 563 565 592 629
2 10 41 62 99 111 155 161 192 200 227 297 304 320 337 380 427
 437 496 502 523 537 564 566 600 645
7 27 76 82 118 128 157 166 186 200 259 260 302 318 355 371 411
 416 481 483 509 530 553 572 597 643
19 27 39 61 96 123 136 162 214 223 241 248 283 317 367 374 410
 447 449 464 472 523 551 573 612 637
41 57 69 95 105 136 140 165 212 224 226 264 290 334 347 377 415
 453 465 488 530 534 547 568 618 644
15 24 65 80 118 122 158 165 197 203 236 245 292 298 378 381 437
 445 484 500 516 539 551 574 587 639
9 26 76 98 111 125 153 164 210 223 292 300 305 339 372 377 414
 423 428 459 528 533 562 581 606 628
7 17 24 70 104 119 146 160 208 210 237 307 312 314 330 365 433
 442 466 470 523 541 549 575 604 644
17 52 78 84 110 150 153 165 202 204 227 248 273 294 346 356 424
 426 479 499 511 535 553 579 608 646
34 48 52 76 91 101 123 161 206 220 264 280 291 298 326 352 389
 390 471 474 525 542 552 575 613 638
35 57 78 96 97 133 135 164 201 203 302 322 332 333 349 352 387
 394 401 427 514 541 555 577 609 641
10 49 70 90 96 151 154 165 206 209 235 255 272 313 361 379 388
 435 483 489 512 543 557 582 606 636
28 38 64 111 115 127 129 165 191 198 230 254 279 283 357 383 457
 462 474 493 505 541 560 570 597 629
23 30 50 70 94 128 142 162 188 191 226 247 322 327 369 370 386
 406 426 429 471 539 562 566 592 634
13 21 39 88 109 141 151 167 190 191 225 253 270 285 305 320 442
 445 450 451 467 488 552 572 608 641
12 13 66 82 113 120 124 165 185 188 246 250 277 308 360 364 414
 449 482 496 513 526 556 575 609 630
11 51 52 69 82 125 145 163 191 203 238 249 272 338 350 354 396
 410 443 444 466 518 564 569 593 640
19 21 76 86 92 137 145 165 211 222 252 261 310 323 373 384 394
 433 498 504 520 536 554 566 610 635
29 31 79 99 102 147 151 164 188 193 290 306 309 326 346 357 399
 416 417 433 518 544 551 576 591 627
20 29 77 80 116 120 123 166 191 202 235 257 293 329 363 384 393
 401 477 502 533 534 549 578 595 631
2 28 65 88 90 135 147 166 207 208 231 240 335 339 345 359 429
 464 487 499 525 526 554 568 619 640
29 50 54 74 106 114 153 160 217 220 259 265 272 283 315 345 387
 448 488 496 536 538 559 574 623 632
21 43 46 79 103 133 150 162 206 219 232 260 293 308 372 381 444
 446 453 457 487 529 559 571 604 645
2 46 53 64 95 130 134 163 209 214 229 257 302 305 369 378 413
 433 448 455 494 542 550 579 614 630
28 35 54 70 109 113 125 161 205 211 256 268 269 299 303 381 392
 399 476 497 530 535 550 578 612 633
1 7 44 94 111 130 150 167 211 212 234 250 272 287 309 336 389
 401 434 452 484 495 546 565 619 637
31 53 67 87 112 126 143 165 207 220 241 242 304 322 363 372 407
 431 466 467 509 540 548 565 611 633
4 7 64 88 89 132 139 164 189 199 280 304 310 316 351 370 393
 410 440 453 507 535 556 574 599 636
2 42 60 78 87 141 152 162 221 222 234 235 292 316 347 354 398
 399 400 409 490 521 560 575 623 643
48 60 63 92 108 138 143 164 191 194 286 287 296 319 345 381 385
 388 418 455 513 537 553 573 590 644
3 12 48 69 87 93 122 160 211 223 263 278 285 318 333 357 386
 391 487 502 506 508 561 579 615 636
9 16 63 99 109 133 142 166 220 224 248 254 330 340 353 360 430
 463 490 494 516 517 546 569 610 636
4 39 49 65 97 138 156 163 220 221 226 227 275 303 357 382 411
 414 452 456 501 520 549 571 622 642
17 47 75 89 96 134 141 166 212 218 238 239 265 300 364 381 390
 456 478 493 508 519 548 566 617 627
9 36 53 62 105 148 154 162 208 216 246 249 281 309 358 371 392
 394 418 424 493 506 552 574 622 631
33 40 68 91 107 131 138 165 218 219 253 262 289 333 369 371 399
 440 492 503 523 533 545 569 619 632
24 42 56 89 99 135 154 167 195 198 241 261 278 282 311 327 405
 414 444 448 465 503 553 578 607 638
26 28 55 71 80 99 130 160 219 221 255 273 296 338 341 364 395
 415 472 498 507 509 552 577 603 634
18 26 33 90 106 133 139 167 194 200 226 252 276 281 298 324 403
 439 449 461 466 497 560 579 595 627
8 36 75 103 112 136 137 164 190 195 269 288 337 341 353 354 389
 397 412 435 526 539 549 579 597 632
17 23 26 72 102 116 152 161 207 209 260 279 328 340 344 358 396
 451 465 484 514 520 556 573 615 632
5 14 57 80 113 121 156 167 213 216 239 248 289 304 315 319 396
 397 402 433 474 487 562 582 620 643
20 25 57 75 109 128 155 163 210 219 231 261 301 328 356 361 385
 391 417 436 482 540 560 574 613 637
16 24 35 71 101 151 156 162 187 192 250 263 276 310 356 363 423
 455 458 462 481 519 563 568 593 632
40 55 62 90 104 141 142 164 185 196 318 323 329 334 356 374 396
 407 408 434 505 538 550 571 587 638
18 40 49 75 99 143 157 162 211 215 225 240 307 315 352 366 421
 438 443 459 500 534 556 570 614 646
8 41 73 84 85 125 130 166 196 201 252 263 315 328 379 382 406
 418 467 503 527 529 551 575 599 629
6 30 41 97 104 134 147 167 187 202 242 262 271 277 291 292 392
 395 436 443 468 504 559 573 597 636
22 34 37 68 80 144 150 163 195 196 233 256 286 339 358 366 400
 416 431 449 488 541 563 566 602 636
13 16 23 73 96 117 127 160 216 222 251 295 337 339 343 378 403
 440 468 495 518 534 553 571 613 633
21 47 60 64 104 110 140 161 188 195 231 284 295 315 333 348 411
 439 469 472 516 528 557 565 593 631
18 52 72 80 83 124 128 164 218 222 275 278 283 321 348 379 392
 413 420 442 524 531 546 568 611 645
15 45 51 67 94 108 124 161 216 219 252 270 302 311 334 383 447
 459 491 499 519 522 549 576 623 636
14 34 38 67 85 103 120 160 215 218 261 281 290 320 332 370 423
 452 479 483 516 521 550 573 621 640
19 32 56 75 91 118 132 160 191 196 234 266 277 306 342 372 402
 424 494 497 514 522 557 568 600 642
8 16 19 116 119 128 158 167 215 217 233 244 296 303 326 333 398
 407 419 453 493 499 564 584 606 630
22 47 58 95 103 138 145 167 193 199 255 258 267 283 301 340 424
 429 441 459 481 502 555 575 587 633
1 21 59 62 108 135 153 163 205 218 237 247 277 280 353 363 403
 415 419 441 485 512 551 570 615 643
34 35 46 98 110 146 148 167 207 222 236 247 306 313 318 341 385
 393 438 447 496 501 547 569 617 629
27 46 74 104 109 132 135 165 215 221 249 251 286 344 375 376 389
 458 491 502 527 531 562 580 605 627
14 42 72 100 115 148 153 166 188 189 253 264 303 337 366 375 446
 455 466 504 522 543 561 577 587 637
3 6 74 82 116 121 159 164 219 224 299 307 320 327 367 382 400
 403 424 462 542 543 554 565 617 639
23 24 28 74 85 141 157 163 193 202 246 264 324 333 351 372 412
 422 447 454 486 537 546 582 596 635
22 39 71 81 117 120 158 164 208 211 279 284 291 297 361 376 426
 448 454 461 522 529 548 569 618 643
11 30 75 83 119 123 159 165 192 193 228 232 285 311 345 358 428
 439 495 501 517 532 550 577 599 643
13 28 29 72 98 122 139 162 196 204 229 261 289 291 349 355 404
 435 441 456 491 517 564 565 586 644
10 11 29 84 100 127 152 167 214 219 245 246 269 280 286 332 386
 408 411 421 470 475 548 568 610 628
5 24 29 73 81 90 129 161 218 223 249 266 287 288 294 360 400
 453 501 504 515 540 555 572 614 634
5 30 35 72 82 88 149 160 206 212 257 267 286 297 317 353 407
 460 500 503 511 528 560 576 622 635
5 7 26 74 84 120 134 162 195 203 228 253 321 334 357 373 385
 419 425 463 489 525 558 567 600 633
17 29 30 71 111 121 132 163 185 190 243 252 278 325 352 371 388
 409 446 464 473 516 547 584 601 633
27 38 43 86 105 143 155 167 185 203 235 237 266 273 299 339 413
 430 454 456 469 471 561 576 599 632
7 13 50 71 83 97 148 161 215 224 235 300 301 319 342 359 431
 444 475 492 505 510 551 579 598 635
4 17 51 83 114 120 157 167 206 223 230 231 322 323 331 337 399
 404 415 418 480 494 563 583 605 639
12 38 51 68 116 126 130 162 193 194 239 251 335 342 353 361 387
 411 437 442 504 535 547 581 616 638
20 60 72 89 106 142 147 165 216 223 237 256 341 342 350 380 421
 452 481 486 529 542 558 584 588 641
2 30 68 84 93 129 146 164 215 216 298 308 338 340 362 363 405
 422 450 456 530 536 557 583 624 637
31 39 58 75 80 105 135 161 189 194 229 272 308 318 330 373 406
 462 468 480 511 521 545 584 596 628
15 23 36 93 115 125 149 167 218 220 229 232 314 316 329 342 388
 416 427 458 472 482 554 567 618 646
1 9 42 64 84 90 136 160 186 193 233 291 299 319 322 350 438
 445 477 482 519 520 545 580 601 645
22 50 62 85 98 149 152 165 187 194 238 244 295 299 352 368 420
 425 487 494 507 544 549 572 607 637
32 35 67 83 117 121 122 166 194 195 249 255 316 336 362 377 408
 417 471 486 520 523 559 570 608 630
32 36 71 88 102 133 134 165 205 210 258 259 287 343 366 382 386
 447 469 477 521 524 564 583 620 638
7 16 54 72 93 123 154 163 194 201 236 262 320 323 346 347 402
 432 457 459 469 526 548 580 589 634
15 39 64 107 112 145 155 166 206 215 246 247 276 278 346 368 395
 400 476 495 514 538 558 581 620 644
48 53 71 94 110 129 149 166 193 203 261 262 312 331 367 380 397
 398 488 497 512 531 556 571 585 628
2 3 20 107 108 126 136 167 196 197 249 259 268 275 295 330 390
 423 426 457 473 489 556 577 591 635
0 19 23 106 109 134 154 164 192 197 289 293 325 336 368 383 411
 415 431 438 511 515 561 575 585 640
0 12 18 105 108 131 137 166 209 217 234 245 291 320 351 356 444
 460 472 501 541 544 562 583 588 633
0 5 45 93 101 130 148 165 190 200 231 233 275 307 370 374 441
 454 478 490 514 518 559 578 590 628
0 1 41 47 107 129 132 162 210 220 236 256 285 332 359 384 396
 412 420 461 480 543 553 576 603 630
0 10 42 43 112 142 149 163 211 213 228 259 298 306 364 377 404
 440 442 462 499 527 555 573 598 631
0 2 21 36 94 97 143 160 189 198 238 294 321 326 328 376 408
 449 476 481 517 533 547 582 589 639
0 9 33 46 96 100 126 161 191 199 244 273 278 290 312 382 434
 436 486 500 526 536 563 567 586 643
