625 626 627 628 629 630 631 632 633 634 635 636 637 638 639 640 641
 642 643 644 645 646 647 648 649 650
180 181 182 183 188 247 250 322 323 324 325 326 437 438 439 440 441
 482 483 484 485 486 494 499 502 628
190 191 192 193 198 246 251 327 328 329 330 331 447 448 449 450 451
 487 488 489 490 491 495 498 503 628
194 195 196 197 199 245 249 317 318 319 320 321 442 443 444 445 446
 477 478 479 480 481 493 496 501 628
184 185 186 187 189 244 248 312 313 314 315 316 432 433 434 435 436
 472 473 474 475 476 492 497 500 628
23 36 37 38 39 120 121 122 123 124 165 166 167 168 169 215 216
 217 218 219 242 244 251 493 499 627
22 32 33 34 35 129 130 131 132 134 160 161 162 163 164 210 211
 212 213 214 243 245 250 495 497 627
20 24 25 30 31 125 126 127 128 133 175 176 177 178 179 205 206
 207 208 209 240 247 249 492 498 627
21 26 27 28 29 135 136 137 138 139 170 171 172 173 174 200 201
 202 203 204 241 246 248 494 496 627
42 46 54 57 253 260 263 266 274 276 287 288 294 297 304 311 312
 319 326 327 523 550 560 567 571 627
41 45 49 58 255 257 262 271 272 280 284 285 292 300 303 305 314
 320 322 329 522 549 561 568 570 627
43 47 48 51 256 258 264 267 273 275 282 290 296 298 302 306 313
 317 323 331 521 551 562 565 573 627
40 50 55 56 252 254 265 269 277 279 283 286 293 295 307 308 316
 318 324 328 520 553 563 566 572 627
44 52 53 59 259 261 268 270 278 281 289 291 299 301 309 310 315
 321 325 330 519 552 564 569 574 627
11 16 17 18 19 90 94 95 96 97 241 247 285 286 287 290 291
 386 387 388 389 391 493 497 503 630
10 12 13 14 15 91 92 93 98 99 243 246 275 276 277 280 281
 376 377 378 379 381 492 499 501 630
1 6 7 8 9 81 86 87 88 89 240 244 282 283 284 288 289
 382 383 384 385 390 495 496 502 630
0 2 3 4 5 80 82 83 84 85 242 245 272 273 274 278 279
 372 373 374 375 380 494 498 500 630
111 113 114 117 118 241 249 302 303 304 308 309 332 333 334 335 340
 417 418 419 420 421 495 499 500 629
110 112 115 116 119 243 248 305 306 307 310 311 336 337 338 339 341
 427 428 429 430 431 493 498 502 629
101 106 107 108 109 242 250 292 293 294 298 299 342 343 344 345 350
 422 423 424 425 426 492 496 503 629
100 102 103 104 105 240 251 295 296 297 300 301 346 347 348 349 351
 412 413 414 415 416 494 497 501 629
80 81 90 91 104 107 114 115 141 149 150 156 182 185 192 194 221
 228 231 237 508 518 526 592 597 627
83 88 95 98 100 108 113 116 142 148 154 157 181 186 195 198 224
 229 230 236 507 514 527 591 598 627
85 87 92 96 102 109 110 117 144 145 153 158 183 189 191 196 223
 225 226 239 506 517 524 590 596 627
84 86 93 97 101 103 112 118 143 146 147 159 184 188 190 197 222
 227 233 238 505 515 525 594 595 627
82 89 94 99 105 106 111 119 140 151 152 155 180 187 193 199 220
 232 234 235 504 516 528 593 599 627
220 221 222 223 224 241 245 251 254 255 256 259 260 352 355 358 359
 360 452 456 457 458 461 492 502 625
226 227 230 231 234 243 244 249 252 253 257 258 261 353 354 356 357
 361 466 467 468 469 471 494 503 625
225 228 229 232 233 240 246 250 262 263 264 268 269 362 363 364 365
 370 453 454 455 459 460 493 500 625
235 236 237 238 239 242 247 248 265 266 267 270 271 366 367 368 369
 371 462 463 464 465 470 495 501 625
40 51 53 57 164 165 171 177 221 230 232 239 374 381 384 389 436
 437 445 447 515 535 539 561 609 629
41 46 55 59 161 167 174 175 222 228 234 236 375 378 383 391 432
 440 446 450 517 534 542 562 606 629
47 49 54 56 160 166 172 178 220 226 229 238 372 376 385 388 433
 439 442 448 518 537 541 564 607 629
42 44 48 58 163 169 170 176 223 231 233 235 379 380 382 386 434
 441 444 449 514 536 540 563 605 629
43 45 50 52 162 168 173 179 224 225 227 237 373 377 387 390 435
 438 443 451 516 538 543 560 608 629
3 7 11 14 65 66 70 77 103 106 115 117 162 165 172 175 257
 260 267 268 527 536 545 553 584 628
5 8 12 17 64 69 73 78 100 101 110 111 164 169 174 179 252
 255 264 266 526 537 547 552 583 628
0 9 13 16 61 63 74 76 104 108 118 119 163 166 173 177 254
 261 263 271 524 534 546 551 582 628
1 2 15 19 62 67 71 72 105 109 114 116 161 168 170 178 253
 256 269 270 525 535 548 549 581 628
4 6 10 18 60 68 75 79 102 107 112 113 160 167 171 176 258
 259 262 265 528 538 544 550 580 628
22 26 31 39 144 147 150 155 256 261 262 266 416 419 424 429 433
 438 446 447 507 563 579 584 621 630
21 24 33 37 141 148 151 158 252 259 263 267 415 418 426 430 434
 440 442 451 505 561 577 581 623 630
20 27 32 38 143 149 152 157 253 255 265 268 414 417 422 431 435
 441 445 448 506 562 576 582 622 630
23 28 30 34 142 145 146 156 254 257 264 270 412 421 425 427 436
 439 444 450 504 560 575 580 624 630
25 29 35 36 140 153 154 159 258 260 269 271 413 420 423 428 432
 437 443 449 508 564 578 583 620 630
22 79 86 104 136 153 168 232 255 275 299 316 340 366 391 394 444
 466 485 498 527 541 571 613 623 645
35 71 88 102 139 152 165 233 254 276 298 315 333 369 387 395 442
 471 482 498 526 542 570 614 621 642
36 70 94 118 134 158 176 224 253 273 300 325 339 363 378 402 433
 470 488 496 526 539 572 613 624 634
37 75 90 117 130 157 179 220 261 279 296 322 338 365 379 404 436
 465 491 496 525 542 571 611 620 632
38 73 97 113 131 155 178 221 257 274 295 323 336 364 377 403 432
 462 490 496 524 540 574 614 623 633
26 69 82 109 125 143 160 237 263 285 306 318 349 356 384 397 449
 458 472 499 527 542 574 612 624 648
29 61 84 106 133 142 161 239 262 286 311 321 346 354 382 398 448
 461 473 499 526 543 573 611 623 650
24 64 98 119 121 145 172 231 265 282 304 329 344 355 375 407 437
 453 480 497 525 543 574 613 621 639
20 62 99 115 123 154 171 227 266 283 309 331 350 359 380 408 440
 459 477 497 524 541 570 611 624 638
31 63 91 112 122 151 174 226 270 288 303 328 345 358 373 410 441
 455 481 497 527 539 573 614 620 637
39 72 96 111 132 156 177 222 258 278 297 324 337 370 376 406 434
 464 489 496 527 543 570 610 622 631
28 67 80 108 126 144 164 238 268 290 307 319 347 353 383 400 451
 456 476 499 528 540 570 613 620 649
30 65 93 110 120 149 170 230 271 289 302 327 343 360 372 411 438
 454 478 497 528 542 572 610 623 636
27 68 83 101 127 141 162 235 269 291 305 317 348 361 385 401 450
 457 474 499 524 539 571 610 621 646
23 74 95 114 129 159 175 223 252 272 301 326 341 362 381 405 435
 463 487 496 528 541 573 612 621 635
25 60 92 116 124 147 173 234 267 284 308 330 342 352 374 409 439
 460 479 497 526 540 571 612 622 640
33 76 89 100 138 150 167 225 260 281 293 314 335 371 388 396 445
 469 483 498 525 540 573 610 624 641
32 77 81 105 137 146 169 229 259 280 294 313 332 368 389 393 446
 468 486 498 524 543 572 612 620 643
34 78 87 103 135 148 166 228 256 277 292 312 334 367 386 392 443
 467 484 498 528 539 574 611 622 644
21 66 85 107 128 140 163 236 264 287 310 320 351 357 390 399 447
 452 475 499 525 541 572 614 622 647
16 24 49 110 152 167 186 212 237 269 275 330 332 354 380 410 412
 456 484 496 510 515 567 584 619 647
18 31 55 119 146 168 185 210 239 268 276 331 334 361 372 409 415
 452 483 496 511 514 568 583 616 648
11 20 51 116 150 169 187 214 238 263 277 329 340 357 373 411 413
 461 482 496 512 517 569 580 618 646
12 27 43 107 159 178 181 218 232 254 278 319 339 367 382 397 418
 469 491 497 509 517 568 584 617 643
3 34 54 100 147 170 191 206 221 258 283 315 345 363 391 393 430
 465 480 499 512 516 568 582 619 635
19 25 52 112 148 165 189 213 235 264 280 327 335 353 375 408 416
 458 485 496 513 518 566 582 617 650
14 29 59 108 155 176 188 217 225 255 279 317 337 368 384 399 421
 467 487 497 512 518 567 581 616 642
2 32 48 103 151 171 192 208 224 261 284 316 344 370 388 395 427
 463 478 499 513 517 567 583 615 633
13 28 57 109 157 175 182 215 233 259 273 320 336 371 385 398 419
 466 489 497 510 516 566 583 618 644
10 21 58 106 156 179 183 219 229 256 274 318 341 366 383 401 420
 471 488 497 511 515 569 582 615 641
6 38 47 111 142 162 197 203 231 271 287 325 347 352 381 404 424
 455 472 498 511 517 566 581 619 638
1 23 46 118 141 164 195 204 226 265 285 323 351 359 379 406 423
 460 473 498 513 516 569 584 616 636
15 26 56 101 158 177 180 216 228 260 272 321 338 369 390 400 417
 468 490 497 513 514 565 580 619 645
0 22 50 102 149 174 190 209 220 257 282 312 350 362 389 396 428
 470 479 499 510 514 569 581 617 631
9 36 44 117 143 161 199 200 230 266 290 324 348 358 377 405 426
 453 475 498 510 518 568 580 615 640
17 30 42 115 153 166 184 211 236 262 281 328 333 356 374 407 414
 457 486 496 509 516 565 581 615 649
7 37 45 113 144 163 194 202 234 270 286 326 349 360 376 402 422
 459 474 498 512 515 565 583 617 639
4 35 53 105 145 173 198 205 222 252 288 314 343 365 386 394 431
 462 477 499 511 518 565 584 618 634
5 33 41 104 154 172 193 207 223 253 289 313 342 364 387 392 429
 464 481 499 509 515 566 580 616 632
8 39 40 114 140 160 196 201 227 267 291 322 346 355 378 403 425
 454 476 498 509 514 567 582 618 637
3 9 12 18 336 340 343 346 396 399 404 407 435 439 446 449 456
 459 464 471 513 531 539 548 577 627
5 6 13 19 333 341 344 348 394 397 406 410 436 440 443 448 452
 454 468 470 512 533 540 545 579 627
0 1 10 11 332 338 345 347 395 398 402 409 434 438 445 450 453
 458 462 467 509 532 541 547 578 627
2 8 14 16 335 339 349 350 392 400 405 411 432 441 442 447 457
 460 465 466 511 529 543 544 575 627
4 7 15 17 334 337 342 351 393 401 403 408 433 437 444 451 455
 461 463 469 510 530 542 546 576 627
60 67 73 76 200 208 211 219 220 227 228 239 315 317 326 329 332
 339 343 351 527 533 566 601 605 630
65 69 71 75 204 207 210 217 224 231 232 238 312 320 324 330 335
 341 345 346 524 530 565 600 606 630
61 64 72 77 202 209 213 218 221 226 233 236 314 318 325 331 338
 340 342 348 528 529 567 603 608 630
63 68 70 78 201 205 214 215 223 229 234 237 316 321 323 327 333
 337 347 350 525 531 568 602 609 630
62 66 74 79 203 206 212 216 222 225 230 235 313 319 322 328 334
 336 344 349 526 532 569 604 607 630
164 166 170 175 186 188 192 196 293 300 306 309 357 358 364 369 394
 401 404 409 543 550 586 593 617 630
160 168 174 177 182 189 193 197 298 301 304 305 354 359 365 367 393
 399 402 411 540 553 587 591 615 630
162 169 171 178 180 184 194 198 292 297 308 310 353 355 363 366 396
 398 405 410 542 551 585 590 616 630
161 165 173 176 183 187 190 195 294 296 303 307 360 361 370 371 392
 397 403 407 541 552 588 592 619 630
163 167 172 179 181 185 191 199 295 299 302 311 352 356 362 368 395
 400 406 408 539 549 589 594 618 630
38 42 83 136 150 196 207 222 243 285 296 315 350 368 390 410 418
 439 453 488 528 535 546 553 583 650
33 44 98 125 144 190 215 232 241 288 292 317 338 357 372 406 412
 432 463 486 526 538 548 553 582 638
21 54 90 124 154 188 214 239 240 273 305 328 335 355 377 395 422
 444 468 472 528 534 548 552 584 631
28 48 95 122 147 180 213 237 240 278 311 329 334 360 378 394 423
 445 471 475 524 537 544 553 581 632
32 45 99 126 142 191 217 228 241 289 298 318 336 361 374 405 413
 434 470 485 525 537 546 550 584 637
37 55 85 137 152 197 205 221 243 291 300 312 344 371 382 408 420
 438 460 487 527 537 548 551 580 649
20 56 81 134 159 189 204 234 242 276 302 322 348 364 386 398 427
 447 456 480 527 538 546 552 581 641
31 57 86 130 158 186 200 231 242 281 308 323 349 370 387 399 428
 450 461 477 528 537 545 549 582 643
27 53 97 121 151 183 210 236 240 279 306 327 332 359 376 396 424
 443 466 476 526 536 546 549 580 635
25 58 88 132 155 185 203 226 242 275 309 326 346 363 389 397 431
 451 457 478 525 534 547 553 580 644
39 52 82 135 146 195 208 223 243 290 295 314 345 366 385 411 417
 437 459 491 526 534 545 550 581 647
34 40 93 128 141 193 218 225 241 282 294 321 341 353 380 404 414
 433 462 482 527 534 544 549 583 640
35 46 92 127 143 192 216 229 241 283 299 320 339 354 373 403 416
 436 464 483 528 536 547 551 581 639
23 49 80 139 153 199 209 224 243 286 297 313 343 367 384 409 419
 440 455 490 525 536 544 552 582 646
36 51 84 138 148 194 206 220 243 287 301 316 342 369 383 407 421
 441 454 489 524 538 547 549 584 648
26 41 96 123 149 181 211 235 240 274 307 330 340 358 381 393 425
 442 467 473 525 538 545 551 583 634
29 50 94 120 145 182 212 238 240 272 310 331 333 352 379 392 426
 446 469 474 527 535 547 550 582 633
24 43 89 129 156 184 201 230 242 277 303 325 351 365 391 400 429
 448 458 479 524 536 548 550 583 642
30 59 87 131 157 187 202 227 242 280 304 324 347 362 388 401 430
 449 452 481 526 535 544 551 584 645
22 47 91 133 140 198 219 233 241 284 293 319 337 356 375 402 415
 435 465 484 524 535 545 552 580 636
12 30 51 61 105 130 147 192 203 223 265 274 292 335 361 390 402
 440 476 493 510 527 557 564 589 642
13 24 42 68 103 132 154 191 204 220 270 272 293 340 353 384 403
 438 475 493 511 526 556 562 587 643
18 38 40 65 109 138 159 180 209 229 261 275 305 351 358 375 392
 434 477 495 512 526 558 560 589 649
3 29 57 79 114 121 143 195 211 234 264 289 300 338 367 388 410
 451 482 492 511 524 555 563 589 631
4 21 59 78 118 123 144 199 213 231 269 284 296 336 369 389 411
 448 483 492 509 527 556 560 585 635
6 35 48 74 115 125 148 187 218 239 255 291 308 345 364 376 400
 446 488 494 510 525 555 560 587 636
7 34 41 72 119 127 153 186 219 238 259 287 302 350 365 377 397
 445 487 494 513 526 557 563 585 637
5 27 58 71 117 122 142 194 212 227 263 282 295 337 371 391 409
 447 486 492 513 528 558 564 587 634
14 20 52 69 102 129 151 198 200 221 271 273 294 334 354 383 406
 439 474 493 509 525 558 563 586 645
16 36 45 62 107 135 155 183 207 233 252 281 311 347 355 372 393
 436 479 495 513 527 555 562 586 646
8 33 50 70 112 126 152 185 216 236 256 285 304 343 370 381 398
 444 491 494 512 524 556 564 586 640
19 23 44 64 106 136 157 188 205 228 258 276 307 349 352 373 396
 433 478 495 509 524 557 561 587 647
17 39 46 60 108 137 158 182 206 232 257 277 306 348 360 380 395
 435 481 495 511 525 554 564 585 650
1 32 54 75 110 133 150 184 215 235 254 290 309 342 362 378 399
 443 490 494 511 527 558 561 588 639
0 28 56 77 111 124 141 196 210 230 262 288 301 339 366 387 408
 449 484 492 512 525 557 562 588 633
9 22 53 73 116 128 146 189 217 237 260 286 303 344 363 379 401
 442 489 494 509 528 554 562 589 638
11 37 47 63 101 139 156 181 208 225 253 280 310 346 359 374 394
 432 480 495 510 528 556 563 588 648
10 31 49 67 100 134 149 193 202 222 267 279 299 333 357 382 405
 437 472 493 513 524 554 560 588 644
15 25 55 66 104 131 145 190 201 224 266 278 298 332 356 385 404
 441 473 493 512 528 555 561 585 641
2 26 43 76 113 120 140 197 214 226 268 283 297 341 368 386 407
 450 485 492 510 526 554 561 586 632
23 29 31 33 103 107 111 116 315 318 322 327 377 380 385 389 394
 400 402 407 551 558 576 596 606 625
21 30 32 36 101 102 114 119 314 319 323 330 373 376 384 391 392
 398 404 408 553 554 579 598 605 625
22 25 27 37 100 109 115 118 313 321 324 329 372 381 383 386 395
 399 403 410 550 557 575 599 608 625
20 28 35 39 104 106 110 113 312 317 325 328 375 379 388 390 393
 397 405 409 549 556 577 595 609 625
24 26 34 38 105 108 112 117 316 320 326 331 374 378 382 387 396
 401 406 411 552 555 578 597 607 625
4 52 87 104 132 152 170 217 229 247 257 308 319 338 359 378 407
 426 447 472 533 557 573 583 594 646
19 53 98 115 127 147 167 200 226 245 263 298 322 347 366 382 392
 421 435 490 530 556 572 583 593 631
17 54 92 119 128 149 165 204 227 245 269 292 325 349 368 383 394
 419 434 491 531 555 573 580 591 633
13 46 83 106 139 144 178 211 237 244 255 301 331 335 370 386 404
 430 437 479 532 558 572 580 594 637
1 57 90 111 122 159 163 206 224 246 267 307 314 350 354 372 401
 414 446 485 533 556 574 580 590 642
18 50 93 116 133 151 166 201 231 245 264 299 326 348 371 384 393
 417 432 488 532 557 570 584 590 632
3 42 86 105 131 148 174 215 225 247 261 302 318 339 355 381 409
 423 448 474 530 554 570 580 592 647
9 59 97 114 120 158 162 205 220 246 265 311 313 345 357 374 397
 416 444 484 529 558 570 583 591 641
16 41 99 112 125 145 169 202 230 245 268 293 323 346 367 390 395
 420 433 489 533 558 571 581 592 635
7 58 96 118 124 157 160 207 221 246 266 310 316 343 361 375 400
 412 443 482 532 554 573 581 593 643
5 49 88 103 129 150 173 219 232 247 258 304 321 336 358 379 408
 422 450 476 529 555 572 581 590 648
14 44 82 107 138 142 177 213 238 244 256 300 328 332 362 387 403
 431 440 480 531 554 571 583 590 636
2 51 89 102 134 146 172 218 228 247 252 309 320 337 360 377 410
 424 449 473 532 556 571 582 591 649
15 40 85 108 135 143 179 210 235 244 259 297 329 333 364 391 402
 428 439 478 529 556 573 584 592 638
8 56 94 113 123 156 161 209 223 246 271 306 315 344 353 373 399
 415 445 486 530 555 571 584 594 644
0 55 81 100 130 153 171 216 233 247 253 303 317 341 352 376 411
 425 451 475 531 558 574 584 593 650
12 47 84 109 136 141 176 214 236 244 260 295 330 334 365 389 405
 427 438 481 533 555 570 582 593 639
11 48 91 110 126 154 168 203 234 245 262 294 324 351 369 385 396
 418 436 487 529 554 574 582 594 634
6 43 95 117 121 155 164 208 222 246 270 305 312 342 356 380 398
 413 442 483 531 557 572 582 592 645
10 45 80 101 137 140 175 212 239 244 254 296 327 340 363 388 406
 429 441 477 530 557 574 581 591 640
84 87 90 99 164 167 173 178 313 320 325 327 415 417 425 428 453
 457 463 471 512 527 554 563 587 626
85 88 91 97 161 169 172 177 316 317 322 330 414 419 423 430 458
 459 469 470 511 528 557 560 586 626
81 82 92 95 162 166 174 176 315 319 324 331 412 420 422 429 454
 461 462 466 513 525 556 561 589 626
83 89 93 96 163 168 171 175 312 318 323 329 416 421 426 431 455
 456 465 468 509 526 555 564 588 626
80 86 94 98 160 165 170 179 314 321 326 328 413 418 424 427 452
 460 464 467 510 524 558 562 585 626
6 32 40 62 98 104 124 158 175 199 202 238 264 274 303 315 337
 354 386 396 423 438 457 491 559 648
3 28 41 74 97 107 134 152 168 198 208 226 266 277 296 321 335
 352 384 401 428 434 454 486 559 639
9 35 45 60 93 100 122 156 178 196 204 235 268 273 304 316 338
 356 389 392 424 440 461 487 559 647
10 24 59 76 81 116 136 143 164 180 218 223 257 287 298 328 346
 370 372 408 419 443 465 474 559 634
12 20 58 77 86 119 135 144 161 182 216 224 258 291 293 327 351
 362 374 410 421 442 462 472 559 632
15 31 43 79 87 115 139 142 163 188 215 220 252 285 294 330 348
 363 375 411 420 445 464 476 559 633
17 23 51 67 85 113 125 151 173 185 212 233 260 289 305 324 350
 366 378 404 416 448 467 480 559 643
7 33 47 64 92 105 120 159 177 195 200 237 262 279 309 312 336
 353 391 395 425 441 452 488 559 646
4 29 48 70 96 101 130 150 166 193 209 230 270 276 295 320 332
 355 383 397 430 435 460 485 559 638
11 38 52 68 80 118 128 145 174 186 211 232 256 283 311 322 342
 371 376 405 415 449 468 478 559 642
14 25 57 71 89 110 137 141 160 181 219 222 261 286 292 331 347
 364 373 407 417 444 470 475 559 635
5 21 50 75 95 109 131 146 165 192 206 234 271 281 297 317 340
 359 382 400 431 433 453 484 559 637
18 39 49 69 84 117 127 154 170 187 213 228 254 288 310 323 344
 368 381 402 414 451 466 479 559 641
8 22 46 63 99 103 121 157 176 194 203 239 269 278 302 314 341
 357 387 393 426 439 458 490 559 649
0 26 53 72 90 106 129 148 169 191 207 227 265 275 300 319 333
 360 385 399 427 432 455 483 559 640
19 36 55 61 83 111 126 149 172 184 214 225 259 284 306 326 345
 367 379 403 412 447 471 477 559 645
16 37 42 66 82 114 133 147 171 189 210 229 255 282 307 325 343
 369 377 406 413 450 469 481 559 644
2 27 54 73 94 108 132 153 167 190 205 231 267 280 301 318 334
 358 390 398 429 436 459 482 559 636
1 34 44 65 91 102 123 155 179 197 201 236 263 272 308 313 339
 361 388 394 422 437 456 489 559 650
13 30 56 78 88 112 138 140 162 183 217 221 253 290 299 329 349
 365 380 409 418 446 463 473 559 631
9 62 103 139 145 179 193 214 221 242 262 287 307 317 378 410 417
 434 466 483 530 564 598 612 617 636
11 69 114 131 142 173 199 216 226 240 259 276 292 316 380 399 429
 437 465 488 533 562 595 610 617 649
8 60 105 136 149 175 191 213 224 242 263 290 305 321 376 407 420
 436 469 484 532 563 595 614 616 638
17 61 117 129 141 171 197 217 234 240 256 280 293 315 372 397 428
 441 464 490 532 560 598 613 618 647
1 64 104 135 147 176 198 212 220 242 268 286 306 320 381 408 418
 432 468 482 531 560 596 610 615 637
10 78 115 121 152 161 189 206 238 241 261 273 295 326 390 394 425
 449 455 479 529 561 598 610 616 643
14 79 119 124 148 164 184 209 237 241 253 272 296 324 382 393 424
 450 459 478 533 564 596 614 618 641
15 76 110 122 146 162 187 207 236 241 258 274 301 322 384 395 426
 448 460 477 531 563 597 613 617 644
13 77 116 120 153 160 185 208 235 241 252 278 300 323 383 396 422
 447 453 481 530 560 595 611 619 642
6 65 100 137 151 177 190 211 223 242 269 285 310 319 377 409 421
 433 471 485 529 562 597 611 618 639
19 66 113 134 143 174 196 219 231 240 254 275 294 314 374 400 430
 438 463 489 531 564 599 611 616 646
3 72 101 126 157 167 183 201 232 243 271 282 309 328 386 402 416
 442 461 475 533 560 597 612 616 633
4 74 109 133 155 169 181 204 228 243 267 283 303 327 387 404 412
 445 452 474 529 564 595 613 615 631
2 75 106 127 159 166 182 202 225 243 266 289 308 329 389 406 415
 444 458 476 531 562 598 614 619 634
5 70 108 128 156 168 180 200 233 243 265 288 302 330 388 403 413
 446 457 472 532 561 596 611 617 635
7 63 102 138 154 178 192 210 222 242 264 291 311 318 379 411 419
 435 467 486 533 561 599 613 619 640
0 73 107 125 158 165 188 203 229 243 270 284 304 331 391 405 414
 443 456 473 530 563 599 610 618 632
16 68 111 130 144 170 195 218 227 240 260 277 299 313 375 398 431
 439 470 487 530 561 597 614 615 648
12 71 112 123 150 163 186 205 239 241 257 279 297 325 385 392 423
 451 454 480 532 562 599 612 615 645
18 67 118 132 140 172 194 215 230 240 255 281 298 312 373 401 427
 440 462 491 529 563 596 612 619 650
41 48 50 53 54 61 66 67 68 69 155 156 157 158 159 241 244
 250 407 408 409 410 411 498 501 626
40 44 45 46 47 71 76 77 78 79 145 147 149 151 154 243 247
 251 397 398 399 400 401 496 500 626
43 56 57 58 59 60 62 63 64 65 146 148 150 152 153 240 245
 248 402 403 404 405 406 499 503 626
42 49 51 52 55 70 72 73 74 75 140 141 142 143 144 242 246
 249 392 393 394 395 396 497 502 626
37 50 60 81 119 125 142 170 183 214 222 266 275 301 320 353 388
 423 490 500 509 529 539 545 576 642
24 47 69 95 107 137 153 161 193 215 227 268 274 308 314 369 379
 416 478 502 512 532 539 546 575 631
34 56 73 85 114 122 154 176 184 202 232 261 285 298 327 352 383
 431 483 501 510 532 543 545 577 646
26 49 78 99 104 130 159 165 196 208 236 259 282 311 324 363 373
 421 474 503 511 532 540 548 576 636
30 44 66 97 108 139 150 160 191 218 234 269 273 303 312 366 381
 415 477 502 513 533 543 547 576 632
21 42 77 92 100 129 155 168 194 205 238 254 289 306 322 370 375
 417 473 503 510 533 539 544 578 638
32 58 70 80 113 121 147 177 187 204 225 252 287 299 331 358 385
 428 484 501 509 533 542 548 575 650
35 57 72 83 118 120 151 179 189 203 228 257 290 293 330 355 382
 429 486 501 512 531 541 544 576 648
20 40 67 94 101 136 148 163 192 217 226 262 278 304 313 371 377
 412 479 502 511 531 542 545 578 635
39 53 62 87 112 133 141 172 180 211 224 271 276 296 318 357 391
 422 487 500 510 531 540 547 575 643
28 51 71 91 103 131 158 167 195 209 235 255 283 310 326 365 372
 420 472 503 509 531 543 546 579 640
27 52 79 98 105 134 156 166 197 207 239 260 284 307 323 362 380
 419 475 503 512 529 542 547 577 637
22 43 75 84 111 123 145 175 185 200 229 253 291 292 328 360 384
 430 482 501 513 529 540 546 578 647
25 45 68 96 106 138 146 164 198 216 231 263 279 302 315 367 378
 414 481 502 510 529 541 548 579 633
29 55 76 93 102 132 157 169 199 206 237 256 288 305 325 364 374
 418 476 503 513 530 541 545 575 639
31 46 61 90 109 135 152 162 190 219 230 264 272 309 316 368 376
 413 480 502 509 530 540 544 577 634
33 59 74 82 117 124 149 178 186 201 233 258 286 294 329 359 390
 427 485 501 511 530 539 547 579 649
23 41 63 88 110 128 143 171 182 213 220 267 281 295 319 361 386
 424 488 500 512 530 543 548 578 645
36 48 65 89 116 127 144 174 188 212 221 265 280 297 321 356 387
 425 491 500 511 533 541 546 577 644
38 54 64 86 115 126 140 173 181 210 223 270 277 300 317 354 389
 426 489 500 513 532 542 544 579 641
9 54 78 98 106 131 171 185 218 222 249 272 306 330 351 371 387
 402 454 485 506 563 575 581 620 646
16 40 72 80 100 123 162 188 208 234 248 288 298 320 334 362 379
 407 458 488 506 564 579 580 623 643
18 44 70 85 104 120 164 181 206 227 248 284 294 318 335 365 376
 410 461 490 504 562 578 581 621 644
7 53 71 99 107 132 174 184 216 223 249 273 307 329 348 368 388
 404 460 484 507 560 578 582 623 648
1 50 79 92 108 130 172 187 219 221 249 278 305 327 346 369 386
 405 455 486 505 562 579 583 624 647
17 45 75 83 103 124 161 180 205 226 248 282 299 319 332 364 381
 411 452 489 508 563 577 582 624 642
3 43 68 90 110 136 177 199 210 233 251 280 308 326 344 357 383
 392 462 473 507 564 576 581 624 637
5 57 67 96 119 139 176 197 213 229 251 277 309 322 345 356 390
 396 463 474 508 562 575 584 623 640
19 47 73 82 102 121 163 182 207 230 248 283 292 321 340 370 378
 409 457 487 505 560 576 584 620 641
8 48 77 93 109 134 173 186 217 220 249 274 310 328 347 367 391
 406 459 483 508 561 576 580 621 650
6 41 76 91 101 129 170 189 215 224 249 279 311 331 349 366 389
 403 453 482 504 564 577 584 622 649
15 42 65 81 111 128 167 198 202 239 250 290 300 316 336 359 373
 397 467 479 505 564 575 582 621 632
14 49 64 87 118 125 168 192 201 235 250 287 295 315 341 360 374
 398 469 477 507 562 577 580 620 631
4 56 69 97 116 135 175 194 211 225 251 275 304 325 350 361 382
 395 464 475 504 561 579 582 620 636
0 58 66 94 112 137 178 195 214 228 251 281 302 324 342 354 384
 394 465 476 506 560 577 583 621 638
2 59 61 95 115 138 179 196 212 232 251 276 303 323 343 353 385
 393 470 472 505 563 578 580 622 639
11 46 74 84 105 122 160 183 209 231 248 289 293 317 333 363 377
 408 456 491 507 561 575 583 622 645
10 51 62 88 117 126 166 190 204 237 250 291 297 314 339 352 375
 399 468 481 504 563 576 583 623 635
12 55 63 89 113 133 165 191 200 238 250 285 301 313 338 355 380
 401 466 478 508 560 579 581 622 634
13 52 60 86 114 127 169 193 203 236 250 286 296 312 337 358 372
 400 471 480 506 561 578 584 624 633
12 22 74 88 158 170 184 207 234 251 268 287 305 318 332 371 373
 406 425 437 518 521 544 556 611 633
0 37 65 97 154 164 182 200 235 249 256 276 299 314 337 363 390
 407 412 448 517 520 544 555 612 637
16 26 71 83 146 176 199 215 221 250 267 289 304 328 351 353 376
 394 428 435 517 522 547 557 611 641
17 21 79 84 152 177 196 218 224 250 270 283 302 329 347 361 379
 396 429 432 518 523 545 558 612 644
13 35 75 81 155 172 186 209 227 251 264 285 307 321 334 366 374
 402 426 441 517 523 548 554 610 635
4 39 64 95 149 163 183 203 238 249 260 280 298 316 339 364 384
 410 415 450 516 519 548 558 611 640
8 20 66 92 142 167 193 211 233 248 261 272 297 323 345 360 389
 401 418 443 518 520 548 557 613 648
7 25 67 91 143 166 191 214 232 248 252 274 296 325 344 359 387
 398 421 446 514 522 544 558 610 647
11 28 76 82 153 179 194 217 222 250 265 284 309 327 348 354 381
 392 430 433 514 521 548 555 614 643
3 38 60 96 151 161 188 202 237 249 254 281 292 313 341 365 385
 408 413 447 514 523 547 556 613 636
6 24 61 93 144 165 198 210 228 248 253 278 295 322 350 358 388
 399 420 444 516 521 547 554 612 646
9 30 69 99 141 168 190 212 229 248 258 279 300 326 342 355 386
 400 419 445 517 519 545 556 614 650
10 32 72 87 159 174 185 205 230 251 263 286 310 317 335 369 380
 403 424 439 516 522 545 555 613 632
18 29 77 80 148 178 197 219 223 250 266 282 303 330 349 357 378
 395 431 436 516 520 546 556 610 645
14 33 73 86 156 171 187 206 226 251 269 290 311 320 333 367 375
 404 422 438 514 519 546 557 612 634
2 36 63 90 145 160 180 204 236 249 255 277 294 315 336 362 382
 409 416 451 515 521 545 557 610 638
5 23 62 94 147 162 181 201 239 249 259 275 293 312 338 370 383
 411 414 449 518 522 546 554 614 639
15 34 70 89 157 173 189 208 231 251 262 291 306 319 340 368 372
 405 423 440 515 520 547 558 614 631
19 27 78 85 150 175 195 216 220 250 271 288 308 331 346 356 377
 393 427 434 515 519 544 554 613 642
1 31 68 98 140 169 192 213 225 248 257 273 301 324 343 352 391
 397 417 442 515 523 546 555 611 649
59 79 94 103 126 141 169 189 200 254 274 320 350 356 376 409 431
 437 454 495 507 548 573 608 619 632
44 62 84 119 130 156 174 198 217 267 285 326 340 364 385 395 416
 443 469 492 506 544 572 609 619 649
41 70 98 111 136 146 178 183 212 261 283 312 348 369 374 399 422
 451 458 493 508 544 573 605 618 636
47 65 83 112 132 158 173 192 218 266 286 322 333 362 383 393 413
 445 466 492 504 548 574 605 616 647
55 67 86 107 121 154 162 196 209 263 280 330 336 360 386 406 417
 433 465 494 504 547 573 609 615 642
45 63 85 115 131 159 170 193 219 265 290 325 334 370 384 396 412
 442 468 492 507 547 571 606 618 650
54 72 93 117 138 152 176 182 211 252 284 313 346 366 373 400 423
 450 452 493 507 546 574 609 617 638
51 69 81 106 124 145 163 197 208 269 281 327 338 358 391 403 418
 435 470 494 507 544 570 607 616 644
49 68 89 108 120 147 161 194 207 264 276 328 339 359 389 404 420
 434 463 494 506 545 574 608 618 645
48 75 99 114 135 153 177 181 214 257 288 315 349 371 375 401 424
 448 456 493 505 547 572 608 616 640
58 78 90 102 133 143 168 186 202 260 278 317 345 353 381 407 429
 440 460 495 504 546 572 607 618 633
46 64 80 116 134 155 171 191 215 271 291 324 332 365 390 392 414
 444 471 492 505 545 573 607 617 648
53 74 92 113 137 150 179 188 213 253 282 316 351 367 372 398 426
 449 457 493 504 545 570 606 619 637
56 76 96 105 127 142 165 185 201 255 273 319 342 357 379 410 428
 438 459 495 505 544 574 606 615 635
50 73 91 118 139 148 175 180 210 258 289 314 347 368 380 397 425
 447 461 493 506 548 571 607 615 639
43 71 97 100 128 144 166 187 203 259 272 318 343 354 378 408 427
 441 453 495 508 545 571 609 616 631
42 61 87 101 123 151 160 195 206 268 275 329 337 352 387 405 419
 436 462 494 508 548 572 606 617 641
40 60 82 110 129 157 172 190 216 270 287 323 335 363 382 394 415
 446 467 492 508 546 570 608 615 646
52 66 88 109 122 149 164 199 205 262 277 331 341 355 388 402 421
 432 464 494 505 546 571 605 619 643
57 77 95 104 125 140 167 184 204 256 279 321 344 361 377 411 430
 439 455 495 506 547 570 605 617 634
0 32 69 88 115 120 144 176 180 201 222 340 367 377 401 415 436
 460 480 503 523 549 564 566 573 647
7 39 76 97 109 126 148 171 193 212 231 338 362 373 394 420 439
 457 473 501 523 552 562 568 572 642
13 27 65 82 113 130 145 168 184 206 228 347 357 389 408 423 442
 464 488 502 522 552 563 567 573 640
6 23 77 96 108 133 152 174 192 214 227 336 363 372 392 418 437
 458 475 501 519 549 563 565 571 641
1 37 78 94 107 127 146 173 191 211 230 341 364 375 396 419 441
 461 472 501 521 553 564 567 570 645
16 20 75 93 105 139 158 164 194 219 236 344 352 385 403 429 449
 467 485 500 519 553 560 568 573 631
11 31 73 92 104 138 157 161 197 218 235 350 355 384 406 427 451
 471 484 500 522 550 564 565 572 635
18 30 72 98 103 137 155 163 196 216 237 345 359 383 405 428 448
 469 482 500 521 552 561 566 571 634
8 36 79 95 106 128 150 170 190 210 226 337 365 374 395 417 440
 456 474 501 522 551 560 566 574 643
19 24 70 91 100 135 159 160 199 217 239 342 360 390 404 431 450
 466 486 500 523 551 563 569 570 633
14 26 60 80 111 131 154 166 189 205 233 346 361 391 410 426 445
 463 491 502 521 549 560 569 572 639
5 35 66 86 116 123 141 177 183 202 220 335 368 378 398 412 435
 455 478 503 521 550 563 568 574 649
17 25 74 99 102 136 156 162 195 215 238 343 358 382 402 430 447
 468 483 500 520 549 562 567 574 632
2 33 68 87 119 122 143 175 181 203 221 332 366 379 399 413 433
 454 479 503 520 552 560 565 570 650
15 21 63 83 117 134 147 169 185 209 232 349 354 388 407 425 443
 462 487 502 519 550 562 566 570 636
10 28 64 84 114 132 151 165 186 207 225 351 356 386 411 422 446
 470 490 502 520 551 564 568 571 638
12 29 62 85 118 129 149 167 187 208 229 348 353 387 409 424 444
 465 489 502 523 553 561 565 574 637
3 22 67 89 112 124 142 179 182 204 223 334 369 376 397 414 432
 453 477 503 519 551 561 567 572 646
9 38 71 90 101 125 153 172 198 213 234 339 370 380 393 421 438
 452 476 501 520 550 561 569 573 644
4 34 61 81 110 121 140 178 188 200 224 333 371 381 400 416 434
 459 481 503 522 553 562 569 571 648
12 28 54 79 96 116 125 162 199 228 242 261 282 314 333 359 403
 415 441 487 515 572 578 586 600 650
16 25 59 69 86 113 122 172 192 239 243 256 272 319 348 365 396
 425 434 482 516 572 576 588 602 638
19 30 57 68 81 117 123 173 193 238 243 255 278 318 351 363 395
 424 432 484 514 573 577 586 604 639
13 21 41 71 94 115 133 164 197 225 242 258 288 316 332 360 405
 416 439 491 514 574 576 589 603 646
2 22 40 70 92 107 139 169 186 222 240 271 290 326 338 361 408
 421 448 481 516 574 577 587 600 641
3 35 44 73 99 109 137 166 185 224 240 265 287 322 337 353 411
 418 450 479 515 573 579 588 603 645
7 23 42 60 84 104 134 179 180 230 241 269 280 331 345 371 399
 431 442 476 517 574 579 586 602 631
17 31 56 66 89 118 121 170 198 237 243 259 274 317 346 362 392
 422 436 485 517 570 578 587 603 640
15 29 53 78 95 119 126 160 194 233 242 257 283 313 335 358 406
 414 438 488 517 571 577 588 601 647
1 38 51 63 82 100 132 175 183 227 241 262 276 330 344 367 400
 428 444 474 518 572 577 585 603 632
6 36 52 64 85 103 130 178 182 234 241 263 275 328 343 368 401
 429 445 473 514 570 575 588 600 635
5 32 47 74 93 106 135 167 189 221 240 270 285 324 339 357 407
 419 451 477 514 571 578 585 602 642
14 27 48 76 90 112 128 161 196 229 242 252 289 312 340 352 402
 412 437 490 516 570 579 585 604 648
11 24 58 67 87 111 120 171 190 236 243 254 273 321 349 364 393
 423 435 483 518 571 579 589 600 637
0 34 46 75 98 101 138 168 187 223 240 267 286 325 336 356 410
 420 447 478 518 570 576 586 601 643
8 37 49 62 83 102 131 177 188 231 241 268 277 327 342 366 397
 427 446 475 516 573 578 589 601 634
18 20 43 61 88 114 124 174 191 235 243 260 279 320 347 370 394
 426 433 486 515 574 575 585 601 636
9 39 55 65 80 105 129 176 181 226 241 264 281 329 350 369 398
 430 443 472 515 571 576 587 604 633
10 26 50 77 97 110 127 163 195 232 242 253 284 315 334 355 404
 413 440 489 518 573 575 587 602 649
4 33 45 72 91 108 136 165 184 220 240 266 291 323 341 354 409
 417 449 480 517 572 575 589 604 644
13 59 73 90 134 151 170 181 216 238 262 282 297 342 361 420 435
 458 477 498 553 555 575 596 609 647
0 41 62 93 121 142 160 192 205 232 260 290 308 351 368 430 441
 471 474 496 552 556 579 596 608 644
9 46 68 82 126 150 165 197 202 224 252 275 310 334 364 425 448
 465 486 497 549 557 578 596 605 631
11 42 79 89 135 158 178 185 213 227 271 279 298 341 358 412 446
 460 489 499 552 557 576 598 609 639
8 47 61 85 127 148 168 199 204 222 257 281 307 332 363 422 449
 463 482 497 550 558 579 597 609 632
17 49 71 86 138 155 175 189 214 230 265 278 294 338 352 415 443
 459 488 499 551 556 575 597 605 637
18 52 78 81 139 157 177 184 212 226 267 274 293 339 360 413 444
 453 487 499 549 555 579 599 606 638
19 51 76 87 137 156 176 186 210 234 266 272 299 336 355 414 442
 455 491 499 553 558 578 595 608 636
16 55 77 88 136 159 179 187 211 231 270 273 292 337 359 416 445
 454 490 499 550 554 577 596 607 640
4 50 65 98 122 141 161 191 208 233 255 287 309 349 367 429 439
 468 476 496 551 554 578 599 609 641
7 44 69 80 133 146 167 196 203 220 253 277 305 333 370 423 447
 462 485 497 551 555 577 598 608 635
1 40 66 83 125 152 166 194 200 223 258 280 311 340 365 424 451
 470 483 497 552 554 575 595 606 633
14 58 72 97 130 149 173 180 215 239 264 283 301 344 356 418 433
 456 481 498 550 556 578 598 606 646
12 56 70 95 132 145 171 188 219 235 263 289 296 345 354 419 432
 452 479 498 549 554 576 597 608 649
5 54 60 99 120 143 163 198 209 225 256 291 303 347 369 427 437
 466 473 496 553 557 577 597 606 643
10 43 74 96 131 147 172 182 217 236 269 288 300 350 353 417 436
 461 478 498 552 558 577 599 605 648
15 57 75 94 129 154 174 183 218 237 268 284 295 343 357 421 434
 457 480 498 551 557 579 595 607 650
2 53 64 91 124 144 162 193 206 229 254 285 302 346 371 428 440
 467 475 496 550 555 576 595 605 645
6 45 67 84 128 153 169 195 201 221 261 276 306 335 362 426 450
 464 484 497 553 556 576 599 607 634
3 48 63 92 123 140 164 190 207 228 259 286 304 348 366 431 438
 469 472 496 549 558 575 598 607 642
0 8 15 18 23 24 27 35 221 225 234 238 292 296 309 311 472
 481 485 489 507 545 572 605 615 626
4 9 14 19 28 31 32 37 223 227 232 236 293 297 302 305 473
 479 482 488 508 547 574 607 619 626
5 7 10 16 22 29 30 38 224 226 228 235 294 301 306 308 475
 480 483 491 505 548 570 609 618 626
2 6 11 12 21 25 34 39 220 230 233 237 299 300 304 307 474
 477 486 490 506 546 573 606 616 626
1 3 13 17 20 26 33 36 222 229 231 239 295 298 303 310 476
 478 484 487 504 544 571 608 617 626
15 32 59 68 84 100 125 182 219 226 271 307 312 355 387 394 418
 447 459 496 504 521 532 536 589 640
6 31 44 72 94 110 131 194 204 229 260 296 329 367 374 408 425
 435 466 499 505 520 532 534 586 642
3 37 53 76 88 111 135 192 209 238 269 294 323 356 378 405 429
 444 452 497 506 522 532 538 587 650
1 25 47 70 97 119 129 196 202 228 255 297 328 371 380 411 426
 436 471 499 507 519 530 538 589 643
10 35 56 61 82 103 128 181 215 231 266 305 313 360 391 396 421
 451 460 496 506 519 533 535 586 637
17 27 55 62 91 106 120 186 213 223 261 304 320 363 384 400 413
 439 462 498 505 521 533 538 588 631
9 24 40 75 96 115 134 195 203 233 256 301 327 368 373 409 422
 432 469 499 504 522 533 537 585 645
13 22 58 69 85 105 126 188 218 230 267 311 315 359 388 392 417
 450 455 496 508 520 531 538 585 639
11 29 49 60 98 109 123 184 210 221 252 302 319 370 390 401 416
 441 470 498 504 519 531 534 587 632
4 38 41 77 89 114 139 190 206 239 263 299 324 353 379 402 427
 443 457 497 507 521 531 537 586 647
8 30 45 74 90 116 132 197 200 232 259 295 331 369 375 410 423
 433 467 499 506 523 531 536 588 641
2 23 50 78 86 117 137 198 207 235 262 298 325 357 376 403 430
 445 456 497 508 523 533 534 589 648
0 36 54 71 87 113 136 193 208 237 264 293 322 361 381 406 431
 446 461 497 505 519 529 536 585 649
12 33 57 66 80 102 127 180 217 227 270 306 316 352 386 393 420
 448 453 496 507 522 529 534 588 636
19 26 42 63 93 107 124 187 212 224 257 309 317 365 383 398 415
 437 464 498 506 520 529 537 589 635
14 34 43 67 83 104 133 183 216 234 265 310 314 358 389 395 419
 449 454 496 505 523 530 537 587 638
18 21 51 64 99 108 122 189 211 222 253 308 321 362 385 397 412
 438 465 498 508 522 530 536 586 633
5 39 48 79 81 118 138 191 205 236 268 292 326 354 377 404 428
 442 458 497 504 520 530 535 588 646
7 20 46 73 95 112 130 199 201 225 254 300 330 366 372 407 424
 434 468 499 508 521 529 535 587 644
16 28 52 65 92 101 121 185 214 220 258 303 318 364 382 399 414
 440 463 498 507 523 532 535 585 634
2 7 13 18 123 128 129 136 142 147 152 158 314 317 324 327 355
 356 364 367 547 569 588 597 620 629
5 9 11 15 121 132 133 137 144 148 149 159 315 320 323 328 352
 361 365 366 544 567 586 599 624 629
3 8 10 19 120 125 130 139 141 146 154 155 316 319 325 329 354
 358 362 371 546 565 585 596 622 629
1 4 12 16 124 126 131 138 143 151 153 156 312 321 322 331 357
 360 363 368 545 566 587 598 621 629
0 6 14 17 122 127 134 135 140 145 150 157 313 318 326 330 353
 359 369 370 548 568 589 595 623 629
124 125 129 137 220 225 231 236 276 278 283 290 392 401 402 410 413
 419 425 431 513 522 594 609 623 628
122 128 131 139 223 228 230 238 275 279 284 291 393 398 406 407 416
 418 422 428 511 523 593 608 624 628
123 130 133 135 222 226 232 237 273 280 287 289 396 400 403 409 414
 420 426 427 512 520 591 605 621 628
121 126 134 136 221 227 229 235 272 281 286 288 395 397 404 411 415
 421 423 429 510 521 590 606 622 628
120 127 132 138 224 233 234 239 274 277 282 285 394 399 405 408 412
 417 424 430 509 519 592 607 620 628
143 145 148 155 162 167 170 177 273 276 284 286 340 341 350 351 476
 481 486 491 508 519 532 537 588 625
144 152 154 156 160 169 173 175 279 281 282 287 334 339 345 348 473
 478 485 490 505 522 531 535 589 625
142 150 151 159 164 168 172 176 274 280 283 291 333 338 343 349 475
 479 484 489 506 521 530 534 585 625
141 147 153 157 163 165 174 178 272 277 289 290 332 337 344 346 472
 477 483 488 504 523 529 538 586 625
140 146 149 158 161 166 171 179 275 278 285 288 335 336 342 347 474
 480 482 487 507 520 533 536 587 625
65 67 74 78 354 355 368 370 374 379 385 391 415 420 424 431 475
 481 482 490 538 557 603 617 624 627
64 66 75 76 358 361 363 367 376 380 383 387 416 417 423 427 472
 479 486 487 535 556 602 618 623 627
63 69 72 79 352 353 364 371 372 378 389 390 413 421 422 430 473
 477 484 491 536 554 601 615 621 627
62 68 73 77 356 360 365 369 373 381 382 388 412 419 426 428 476
 480 485 488 534 558 600 616 622 627
60 61 70 71 357 359 362 366 375 377 384 386 414 418 425 429 474
 478 483 489 537 555 604 619 620 627
13 23 53 89 101 131 149 176 196 248 256 287 308 354 375 395 413
 451 459 486 527 529 568 600 607 632
10 37 48 86 108 129 145 178 199 248 260 285 309 361 373 393 414
 447 454 484 526 531 566 603 606 631
8 26 51 98 118 133 153 162 182 251 270 279 294 364 388 408 431
 434 471 479 528 533 568 604 606 647
9 29 42 91 113 127 152 164 183 251 267 278 292 362 391 411 427
 433 468 477 525 532 566 600 608 648
4 25 40 90 103 120 142 174 187 250 253 281 306 366 390 406 419
 442 456 487 524 532 568 603 605 639
11 32 57 85 112 136 155 166 198 249 269 282 301 360 379 400 425
 440 464 472 526 530 568 601 608 641
2 20 44 96 100 121 141 173 184 250 257 275 311 369 384 402 420
 446 452 491 528 530 566 602 607 637
18 22 59 83 110 135 156 165 193 249 263 283 300 352 377 398 423
 441 463 476 525 533 565 603 607 643
7 21 52 93 111 125 150 161 181 251 265 272 298 363 386 409 428
 436 466 481 524 531 567 601 607 649
17 34 58 82 116 139 159 167 192 249 268 288 296 355 376 399 426
 438 470 473 524 529 566 604 609 645
6 27 49 92 114 126 146 163 180 251 266 273 293 365 387 407 430
 432 467 478 527 530 569 603 609 650
19 35 43 80 119 138 158 169 190 249 262 289 295 359 381 401 422
 439 465 475 527 532 567 602 606 644
1 28 55 99 117 128 148 160 188 251 271 274 299 370 389 410 429
 435 469 480 526 529 565 602 605 646
3 30 47 94 104 122 144 171 186 250 252 276 305 368 382 403 417
 443 458 489 525 529 569 601 606 640
16 33 56 84 115 137 157 168 191 249 264 284 297 358 378 397 424
 437 462 474 528 531 569 600 605 642
0 31 45 95 105 123 143 172 189 250 258 277 310 371 383 404 418
 444 457 490 526 533 567 600 609 636
12 38 50 87 106 134 154 177 194 248 259 290 303 356 372 394 416
 450 460 482 525 530 567 604 605 635
15 39 54 88 107 130 151 175 197 248 255 286 302 353 374 392 412
 449 453 483 524 533 569 602 608 634
14 36 41 81 109 132 147 179 195 248 254 291 304 357 380 396 415
 448 455 485 528 532 565 601 609 633
5 24 46 97 102 124 140 170 185 250 261 280 307 367 385 405 421
 445 461 488 527 531 565 604 608 638
82 86 91 96 204 205 212 218 253 259 264 271 395 401 405 407 476
 479 483 490 507 512 553 601 611 629
81 83 97 99 201 206 213 219 252 260 262 270 392 399 406 409 472
 478 482 491 506 510 551 600 613 629
80 87 93 95 200 207 214 216 255 261 267 269 396 397 402 408 473
 480 486 489 504 511 550 603 614 629
84 88 92 94 202 208 210 215 256 257 263 265 393 400 404 410 475
 477 485 487 508 509 552 604 610 629
85 89 90 98 203 209 211 217 254 258 266 268 394 398 403 411 474
 481 484 488 505 513 549 602 612 629
492 493 494 495 514 515 516 517 518 529 530 531 532 533 549 550 551
 552 553 559 620 621 622 623 624 626
2 9 10 17 41 47 52 57 187 188 191 194 201 209 210 216 412
 418 423 431 527 540 572 611 621 625
3 6 15 16 46 50 51 58 181 184 193 196 200 205 213 217 415
 419 422 427 526 541 574 610 620 625
0 7 12 19 40 48 49 59 183 185 197 198 204 206 211 215 413
 417 426 429 528 543 571 614 624 625
4 8 11 13 43 44 54 55 180 189 192 195 202 207 212 219 414
 421 424 428 525 539 570 612 623 625
1 5 14 18 42 45 53 56 182 186 190 199 203 208 214 218 416
 420 425 430 524 542 573 613 622 625
244 245 246 247 519 520 521 522 523 524 525 526 527 528 559 575 576
 577 578 579 615 616 617 618 619 629
496 497 498 499 544 545 546 547 548 559 560 561 562 563 564 590 591
 592 593 594 600 601 602 603 604 625
65 68 72 76 85 86 95 99 124 133 134 139 292 295 304 306 436
 441 446 451 509 518 569 583 619 625
61 62 75 78 80 89 92 97 122 125 132 136 294 300 302 310 435
 437 442 450 512 514 566 584 615 625
63 66 71 73 81 84 96 98 120 126 129 135 296 299 305 308 433
 440 445 449 511 516 567 580 617 625
64 67 70 79 82 88 90 93 123 127 131 137 293 301 303 311 434
 439 443 447 510 517 565 582 616 625
60 69 74 77 83 87 91 94 121 128 130 138 297 298 307 309 432
 438 444 448 513 515 568 581 618 625
7 35 51 68 94 135 149 168 188 236 261 303 319 346 380 406 430
 453 490 492 537 566 575 590 612 641
19 38 56 79 99 129 144 179 192 233 267 310 312 332 384 407 423
 461 481 494 534 568 575 591 610 634
17 37 43 77 98 132 143 176 193 228 271 311 316 335 385 409 425
 456 477 494 535 569 579 590 614 635
6 33 55 69 90 139 147 166 183 235 257 302 321 351 373 405 431
 459 489 492 535 567 578 591 613 643
15 30 48 73 80 124 152 172 195 222 263 293 325 341 389 399 416
 466 474 495 538 568 578 590 611 637
13 25 50 72 84 121 150 171 199 223 268 294 322 339 391 401 412
 467 472 495 537 565 577 591 614 636
1 22 52 61 96 137 154 167 180 238 252 304 317 349 374 404 427
 454 488 492 536 568 576 592 614 644
18 36 58 76 92 131 141 175 198 232 270 307 313 333 390 411 424
 458 480 494 537 567 576 594 611 631
5 28 40 63 87 127 155 161 184 231 260 300 331 343 376 395 418
 465 485 493 538 569 576 591 612 647
9 34 49 66 95 136 151 169 182 239 253 309 318 347 375 403 428
 460 491 492 538 565 579 594 610 642
10 20 53 70 83 122 153 170 197 220 264 292 324 336 387 400 415
 469 473 495 534 567 579 592 612 639
3 27 45 64 81 133 158 160 187 230 256 297 330 350 379 394 421
 463 483 493 534 566 578 594 614 649
4 26 47 62 86 128 157 164 185 234 254 301 329 345 377 392 420
 470 486 493 536 567 577 590 610 650
8 32 42 67 97 138 145 165 181 237 258 308 320 348 372 402 429
 455 487 492 534 569 577 593 611 645
16 39 57 78 91 134 142 178 190 225 265 305 315 340 383 408 426
 452 478 494 536 565 578 593 612 632
2 29 46 65 88 125 156 163 189 227 259 296 328 342 381 396 417
 462 484 493 537 568 579 593 613 646
14 24 54 74 85 123 146 174 194 224 262 299 323 338 386 397 413
 471 476 495 535 566 576 593 610 640
12 31 41 75 82 120 148 173 196 221 269 298 326 337 388 398 414
 468 475 495 536 569 575 594 613 638
0 21 44 60 89 126 159 162 186 226 255 295 327 344 378 393 419
 464 482 493 535 565 575 592 611 648
11 23 59 71 93 130 140 177 191 229 266 306 314 334 382 410 422
 457 479 494 538 566 577 592 613 633
103 109 113 119 201 207 211 218 279 280 288 290 352 354 363 369 435
 440 444 447 537 569 578 592 610 626
102 108 111 115 204 208 213 216 274 275 286 289 355 357 365 371 433
 441 443 450 535 568 577 594 612 626
101 104 116 117 203 205 210 219 273 281 283 285 353 360 362 367 434
 437 446 448 538 567 575 593 614 626
100 106 112 114 200 209 212 215 277 278 284 287 359 361 364 368 436
 438 442 449 534 565 576 590 613 626
105 107 110 118 202 206 214 217 272 276 282 291 356 358 366 370 432
 439 445 451 536 566 579 591 611 626
124 127 130 136 181 189 190 194 252 256 268 271 333 336 345 351 378
 380 384 388 523 543 580 599 603 626
123 126 132 139 182 187 196 198 260 261 264 265 332 341 342 349 372
 377 382 391 522 539 581 595 602 626
122 129 133 138 185 188 193 195 257 259 266 269 339 340 344 347 374
 376 386 390 521 542 582 596 600 626
120 128 134 137 183 184 192 199 255 258 263 270 334 338 346 350 375
 381 385 387 520 540 584 598 601 626
121 125 131 135 180 186 191 197 253 254 262 267 335 337 343 348 373
 379 383 389 519 541 583 597 604 626
240 241 242 243 504 505 506 507 508 539 540 541 542 543 554 555 556
 557 558 559 565 566 567 568 569 628
500 501 502 503 559 580 581 582 583 584 585 586 587 588 589 605 606
 607 608 609 610 611 612 613 614 627
47 53 55 58 103 108 110 114 123 125 134 138 453 461 464 468 474
 479 485 491 516 523 544 557 614 630
40 41 42 43 102 106 116 118 122 126 130 137 452 459 463 466 472
 480 484 490 518 519 547 555 610 630
45 51 54 59 104 109 111 112 121 127 129 139 456 460 462 469 475
 478 486 488 514 520 545 554 611 630
46 48 52 56 100 107 117 119 120 131 133 136 455 457 467 470 476
 477 482 489 515 522 548 556 612 630
44 49 50 57 101 105 113 115 124 128 132 135 454 458 465 471 473
 481 483 487 517 521 546 558 613 630
143 150 154 158 201 208 212 217 292 301 302 307 375 376 382 389 452
 455 462 471 516 571 575 586 603 628
144 146 151 157 204 209 214 219 298 300 308 311 380 381 390 391 454
 457 464 469 518 574 578 588 604 628
141 145 152 159 203 207 213 215 297 299 303 306 374 377 383 388 459
 461 465 467 514 572 579 587 601 628
142 149 153 155 200 206 210 218 293 296 304 310 373 378 385 386 458
 460 463 468 515 570 577 589 602 628
140 147 148 156 202 205 211 216 294 295 305 309 372 379 384 387 453
 456 466 470 517 573 576 585 600 628
0 38 57 92 103 133 156 170 199 212 236 252 291 298 329 335 397
 433 459 502 538 554 602 616 620 645
19 21 46 86 110 132 142 166 180 208 221 268 279 303 313 350 402
 449 469 501 538 555 600 618 621 640
18 28 47 89 115 130 143 169 183 205 224 269 272 304 315 342 406
 447 467 501 534 554 604 617 623 637
17 29 40 81 112 131 144 168 181 207 220 263 273 309 314 344 405
 450 471 501 536 557 602 619 622 636
15 33 52 97 106 123 153 176 192 204 230 254 282 305 326 347 410
 446 465 500 537 554 603 618 622 648
14 22 51 95 101 120 152 178 191 202 231 259 288 307 322 351 409
 443 464 500 534 555 602 615 624 650
13 32 49 96 107 122 148 179 190 200 234 260 283 306 325 346 411
 444 462 500 535 557 604 616 621 649
12 35 42 90 108 121 146 175 193 201 226 256 284 310 324 349 408
 445 470 500 538 558 601 619 623 646
11 26 45 88 119 134 141 167 188 206 223 264 278 308 312 343 403
 448 466 501 535 558 603 615 620 638
10 34 55 94 109 124 150 177 198 203 227 255 289 311 323 348 407
 442 463 500 536 556 600 617 620 647
9 20 50 85 111 138 147 160 186 215 228 270 280 296 319 341 395
 437 457 503 536 555 603 616 623 634
8 25 41 80 117 135 151 163 184 218 229 265 276 301 317 336 394
 438 461 503 535 554 600 619 624 631
7 31 54 83 114 137 145 164 187 217 233 271 275 295 321 339 396
 440 458 503 538 556 604 615 622 632
6 30 53 82 118 136 154 161 185 219 225 267 277 297 320 338 393
 441 456 503 537 558 602 617 621 633
5 36 43 91 105 125 157 171 196 211 238 257 286 299 327 334 399
 434 460 502 534 556 603 619 621 641
4 23 58 99 100 127 158 172 197 210 237 261 290 294 328 340 398
 432 454 502 535 555 601 617 622 642
3 39 59 98 102 128 159 173 194 214 235 253 285 293 331 332 400
 436 455 502 537 557 600 615 623 644
2 37 56 93 104 126 155 174 195 213 239 258 287 292 330 333 401
 435 453 502 536 558 604 618 624 643
1 24 48 84 113 139 149 162 189 216 232 266 281 300 318 337 392
 439 452 503 534 557 601 618 620 635
16 27 44 87 116 129 140 165 182 209 222 262 274 302 316 345 404
 451 468 501 537 556 601 616 624 639
11 36 53 75 86 100 152 163 201 228 274 305 331 353 397 419 439
 463 481 492 520 543 581 596 604 636
19 39 50 74 89 103 153 164 202 229 273 311 330 361 399 418 441
 462 480 492 522 542 580 597 601 638
18 37 41 73 87 105 150 162 204 233 278 306 328 354 400 421 437
 470 478 492 523 541 582 598 602 640
17 38 48 72 88 104 146 160 200 225 272 307 327 357 398 420 440
 465 479 492 519 539 584 599 600 639
8 34 57 76 84 107 144 172 205 235 275 303 324 359 409 413 435
 468 488 493 519 542 581 598 603 633
12 24 45 65 94 114 157 166 213 222 283 294 317 366 395 428 447
 455 473 494 519 540 580 596 602 648
7 32 43 78 82 108 141 170 209 239 281 304 322 352 410 416 432
 471 489 493 520 541 580 595 600 634
13 31 40 64 97 117 156 167 214 224 289 292 319 369 393 431 449
 460 474 494 521 541 581 599 601 650
14 30 46 62 96 113 159 169 210 220 284 298 321 371 394 429 451
 453 472 494 520 539 582 597 603 647
10 25 44 63 95 111 158 168 211 221 282 293 320 368 392 427 448
 459 476 494 523 542 584 595 604 646
16 23 54 70 81 102 148 161 203 232 279 310 329 356 401 417 438
 464 477 492 521 540 583 595 603 637
1 35 59 77 85 101 142 171 207 237 277 302 326 358 407 415 433
 466 491 493 522 540 582 599 604 631
5 26 55 68 92 115 151 178 217 230 287 296 314 362 402 423 444
 456 482 495 519 543 582 595 601 644
4 27 51 66 93 119 154 179 215 226 286 300 315 370 405 425 446
 458 484 495 523 540 581 597 600 645
0 29 52 67 99 110 147 175 218 231 285 297 316 365 403 422 442
 452 486 495 521 539 580 598 604 641
2 28 42 69 98 112 149 177 219 234 291 295 313 363 404 426 443
 461 483 495 522 541 584 596 603 642
3 21 49 61 91 116 145 176 216 227 290 301 312 364 406 424 445
 457 485 495 520 542 583 599 602 643
15 20 47 60 90 118 155 165 212 223 288 299 318 367 396 430 450
 454 475 494 522 543 583 598 600 649
6 22 56 71 80 106 143 173 206 236 280 309 323 355 411 412 434
 469 487 493 523 539 583 596 601 632
9 33 58 79 83 109 140 174 208 238 276 308 325 360 408 414 436
 467 490 493 521 543 584 597 602 635
19 29 58 75 104 128 151 162 191 222 244 277 304 323 339 369 372
 425 445 459 507 510 552 603 612 649
18 26 57 74 100 126 145 161 192 220 244 280 302 325 337 366 380
 422 443 460 505 509 553 600 614 646
8 31 52 71 108 124 159 171 183 228 245 287 300 313 340 356 379
 430 448 462 504 510 553 602 610 639
3 23 40 69 119 132 150 178 189 236 246 284 299 317 347 360 387
 420 441 468 505 510 550 604 611 634
11 27 56 72 102 125 147 164 193 224 244 281 303 326 336 368 375
 426 444 454 508 511 551 602 611 647
15 22 41 64 113 138 141 166 199 227 247 273 310 327 345 370 382
 413 436 456 506 511 553 604 612 642
5 37 44 61 112 134 153 175 187 237 246 283 298 319 351 355 389
 417 439 467 507 511 549 600 610 633
0 39 47 68 116 131 152 179 184 239 246 289 294 320 349 358 386
 421 440 469 508 513 553 603 613 635
1 30 49 76 106 121 158 174 181 233 245 291 296 316 334 353 377
 431 447 464 508 512 550 600 612 638
10 33 54 65 118 135 142 169 196 234 247 278 307 331 344 365 384
 416 435 457 508 510 549 601 614 645
7 24 55 79 101 122 155 173 182 229 245 290 297 315 335 357 381
 427 449 470 506 509 549 603 611 636
2 38 45 66 110 130 148 176 185 238 246 288 293 321 348 359 391
 419 437 471 504 509 551 601 612 631
9 25 51 77 107 123 157 170 180 225 245 285 295 312 333 354 376
 429 450 463 505 511 552 601 613 637
14 35 50 63 114 136 144 167 197 230 247 274 306 329 342 363 385
 414 434 452 504 513 552 600 611 643
17 28 59 70 105 133 154 163 190 221 244 275 308 322 341 367 373
 424 442 453 506 513 550 601 610 648
6 20 42 78 109 120 156 172 188 232 245 286 301 314 332 361 378
 428 451 465 507 513 551 604 614 640
4 36 46 67 115 129 146 177 186 235 246 282 292 318 346 352 388
 418 438 466 506 512 552 602 614 632
13 34 48 62 111 137 143 165 194 226 247 279 305 330 343 362 390
 415 432 461 507 509 550 602 613 641
16 21 43 73 103 127 149 160 198 223 244 276 309 324 338 371 374
 423 446 455 504 512 549 604 613 650
12 32 53 60 117 139 140 168 195 231 247 272 311 328 350 364 383
 412 433 458 505 512 551 603 610 644
6 29 54 63 97 105 141 179 186 216 243 268 298 324 340 360 375
 447 463 479 509 522 590 605 624 644
8 21 53 65 96 104 143 178 187 215 243 262 293 326 334 352 380
 450 470 480 513 521 591 608 620 642
9 26 48 64 94 102 142 175 184 219 243 269 299 322 335 359 372
 451 462 481 512 523 592 609 622 643
11 33 40 61 99 113 146 170 182 205 242 255 296 330 339 356 383
 443 455 475 513 523 590 607 621 631
15 36 49 77 82 112 156 164 191 203 240 261 308 317 350 371 386
 435 452 482 509 523 591 606 623 639
0 30 43 70 86 109 151 167 194 213 241 266 307 315 346 364 379
 437 468 487 511 522 591 607 622 646
18 32 46 66 91 111 153 173 188 207 242 256 295 329 338 353 382
 442 454 474 510 519 591 609 624 635
10 39 42 71 85 119 157 162 192 200 240 252 303 321 342 367 389
 432 456 485 512 521 594 607 624 636
2 31 58 74 81 101 154 165 199 211 241 265 306 312 347 365 378
 439 469 489 512 519 590 608 623 647
1 27 41 60 95 103 144 177 185 217 243 264 294 325 333 355 373
 449 465 477 510 520 593 607 623 641
5 20 59 72 89 107 145 166 195 210 241 267 305 316 349 363 381
 438 471 490 510 523 594 605 620 650
3 25 56 75 87 108 149 169 197 212 241 270 311 314 351 370 377
 440 466 488 509 521 593 609 621 648
12 23 52 76 83 115 155 160 190 202 240 253 302 320 344 369 391
 434 461 484 511 520 590 609 620 640
17 22 44 68 93 114 148 172 183 208 242 254 297 331 336 354 390
 445 460 472 512 522 593 606 620 634
4 24 57 73 88 106 147 168 196 214 241 271 310 313 348 362 376
 441 467 491 513 520 592 606 624 649
19 34 45 69 92 118 152 171 181 209 242 260 301 328 337 357 385
 446 453 476 511 521 592 605 623 632
13 37 51 79 80 110 159 161 198 201 240 257 304 318 345 368 387
 433 457 483 513 519 593 605 622 638
14 38 55 78 84 116 158 163 193 204 240 258 309 319 343 366 388
 436 458 486 510 522 592 608 621 637
16 35 47 67 98 117 150 174 180 206 242 259 300 327 341 361 384
 444 459 473 509 520 594 608 622 633
7 28 50 62 90 100 140 176 189 218 243 263 292 323 332 358 374
 448 464 478 511 519 594 606 621 645
5 34 52 77 90 113 126 158 215 222 248 269 276 329 346 384 424
 441 469 479 541 551 589 593 615 636
3 32 55 71 95 118 127 156 218 220 248 262 275 327 349 390 426
 437 467 481 540 552 586 590 618 638
7 36 56 74 98 110 139 151 205 227 250 256 278 320 340 389 414
 450 465 472 540 550 589 592 616 650
15 28 45 61 86 102 120 150 211 229 249 267 287 324 344 380 431
 432 458 491 539 552 587 593 616 635
0 33 51 78 96 114 128 155 219 224 248 268 280 328 348 382 423
 439 466 477 542 550 587 594 619 639
18 25 54 62 82 101 134 144 200 236 251 257 289 316 341 379 418
 445 455 484 543 551 587 592 618 642
4 22 42 76 94 117 125 159 216 221 248 264 277 330 347 385 422
 440 471 478 543 549 588 591 616 637
12 26 44 67 81 103 122 152 210 225 249 271 286 323 342 375 430
 436 457 488 541 550 585 591 618 631
8 38 59 75 91 119 137 147 208 230 250 260 273 318 333 386 412
 451 464 473 541 549 587 590 617 646
17 24 53 63 80 109 130 142 202 235 251 258 284 312 339 377 417
 446 454 482 541 553 586 594 616 641
13 29 47 66 87 100 124 146 213 232 249 265 291 326 350 373 429
 434 456 490 542 549 586 592 615 634
9 23 43 72 92 112 135 154 206 231 250 255 274 321 332 388 415
 447 470 474 542 553 588 593 618 649
16 31 48 60 85 106 132 141 201 238 251 253 283 314 336 381 421
 443 453 486 542 552 589 591 617 645
10 27 46 69 89 104 123 148 214 233 249 270 290 322 343 374 428
 433 452 487 543 553 589 590 619 633
11 30 50 64 83 107 129 143 204 239 251 261 288 313 337 378 420
 442 459 485 540 549 585 593 619 644
14 21 40 68 88 105 121 153 212 228 249 266 285 325 345 372 427
 435 461 489 540 551 588 594 617 632
6 37 57 70 99 116 138 149 207 226 250 254 272 317 334 391 416
 449 462 476 543 552 585 594 615 647
1 39 58 73 93 115 136 145 209 234 250 259 279 319 335 387 413
 448 463 475 539 551 586 591 619 648
2 35 49 79 97 111 133 157 217 223 248 263 281 331 351 383 425
 438 468 480 539 553 585 592 617 640
19 20 41 65 84 108 131 140 203 237 251 252 282 315 338 376 419
 444 460 483 539 550 588 590 615 643
0 20 79 91 117 132 146 181 202 244 269 287 306 321 343 355 392
 416 463 488 516 537 540 561 606 642
13 38 67 95 102 135 141 187 205 245 266 284 302 328 338 363 399
 425 469 485 515 536 543 564 606 648
10 23 66 90 105 138 144 184 208 245 271 283 304 330 337 364 397
 426 466 482 514 537 539 562 608 650
11 22 62 81 108 127 151 196 215 246 258 272 295 325 335 367 407
 431 452 473 515 537 542 560 605 640
14 39 61 94 100 139 143 185 207 245 270 282 308 327 336 365 401
 423 468 484 517 538 541 561 605 649
4 30 71 92 111 134 148 182 201 244 268 285 311 317 344 358 396
 413 465 490 515 534 541 563 608 643
6 28 73 83 119 123 159 191 212 247 256 281 294 316 346 357 402
 417 460 481 518 536 542 561 608 631
7 26 75 85 116 121 156 190 213 247 255 276 293 313 347 354 405
 418 454 477 516 534 539 564 605 633
8 29 72 82 115 122 158 198 214 247 254 280 299 312 351 361 404
 419 453 478 515 538 540 562 607 635
17 35 65 87 107 126 147 199 219 246 253 279 301 323 340 371 410
 427 458 474 514 534 543 561 607 638
5 25 76 98 114 130 152 188 204 244 262 290 310 318 350 360 393
 415 462 489 517 536 539 560 607 645
2 24 77 99 118 131 150 183 200 244 264 286 305 319 345 352 394
 414 464 487 514 538 542 564 609 644
1 21 74 80 112 120 157 193 210 247 260 275 292 315 348 356 403
 421 459 479 517 537 543 563 609 634
3 31 78 93 113 129 153 180 203 244 263 291 307 320 342 359 395
 412 470 491 518 535 543 562 605 641
9 27 70 84 110 124 155 192 211 247 259 277 298 314 349 353 406
 420 455 480 514 535 541 560 606 632
12 36 68 97 104 137 142 189 209 245 267 288 309 329 341 370 400
 422 467 483 516 535 542 563 607 647
16 32 64 89 109 128 154 197 216 246 257 278 296 326 333 366 409
 430 461 476 518 538 539 563 606 636
18 34 63 86 106 125 149 195 217 246 252 273 297 322 332 369 408
 429 457 475 517 535 540 564 608 639
19 33 60 88 101 133 145 194 218 246 261 274 300 324 334 368 411
 428 456 472 516 536 541 562 609 637
15 37 69 96 103 136 140 186 206 245 265 289 303 331 339 362 398
 424 471 486 518 534 540 560 609 646
27 30 33 39 63 67 75 77 188 189 198 199 272 275 283 287 460
 461 470 471 532 555 574 583 592 629
21 31 35 38 62 69 70 76 182 184 191 195 278 280 282 286 454
 456 463 467 529 557 571 580 593 629
23 25 26 32 61 65 73 79 183 186 193 194 273 277 288 291 452
 453 465 469 531 556 570 581 594 629
22 24 28 36 60 66 72 78 181 187 192 197 276 279 285 289 457
 459 462 468 530 558 573 582 590 629
20 29 34 37 64 68 71 74 180 185 190 196 274 281 284 290 455
 458 464 466 533 554 572 584 591 629
23 56 68 91 109 163 187 200 222 247 268 282 300 335 374 393 429
 443 471 491 547 567 585 598 623 638
35 55 64 96 112 170 194 208 232 244 267 272 294 347 377 399 419
 448 457 484 546 569 589 598 624 632
26 46 70 87 114 179 198 218 238 245 258 281 305 344 389 409 412
 441 459 475 546 566 588 599 623 642
33 42 62 95 110 173 197 209 228 244 265 273 299 346 376 401 421
 447 458 482 545 568 585 599 620 633
34 51 60 97 115 174 199 207 229 244 271 278 293 349 379 398 417
 451 452 485 548 567 588 596 621 634
20 54 76 80 103 168 183 213 230 246 259 285 308 337 382 404 425
 432 470 481 547 565 589 599 621 647
21 47 72 81 113 175 190 217 235 245 261 277 311 343 387 410 414
 437 460 476 547 568 587 596 624 645
30 41 79 85 100 165 180 214 231 246 256 286 309 339 385 406 426
 435 462 479 546 567 587 595 620 648
37 59 67 92 106 160 184 203 224 247 264 288 295 340 380 392 428
 445 468 489 546 568 586 597 621 636
32 52 63 94 116 172 196 206 233 244 266 279 292 351 381 397 420
 450 456 483 544 565 587 597 623 631
29 45 73 89 117 177 192 215 236 245 253 275 307 345 386 408 415
 439 454 472 544 569 585 595 621 643
39 43 66 99 101 161 186 204 221 247 263 284 301 333 372 396 431
 444 467 488 544 566 589 596 620 639
31 53 77 84 102 166 181 212 234 246 255 290 304 341 390 403 423
 434 465 478 548 566 585 597 624 646
25 48 78 83 105 167 182 210 227 246 254 287 303 338 384 405 422
 433 464 480 545 569 586 596 623 649
38 58 61 98 107 164 189 201 220 247 269 289 297 334 373 395 430
 446 466 487 545 565 588 595 624 640
36 57 69 93 108 162 185 202 223 247 262 283 296 332 375 394 427
 442 469 490 548 569 587 599 622 637
22 49 65 90 119 171 195 205 225 244 270 274 298 348 378 400 418
 449 461 486 547 566 586 595 622 635
24 50 71 82 104 169 188 211 226 246 260 291 302 336 383 402 424
 436 463 477 544 568 588 598 622 650
27 40 74 86 111 176 191 219 237 245 257 276 310 342 388 411 416
 440 453 473 548 565 586 598 620 644
28 44 75 88 118 178 193 216 239 245 252 280 306 350 391 407 413
 438 455 474 545 567 589 597 622 641
248 249 250 251 509 510 511 512 513 534 535 536 537 538 559 570 571
 572 573 574 595 596 597 598 599 630
6 26 59 66 132 168 209 252 290 292 327 339 371 379 395 414 439
 461 480 500 508 515 524 593 598 637
13 39 45 70 125 174 210 269 274 309 313 351 352 382 407 427 445
 465 482 503 505 518 528 590 598 645
18 33 48 71 121 179 202 271 277 301 319 350 363 374 403 419 450
 468 473 502 506 518 527 593 595 647
19 22 54 77 122 177 201 265 281 296 320 343 364 380 405 420 451
 467 474 502 504 517 526 594 598 648
17 32 50 76 123 178 203 267 276 300 321 345 365 375 406 421 449
 466 475 502 507 515 528 592 596 646
7 27 57 61 131 169 208 258 285 299 328 341 369 378 392 415 438
 456 479 500 504 518 525 591 596 638
3 24 52 62 138 163 219 255 288 306 324 333 361 389 398 425 433
 460 490 501 508 517 528 591 595 632
1 29 43 69 134 165 205 261 287 293 329 336 366 376 393 412 440
 457 481 500 506 514 528 594 597 640
9 21 56 67 130 167 207 257 291 294 331 337 367 381 394 413 441
 458 478 500 507 516 526 590 595 639
5 31 51 65 136 160 216 254 284 311 325 332 353 386 401 426 432
 459 487 501 506 516 525 592 598 631
8 28 58 68 129 166 206 253 286 298 330 338 368 377 396 416 437
 452 477 500 505 517 527 592 599 636
2 30 55 60 135 164 215 260 282 310 322 340 354 387 397 422 434
 455 488 501 507 518 524 594 599 635
15 38 44 74 127 171 214 264 279 304 314 346 360 383 409 429 442
 470 484 503 508 516 527 594 596 643
12 37 46 72 128 172 212 262 273 308 315 347 358 384 411 431 443
 463 485 503 504 514 524 592 595 641
10 36 40 73 133 173 213 268 272 302 312 349 359 385 410 430 444
 464 486 503 507 517 525 593 597 642
4 20 49 63 137 162 218 256 289 307 326 335 356 391 399 423 436
 453 489 501 505 514 526 593 596 633
0 25 42 64 139 161 217 259 283 305 323 334 357 388 400 424 435
 454 491 501 504 515 527 590 597 634
16 34 53 79 120 175 204 266 280 295 317 342 370 373 402 418 448
 471 472 502 508 514 525 590 599 649
11 35 41 78 124 176 200 270 275 297 318 344 362 372 404 417 447
 469 476 502 505 516 524 591 597 650
14 23 47 75 126 170 211 263 278 303 316 348 355 390 408 428 446
 462 483 503 506 515 526 591 599 644
25 28 33 38 43 46 49 53 81 85 93 94 337 340 345 349 355
 361 362 369 533 563 598 611 615 628
24 29 32 39 41 44 51 56 83 86 90 92 334 341 343 347 356
 359 363 371 529 560 599 614 617 628
27 31 34 36 42 47 50 59 80 88 96 99 335 338 344 351 354
 360 364 366 531 561 595 612 618 628
26 30 35 37 40 52 54 58 84 89 91 95 332 336 348 350 352
 357 367 370 530 562 596 613 616 628
20 21 22 23 45 48 55 57 82 87 97 98 333 339 342 346 353
 358 365 368 532 564 597 610 619 628
