625 626 627 628 629 630 631 632 633 634 635 636 637 638 639 640 641
 642 643 644 645 646 647 648 649 650
161 162 163 164 165 275 276 277 290 291 320 328 329 330 339 340 341
 351 352 353 485 486 497 498 499 630
158 159 160 169 170 286 287 288 289 293 326 327 336 337 338 349 350
 357 358 359 494 495 496 502 503 630
155 156 157 167 168 283 284 285 292 294 324 325 333 334 335 344 345
 346 347 348 489 490 491 492 493 630
151 152 153 154 166 278 279 280 281 282 321 322 323 331 332 342 343
 354 355 356 487 488 500 501 504 630
0 26 27 30 45 49 59 60 66 68 73 151 161 167 169 171 172
 173 185 195 196 197 198 208 209 646
0 34 35 37 41 44 51 57 61 64 70 154 160 165 168 184 191
 192 193 194 205 206 207 218 219 650
0 29 36 39 46 50 52 55 62 69 74 157 159 164 166 181 182
 183 189 190 204 214 215 216 217 647
0 33 40 42 43 47 53 54 58 63 72 153 156 163 170 178 179
 180 187 188 201 202 203 213 220 648
0 28 31 32 38 48 56 65 67 71 75 152 155 158 162 174 175
 176 177 186 199 200 210 211 212 649
171 186 187 189 191 236 237 241 246 247 360 361 362 376 377 385 392
 393 394 395 410 411 412 422 434 630
177 180 185 190 194 228 229 232 240 248 374 375 381 382 383 389 390
 391 408 409 420 421 431 432 433 630
173 176 179 183 193 227 231 233 243 249 371 372 373 379 380 388 404
 405 406 407 419 427 428 429 430 630
172 175 182 184 188 225 230 238 244 245 367 368 369 370 384 387 400
 401 402 403 416 417 418 425 426 630
174 178 181 192 195 226 234 235 239 242 363 364 365 366 378 386 396
 397 398 399 413 414 415 423 424 630
8 9 10 11 12 26 28 35 43 46 223 227 228 234 237 245 275
 278 286 294 505 506 507 521 522 645
7 21 22 23 24 31 33 39 41 49 223 226 232 236 238 249 277
 282 285 289 518 519 520 527 528 643
5 6 18 19 20 30 34 38 47 50 223 225 229 231 242 246 281
 284 288 291 517 523 524 525 526 641
3 4 15 16 17 27 32 36 40 44 223 233 235 241 244 248 280
 283 287 290 513 514 515 516 529 642
1 2 13 14 25 29 37 42 45 48 223 230 239 240 243 247 276
 279 292 293 508 509 510 511 512 644
153 162 168 169 222 228 233 238 239 246 250 257 258 259 260 295 306
 307 308 319 437 441 445 454 458 647
155 160 163 166 222 231 232 234 244 247 269 270 271 272 273 304 305
 316 317 318 435 436 447 451 459 646
154 157 161 170 222 227 229 230 235 236 256 266 267 268 274 303 312
 313 314 315 440 444 448 453 456 649
152 159 165 167 222 240 241 242 245 249 253 254 255 264 265 300 301
 302 310 311 439 442 450 455 457 648
151 156 158 164 222 225 226 237 243 248 251 252 261 262 263 296 297
 298 299 309 438 443 446 449 452 650
51 54 59 62 65 101 102 117 118 119 222 321 324 328 336 388 392
 396 400 408 505 508 517 527 529 640
55 60 63 67 70 114 115 116 123 124 222 323 327 330 335 395 399
 403 407 409 507 512 516 520 526 639
52 57 58 71 73 111 112 113 121 122 222 322 325 338 339 387 391
 394 398 406 511 515 522 525 528 637
53 61 68 74 75 107 108 109 110 120 222 329 332 334 337 385 390
 397 402 405 510 514 519 521 524 636
56 64 66 69 72 103 104 105 106 125 222 320 326 331 333 386 389
 393 401 404 506 509 513 518 523 638
0 221 222 223 224 605 606 607 608 609 610 611 612 613 614 615 616
 617 618 619 620 621 622 623 624 630
103 114 117 120 121 196 201 205 210 214 223 250 253 261 266 269 342
 344 351 359 410 413 420 425 427 632
106 110 113 119 124 200 204 207 209 213 223 260 263 265 268 273 348
 350 353 356 424 426 430 433 434 633
109 116 118 122 125 198 203 206 212 217 223 256 259 262 264 272 341
 343 347 349 415 418 421 422 429 634
102 105 108 112 123 197 199 202 216 219 223 252 255 258 271 274 340
 346 355 358 412 414 417 428 432 631
101 104 107 111 115 208 211 215 218 220 223 251 254 257 267 270 345
 352 354 357 411 416 419 423 431 635
201 209 212 215 219 224 226 229 233 245 247 332 333 336 339 463 468
 470 478 480 538 546 549 552 553 639
198 205 211 213 216 224 230 234 246 248 249 328 331 335 337 461 472
 475 481 483 533 540 541 542 543 637
196 200 202 217 218 224 231 235 237 238 240 321 330 334 338 462 465
 466 467 471 544 545 547 551 554 638
199 203 207 208 214 224 225 227 232 239 241 323 325 326 329 469 473
 474 477 484 530 532 534 535 550 640
197 204 206 210 220 224 228 236 242 243 244 320 322 324 327 460 464
 476 479 482 531 536 537 539 548 636
162 166 167 170 221 411 414 420 426 429 506 510 515 517 520 534 539
 540 545 546 556 560 573 574 576 650
154 155 164 169 221 422 423 425 430 432 507 509 524 528 529 537 542
 547 549 550 561 563 567 570 577 648
151 159 163 168 221 410 416 421 424 428 505 511 513 519 526 530 533
 548 552 554 558 559 562 564 565 649
153 157 158 165 221 415 417 427 431 434 512 514 522 523 527 535 536
 541 544 553 557 568 571 575 578 646
152 156 160 161 221 412 413 418 419 433 508 516 518 521 525 531 532
 538 543 551 555 566 569 572 579 647
174 185 188 189 193 224 253 258 262 268 270 485 487 489 502 507 510
 513 525 527 580 594 595 596 604 625
173 175 187 190 192 224 252 260 264 267 269 493 496 499 501 511 520
 521 523 529 591 592 593 602 603 628
171 176 178 182 194 224 254 259 261 273 274 492 498 500 503 505 512
 515 518 524 587 588 589 590 601 626
172 177 179 181 191 224 250 251 256 265 271 486 491 495 504 506 508
 514 526 528 584 585 586 599 600 627
180 183 184 186 195 224 255 257 263 266 272 488 490 494 497 509 516
 517 519 522 581 582 583 597 598 629
26 33 44 48 50 126 138 139 140 141 221 258 261 265 267 272 321
 327 329 333 360 363 367 371 381 637
27 31 37 46 47 137 146 147 148 149 221 254 260 262 266 271 325
 330 331 336 362 366 375 380 384 636
36 38 41 43 45 136 143 144 145 150 221 252 253 256 257 273 322
 326 328 334 361 370 373 378 383 639
28 29 34 40 49 132 133 134 135 142 221 250 263 264 270 274 320
 332 335 338 365 369 377 379 382 640
30 32 35 39 42 127 128 129 130 131 221 251 255 259 268 269 323
 324 337 339 364 368 372 374 376 638
8 13 15 18 21 127 132 138 143 146 177 182 187 193 195 222 346
 351 356 357 539 541 550 551 552 634
4 12 14 20 24 126 131 135 145 149 172 176 180 189 192 222 341
 348 354 359 530 536 543 546 547 631
2 3 11 19 23 130 134 141 144 148 171 174 179 184 190 222 340
 342 345 349 531 534 542 553 554 633
1 6 10 17 22 129 133 140 147 150 173 181 186 188 194 222 347
 350 352 355 532 540 544 548 549 632
5 7 9 16 25 128 136 137 139 142 175 178 183 185 191 222 343
 344 353 358 533 535 537 538 545 635
8 14 16 19 22 198 202 207 210 215 221 296 300 312 316 319 385
 389 398 400 407 486 487 493 503 629
1 4 9 18 23 197 212 213 214 218 221 299 302 303 305 308 393
 396 402 406 409 490 498 501 502 627
3 7 10 13 20 200 201 206 208 216 221 298 307 311 315 318 386
 394 403 405 408 492 494 499 504 625
2 5 12 17 21 199 205 209 217 220 221 297 301 306 314 317 388
 391 395 397 401 485 488 491 496 626
6 11 15 24 25 196 203 204 211 219 221 295 304 309 310 313 387
 390 392 399 404 489 495 497 500 628
0 300 305 307 309 314 342 347 353 357 360 374 378 379 384 460 461
 467 477 480 505 509 514 520 525 631
0 297 304 308 311 312 341 345 356 358 362 365 370 372 381 464 465
 470 483 484 507 508 515 519 523 632
0 298 303 306 310 316 340 344 350 354 363 368 377 380 383 468 471
 474 476 481 510 518 522 526 529 634
0 295 296 302 315 317 343 346 352 359 361 364 369 371 375 463 466
 473 475 482 512 513 517 521 528 633
0 299 301 313 318 319 348 349 351 355 366 367 373 376 382 462 469
 472 478 479 506 511 516 524 527 635
2 4 6 7 8 76 77 93 94 95 101 103 108 122 124 154 156
 159 162 224 361 363 372 382 384 646
1 11 16 20 21 89 90 91 92 99 110 112 115 117 125 151 155
 165 170 224 360 365 368 373 375 647
3 12 18 22 25 85 86 87 88 98 102 106 111 116 120 153 160
 164 167 224 362 364 367 379 383 649
9 13 17 19 24 81 82 83 84 97 104 109 119 121 123 152 157
 163 169 224 369 376 378 380 381 650
5 10 14 15 23 78 79 80 96 100 105 107 113 114 118 158 161
 166 168 224 366 370 371 374 377 648
0 4 5 11 13 22 321 326 335 339 410 417 423 429 433 435 452
 453 454 455 582 589 591 595 599 636
0 2 10 16 18 24 324 329 331 338 414 419 421 425 434 448 449
 450 451 458 583 585 593 594 601 639
0 1 7 12 15 19 322 330 333 337 413 422 426 428 431 444 445
 446 447 457 587 598 600 602 604 640
0 3 6 9 14 21 325 327 328 332 411 418 424 427 432 441 442
 443 456 459 580 581 584 590 603 638
0 8 17 20 23 25 320 323 334 336 412 415 416 420 430 436 437
 438 439 440 586 588 592 596 597 637
51 52 53 66 67 126 129 134 137 143 224 277 280 293 294 296 301
 303 304 307 412 421 423 426 427 641
63 64 65 73 74 128 135 138 148 150 224 279 283 289 291 295 299
 311 314 316 411 415 425 428 433 645
60 61 62 71 72 131 133 139 144 146 224 281 285 286 290 298 300
 308 313 317 413 416 429 432 434 644
58 59 69 70 75 127 141 142 145 147 224 276 278 284 287 302 306
 309 312 318 410 414 418 430 431 643
54 55 56 57 68 130 132 136 140 149 224 275 282 288 292 297 305
 310 315 319 417 419 420 422 424 642
0 105 115 119 120 122 131 134 136 138 147 225 233 234 236 240 489
 496 498 504 557 562 566 570 574 629
0 103 110 111 118 123 129 132 139 145 148 226 228 230 231 241 486
 488 492 502 560 565 567 571 579 628
0 102 107 121 124 125 127 135 137 140 144 227 238 242 247 248 487
 490 495 499 555 559 573 575 577 626
0 104 108 113 116 117 128 133 141 143 149 229 237 239 244 249 485
 493 494 500 558 563 568 572 576 627
0 101 106 109 112 114 126 130 142 146 150 232 235 243 245 246 491
 497 501 503 556 561 564 569 578 625
80 81 91 93 98 172 178 186 190 193 223 295 298 301 305 312 323
 328 333 338 556 562 568 577 579 636
79 82 86 92 95 176 181 184 185 187 223 296 308 310 314 318 327
 331 334 339 559 567 572 574 578 640
77 83 85 90 96 171 177 183 188 192 223 303 309 311 317 319 320
 321 325 337 558 560 561 566 575 639
76 78 84 87 99 175 179 189 194 195 223 297 302 307 313 316 324
 326 330 332 557 563 565 569 573 637
88 89 94 97 100 173 174 180 182 191 223 299 300 304 306 315 322
 329 335 336 555 564 570 571 576 638
32 37 43 49 50 81 88 95 96 99 222 412 424 425 429 431 461
 466 469 470 476 488 493 495 498 625
30 40 41 46 48 79 83 87 91 94 222 414 416 422 427 433 465
 472 474 480 482 485 490 503 504 628
26 31 34 36 42 76 82 90 98 100 222 410 415 419 426 432 464
 467 473 478 481 491 499 500 502 629
28 39 44 45 47 77 80 84 86 89 222 418 420 423 428 434 463
 471 477 479 483 486 489 494 501 626
27 29 33 35 38 78 85 92 93 97 222 411 413 417 421 430 460
 462 468 475 484 487 492 496 497 627
26 37 38 39 40 224 342 348 352 358 392 398 401 405 409 436 441
 448 452 457 555 556 557 558 567 634
35 36 47 48 49 224 340 347 356 359 387 393 397 407 408 440 443
 447 455 458 565 566 576 577 578 635
32 33 34 45 46 224 341 344 355 357 386 390 395 400 406 439 446
 451 454 456 563 564 574 575 579 633
29 30 31 43 44 224 346 349 353 354 385 391 396 403 404 438 445
 450 453 459 561 562 571 572 573 632
27 28 41 42 50 224 343 345 350 351 388 389 394 399 402 435 437
 442 444 449 559 560 568 569 570 631
4 10 19 21 25 51 63 68 69 71 253 259 263 267 271 460 470
 471 472 473 555 561 565 568 574 630
7 11 14 17 18 57 59 67 72 74 255 256 260 261 270 467 468
 469 482 483 558 570 573 578 579 630
1 3 5 8 24 53 56 62 70 73 250 252 254 268 272 466 479
 480 481 484 557 560 564 572 577 630
6 12 13 16 23 55 58 61 65 66 257 262 265 269 274 465 475
 476 477 478 556 559 563 566 571 630
2 9 15 20 22 52 54 60 64 75 251 258 264 266 273 461 462
 463 464 474 562 567 569 575 576 630
25 38 60 96 112 129 157 187 205 238 265 278 316 341 382 396 419
 443 480 494 513 534 570 587 610 636
20 39 66 97 113 142 153 193 211 241 261 275 316 349 384 397 432
 444 466 490 508 548 574 591 623 639
23 40 59 86 121 149 165 177 216 243 267 286 316 347 361 399 426
 454 484 488 524 538 562 594 622 638
17 37 68 91 111 144 158 182 213 229 258 294 316 343 372 386 410
 450 479 497 520 547 566 584 616 640
13 41 60 90 120 142 158 189 220 227 260 283 305 355 363 387 421
 457 470 486 517 542 572 588 617 638
22 28 59 79 110 138 157 180 206 246 254 280 305 340 372 401 413
 438 473 495 511 545 563 580 624 639
5 42 66 88 109 144 165 176 204 226 266 287 305 346 382 400 411
 458 471 504 507 532 558 602 620 637
1 50 71 76 119 143 168 172 203 226 270 278 314 340 362 405 420
 450 475 503 516 537 575 591 609 638
4 30 56 89 107 143 163 181 206 245 260 289 312 344 379 392 432
 449 462 488 512 534 566 604 619 637
6 45 67 90 105 139 163 190 218 249 259 287 315 348 362 397 425
 438 480 487 522 539 569 599 622 640
14 40 62 95 106 136 152 195 218 229 269 277 306 349 360 387 428
 449 473 492 507 540 575 586 605 636
13 44 71 78 108 130 151 188 204 231 254 277 312 359 383 395 415
 441 461 490 506 538 570 593 611 640
19 41 67 96 101 147 151 180 214 244 264 275 314 358 364 404 434
 454 478 492 510 551 577 584 607 637
16 29 54 86 124 131 169 186 219 231 256 294 311 342 366 402 431
 443 473 485 518 539 564 591 617 637
14 33 71 84 125 147 159 184 196 228 251 283 315 356 379 396 412
 435 481 485 524 535 556 602 616 639
2 30 72 97 116 137 155 194 215 236 252 278 311 351 371 387 424
 454 471 502 514 543 556 597 624 640
16 39 56 94 123 147 168 195 201 243 273 281 303 341 367 391 411
 455 467 495 521 542 568 596 606 640
7 27 75 91 118 130 163 189 207 240 250 286 314 346 367 406 423
 443 476 500 523 540 555 597 621 639
11 29 65 95 109 139 168 173 220 248 271 282 312 351 364 393 426
 439 474 494 525 547 557 590 612 639
3 38 55 83 103 126 161 193 202 234 251 289 306 347 375 402 434
 439 470 500 511 537 573 582 620 640
2 26 71 99 114 135 163 182 219 241 257 288 303 347 364 389 430
 446 483 504 527 545 572 603 614 636
24 37 75 80 124 139 151 187 215 234 253 291 303 349 379 408 417
 437 482 491 515 532 563 598 608 638
14 43 60 85 104 138 165 186 217 248 268 288 304 344 384 405 414
 437 478 501 528 531 565 589 621 640
9 44 73 99 106 149 158 181 202 236 259 284 304 342 382 388 416
 455 475 499 510 550 579 598 618 639
16 46 68 81 114 138 153 184 212 249 252 276 317 350 382 392 423
 440 464 492 525 530 573 600 611 638
3 31 68 80 125 142 157 188 218 239 255 281 304 351 361 407 433
 446 476 496 505 546 567 585 609 637
18 32 66 100 115 149 157 179 219 228 253 279 317 353 363 394 418
 452 462 503 519 540 577 592 612 640
21 29 59 82 105 144 153 194 200 245 251 291 304 359 363 406 422
 448 477 493 516 533 560 596 607 636
16 50 57 78 116 134 162 180 209 227 253 289 309 346 376 386 416
 447 481 501 508 544 567 590 622 636
10 33 73 87 123 142 165 174 215 225 256 293 317 348 372 393 420
 445 461 500 529 551 559 581 619 636
24 34 59 92 116 129 158 190 201 235 257 292 317 356 384 385 428
 442 474 498 506 537 555 595 615 637
12 48 73 78 117 144 157 178 207 233 264 282 318 352 384 390 412
 449 483 502 526 539 561 582 606 638
19 35 66 89 102 138 158 183 203 230 250 285 318 354 361 409 424
 439 467 485 515 549 569 593 613 636
1 36 60 83 118 149 153 191 199 242 263 277 318 357 372 389 425
 453 468 489 521 554 556 590 608 637
15 47 68 98 119 129 165 175 214 237 274 289 318 345 363 391 429
 441 482 487 509 543 564 586 614 639
11 50 73 84 107 129 153 192 210 240 262 290 305 358 361 403 430
 456 472 491 518 552 576 583 605 640
9 37 74 98 105 133 156 177 196 241 268 282 306 341 373 403 423
 447 460 503 517 553 559 593 624 637
9 34 65 79 103 143 151 179 217 247 255 290 315 350 367 398 431
 458 484 489 520 543 561 588 623 636
7 45 70 85 117 146 166 174 203 228 274 291 296 350 376 401 419
 455 470 490 514 547 562 603 605 637
15 42 56 97 117 139 159 192 208 246 263 294 314 355 383 407 418
 436 465 498 528 553 573 594 618 636
21 46 75 93 104 135 168 171 202 225 269 280 315 353 383 399 429
 457 479 502 508 549 578 583 610 637
10 40 65 82 115 130 159 193 209 238 252 284 303 343 362 390 413
 459 469 486 509 536 576 589 613 637
12 32 64 94 118 140 170 171 214 249 270 284 296 356 378 403 432
 437 471 497 511 538 557 585 617 636
5 43 67 83 110 135 159 194 197 239 262 285 312 342 367 394 419
 447 463 497 529 541 574 586 615 638
18 31 53 91 123 141 154 181 209 248 257 275 311 359 377 400 429
 436 460 489 511 535 569 587 605 638
19 37 53 93 117 131 164 195 199 238 270 287 310 347 371 394 433
 456 464 501 506 533 571 588 619 639
20 46 53 98 122 150 169 174 205 247 267 285 302 356 374 404 417
 449 476 486 516 545 558 590 618 640
22 48 58 99 109 131 154 183 197 237 260 291 301 357 370 399 420
 459 481 492 513 553 555 585 623 640
25 28 62 82 122 148 161 192 213 244 261 288 307 346 373 395 431
 455 474 487 519 549 556 585 619 638
22 32 69 97 108 136 161 184 220 247 262 286 295 348 365 408 427
 450 467 501 526 550 560 587 614 637
8 49 65 92 113 147 163 183 205 242 258 293 313 345 383 403 422
 452 473 501 514 546 579 601 620 638
2 27 61 98 115 140 166 176 201 246 256 277 309 358 369 396 433
 439 479 493 522 550 565 604 623 638
23 42 69 94 111 133 152 172 205 227 272 291 307 358 375 385 424
 446 462 489 529 539 578 589 611 639
1 39 72 88 101 141 169 177 207 234 274 283 310 343 370 395 427
 438 462 499 525 546 565 583 615 636
10 47 74 93 116 126 152 185 219 230 273 290 319 357 365 388 410
 438 476 490 528 534 557 602 607 638
6 26 52 78 104 148 160 187 200 243 255 285 306 343 365 400 420
 453 472 498 514 530 577 604 617 639
8 45 63 83 111 131 155 184 216 235 261 282 302 353 377 388 421
 441 478 495 523 532 576 604 609 636
8 27 74 80 121 136 160 180 211 226 265 284 307 355 368 393 429
 448 464 485 512 554 561 603 615 640
2 49 62 79 123 127 160 178 212 237 253 283 319 354 375 405 426
 456 477 497 523 548 570 599 618 637
15 43 55 77 102 148 152 173 207 236 270 276 308 359 368 386 421
 452 480 491 524 545 568 581 623 637
18 48 52 84 124 133 161 191 201 232 252 287 319 345 368 404 415
 457 475 488 505 547 574 580 621 636
24 44 58 76 115 132 164 173 212 239 273 286 311 344 374 401 412
 444 472 487 517 554 578 584 620 636
11 36 63 85 108 132 169 175 206 232 266 284 301 354 371 398 434
 446 480 498 508 540 559 596 616 638
5 33 52 76 120 127 152 171 206 235 271 275 295 350 373 409 416
 443 483 493 509 546 571 594 608 640
19 44 52 87 118 136 156 186 208 245 274 279 308 351 375 397 430
 451 481 495 520 536 558 595 610 638
18 28 51 95 114 128 170 172 215 240 273 285 309 355 380 397 422
 441 484 499 513 531 571 582 616 637
10 42 64 89 124 146 167 189 212 244 257 282 309 340 381 398 427
 453 466 496 524 533 579 586 610 640
17 34 54 95 112 137 164 171 211 228 272 289 302 348 370 407 413
 453 477 504 510 552 568 593 621 638
20 36 67 77 121 130 168 185 213 237 272 279 313 352 379 400 414
 442 470 496 518 550 571 600 624 636
4 45 55 96 109 133 160 179 210 225 254 294 295 356 360 391 414
 444 468 499 527 533 567 597 613 638
7 26 58 84 102 150 155 193 214 229 263 280 310 341 366 385 416
 458 461 496 512 531 560 599 612 638
6 27 53 81 106 132 155 192 217 227 251 279 300 340 370 409 410
 445 482 494 527 538 574 601 606 637
9 41 63 77 125 141 164 172 200 246 269 293 300 346 366 390 419
 440 468 488 515 548 557 595 614 640
17 35 56 100 122 135 151 178 216 232 265 276 313 357 362 402 427
 445 471 493 517 531 567 595 605 639
21 50 58 87 103 137 169 176 218 244 268 292 300 355 377 408 415
 452 483 497 521 534 562 600 613 639
1 46 61 80 102 128 162 179 208 235 264 288 296 348 381 387 410
 459 460 488 518 541 570 596 620 639
23 47 75 81 112 143 159 191 198 233 261 292 313 354 364 401 433
 451 460 499 507 544 560 581 617 640
3 48 57 76 105 146 170 185 217 242 269 294 299 354 369 392 430
 454 461 486 519 532 568 587 615 639
17 41 55 85 113 127 156 176 198 240 267 281 307 340 365 392 425
 459 463 502 506 535 564 598 612 636
14 47 61 91 103 134 167 183 200 232 259 278 299 352 378 395 417
 444 464 495 529 552 572 594 612 637
24 35 69 88 114 148 156 175 209 242 256 280 319 352 360 406 432
 435 465 494 510 541 562 588 609 640
12 38 63 90 119 137 154 182 208 243 250 290 310 349 374 393 414
 435 463 493 519 544 579 580 611 637
22 38 70 77 107 134 170 195 204 241 271 292 298 343 381 406 425
 445 478 485 505 543 578 592 618 638
4 49 54 82 120 141 155 191 204 230 262 281 301 352 374 386 428
 437 484 503 522 551 573 603 610 639
4 26 57 87 110 128 166 177 220 238 266 276 298 349 378 407 412
 442 475 489 523 549 564 601 607 640
23 43 70 90 122 128 167 181 211 231 258 280 297 351 369 408 434
 456 468 503 509 530 555 602 606 636
5 40 51 92 108 140 167 182 210 234 260 279 298 341 376 404 431
 440 477 502 528 554 569 581 609 639
8 30 64 88 112 134 166 186 213 239 267 290 297 359 380 390 418
 457 467 492 527 537 559 599 608 639
13 35 72 94 110 150 164 185 210 233 271 288 301 345 377 396 418
 448 466 500 520 530 575 598 622 637
3 28 54 92 104 150 154 189 196 226 259 276 300 358 371 391 426
 451 469 490 526 541 566 592 608 636
12 31 74 81 101 127 161 194 203 231 263 293 308 344 360 398 417
 442 479 504 513 542 576 592 622 639
7 30 69 100 119 126 160 188 199 248 264 292 308 342 373 399 411
 440 466 486 522 552 563 601 616 636
25 31 61 93 113 145 170 173 216 245 272 283 297 342 376 389 423
 458 482 498 526 551 575 580 613 640
15 33 57 99 101 145 167 190 199 247 250 281 296 353 380 402 415
 448 472 494 507 548 566 589 624 638
25 32 72 89 121 132 154 190 198 225 258 277 302 350 366 405 411
 447 465 491 505 536 572 582 607 639
6 49 51 86 125 145 166 175 202 233 268 275 299 357 381 394 413
 450 474 491 512 542 558 597 611 636
13 34 62 86 107 126 156 174 197 249 266 278 295 353 368 389 422
 436 469 496 515 544 565 584 606 639
21 36 70 96 106 140 162 178 196 230 255 286 299 345 380 385 421
 436 463 504 525 536 563 591 619 640
11 39 64 100 120 145 162 187 197 229 254 293 298 347 369 388 424
 451 465 487 516 535 561 600 621 637
20 29 51 79 111 146 162 188 198 236 265 287 297 344 378 409 428
 435 469 500 521 553 577 583 614 638
84 85 91 95 100 131 140 142 143 148 202 204 205 208 212 438 442
 447 448 454 509 515 521 526 527 630
77 79 97 98 99 126 128 132 144 147 203 209 210 216 218 437 443
 451 453 457 506 512 519 525 529 630
78 81 86 90 94 129 135 136 141 146 196 199 206 213 215 439 444
 452 458 459 505 510 516 523 528 630
76 80 83 88 92 130 133 137 138 145 198 200 214 219 220 436 445
 449 455 456 508 513 520 522 524 630
82 87 89 93 96 127 134 139 149 150 197 201 207 211 217 435 440
 441 446 450 507 511 514 517 518 630
129 138 142 144 149 152 164 168 170 223 395 398 402 404 408 460 463
 465 469 481 597 599 601 603 604 646
130 135 139 143 147 156 165 166 169 223 385 386 387 388 409 464 466
 468 472 477 580 582 585 587 592 649
128 134 140 145 146 153 155 159 161 223 391 393 399 400 405 462 473
 476 480 483 584 588 593 595 598 650
126 127 133 136 148 154 158 163 167 223 390 394 396 401 407 461 471
 478 482 484 583 590 591 596 600 647
131 132 137 141 150 151 157 160 162 223 389 392 397 403 406 467 470
 474 475 479 581 586 589 594 602 648
106 108 115 118 121 172 174 183 187 194 221 276 281 289 294 435 438
 456 457 458 460 466 474 478 483 642
105 109 111 117 124 171 175 180 181 193 221 277 278 283 288 440 442
 445 451 452 463 467 472 476 484 644
101 113 120 123 125 179 182 185 186 192 221 280 286 291 292 439 441
 447 449 453 464 469 471 475 480 643
102 104 110 114 122 176 188 190 191 195 221 282 284 290 293 436 443
 444 450 454 462 470 477 481 482 645
103 107 112 116 119 173 177 178 184 189 221 275 279 285 287 437 446
 448 455 459 461 465 468 473 479 641
31 35 40 45 50 104 112 118 120 124 299 307 310 312 317 543 545
 548 550 553 582 584 596 601 602 630
26 29 32 41 47 106 107 117 122 123 301 308 309 315 316 532 537
 541 546 554 580 589 593 597 600 630
38 42 44 46 49 101 105 110 116 121 295 297 300 303 318 531 535
 540 547 552 581 585 588 591 604 630
27 34 39 43 48 108 111 114 119 125 296 305 306 311 313 533 534
 536 549 551 590 592 594 598 599 630
28 30 33 36 37 102 103 109 113 115 298 302 304 314 319 530 538
 539 542 544 583 586 587 595 603 630
52 65 68 70 72 83 86 93 99 100 221 226 227 240 244 246 344
 349 352 356 581 587 593 596 599 631
54 61 67 69 73 76 79 81 85 89 221 229 234 238 241 243 345
 353 355 359 585 590 595 597 602 634
53 55 59 64 71 80 87 90 95 97 221 230 232 233 237 242 341
 342 346 350 583 584 589 592 604 635
51 56 58 60 74 77 78 82 88 91 221 225 228 235 247 249 347
 351 354 358 580 586 591 598 601 633
57 62 63 66 75 84 92 94 96 98 221 231 236 239 245 248 340
 343 348 357 582 588 594 600 603 632
0 79 84 88 90 93 257 261 264 268 271 278 285 291 293 386 391
 392 402 407 536 538 540 550 554 642
0 78 83 89 95 98 252 259 265 266 270 279 288 290 294 385 399
 401 406 408 535 542 546 548 551 643
0 80 82 85 94 99 254 256 258 263 269 276 282 283 286 394 397
 400 404 409 534 537 543 544 552 641
0 77 81 87 92 100 250 255 262 267 273 275 280 284 289 387 389
 395 396 405 532 533 539 547 553 644
0 76 86 91 96 97 251 253 260 272 274 277 281 287 292 388 390
 393 398 403 530 531 541 545 549 645
25 50 75 100 125 150 195 220 249 274 294 319 339 359 384 409 434
 459 484 504 529 554 579 604 624 650
17 48 51 90 116 148 195 214 246 251 286 312 322 353 382 405 417
 451 466 489 518 546 559 603 613 648
23 44 72 98 109 135 195 200 230 253 275 296 325 355 372 392 431
 435 480 496 526 537 576 601 621 647
20 33 55 82 118 128 195 219 248 260 278 300 338 345 361 401 427
 447 479 498 510 532 561 599 611 649
5 37 58 85 123 130 172 211 236 264 290 299 334 356 363 389 427
 451 473 494 505 549 573 604 622 647
13 31 64 92 102 136 172 217 228 261 287 303 332 352 372 399 434
 447 472 493 525 534 564 597 618 648
22 46 67 78 112 132 172 201 242 268 283 308 329 349 361 388 431
 436 471 500 509 533 566 603 612 650
2 43 68 92 118 126 177 204 233 269 291 302 335 355 362 398 416
 444 467 494 518 535 577 580 619 650
11 37 55 76 121 142 186 209 244 259 285 296 329 357 383 396 428
 440 462 504 523 543 560 580 606 648
3 30 65 84 122 145 182 207 237 266 277 317 333 355 365 409 419
 437 460 495 510 533 578 591 622 648
7 40 60 89 105 148 176 215 239 272 275 301 324 356 383 402 410
 456 475 495 525 544 561 592 614 650
13 27 51 100 103 141 186 203 242 252 282 316 337 348 379 391 416
 456 463 498 507 545 578 585 607 647
24 45 64 78 122 137 177 202 245 263 281 305 327 345 364 405 410
 440 469 485 529 540 571 587 623 647
14 39 63 81 110 140 174 219 237 264 287 307 331 351 383 406 416
 453 484 491 517 537 566 587 613 646
16 41 62 93 109 129 177 208 247 258 284 299 330 359 379 401 424
 453 483 500 522 531 574 592 609 648
16 45 52 88 103 135 188 211 229 260 286 318 323 340 371 396 422
 442 460 491 519 551 557 589 618 650
2 38 59 81 120 128 188 207 226 272 294 315 330 357 377 404 432
 455 472 501 515 536 559 586 612 647
19 49 57 80 108 150 176 213 241 251 278 317 336 344 367 399 421
 453 465 499 509 539 557 580 605 647
14 32 53 77 116 142 182 197 231 265 282 314 326 345 375 392 413
 458 472 499 522 549 562 596 608 650
6 42 59 99 113 136 174 214 238 271 290 311 333 354 379 395 421
 440 479 503 521 541 567 582 621 650
4 47 73 90 114 127 186 216 228 270 277 300 334 343 367 404 424
 448 474 496 508 553 563 587 620 650
1 34 69 77 123 138 176 196 232 260 294 297 328 349 364 394 416
 448 476 487 514 538 576 582 610 648
21 42 74 83 114 134 173 206 237 258 281 310 326 348 384 396 431
 451 475 486 515 538 577 597 605 649
1 40 52 81 107 145 185 205 225 259 282 311 336 346 363 407 434
 435 467 497 506 531 563 603 623 649
11 47 62 97 105 140 172 207 243 257 280 302 337 344 382 394 415
 459 470 485 520 551 567 601 608 649
24 38 57 89 106 133 171 216 233 262 293 314 323 351 363 400 431
 459 464 490 521 545 565 599 616 648
16 43 69 84 113 146 171 218 226 250 279 301 327 347 372 390 417
 436 474 499 517 543 570 604 607 649
14 35 54 87 121 143 173 199 235 254 291 309 333 343 382 403 434
 436 476 502 519 542 574 599 614 647
19 28 61 99 111 127 185 204 239 252 289 315 321 341 384 393 427
 436 468 491 516 540 562 601 617 648
3 39 71 79 117 137 173 213 240 256 284 295 320 357 363 385 417
 447 478 488 507 530 569 601 610 650
12 29 56 96 115 141 185 202 241 266 285 307 328 350 372 387 415
 451 482 501 524 552 555 599 609 650
15 34 63 88 104 147 185 212 227 265 277 298 324 342 361 397 417
 459 483 503 511 547 560 597 619 647
18 36 65 80 110 131 171 203 245 267 292 306 330 358 382 386 427
 435 461 487 528 548 572 597 606 650
9 32 70 91 120 126 173 215 238 263 288 313 331 340 361 391 415
 435 477 492 508 539 558 604 615 648
16 38 74 79 102 141 192 220 245 259 277 313 335 356 380 394 420
 446 466 502 509 532 562 584 621 646
10 41 53 86 119 139 171 210 229 255 276 297 335 354 384 406 415
 447 462 495 513 550 556 603 620 647
5 46 72 82 117 145 186 218 243 265 289 319 332 340 364 403 421
 444 461 489 515 550 555 592 616 646
21 35 52 95 119 149 174 198 231 257 283 298 320 358 367 390 410
 444 480 501 512 532 573 585 624 648
15 29 53 84 112 128 176 206 225 253 286 306 321 352 362 389 424
 440 478 490 520 542 579 585 615 646
18 41 56 99 121 148 188 217 233 274 278 298 327 348 374 385 423
 439 473 497 508 533 576 602 608 646
7 29 73 98 110 143 184 211 227 269 281 319 336 347 381 395 414
 452 471 498 513 536 569 584 608 648
9 30 61 96 124 132 174 220 240 261 280 318 326 347 362 400 428
 448 481 497 528 546 568 592 611 647
10 36 58 97 125 134 177 205 226 254 288 308 323 353 367 392 428
 456 482 493 510 547 569 582 617 646
9 42 57 86 118 147 182 211 235 252 285 301 320 359 360 405 433
 445 470 487 526 534 563 583 612 646
12 40 75 76 113 129 184 197 232 256 288 300 321 351 380 386 411
 438 470 489 512 533 577 593 618 647
2 41 73 100 104 132 183 213 245 271 287 296 323 341 360 408 413
 441 476 489 524 544 573 591 615 649
8 44 59 96 123 137 189 203 249 269 288 298 322 352 365 402 433
 458 462 491 509 553 574 590 616 649
23 48 63 95 102 129 189 209 234 254 281 315 338 344 373 389 418
 445 464 497 514 550 558 591 607 650
18 45 75 82 101 140 183 206 226 268 290 316 335 342 375 387 412
 445 465 496 506 530 568 590 614 648
10 38 72 76 111 149 183 196 247 264 280 312 327 346 368 397 433
 437 477 498 527 542 564 600 605 650
6 32 73 82 102 146 180 205 237 273 292 312 320 349 371 402 423
 457 468 504 520 535 565 594 609 647
17 50 64 93 110 142 179 196 234 252 277 308 325 354 374 400 422
 455 478 494 512 539 555 594 614 649
19 40 64 85 114 139 181 200 227 262 292 302 328 357 368 391 412
 458 479 500 519 546 570 591 624 646
10 45 54 91 108 127 192 214 233 265 285 304 330 349 369 389 411
 452 481 488 525 537 578 588 624 649
17 26 70 79 101 131 175 201 249 262 279 304 338 346 383 393 424
 444 460 486 524 534 575 582 608 647
20 26 62 85 124 147 179 199 230 259 289 305 322 351 377 390 423
 450 465 493 513 538 578 581 615 650
1 49 74 87 122 130 187 210 227 257 287 304 321 353 366 401 432
 439 463 492 526 543 568 594 616 650
11 27 69 86 101 143 178 200 236 258 288 317 332 341 374 407 425
 457 481 490 511 532 571 586 613 650
8 33 66 91 107 133 175 217 246 273 276 310 325 342 364 408 428
 453 470 502 516 536 570 585 622 650
15 28 58 93 120 144 181 198 232 255 279 303 336 348 360 403 419
 454 466 485 523 537 565 590 611 650
24 36 61 95 117 138 188 197 247 251 275 307 335 343 366 391 430
 457 471 503 523 534 579 581 622 649
6 35 60 80 109 141 182 201 240 270 289 297 331 353 373 398 412
 454 473 490 529 536 560 600 618 649
2 36 66 87 112 147 192 200 229 270 282 295 327 344 376 402 429
 438 484 486 505 541 555 598 611 648
7 28 66 83 116 140 187 218 225 271 283 313 328 359 374 398 430
 450 464 488 510 553 564 589 606 647
9 39 51 76 112 144 180 208 231 262 276 319 333 356 377 399 425
 439 482 496 514 540 572 589 619 649
21 30 55 98 108 139 180 212 235 250 293 316 331 352 370 394 430
 455 469 489 505 531 575 602 617 650
8 48 68 97 106 145 179 206 248 270 285 303 339 358 366 395 425
 442 477 500 517 544 562 602 610 647
20 44 74 94 104 144 175 197 234 250 292 309 339 350 362 407 421
 456 473 488 527 551 556 587 612 648
22 27 71 83 124 128 190 205 243 274 275 304 334 354 360 386 418
 458 469 502 517 552 557 600 619 648
4 37 66 79 119 150 190 202 242 272 286 309 332 351 368 395 419
 445 483 492 528 535 576 596 617 649
25 26 56 81 108 134 189 218 248 256 291 318 325 356 368 388 413
 454 463 503 520 548 571 583 620 648
19 29 70 94 125 149 187 209 232 261 290 295 324 355 370 405 423
 442 461 502 522 545 566 586 620 649
18 43 71 94 105 142 192 198 247 266 289 310 323 352 381 388 426
 443 479 492 514 554 563 595 613 647
22 37 65 89 104 126 178 214 228 256 281 297 337 346 377 387 430
 442 480 499 516 554 574 594 611 646
5 31 54 94 106 138 190 208 244 253 278 313 337 347 365 406 412
 441 468 486 512 547 559 583 623 650
1 28 55 100 106 137 184 201 241 258 291 312 324 354 378 390 429
 443 472 496 528 551 558 588 622 646
22 47 56 95 118 144 193 196 244 267 293 311 332 353 376 409 414
 446 475 491 522 530 570 588 615 647
6 39 68 85 115 135 191 210 235 272 278 308 326 346 380 408 426
 449 461 485 511 553 579 588 607 648
12 34 71 91 109 136 187 216 239 268 280 309 336 345 371 409 425
 455 462 486 518 548 573 581 607 646
12 49 67 97 103 146 181 219 225 267 276 305 324 343 373 385 433
 441 481 494 515 554 575 596 621 648
25 44 67 92 119 127 179 215 246 266 282 299 338 347 370 386 432
 457 476 485 521 530 560 589 605 646
4 31 60 84 111 134 178 219 243 269 284 314 329 350 370 408 422
 439 466 487 506 541 558 581 624 647
4 46 59 88 125 139 193 199 236 273 279 307 337 345 369 398 420
 443 478 497 526 544 572 593 605 648
13 47 70 87 113 135 190 212 236 251 294 310 329 358 373 400 413
 437 467 488 513 540 561 590 609 646
15 49 72 90 124 126 184 217 239 254 284 316 328 358 376 406 420
 449 460 504 521 549 571 595 612 649
3 42 67 93 107 138 191 209 231 274 286 302 331 341 378 387 420
 452 474 493 527 548 561 598 616 647
24 43 51 98 107 130 183 199 229 261 283 300 330 350 365 393 418
 454 475 504 511 539 567 596 610 646
7 34 68 78 121 131 181 220 241 273 293 299 321 340 375 404 418
 437 480 493 507 541 556 583 613 649
25 33 65 77 114 149 194 208 234 268 287 301 322 340 369 385 429
 449 467 490 523 552 567 584 617 647
14 30 58 92 101 148 191 216 238 253 294 305 320 350 381 397 429
 446 463 500 516 550 557 593 606 649
13 46 57 77 115 129 178 198 244 263 291 306 334 342 371 393 432
 450 484 495 527 546 569 602 621 649
17 33 61 88 105 143 189 210 230 263 284 311 339 349 375 399 419
 441 474 501 505 545 577 600 606 646
23 26 53 89 103 136 194 204 246 264 283 317 339 357 380 403 414
 443 469 487 508 547 568 598 609 649
5 27 63 99 122 133 193 215 228 255 292 318 329 359 378 392 426
 438 465 501 518 542 575 584 610 649
3 35 75 90 123 133 180 204 238 267 279 296 326 344 366 388 422
 450 483 498 525 552 556 586 623 646
8 50 60 86 117 130 194 212 230 271 280 306 338 348 378 404 411
 446 482 499 519 535 566 595 623 648
23 50 54 83 115 146 175 207 248 255 293 295 322 341 379 397 410
 448 471 492 506 549 572 580 618 646
21 32 62 78 111 150 191 203 240 260 275 303 333 342 369 407 414
 438 464 494 524 543 559 595 620 646
11 31 52 96 116 131 193 213 242 250 276 315 334 355 381 401 411
 449 477 503 529 538 565 598 614 646
20 48 69 80 120 132 194 202 249 257 290 314 325 343 376 396 426
 452 468 495 507 531 564 593 619 646
53 57 60 65 69 223 361 366 368 379 381 438 441 444 451 455 493
 497 502 504 530 537 540 551 553 626
54 66 70 71 74 223 367 372 375 377 378 440 449 454 457 459 487
 491 494 498 531 533 544 546 550 628
52 56 59 61 63 223 360 364 370 380 382 437 447 450 452 456 486
 490 496 500 535 539 543 549 554 625
58 62 64 67 68 223 365 371 376 383 384 435 439 443 445 448 488
 489 499 503 532 536 542 545 552 627
51 55 72 73 75 223 362 363 369 373 374 436 442 446 453 458 485
 492 495 501 534 538 541 547 548 629
25 30 54 78 110 147 152 193 217 232 257 286 296 335 363 393 425
 456 479 499 515 553 558 600 609 631
17 45 69 99 102 134 168 187 212 231 266 275 300 337 363 403 433
 449 484 500 528 536 556 580 615 635
23 27 67 87 104 131 170 182 206 247 263 278 319 328 363 390 428
 455 466 491 525 535 567 593 620 632
20 49 61 84 114 136 164 177 203 244 255 294 312 331 363 388 411
 445 480 502 511 544 555 589 608 633
5 45 65 98 121 141 170 189 219 232 251 280 308 320 384 407 424
 450 472 492 521 544 570 598 619 634
13 49 52 91 106 128 168 180 199 234 256 290 302 327 384 392 419
 446 471 487 524 553 560 592 613 632
22 26 72 80 115 143 152 192 216 231 250 287 299 324 384 391 422
 440 470 497 510 535 559 590 610 633
7 32 52 92 114 144 169 192 202 230 254 278 297 329 379 393 433
 459 478 489 517 548 568 586 622 634
24 48 54 96 103 128 165 182 198 227 271 284 308 332 383 394 423
 438 467 496 516 548 556 604 605 633
2 28 69 90 107 149 169 193 203 235 265 281 299 339 383 400 412
 447 482 492 520 533 557 581 621 632
16 31 73 77 119 133 166 187 206 230 251 288 302 333 383 397 427
 454 469 497 507 554 555 588 612 631
2 47 57 83 102 142 151 181 210 249 268 286 307 333 370 390 411
 435 473 498 516 547 571 592 610 634
3 50 61 97 101 135 158 187 198 228 273 282 301 330 368 406 414
 440 473 489 509 538 558 599 619 632
16 42 75 85 122 126 157 194 196 242 270 275 298 336 370 393 428
 441 472 488 520 550 572 599 613 633
11 48 66 93 123 136 166 188 205 235 263 289 300 324 362 406 431
 437 463 499 524 530 572 584 624 634
6 48 74 89 118 142 169 184 213 236 253 280 298 330 364 391 419
 436 484 493 506 552 575 589 620 631
14 31 51 97 115 150 156 171 204 227 258 290 318 338 364 402 420
 455 480 488 523 533 563 600 615 634
14 36 73 94 120 137 163 193 212 246 274 285 297 321 368 399 431
 450 460 494 506 532 567 592 607 633
1 38 68 95 104 127 166 180 219 236 261 286 301 325 379 403 415
 458 465 486 529 533 569 595 606 633
13 32 63 80 101 134 165 181 196 229 272 285 319 322 362 401 430
 443 474 502 521 533 573 601 623 631
4 38 62 91 113 138 169 194 201 227 255 282 296 320 362 399 418
 451 461 491 510 554 571 602 614 635
19 31 72 79 122 140 165 189 197 235 273 294 306 323 379 390 425
 452 475 494 508 552 560 603 611 635
15 30 71 86 123 150 170 183 218 234 262 282 307 329 382 401 410
 442 468 493 508 536 577 588 621 633
1 27 64 82 113 126 164 175 220 231 253 285 315 323 382 385 414
 454 483 495 505 553 566 581 605 634
10 49 56 85 109 137 170 190 207 231 261 279 306 339 361 396 416
 457 464 489 516 541 563 584 614 631
21 45 57 97 107 148 164 186 201 234 264 284 313 321 372 409 426
 458 476 503 513 535 572 586 611 631
12 45 53 79 125 130 152 191 215 244 258 289 298 325 382 399 430
 448 467 498 517 541 565 591 612 632
19 26 55 92 120 146 168 178 211 247 268 277 311 326 382 406 418
 438 482 488 529 544 576 585 616 631
3 49 63 100 112 139 152 194 214 247 260 288 309 334 372 400 423
 444 475 485 506 536 562 583 606 634
16 26 51 83 105 127 164 174 213 232 254 292 314 332 361 387 429
 437 462 494 526 536 579 602 623 632
11 30 70 81 118 133 164 176 202 247 265 283 303 322 384 386 420
 441 473 496 519 541 569 594 607 635
9 27 62 89 116 145 168 188 210 232 267 291 310 338 372 397 412
 452 478 504 509 541 573 587 617 633
24 30 74 90 111 140 168 179 200 244 274 276 301 336 361 389 413
 443 461 501 507 535 574 582 618 634
16 34 72 96 120 148 159 172 199 237 267 282 304 339 378 408 430
 445 479 490 512 540 569 580 620 634
14 26 75 88 119 132 170 181 205 244 252 281 295 330 372 394 421
 439 477 490 518 553 561 595 622 635
18 27 58 96 117 135 152 184 204 234 259 293 297 333 361 405 432
 453 474 486 520 544 564 596 624 635
12 44 60 95 107 147 155 190 213 226 255 291 319 326 369 394 427
 440 460 500 508 545 564 594 613 634
15 48 70 82 110 137 156 172 216 229 259 275 317 326 379 398 411
 439 476 501 527 554 570 583 617 632
9 38 58 100 108 146 165 190 209 230 270 283 307 321 364 407 422
 449 479 495 518 530 574 597 608 632
18 33 62 90 104 130 162 173 205 241 262 294 318 332 370 398 433
 440 471 495 512 537 562 598 607 631
5 28 57 81 125 131 156 173 214 230 257 277 316 327 362 408 414
 457 462 500 514 552 561 596 618 633
21 28 60 94 121 126 166 179 207 229 262 287 311 334 364 392 417
 445 481 498 509 548 579 593 609 635
9 29 67 88 113 140 154 195 203 233 254 289 317 334 368 408 410
 446 472 486 523 531 556 594 610 631
10 32 61 83 112 141 156 195 217 236 250 291 305 336 383 404 426
 442 483 487 512 530 567 591 616 635
7 37 56 86 112 138 161 179 204 237 257 284 300 323 369 397 421
 435 472 502 529 546 575 590 607 632
21 47 65 88 124 136 157 192 197 241 272 276 296 338 374 405 416
 454 468 500 506 542 569 604 616 632
5 39 60 93 102 132 163 184 200 233 267 294 309 322 375 393 415
 442 469 503 510 543 563 585 605 632
6 46 54 100 123 144 167 177 206 239 261 277 314 338 368 385 430
 435 470 501 513 543 557 598 613 635
10 37 52 90 101 132 153 176 197 248 269 289 313 333 378 385 418
 455 484 485 526 545 570 597 609 633
24 40 66 77 110 146 160 186 214 240 258 278 315 339 370 388 415
 446 460 493 526 542 573 590 619 635
15 46 66 95 111 141 163 194 210 238 256 292 299 323 365 405 434
 455 481 496 517 538 561 580 608 631
2 39 53 96 121 138 167 175 218 228 263 290 312 336 373 386 422
 459 475 500 526 532 578 595 617 631
2 44 65 85 125 129 161 180 216 225 260 285 310 332 378 406 410
 436 466 503 507 539 568 600 608 635
22 42 55 91 119 135 162 185 218 245 261 284 317 322 366 404 412
 456 484 494 514 542 565 593 608 634
23 29 68 76 116 150 163 192 199 228 268 284 298 331 360 400 427
 457 463 495 515 551 570 582 623 635
7 43 61 82 106 129 151 182 212 242 267 287 295 325 377 407 420
 451 462 485 508 542 557 582 624 631
4 29 58 80 104 129 167 174 207 246 252 275 313 327 375 388 425
 447 467 504 519 538 575 588 616 634
6 40 70 97 111 138 151 189 199 245 266 293 319 334 374 396 429
 447 483 499 518 537 568 585 612 633
20 32 59 76 109 148 166 178 218 227 252 293 310 335 367 389 434
 441 460 485 528 552 566 598 610 632
8 31 55 99 105 129 169 191 220 229 264 279 309 328 367 405 413
 435 471 490 515 530 578 594 619 633
22 36 51 81 122 139 158 179 209 239 269 278 310 320 375 403 411
 448 483 490 524 551 564 604 621 631
17 28 53 78 124 145 165 183 208 236 269 292 295 331 367 396 432
 446 470 503 525 554 576 599 607 634
9 33 68 94 117 134 160 176 216 242 257 279 312 330 374 387 434
 438 469 491 513 549 560 591 621 634
1 33 67 86 108 148 157 193 198 245 269 290 309 326 377 391 424
 437 464 504 517 547 555 601 618 635
25 46 70 84 103 130 158 180 197 233 270 281 311 328 360 397 426
 453 462 493 528 532 559 601 614 634
18 35 68 77 113 139 155 189 202 243 264 277 295 336 378 401 431
 456 481 504 516 534 559 589 615 632
8 36 72 78 119 142 167 176 219 238 262 291 315 337 360 409 423
 451 474 488 511 531 568 584 618 632
19 36 75 86 105 128 154 173 201 228 265 293 305 325 365 395 416
 449 466 497 527 543 573 589 609 634
11 40 71 98 103 127 157 191 208 249 273 291 297 327 366 400 421
 445 466 501 510 549 566 597 615 631
8 42 51 84 120 149 151 190 200 241 256 289 308 335 371 401 414
 459 476 497 525 549 575 587 606 635
19 42 73 95 115 145 160 177 217 249 260 280 313 329 377 386 417
 443 463 490 505 537 556 596 614 632
18 29 64 83 108 147 158 178 208 238 272 280 300 339 373 392 420
 444 476 491 507 543 565 603 622 633
17 47 60 76 125 128 160 174 204 245 250 282 303 328 371 385 431
 452 465 492 511 550 574 583 622 631
20 43 56 87 101 133 157 184 209 240 271 277 299 337 371 399 410
 458 477 487 515 537 579 603 617 634
10 50 59 77 106 131 163 191 211 239 266 283 296 332 373 391 417
 439 465 502 520 531 577 587 611 634
1 35 58 79 116 136 159 171 200 248 266 281 316 329 369 404 423
 441 470 491 527 539 579 592 619 631
13 50 56 98 114 145 154 171 213 238 264 286 304 324 375 398 428
 438 468 485 514 532 574 581 612 635
25 41 66 76 118 135 155 181 201 237 254 290 306 337 381 407 417
 448 469 501 525 539 562 581 616 633
13 43 59 93 112 140 160 175 215 241 259 281 314 320 366 409 427
 449 481 489 519 547 576 600 620 633
8 34 75 87 115 144 161 188 214 243 259 283 301 331 381 392 424
 447 468 494 528 545 571 591 605 631
25 40 74 99 123 143 162 171 207 242 251 285 305 331 371 408 418
 444 478 496 522 547 564 595 611 632
23 35 62 99 108 137 153 186 196 225 273 287 314 335 381 386 419
 442 482 486 511 546 561 604 612 634
15 41 74 92 103 131 153 174 209 243 272 288 312 325 369 409 412
 450 471 499 505 540 563 599 610 635
12 47 69 92 121 139 162 195 206 240 252 283 304 323 377 402 419
 453 461 503 527 549 558 584 623 633
23 38 64 84 117 132 156 185 215 235 260 276 304 337 367 395 429
 450 473 504 522 548 577 590 613 631
6 41 71 88 110 149 161 178 215 248 250 294 302 321 376 403 428
 451 464 496 509 534 578 596 623 634
3 43 52 89 109 147 162 172 219 249 263 292 316 321 374 395 413
 448 482 502 523 550 559 588 605 635
22 34 73 93 105 130 155 182 203 248 253 276 307 327 380 396 434
 444 465 488 521 546 558 586 617 635
5 44 69 91 124 150 153 177 198 237 270 293 315 324 380 387 413
 439 478 498 519 534 567 603 606 631
17 39 65 87 107 146 154 172 202 239 253 288 318 335 360 404 421
 443 464 498 522 538 560 602 624 633
24 46 71 85 118 134 154 185 220 246 255 287 316 333 373 402 424
 452 477 499 512 551 576 586 606 632
12 39 57 82 124 143 158 188 196 246 271 279 302 329 365 389 429
 456 480 492 529 531 562 597 620 635
4 33 64 81 116 144 151 183 211 240 274 288 306 324 366 394 426
 436 480 486 521 550 578 580 609 632
3 37 59 94 114 143 155 183 220 225 265 275 308 338 376 390 415
 453 463 487 518 540 565 602 618 631
14 34 55 89 122 141 153 175 208 226 271 286 303 334 376 388 433
 457 461 497 513 539 577 601 624 632
4 35 67 98 117 142 161 187 217 226 258 292 311 322 380 389 416
 459 477 495 524 540 557 583 611 633
7 50 63 79 109 149 167 186 205 233 251 276 303 326 365 387 432
 436 479 487 505 551 571 593 615 633
20 37 63 78 106 127 159 173 210 226 274 280 317 328 381 402 422
 454 467 489 522 534 572 585 621 635
21 44 53 100 102 133 159 185 211 243 256 278 305 330 376 398 425
 437 474 492 523 546 566 582 614 633
11 41 54 80 111 126 159 195 212 225 268 279 318 320 380 395 432
 458 475 493 514 545 555 587 622 632
25 47 64 79 115 133 169 182 199 226 269 275 312 321 348 361 406
 421 442 481 514 531 573 598 606 625
23 32 74 85 119 145 151 193 201 239 271 294 300 327 352 382 387
 422 453 481 523 545 569 583 619 626
20 41 65 81 105 137 167 187 204 235 270 286 319 329 342 372 391
 418 446 481 512 549 565 582 605 627
17 29 63 89 120 130 161 177 218 242 273 278 296 333 358 384 394
 429 458 481 527 530 563 581 618 628
13 39 54 99 116 139 161 176 205 245 270 280 299 325 350 361 390
 414 445 460 523 554 577 586 616 629
22 43 57 100 117 127 169 189 200 225 272 290 303 331 345 382 397
 428 439 460 512 538 556 584 609 628
5 48 55 86 104 134 151 192 203 238 273 283 302 336 351 372 385
 432 448 460 522 540 579 600 614 625
14 41 68 82 112 133 162 190 203 234 266 280 311 324 357 367 393
 430 452 466 526 538 571 604 618 626
14 27 70 76 102 139 157 177 213 225 257 289 301 339 342 365 404
 422 451 471 521 548 576 588 611 625
13 40 69 96 122 144 155 173 219 246 268 289 296 330 354 367 397
 420 442 464 505 535 579 583 608 627
16 48 64 98 101 149 163 173 204 225 255 278 307 334 349 377 409
 413 456 470 528 541 560 595 616 626
24 42 52 79 108 142 155 195 207 228 267 288 299 328 342 362 403
 429 439 468 513 544 566 600 607 626
16 49 53 76 104 140 158 193 216 240 266 291 308 322 348 364 395
 418 435 468 505 534 561 586 624 628
4 50 70 92 105 132 152 188 208 237 256 285 316 336 353 364 390
 427 458 464 511 542 556 598 621 626
11 45 58 94 119 128 158 194 217 241 267 277 319 331 346 379 402
 413 436 464 526 546 577 581 610 625
7 36 64 99 107 141 152 180 198 243 268 294 317 338 351 362 396
 417 441 477 526 549 574 588 620 628
19 33 74 100 124 129 155 172 218 233 266 286 297 320 343 383 392
 414 455 477 511 541 572 590 623 625
2 46 51 89 113 131 152 187 196 248 274 284 305 326 352 367 407
 415 445 468 519 537 560 584 622 625
1 30 63 93 121 146 158 192 204 249 256 275 306 332 345 367 408
 412 451 477 513 545 567 589 612 629
3 34 58 81 124 149 166 195 210 245 258 285 314 337 352 373 393
 421 438 471 508 535 570 589 614 628
6 29 57 91 114 137 152 179 197 226 267 283 318 337 341 383 401
 434 437 466 505 550 576 595 619 629
2 34 74 84 106 139 170 186 198 238 254 275 318 322 346 374 399
 427 452 470 529 530 566 596 609 627
14 28 52 98 123 146 151 194 220 233 272 284 310 337 353 361 386
 425 440 465 527 534 555 591 620 627
19 46 58 90 106 143 161 175 219 240 272 282 298 335 359 372 396
 411 437 469 514 548 567 594 615 626
11 34 56 83 113 150 167 180 215 230 269 287 308 330 343 363 405
 412 443 460 527 550 562 585 611 626
1 44 75 97 114 131 167 178 217 229 271 289 307 320 356 361 400
 419 452 469 522 542 559 580 607 628
18 40 61 78 125 126 169 190 211 237 271 276 314 322 344 372 403
 424 455 463 527 532 560 588 610 629
10 31 62 88 121 128 151 184 202 246 270 292 301 326 341 363 409
 430 444 463 514 539 566 590 621 628
9 36 53 92 111 135 161 186 207 249 271 281 309 324 349 363 401
 420 454 465 512 552 570 602 613 625
12 42 70 80 112 148 169 183 210 248 273 277 315 332 347 363 392
 416 450 469 523 551 574 595 624 627
3 33 51 96 110 136 169 181 212 243 270 291 313 323 346 384 389
 410 457 465 522 543 576 593 612 626
15 38 69 87 109 140 151 191 213 228 269 285 311 338 340 384 388
 423 456 469 512 546 572 596 622 629
21 37 67 84 118 141 167 188 216 227 273 288 295 339 354 382 393
 413 449 465 514 537 564 592 623 629
16 35 71 82 107 132 167 179 214 236 272 293 306 328 355 384 399
 433 438 463 523 547 558 587 608 625
16 47 59 100 111 130 154 176 217 234 263 285 295 326 351 381 403
 412 457 480 510 548 575 603 619 627
24 50 72 91 102 147 161 174 206 241 269 279 297 334 357 382 407
 426 441 463 522 533 561 589 617 627
10 44 66 81 117 148 162 182 220 232 268 281 302 334 358 379 399
 422 443 468 511 543 575 599 615 629
7 48 53 88 115 127 168 190 196 245 262 288 316 320 355 378 388
 434 453 473 515 543 567 581 611 627
18 39 73 92 109 134 156 194 199 244 265 286 315 328 354 366 407
 410 437 470 509 545 575 604 611 628
9 47 55 78 101 138 155 171 205 239 256 287 298 339 355 379 389
 426 450 466 519 536 555 596 605 628
12 27 52 77 105 150 165 179 212 238 261 281 312 335 357 376 408
 424 436 473 510 537 572 583 616 628
5 35 59 84 115 126 162 181 213 247 274 282 300 325 349 383 405
 425 446 464 513 551 568 597 617 628
9 48 59 85 107 150 159 187 219 244 250 277 297 323 348 375 386
 429 444 471 525 542 571 601 609 629
21 26 54 77 109 145 158 184 215 242 274 290 307 323 344 362 404
 433 447 466 511 540 570 594 606 627
15 37 73 83 125 136 162 189 201 231 267 278 301 335 350 364 400
 432 438 477 519 531 578 601 613 627
18 37 54 97 122 129 166 185 200 249 250 283 312 326 340 360 399
 416 446 478 521 536 561 581 620 626
17 30 75 77 117 136 153 190 219 227 254 285 299 327 341 377 398
 426 435 475 509 551 565 585 620 625
8 37 69 82 116 135 170 174 208 233 255 277 305 321 344 370 391
 434 443 475 524 548 569 600 612 628
19 45 56 76 110 126 153 182 205 236 255 283 309 338 352 366 408
 429 459 474 507 538 559 592 621 627
9 49 71 93 115 148 153 189 206 229 265 292 296 337 351 370 404
 414 436 467 529 532 564 582 622 626
7 35 55 81 111 147 170 177 197 246 253 290 304 332 348 371 400
 415 449 474 509 554 572 591 610 626
23 45 51 93 106 147 157 176 220 237 250 288 311 329 343 368 398
 432 447 461 516 552 573 595 608 628
22 29 66 90 121 145 156 191 212 234 255 288 314 330 356 371 390
 416 441 479 529 534 568 601 605 625
18 26 69 93 118 137 165 180 210 239 251 282 313 334 350 369 395
 428 459 480 515 542 566 591 618 625
21 38 61 86 122 142 163 172 214 248 254 279 319 324 350 371 386
 412 453 467 507 553 576 598 615 628
19 32 60 98 113 137 159 188 206 234 257 276 299 332 346 360 388
 420 448 484 518 547 578 599 606 628
4 42 65 78 123 140 164 184 198 229 250 278 304 325 357 373 397
 434 457 482 518 545 562 592 615 625
15 26 61 94 116 130 157 186 202 226 260 293 302 320 354 373 408
 425 435 484 525 533 574 584 605 626
17 43 62 80 103 149 155 185 206 238 274 293 309 329 356 364 406
 411 457 472 526 553 569 591 611 629
10 30 57 95 120 135 157 175 203 243 258 287 300 328 356 375 395
 423 436 478 518 554 560 598 623 627
25 35 53 83 101 144 166 172 212 241 260 284 315 327 351 365 391
 428 452 461 518 544 563 594 621 629
1 31 57 85 103 144 163 195 215 237 265 280 295 335 358 374 388
 418 440 474 524 536 574 593 617 625
20 28 70 88 108 129 163 171 217 243 253 282 308 333 357 366 387
 433 448 475 529 535 573 584 613 629
6 44 62 83 120 143 170 176 209 228 264 276 316 323 345 366 393
 417 446 467 528 533 555 583 624 625
22 44 63 82 103 142 166 171 199 240 257 294 313 336 341 368 405
 424 449 482 525 541 577 602 622 627
8 39 61 90 118 150 152 178 209 225 266 292 304 327 340 379 394
 431 454 472 513 547 573 593 614 627
2 33 56 80 119 146 164 191 197 227 259 280 316 334 359 365 403
 431 442 478 525 540 558 582 613 628
10 29 75 99 103 138 160 172 213 235 262 277 310 322 345 376 407
 432 454 480 517 535 558 592 606 626
8 40 67 100 109 128 164 192 196 236 257 281 318 333 350 375 406
 417 450 461 508 534 565 580 617 626
24 27 65 94 112 127 153 181 218 230 264 294 298 326 353 371 395
 420 447 470 524 531 558 580 614 629
5 49 64 77 111 143 157 174 201 248 259 286 310 330 355 360 402
 430 459 482 508 530 556 593 607 629
2 32 58 86 110 133 168 189 208 242 261 289 304 328 343 380 409
 417 440 480 506 551 561 602 605 629
11 32 51 87 124 138 163 185 216 226 264 281 306 325 359 370 385
 419 444 479 509 544 556 588 618 627
20 27 72 95 123 134 158 191 214 245 268 276 295 321 347 383 398
 419 459 472 519 539 563 602 609 626
6 43 75 79 121 134 164 193 208 230 260 282 317 324 358 360 389
 415 455 471 516 546 564 587 616 627
1 43 66 78 120 139 154 174 216 244 251 284 319 338 341 380 392
 433 442 473 520 552 578 597 614 626
14 50 65 90 108 144 160 185 201 236 263 275 302 323 347 380 401
 423 445 462 515 541 564 585 610 628
7 47 71 96 104 145 164 194 209 235 258 279 305 335 349 368 392
 427 439 484 521 539 559 585 618 629
17 31 66 86 114 132 159 180 207 247 259 291 298 321 345 373 387
 414 456 461 521 537 557 604 610 627
3 46 60 99 119 140 156 192 211 232 253 293 312 339 343 377 401
 428 458 467 524 539 571 597 607 627
8 38 54 98 125 148 168 181 197 240 263 287 317 329 354 376 387
 427 444 483 520 538 563 589 607 625
4 41 52 97 102 130 170 175 196 239 265 291 317 331 347 377 405
 431 438 479 507 552 579 590 606 629
23 34 60 97 110 127 162 183 202 244 256 279 310 333 359 362 391
 423 449 472 505 532 557 603 616 625
4 28 72 85 112 136 168 182 209 249 251 293 318 330 342 381 385
 415 456 476 517 532 577 594 623 628
25 49 55 94 107 131 165 188 200 228 252 280 314 333 349 380 398
 410 451 483 517 550 569 590 615 627
23 46 56 92 124 142 160 173 203 229 251 290 301 321 346 378 394
 425 441 483 510 536 565 587 624 629
25 36 59 91 104 146 156 184 210 231 264 289 303 329 355 374 394
 424 445 475 507 546 557 599 623 626
24 28 68 87 105 141 159 178 205 231 260 290 296 322 347 368 409
 411 453 478 508 550 575 597 612 625
15 39 67 91 122 149 160 171 220 230 252 291 300 332 344 381 396
 430 458 473 506 544 559 582 609 625
22 30 62 76 114 141 165 187 211 233 263 279 315 325 358 378 402
 421 447 476 506 547 579 596 613 626
13 38 73 88 118 131 159 179 218 232 258 275 309 331 344 365 385
 426 440 482 516 549 568 603 624 626
3 45 74 95 113 132 165 178 199 246 262 278 303 324 359 381 404
 416 435 462 520 549 555 600 617 629
5 36 71 89 101 129 160 195 202 227 261 276 311 331 348 369 390
 422 437 476 520 553 562 580 612 627
13 26 67 95 125 133 153 183 207 235 253 284 297 336 340 374 402
 411 451 479 528 543 562 587 619 628
12 41 72 84 108 138 166 173 211 242 259 292 303 338 353 375 400
 410 443 484 516 553 567 586 619 625
6 31 63 87 117 126 168 183 198 241 252 286 305 339 356 369 386
 431 448 462 510 531 570 586 608 626
12 50 68 89 123 128 156 193 200 247 254 287 313 320 342 370 396
 421 454 474 528 540 578 603 608 629
21 40 73 80 116 147 154 175 204 247 261 294 308 337 340 378 389
 419 439 462 517 530 571 599 621 625
11 33 60 79 106 135 154 177 214 231 252 292 307 336 352 376 397
 418 450 476 515 533 568 604 620 629
20 42 68 96 102 143 154 186 215 232 262 283 306 327 353 369 406
 413 455 483 506 554 557 601 622 628
208 210 213 217 219 222 275 281 283 293 362 368 371 378 382 555 560
 562 563 578 582 586 590 593 604 643
202 206 209 211 214 222 282 287 291 294 361 365 367 374 380 556 565
 570 572 575 581 592 595 600 601 644
196 207 212 216 220 222 278 289 290 292 360 366 369 372 383 558 569
 571 574 577 585 589 596 598 603 641
198 199 201 204 218 222 276 280 285 288 363 370 375 376 379 557 559
 561 576 579 584 587 591 594 597 645
197 200 203 205 215 222 277 279 284 286 364 373 377 381 384 564 566
 567 568 573 580 583 588 599 602 642
25 34 52 80 117 140 163 177 209 236 262 300 326 354 372 402 414
 441 466 492 516 542 578 602 612 645
17 42 71 92 106 141 166 193 197 225 264 319 330 344 361 408 423
 448 480 495 519 543 571 590 617 645
23 36 57 88 123 126 155 187 208 240 259 312 332 350 384 404 413
 452 479 485 517 533 575 585 614 645
20 31 58 83 107 139 160 182 196 233 256 296 324 340 382 395 424
 457 484 501 509 540 568 595 607 645
22 35 74 96 125 146 163 176 208 229 252 302 338 342 363 395 426
 437 472 489 508 537 571 581 606 642
13 33 75 89 111 137 166 192 209 237 255 308 328 347 382 404 425
 444 473 503 526 531 557 596 615 642
5 29 61 87 119 148 155 180 196 249 258 303 323 357 361 398 418
 449 470 499 506 548 578 587 621 642
2 50 67 82 111 136 165 173 202 232 250 298 337 356 366 392 418
 453 460 490 513 546 563 588 606 645
6 37 72 92 107 128 157 171 212 232 263 307 322 359 367 388 414
 439 481 486 507 551 562 591 614 642
19 39 59 78 103 133 170 192 212 248 258 301 334 353 362 387 419
 435 476 504 512 550 564 581 608 645
14 44 56 93 111 128 169 187 214 242 262 317 335 340 373 390 426
 448 470 504 505 544 569 597 623 643
1 47 51 94 109 132 161 189 211 238 255 317 327 342 383 386 430
 449 478 493 515 535 562 599 624 645
24 29 60 100 101 136 170 193 210 237 259 302 325 340 367 386 433
 436 483 488 514 549 559 602 611 641
14 49 69 83 117 129 154 179 211 245 273 298 329 346 362 409 415
 454 479 496 525 545 559 598 617 642
2 35 63 91 105 145 157 195 211 244 262 308 321 350 379 385 420
 457 469 499 528 538 564 590 620 641
13 36 68 79 124 148 170 194 211 225 250 300 333 341 364 388 412
 459 462 501 522 537 558 594 605 643
7 44 54 90 113 134 157 172 210 247 252 306 331 357 364 409 429
 442 465 497 524 532 565 596 619 645
11 42 61 77 104 137 161 181 199 233 253 316 338 356 367 409 422
 438 461 492 517 536 564 603 609 643
16 33 70 95 121 150 161 182 200 239 264 305 337 354 362 388 432
 452 482 489 506 553 565 597 610 641
4 34 53 99 118 146 157 173 200 234 261 319 323 358 383 387 411
 450 463 485 509 531 559 600 622 643
16 37 60 87 108 145 152 181 203 246 261 315 320 345 374 406 426
 459 471 496 527 552 577 582 615 645
3 47 66 82 108 131 168 177 215 227 264 297 322 350 360 396 425
 436 472 497 512 545 579 595 621 643
24 47 67 99 120 150 166 184 208 248 265 306 320 346 372 398 422
 456 462 502 505 538 568 591 613 644
21 48 72 81 113 130 160 181 208 228 266 309 335 341 361 402 428
 450 478 487 529 545 557 588 608 641
12 37 62 100 110 134 163 175 198 235 251 311 327 355 361 404 420
 458 468 490 525 550 568 589 610 643
16 30 67 80 106 144 156 189 205 228 271 310 321 357 369 405 415
 444 484 498 511 549 576 581 614 643
11 38 53 82 114 147 160 189 198 239 274 299 333 353 372 408 416
 442 471 488 528 539 575 593 623 642
3 41 69 78 115 128 163 186 197 230 261 310 336 356 382 398 429
 445 477 491 521 547 575 594 624 641
15 50 51 85 121 133 155 178 197 245 257 315 331 349 372 395 433
 443 467 486 510 530 557 592 620 643
16 28 63 97 118 143 160 190 197 238 268 297 325 352 363 404 410
 439 461 504 524 546 578 598 605 644
18 44 55 79 112 145 163 174 196 227 263 301 337 343 384 408 411
 454 464 493 518 549 557 586 609 644
14 46 64 86 109 127 155 188 209 241 250 313 322 358 363 408 419
 438 475 498 520 554 568 582 619 641
10 39 70 98 104 136 155 179 198 242 260 314 321 359 382 402 412
 446 474 497 515 552 571 580 622 644
9 40 56 90 102 131 166 194 198 226 253 295 329 345 384 395 430
 453 476 494 511 551 578 600 616 641
1 32 54 84 105 135 160 183 209 246 267 298 334 351 384 398 421
 455 482 500 507 534 571 584 611 643
19 43 65 91 116 132 166 191 196 243 254 307 339 348 363 402 432
 440 483 496 513 532 575 583 618 643
7 42 62 87 125 132 158 171 219 234 265 312 334 352 380 391 425
 454 460 501 516 530 576 580 623 641
5 26 74 97 112 149 154 188 212 240 269 296 328 345 379 386 434
 445 474 495 516 539 565 588 613 643
9 45 72 87 114 129 162 193 204 248 272 314 336 354 365 394 417
 457 473 493 524 554 566 585 606 643
21 43 64 76 123 131 161 190 210 246 265 318 336 343 379 387 423
 446 484 490 510 544 558 601 612 642
10 27 55 84 110 144 154 187 199 249 272 299 320 344 364 387 431
 441 467 503 508 546 562 595 618 641
12 36 54 93 114 133 151 174 218 236 260 316 339 346 381 405 418
 439 472 495 509 535 560 601 615 641
15 45 62 81 115 142 154 180 200 242 271 297 339 347 367 385 427
 437 475 502 518 534 558 593 616 645
18 49 70 89 119 144 159 186 220 235 269 307 325 341 371 389 417
 438 472 500 510 538 567 600 623 645
9 50 66 80 122 127 170 184 199 243 260 311 335 352 383 385 413
 451 480 500 527 547 565 586 607 642
1 41 59 98 124 134 152 182 202 228 262 313 339 344 371 397 411
 436 461 494 523 530 561 585 613 642
25 43 73 97 124 141 168 176 214 235 255 298 332 357 375 401 422
 435 464 486 527 540 566 593 622 641
24 32 55 93 125 143 167 194 213 243 266 318 321 358 377 397 416
 445 473 486 525 553 570 603 621 645
18 46 63 76 107 136 151 176 207 230 258 304 320 347 376 391 413
 442 466 494 529 553 556 599 617 643
11 44 68 88 122 146 152 183 201 238 251 314 328 348 377 389 414
 447 484 502 512 548 563 592 617 641
10 34 67 94 102 145 169 178 204 240 251 316 325 351 360 401 429
 440 475 501 519 553 572 604 608 642
22 40 68 84 101 137 168 174 217 230 265 309 323 359 373 394 432
 451 468 498 523 539 572 598 620 645
4 48 61 100 121 147 153 171 215 231 268 310 328 346 365 401 421
 446 469 494 520 537 569 586 618 645
2 40 55 88 117 150 158 172 206 231 255 313 325 353 381 393 423
 437 481 487 521 552 574 587 607 643
17 46 73 96 108 126 170 191 200 226 257 310 324 351 379 409 418
 447 473 487 523 542 562 589 623 644
22 45 61 92 123 149 159 175 213 227 270 306 333 351 374 392 415
 443 466 504 515 531 561 583 607 641
20 40 57 93 119 141 161 183 212 228 254 304 326 355 364 385 425
 443 471 491 520 541 559 604 606 644
5 41 75 95 116 146 169 179 216 241 263 304 333 352 368 396 420
 456 467 487 511 536 566 601 611 645
21 34 66 85 101 128 152 189 213 233 252 312 329 347 366 403 420
 435 482 495 522 554 567 587 618 644
9 31 69 95 110 130 167 192 201 225 274 316 322 357 371 392 421
 437 483 485 516 544 577 599 620 644
2 31 70 78 109 143 153 185 214 234 267 300 320 348 368 394 428
 443 465 495 517 549 579 589 616 642
6 28 64 96 119 130 153 195 216 247 256 301 329 344 375 407 416
 452 460 502 515 547 572 602 615 643
7 46 65 97 120 133 165 195 213 231 259 309 327 354 370 389 412
 448 463 491 511 534 577 595 609 642
10 48 60 92 122 143 164 180 218 241 274 295 337 342 380 400 424
 435 479 491 523 538 573 596 612 643
20 35 73 86 103 140 152 190 220 239 263 303 330 346 370 392 429
 451 478 503 514 533 570 580 616 643
19 48 62 77 112 135 167 193 220 226 256 304 331 350 374 403 410
 441 462 498 521 535 563 597 622 642
6 36 56 84 116 127 165 172 220 234 258 296 336 342 377 406 433
 444 469 492 519 545 561 593 610 644
8 29 71 81 102 126 165 171 201 244 260 299 326 343 374 397 419
 456 465 489 526 540 567 598 624 643
17 38 52 94 115 139 167 184 203 237 268 305 332 359 366 389 428
 454 476 499 508 541 561 601 619 643
8 32 57 79 104 139 153 172 204 232 274 311 330 347 373 396 410
 449 463 496 510 542 555 581 613 641
18 42 60 81 103 150 168 175 216 236 254 296 321 349 365 390 430
 447 477 485 522 546 555 584 619 642
8 41 58 89 114 140 157 185 199 231 251 295 332 349 362 386 426
 455 460 498 529 543 558 583 621 644
19 27 54 88 107 142 162 194 216 237 269 303 327 356 373 401 415
 450 480 489 528 530 579 582 612 644
15 35 65 76 106 134 169 188 215 249 261 305 334 341 375 394 414
 453 479 488 526 535 555 603 607 644
23 37 71 77 120 140 169 180 217 245 252 318 324 353 365 407 411
 444 474 500 513 541 579 599 605 641
1 26 65 96 111 142 156 190 206 233 273 300 331 359 376 399 417
 456 471 485 519 550 573 586 621 641
13 28 74 76 117 147 167 191 202 248 267 317 323 349 370 406 424
 458 480 497 518 536 567 604 614 641
25 27 57 90 109 138 159 174 202 229 273 308 324 352 377 403 427
 446 477 488 506 543 577 591 608 643
25 39 58 95 105 126 151 186 206 227 250 317 330 345 378 400 433
 450 468 502 524 541 576 603 618 642
15 31 59 89 108 135 164 179 205 240 268 319 327 343 378 393 416
 451 470 492 522 532 556 591 606 641
3 26 64 91 121 129 159 176 203 236 271 319 335 353 370 397 431
 449 468 501 517 551 563 596 611 644
8 47 52 85 110 141 158 173 218 247 253 314 324 341 369 399 432
 445 469 504 518 533 556 582 611 642
5 32 68 90 103 147 164 187 207 245 256 307 338 354 381 399 428
 436 475 490 527 531 576 590 624 644
7 38 51 80 123 135 153 173 217 244 266 302 339 345 360 390 424
 438 481 503 506 550 566 594 617 644
17 49 58 98 118 138 162 192 215 243 271 315 326 342 368 390 434
 442 462 490 507 533 572 587 609 641
3 29 72 77 118 127 151 175 205 229 257 305 329 348 380 399 412
 455 464 503 528 544 574 604 613 645
4 43 74 86 115 137 158 195 205 232 264 315 333 340 376 400 430
 441 465 500 525 548 560 585 608 644
12 33 59 83 122 132 168 186 204 229 253 299 331 358 368 407 423
 459 466 499 514 534 569 588 614 644
12 30 51 99 104 142 159 177 201 230 272 295 334 340 366 406 434
 452 464 487 520 532 570 590 605 642
4 39 75 83 106 148 165 185 203 247 257 297 338 355 371 403 413
 440 481 493 505 539 570 584 612 641
23 28 73 91 101 139 164 188 219 242 266 306 326 356 376 405 421
 459 467 493 512 543 574 600 610 642
6 33 69 98 112 131 158 185 207 244 254 303 335 351 378 405 422
 458 463 488 508 554 573 592 605 645
13 30 53 85 105 149 162 184 214 226 273 313 338 343 360 407 431
 439 483 491 529 548 555 580 610 645
23 30 52 82 125 138 154 178 210 241 270 309 330 348 383 388 417
 458 470 494 521 540 564 584 615 644
14 38 66 99 124 130 164 178 206 249 267 308 336 355 369 391 410
 447 474 489 514 551 560 583 609 645
24 26 63 86 113 144 162 191 217 225 270 312 337 355 375 396 427
 455 476 492 509 552 569 592 624 642
22 50 53 94 113 148 151 177 219 235 259 318 328 344 369 393 419
 457 477 496 507 536 573 597 616 644
20 45 71 100 116 138 156 181 207 238 269 301 332 358 380 393 431
 453 482 497 505 542 560 594 620 642
11 49 75 78 102 149 156 182 218 246 272 311 323 350 378 391 427
 448 478 486 513 537 574 602 619 644
21 27 56 79 120 129 156 183 219 239 270 302 322 349 381 400 434
 440 461 499 526 547 556 589 622 645
