625 626 627 628 629 630 631 632 633 634 635 636 637 638 639 640 641
 642 643 644 645 646 647 648 649 650
150 160 161 162 163 170 177 178 179 180 290 291 299 300 309 365 366
 367 368 369 380 381 382 387 388 625
158 159 166 167 168 175 176 187 188 189 298 305 306 307 308 375 376
 377 378 379 385 386 396 397 398 625
154 155 156 157 165 173 174 184 185 186 293 294 295 296 297 363 364
 372 373 374 392 393 394 395 399 625
151 152 153 164 169 171 172 181 182 183 292 301 302 303 304 360 361
 362 370 371 383 384 389 390 391 625
0 55 57 59 63 68 171 173 179 189 190 191 202 203 204 215 221
 222 223 224 240 241 242 255 256 650
0 62 69 76 78 79 172 177 185 188 200 201 211 212 213 220 235
 236 237 238 252 253 254 262 263 647
0 61 65 66 72 73 176 180 181 184 198 199 208 209 210 218 219
 232 233 234 249 250 251 261 264 646
0 58 60 64 71 77 178 182 186 187 196 197 206 207 214 216 217
 229 230 231 246 247 248 259 260 649
0 56 67 70 74 75 170 174 175 183 192 193 194 195 205 225 226
 227 228 239 243 244 245 257 258 648
0 290 293 301 305 310 311 326 327 328 405 408 411 417 419 450 451
 452 453 464 475 476 477 491 499 633
0 297 298 300 304 323 324 325 332 333 400 404 410 412 423 462 463
 472 473 474 487 488 489 490 498 632
0 291 296 303 308 321 322 330 331 334 402 403 406 418 422 459 460
 461 470 471 483 484 485 486 497 631
0 292 295 299 307 317 318 319 320 329 407 413 416 420 424 457 458
 467 468 469 479 480 481 482 496 635
0 294 302 306 309 312 313 314 315 316 401 409 414 415 421 454 455
 456 465 466 478 492 493 494 495 634
1 2 17 18 19 80 81 82 96 97 105 106 107 121 122 193 200
 202 210 214 450 454 457 462 470 625
14 15 16 23 24 92 93 94 95 103 116 117 118 119 120 192 196
 201 204 209 453 461 466 469 474 625
12 13 21 22 25 88 89 90 91 102 113 114 115 127 128 195 197
 198 203 213 452 465 468 471 473 625
8 9 10 11 20 86 87 100 101 104 110 111 112 125 126 191 194
 206 208 211 451 456 460 463 467 625
3 4 5 6 7 83 84 85 98 99 108 109 123 124 129 190 199
 205 207 212 455 458 459 464 472 625
54 221 230 234 237 239 336 338 343 355 357 365 370 372 375 453 457
 460 465 472 550 551 552 553 568 629
54 218 224 226 231 235 335 340 354 356 358 364 369 371 379 454 461
 464 467 473 566 567 571 572 573 630
54 217 220 223 225 233 337 339 344 349 359 362 368 374 378 450 458
 463 466 471 561 562 563 564 565 627
54 219 222 227 229 238 341 346 348 350 353 361 367 373 377 452 456
 459 462 469 558 559 560 570 574 626
54 215 216 228 232 236 342 345 347 351 352 360 363 366 376 451 455
 468 470 474 554 555 556 557 569 628
61 68 71 75 79 476 479 490 493 497 511 512 514 518 522 525 526
 537 538 539 553 554 560 563 566 625
56 62 63 72 77 480 486 491 494 498 501 507 516 519 524 535 536
 546 547 548 552 559 565 569 572 625
57 64 66 69 74 483 488 495 496 499 500 503 508 515 517 533 534
 543 544 545 555 558 564 567 568 625
55 60 67 73 76 475 478 482 484 489 502 505 509 520 523 531 532
 541 542 549 551 556 561 570 571 625
58 59 65 70 78 477 481 485 487 492 504 506 510 513 521 527 528
 529 530 540 550 557 562 573 574 625
0 81 84 89 92 101 335 336 337 350 351 380 383 385 399 500 506
 512 516 520 600 608 609 610 611 636
0 82 90 95 98 104 347 348 349 357 358 387 390 392 398 503 504
 509 519 522 606 607 621 622 623 640
0 80 83 87 91 94 344 345 346 355 356 381 386 389 394 510 515
 518 523 524 603 604 605 619 620 638
0 88 97 99 100 103 342 343 353 354 359 384 388 393 397 505 507
 511 513 517 602 615 616 617 618 639
0 85 86 93 96 102 338 339 340 341 352 382 391 395 396 501 502
 508 514 521 601 612 613 614 624 637
51 87 89 93 97 98 154 161 164 167 221 225 229 232 235 400 401
 402 419 424 525 527 533 541 546 642
51 81 85 90 94 100 152 159 163 165 217 224 228 234 238 415 416
 417 418 423 530 539 545 548 549 645
51 80 84 86 88 95 157 162 166 169 215 227 231 233 237 411 412
 413 414 422 529 532 534 536 538 643
51 91 92 96 99 104 153 155 158 160 219 223 226 230 236 406 407
 408 409 410 526 540 542 544 547 641
51 82 83 101 102 103 150 151 156 168 216 218 220 222 239 403 404
 405 420 421 528 531 535 537 543 644
29 30 31 32 40 52 243 249 254 256 260 380 389 392 396 450 459
 465 467 474 530 538 541 543 547 639
28 34 38 45 47 52 247 251 252 255 258 388 391 398 399 453 456
 458 470 473 526 527 532 535 545 638
35 37 41 43 46 52 241 244 253 259 261 384 386 387 395 460 462
 464 466 468 525 528 536 544 549 636
27 36 42 48 50 52 240 245 248 250 262 382 383 394 397 451 454
 469 471 472 531 534 539 540 546 640
26 33 39 44 49 52 242 246 257 263 264 381 385 390 393 452 455
 457 461 463 529 533 537 542 548 637
52 108 113 116 121 125 171 177 184 187 403 410 413 415 419 550 558
 561 566 569 602 610 620 621 624 648
52 107 112 120 124 128 180 183 186 189 402 408 414 420 423 553 557
 565 567 570 604 609 612 617 622 647
52 106 119 126 127 129 170 176 182 185 400 405 409 416 422 552 556
 560 564 573 603 606 611 614 615 650
52 105 111 115 118 123 174 179 181 188 401 404 407 411 418 551 555
 563 572 574 605 608 613 618 623 649
52 109 110 114 117 122 172 173 175 178 406 412 417 421 424 554 559
 562 568 571 600 601 607 616 619 646
52 151 160 165 166 190 193 198 201 206 268 272 273 280 283 340 346
 351 357 359 475 479 483 492 498 642
52 157 163 164 168 195 199 204 211 214 270 275 278 282 287 337 338
 347 353 356 477 482 486 490 495 641
52 153 156 162 167 191 197 200 205 209 265 277 279 281 285 349 350
 352 354 355 481 489 494 497 499 645
52 155 159 161 169 194 196 203 210 212 266 269 276 284 286 336 341
 342 344 358 476 478 480 485 488 644
52 150 152 154 158 192 202 207 208 213 267 271 274 288 289 335 339
 343 345 348 484 487 491 493 496 643
3 17 20 21 23 52 218 223 228 229 237 296 299 304 305 434 435
 436 437 449 500 501 509 510 511 634
7 11 16 19 22 52 215 217 219 235 239 290 292 297 306 431 432
 433 447 448 506 507 508 522 523 631
6 10 13 15 18 52 216 221 226 233 238 295 301 308 309 429 430
 444 445 446 517 518 519 520 521 632
2 5 9 24 25 52 222 225 231 234 236 294 300 303 307 427 428
 441 442 443 504 505 514 515 516 633
1 4 8 12 14 52 220 224 227 230 232 291 293 298 302 425 426
 438 439 440 502 503 512 513 524 635
53 109 118 121 126 128 216 219 224 225 237 381 383 395 398 475 481
 486 488 493 579 582 587 592 599 639
53 107 114 119 123 125 223 231 232 238 239 388 390 394 396 479 485
 489 491 495 576 580 581 590 594 636
53 105 108 110 120 127 222 228 230 233 235 387 389 397 399 476 482
 483 487 494 578 583 585 591 598 637
53 106 111 113 117 124 215 220 226 229 234 382 384 385 392 480 484
 490 492 499 577 584 588 593 596 638
53 112 115 116 122 129 217 218 221 227 236 380 386 391 393 477 478
 496 497 498 575 586 589 595 597 640
29 33 38 43 48 54 80 92 98 100 102 175 177 181 186 429 431
 438 441 449 476 481 484 495 498 650
26 31 35 45 50 54 85 91 95 97 101 173 180 182 188 426 437
 443 446 448 475 485 490 494 496 648
27 32 41 44 47 54 84 87 90 96 103 170 172 184 189 433 436
 440 442 445 482 488 491 492 497 649
28 30 36 39 46 54 82 86 89 94 99 179 183 185 187 425 428
 430 432 435 478 479 486 487 499 646
34 37 40 42 49 54 81 83 88 93 104 171 174 176 178 427 434
 439 444 447 477 480 483 489 493 647
51 194 198 200 204 207 312 317 323 326 330 381 391 392 397 425 442
 444 448 449 550 554 564 570 572 636
51 191 193 196 199 213 311 316 320 331 333 382 386 390 399 432 434
 438 443 445 553 555 559 561 573 639
51 190 192 197 210 211 310 315 329 332 334 385 388 389 395 426 427
 429 433 435 552 557 558 563 571 640
51 195 202 206 209 212 314 319 322 325 328 383 387 393 396 428 431
 436 439 446 556 565 566 568 574 638
51 201 203 205 208 214 313 318 321 324 327 380 384 394 398 430 437
 440 441 447 551 560 562 567 569 637
27 30 35 38 49 51 55 69 70 71 72 106 109 115 120 125 293
 304 307 309 336 340 345 349 353 631
28 31 33 41 42 51 66 67 68 77 78 112 117 121 123 127 297
 299 302 308 335 341 347 355 359 633
32 37 39 45 48 51 63 64 65 75 76 107 110 113 118 129 291
 292 294 305 339 342 350 356 357 632
29 34 44 46 50 51 59 60 61 62 74 105 114 116 124 126 296
 300 301 306 338 344 348 351 354 635
26 36 40 43 47 51 56 57 58 73 79 108 111 119 122 128 290
 295 298 303 337 343 346 352 358 634
52 59 69 73 75 77 82 84 91 93 100 315 320 321 325 326 367
 370 374 376 575 587 590 593 598 630
52 58 68 72 74 76 81 87 95 99 102 314 323 327 329 331 363
 368 371 375 576 583 589 596 599 626
52 57 62 65 67 71 83 86 90 92 97 311 312 319 324 334 361
 366 372 379 579 584 586 591 594 627
52 55 56 61 64 78 80 85 89 103 104 310 313 317 322 333 362
 364 365 377 577 580 582 585 595 628
52 60 63 66 70 79 88 94 96 98 101 316 318 328 330 332 360
 369 373 378 578 581 588 592 597 629
0 51 52 53 54 130 131 132 133 134 135 136 137 138 139 140 141
 142 143 144 145 146 147 148 149 625
0 4 11 15 17 25 32 33 34 35 36 158 162 164 165 550 555
 560 565 571 575 581 582 583 584 644
0 2 6 12 16 20 31 46 47 48 49 150 153 157 159 552 554
 561 567 574 579 580 596 597 598 642
0 1 7 9 13 23 30 42 43 44 45 152 156 161 166 551 557
 559 564 566 578 593 594 595 599 641
0 5 10 14 19 21 38 39 40 41 50 151 155 163 167 553 556
 558 562 572 577 589 590 591 592 643
0 3 8 18 22 24 26 27 28 29 37 154 160 168 169 563 568
 569 570 573 576 585 586 587 588 645
51 178 181 185 189 273 274 275 276 277 450 455 460 469 473 501 503
 505 506 518 579 581 585 589 593 648
51 175 179 182 184 272 285 286 287 288 451 458 461 462 465 504 508
 511 520 524 576 584 592 595 598 647
51 170 171 186 188 271 281 282 283 284 453 454 459 463 468 507 509
 512 515 521 575 580 588 591 599 646
51 172 174 180 187 269 270 279 280 289 452 466 467 470 472 500 513
 514 519 523 577 583 587 594 597 650
51 173 176 177 183 265 266 267 268 278 456 457 464 471 474 502 510
 516 517 522 578 582 586 590 596 649
240 249 252 257 259 335 344 352 353 357 400 406 411 415 420 429 432
 437 439 442 584 585 590 597 599 625
242 248 254 258 261 341 343 349 351 356 405 410 414 418 424 425 433
 434 441 446 580 583 586 592 593 625
241 245 251 260 263 337 340 342 348 355 402 404 409 413 417 426 428
 445 447 449 582 588 589 594 598 625
244 247 256 262 264 336 339 346 347 354 401 403 408 412 416 427 430
 436 438 448 581 587 591 595 596 625
243 246 250 253 255 338 345 350 358 359 407 419 421 422 423 431 435
 440 443 444 575 576 577 578 579 625
54 190 195 196 200 208 293 299 303 306 526 529 543 546 549 576 582
 591 593 597 601 606 609 618 620 632
54 194 197 199 201 202 295 300 302 305 528 532 533 539 547 577 581
 586 598 599 603 610 612 616 623 631
54 191 192 198 212 214 290 294 304 308 525 530 534 535 542 578 580
 584 587 589 600 604 613 615 621 635
54 204 205 206 210 213 291 297 301 307 527 531 538 544 548 575 585
 592 594 596 605 607 611 617 624 634
54 193 203 207 209 211 292 296 298 309 536 537 540 541 545 579 583
 588 590 595 602 608 614 619 622 633
4 13 19 20 24 54 55 58 62 66 75 268 275 281 286 289 380
 390 395 397 401 410 417 420 422 638
6 9 14 17 22 54 63 71 73 74 78 265 274 280 284 287 381
 384 396 399 400 408 413 418 421 640
5 11 12 18 23 54 57 61 70 76 77 267 270 276 283 285 382
 389 393 398 403 409 411 423 424 636
2 7 8 15 21 54 59 64 67 72 79 266 273 279 282 288 385
 387 391 394 404 406 414 416 419 639
1 3 10 16 25 54 56 60 65 68 69 269 271 272 277 278 383
 386 388 392 402 405 407 412 415 637
7 10 12 17 24 53 174 177 182 189 315 317 324 328 331 339 351
 353 355 358 525 529 531 545 547 646
6 8 19 23 25 53 178 183 184 188 312 320 322 327 332 337 341
 345 354 357 530 532 537 544 546 650
2 3 11 13 14 53 172 176 179 186 311 313 325 329 330 336 348
 352 356 359 526 528 534 541 548 648
4 9 16 18 21 53 170 173 181 187 310 316 319 321 323 340 343
 344 347 350 533 535 538 540 549 647
1 5 15 20 22 53 171 175 180 185 314 318 326 333 334 335 338
 342 346 349 527 536 539 542 543 649
0 113 120 122 123 126 267 272 275 279 284 360 368 372 377 435 438
 442 446 447 526 530 531 533 536 630
0 110 115 119 121 124 265 270 271 273 286 365 371 373 376 430 433
 439 443 449 529 535 539 541 544 627
0 105 117 125 128 129 276 278 280 281 288 362 363 367 379 428 429
 434 440 448 528 538 542 545 546 629
0 107 109 111 116 127 268 269 274 282 285 364 366 370 378 426 432
 436 441 444 527 534 537 547 549 626
0 106 108 112 114 118 266 277 283 287 289 361 369 374 375 425 427
 431 437 445 525 532 540 543 548 628
54 118 122 124 125 127 153 154 163 166 242 244 250 252 260 315 319
 327 330 333 506 509 514 517 524 644
54 106 110 116 123 128 156 159 160 164 245 254 255 259 264 316 322
 324 326 329 503 511 516 521 523 643
54 107 108 115 117 126 151 157 158 161 248 251 253 256 257 313 320
 323 328 334 501 513 515 520 522 645
54 111 114 120 121 129 152 155 162 168 240 243 247 261 263 311 314
 317 321 332 505 508 510 512 519 642
54 105 109 112 113 119 150 165 167 169 241 246 249 258 262 310 312
 318 325 331 500 502 504 507 518 641
26 30 34 41 48 219 220 221 228 231 267 277 280 282 286 313 319
 326 331 332 604 606 608 616 624 625
28 32 43 49 50 216 223 227 234 235 266 270 272 274 281 312 321
 328 329 333 611 612 618 619 621 625
29 35 39 42 47 224 229 233 236 239 268 271 276 279 287 310 314
 320 324 330 601 605 610 615 622 625
27 33 40 45 46 217 222 226 232 237 265 269 275 283 288 316 317
 325 327 334 600 614 617 620 623 625
31 36 37 38 44 215 218 225 230 238 273 278 284 285 289 311 315
 318 322 323 602 603 607 609 613 625
26 32 38 42 46 53 196 198 202 205 211 367 371 372 378 404 408
 415 422 424 501 504 512 517 523 628
29 36 41 45 49 53 191 195 201 207 210 362 366 373 375 402 410
 411 416 421 508 509 513 516 518 630
28 35 40 44 48 53 190 194 209 213 214 361 364 368 376 400 403
 407 414 417 502 506 511 515 519 629
27 31 34 39 43 53 193 197 204 208 212 363 369 370 377 409 412
 418 419 420 500 505 521 522 524 627
30 33 37 47 50 53 192 199 200 203 206 360 365 374 379 401 405
 406 413 423 503 507 510 514 520 626
1 6 11 21 24 51 240 244 246 251 254 366 371 374 377 482 485
 493 498 499 606 610 613 617 619 629
2 4 10 22 23 51 241 243 248 252 264 360 364 367 375 475 480
 487 495 497 601 602 604 611 623 627
7 14 18 20 25 51 242 245 247 249 253 362 369 372 376 476 486
 489 492 496 605 609 614 616 621 626
3 9 12 15 19 51 255 257 260 261 262 368 370 373 379 477 479
 484 488 494 600 603 618 622 624 628
5 8 13 16 17 51 250 256 258 259 263 361 363 365 378 478 481
 483 490 491 607 608 612 615 620 630
53 81 86 91 98 103 240 253 258 260 264 266 271 275 280 285 290
 296 302 307 552 555 562 566 570 632
53 80 90 93 99 101 244 248 249 255 263 265 272 276 282 289 294
 298 299 301 550 556 559 563 567 631
53 83 89 95 96 100 245 246 252 256 261 274 278 279 283 286 297
 303 305 309 551 554 558 565 573 635
53 84 94 97 102 104 242 243 251 259 262 267 269 273 281 287 291
 295 304 306 557 560 561 568 572 633
53 82 85 87 88 92 241 247 250 254 257 268 270 277 284 288 292
 293 300 308 553 564 569 571 574 634
53 57 60 72 75 78 151 154 159 162 427 432 440 446 449 451 457
 459 466 473 611 613 616 620 622 641
53 62 64 68 70 73 152 157 160 167 435 439 441 445 448 452 454
 458 460 474 604 607 610 614 618 644
53 56 59 66 71 76 150 155 164 166 428 433 437 438 444 453 455
 462 467 471 609 615 619 623 624 645
53 55 65 74 77 79 153 161 165 168 426 430 431 434 442 463 464
 465 469 470 601 603 608 617 621 643
53 58 61 63 67 69 156 158 163 169 425 429 436 443 447 450 456
 461 468 472 600 602 605 606 612 642
25 38 59 101 108 139 160 200 217 243 286 308 333 356 363 384 411
 436 469 493 502 533 552 594 622 646
10 46 66 95 108 147 168 197 224 258 267 292 322 336 366 394 400
 449 450 492 514 542 559 575 618 647
16 42 76 97 108 148 169 191 234 244 280 293 317 348 376 380 406
 435 473 495 521 537 565 592 603 649
1 32 71 91 108 136 154 209 238 245 282 300 310 359 360 398 420
 434 460 478 508 529 572 596 600 650
7 28 65 104 128 134 151 192 231 263 275 293 318 344 375 382 418
 436 462 494 517 541 554 575 610 650
21 37 78 86 109 139 161 214 226 250 267 298 329 351 373 390 415
 448 453 497 505 543 565 598 605 650
18 40 62 85 125 138 164 203 218 258 279 294 328 359 375 381 412
 432 469 484 512 544 557 598 606 649
6 43 59 87 115 134 169 209 228 260 283 294 311 335 378 388 410
 448 457 486 503 531 560 577 601 647
15 44 77 83 128 135 167 202 227 253 269 292 330 340 365 399 410
 437 451 495 505 530 563 596 606 646
4 37 69 103 111 145 157 193 221 246 276 300 327 335 361 396 416
 449 471 494 523 526 557 592 621 646
2 35 74 93 128 133 163 208 215 262 283 308 332 350 372 390 405
 449 458 478 513 547 566 585 619 649
10 36 61 88 120 137 153 193 229 253 274 294 326 347 379 380 404
 433 458 485 502 548 568 599 620 650
5 27 60 80 119 149 161 195 219 242 274 308 324 357 374 391 417
 435 467 494 512 528 555 596 602 647
17 28 61 102 129 136 157 201 225 241 286 290 330 345 370 385 415
 446 467 489 503 540 559 591 617 649
1 27 77 99 110 138 151 213 215 261 287 296 312 358 378 380 416
 429 453 489 514 533 574 582 604 648
22 47 77 85 116 146 155 208 237 244 281 309 323 356 361 385 402
 439 450 479 504 531 555 578 616 650
18 34 78 100 119 142 166 199 230 240 281 292 334 345 368 392 404
 436 452 478 516 525 567 592 601 648
24 30 61 90 111 131 150 190 235 259 279 308 323 342 373 383 408
 434 457 495 524 532 562 575 614 648
24 36 72 85 113 135 166 214 223 243 265 302 320 348 369 393 405
 429 460 488 523 527 554 591 608 647
23 48 68 91 125 131 162 212 216 257 287 298 318 348 372 391 401
 433 450 483 516 549 573 577 617 646
15 47 60 82 109 148 152 211 223 264 286 294 327 355 377 382 400
 431 468 483 513 538 572 586 609 648
12 36 65 87 123 139 163 202 237 246 280 306 321 349 364 391 420
 427 474 476 520 544 559 588 615 648
19 33 63 84 111 138 153 198 225 248 271 293 329 338 377 387 403
 437 474 478 518 545 573 594 616 647
22 41 64 94 122 141 164 212 222 249 285 293 320 351 379 388 422
 449 463 493 519 540 551 596 612 648
11 31 75 102 119 137 152 214 236 255 266 293 319 354 378 381 402
 434 472 492 520 536 558 585 623 646
2 45 56 98 126 138 169 197 238 242 268 297 321 345 379 382 408
 439 466 482 511 543 550 589 608 646
14 31 56 84 115 135 168 200 234 246 288 301 324 342 368 395 424
 432 456 483 509 540 566 581 604 650
7 36 66 92 126 145 154 200 228 255 287 309 325 357 371 386 403
 426 452 480 505 538 562 580 612 649
17 39 66 103 115 133 160 191 238 247 269 298 319 338 374 389 414
 447 464 484 504 546 554 599 611 648
21 49 76 80 126 132 168 209 217 241 271 303 326 341 369 399 401
 440 472 479 517 547 557 584 607 648
20 32 77 98 106 140 163 192 233 241 273 298 317 354 363 383 421
 432 452 485 515 526 551 586 624 647
1 47 64 92 127 133 162 194 218 256 275 306 331 345 373 384 424
 428 472 475 521 548 563 590 621 647
3 45 67 81 120 149 150 198 221 254 281 298 320 344 364 384 409
 431 451 486 514 529 558 581 607 649
20 41 60 97 113 130 156 199 236 257 283 290 321 336 371 396 414
 444 469 487 524 545 563 582 607 650
12 39 72 98 119 146 156 211 226 256 272 300 311 341 362 397 413
 437 470 493 506 549 568 575 604 649
9 40 69 92 129 147 159 198 229 242 282 302 318 354 365 395 411
 445 470 487 522 531 565 576 619 648
23 38 63 99 114 135 159 193 235 250 275 303 310 355 366 392 414
 439 463 496 520 528 560 587 624 649
3 31 74 94 110 145 155 202 231 250 279 290 334 353 362 398 401
 445 468 498 502 537 550 593 611 647
24 46 65 100 106 143 155 213 227 242 285 299 313 337 360 396 419
 448 472 483 518 535 571 599 622 649
8 48 55 81 128 130 155 207 233 252 265 300 328 347 370 386 424
 435 461 492 507 543 560 594 613 648
13 50 67 96 111 132 159 201 232 260 287 292 331 349 367 393 412
 435 464 493 515 535 550 585 609 650
16 37 62 98 127 135 158 210 216 255 283 304 314 337 367 394 418
 442 467 499 502 529 553 595 616 648
19 43 68 88 124 136 165 196 218 263 267 309 324 350 362 396 406
 425 451 482 515 527 552 587 623 648
2 50 75 89 109 136 156 204 230 251 280 299 314 358 361 386 411
 433 463 484 517 530 569 581 614 647
17 30 65 101 116 142 167 207 215 257 266 303 327 359 367 395 409
 438 473 482 519 539 568 580 605 647
8 38 68 90 118 137 164 210 239 246 281 296 313 346 376 382 413
 446 464 487 505 547 564 597 600 647
6 29 68 89 122 144 158 194 220 264 273 292 321 353 369 395 423
 434 453 494 504 534 556 594 620 649
23 33 59 104 107 143 154 197 234 254 278 290 331 340 361 397 421
 430 458 488 512 536 556 597 605 648
25 43 55 82 110 132 167 192 237 251 276 302 319 351 368 394 408
 444 459 490 508 548 573 597 602 649
19 48 59 86 117 142 168 205 238 249 274 304 316 358 365 393 402
 427 468 475 524 526 564 583 610 649
11 45 74 103 123 147 167 213 233 248 286 304 315 346 369 392 406
 428 457 477 512 549 569 579 612 650
17 46 72 83 112 138 152 195 230 254 276 295 333 350 376 388 401
 442 461 475 522 534 562 588 624 650
14 45 70 86 122 143 165 203 216 261 289 300 326 355 371 385 407
 436 459 495 522 546 561 585 615 647
18 49 79 90 123 136 155 192 215 260 277 291 320 338 371 397 400
 441 456 475 500 528 565 595 620 646
23 29 55 96 123 148 151 208 227 247 282 295 325 342 379 381 415
 443 471 499 506 525 552 583 607 647
5 44 64 95 125 145 165 210 220 243 271 299 316 352 370 397 408
 447 473 486 520 525 574 586 619 650
22 32 60 81 112 132 166 204 226 263 279 304 313 343 366 395 403
 443 458 476 503 546 574 590 603 646
25 29 63 83 120 146 157 206 232 262 266 299 315 343 371 398 417
 432 462 497 521 542 564 577 608 648
21 42 62 84 118 146 165 194 222 247 274 290 322 349 360 386 409
 429 457 490 513 541 567 576 624 646
21 34 69 95 121 141 153 190 232 257 289 295 324 356 378 382 421
 428 460 476 507 530 570 595 611 649
8 43 63 85 121 140 150 201 229 245 285 306 334 336 374 390 407
 442 473 477 517 538 556 583 604 646
9 49 62 99 122 140 162 196 239 251 278 308 325 339 364 389 419
 437 468 492 503 539 570 592 608 650
20 27 64 93 124 147 158 203 239 254 280 303 311 347 368 393 415
 426 462 481 518 532 572 578 611 646
12 28 73 97 125 132 158 196 222 245 268 301 332 356 365 392 416
 431 455 497 500 536 562 599 613 647
11 50 56 83 107 140 160 209 224 263 284 307 327 347 373 391 422
 429 465 487 500 525 561 593 616 649
5 47 71 88 107 144 168 191 228 262 289 302 329 344 367 392 419
 446 461 498 506 544 551 582 614 646
9 34 76 96 115 130 154 205 224 259 275 299 312 346 362 385 405
 431 474 485 519 534 553 598 602 646
15 41 71 102 126 131 160 205 234 240 276 305 315 337 364 390 412
 425 470 496 507 541 574 578 620 647
16 34 79 89 110 131 163 207 227 249 268 307 311 355 374 384 403
 446 454 488 501 542 557 576 623 650
13 26 74 92 106 141 151 207 237 240 278 294 310 341 376 387 423
 447 467 497 524 527 561 581 618 646
14 35 67 80 129 148 153 206 235 256 267 296 316 337 375 388 420
 444 452 488 504 539 569 593 613 646
4 49 78 101 113 134 152 204 219 245 269 296 315 352 379 387 424
 430 450 498 515 532 553 576 615 649
1 41 58 104 120 142 159 190 225 252 270 301 325 350 369 394 413
 448 465 484 501 537 555 586 615 646
16 40 78 87 105 143 156 195 223 248 273 309 332 342 370 398 422
 438 464 496 514 548 570 584 610 646
10 28 72 84 105 140 161 204 236 260 289 305 316 346 372 384 423
 439 471 481 508 537 571 580 606 648
18 42 69 94 114 133 150 206 225 264 265 305 313 358 363 391 410
 426 459 482 506 536 553 584 618 650
19 29 57 95 113 133 161 211 230 244 288 307 326 359 364 383 418
 445 455 489 510 535 560 597 612 646
22 44 58 100 129 139 150 193 232 255 277 307 328 341 372 389 406
 430 466 490 509 534 572 582 610 647
3 50 70 100 127 134 164 196 220 241 265 295 323 357 377 380 414
 427 470 491 508 542 566 579 605 646
9 37 79 91 116 137 151 202 233 243 270 297 331 336 377 388 417
 425 455 481 509 546 567 584 614 649
13 35 56 99 117 146 154 191 217 264 270 291 318 351 370 396 404
 442 454 476 510 532 558 579 606 647
4 40 76 82 117 149 160 197 228 261 266 306 330 353 372 383 413
 443 463 491 518 527 567 595 613 650
20 44 71 89 117 137 169 200 224 250 272 295 332 339 375 387 409
 441 459 477 523 535 555 590 617 648
6 38 57 93 112 145 156 214 219 253 268 291 317 344 360 385 412
 428 465 491 509 539 573 583 618 648
2 26 70 87 118 142 158 212 218 259 272 302 317 338 366 399 417
 430 471 489 507 538 558 593 622 650
8 33 57 94 109 147 166 195 236 261 277 301 323 339 367 399 420
 447 454 485 511 541 552 577 621 649
14 26 75 88 112 131 161 199 223 252 271 306 322 340 363 389 416
 441 462 499 519 531 550 579 600 649
7 39 61 91 121 144 159 206 221 244 278 304 312 352 368 399 422
 441 469 491 513 543 571 588 623 647
15 27 58 101 121 143 157 198 235 258 284 291 319 348 362 386 423
 427 455 499 511 547 551 590 601 650
12 30 66 93 107 141 169 205 217 252 273 296 314 343 377 381 407
 445 451 490 516 528 571 591 621 650
3 35 75 90 105 144 166 211 219 247 285 303 328 335 365 394 421
 425 474 480 521 533 561 589 617 650
4 42 79 102 106 144 167 208 231 256 284 301 333 357 366 393 407
 433 466 486 510 545 570 598 600 648
11 26 67 82 114 130 157 190 229 249 269 309 333 339 360 397 418
 440 453 481 516 544 566 589 603 647
10 30 73 80 127 130 165 212 239 240 288 291 329 354 361 398 410
 443 466 477 501 533 554 588 609 649
24 39 73 81 124 148 164 194 216 262 277 297 334 340 378 387 411
 440 465 496 510 526 559 580 602 650
13 31 70 104 124 139 162 210 222 253 282 305 312 343 374 383 400
 438 461 479 523 545 569 589 601 649
7 46 73 96 118 149 162 203 220 248 270 307 310 335 363 390 402
 444 456 498 511 530 568 591 603 648
6 33 55 97 116 149 163 213 231 258 272 305 314 352 373 389 404
 440 460 480 522 540 564 587 609 646
5 32 58 86 114 134 153 201 221 251 288 297 322 353 376 381 405
 438 454 480 500 549 563 578 622 648
25 48 57 103 105 141 152 199 226 259 284 297 330 349 375 380 419
 426 456 479 501 529 556 587 619 647
25 41 72 100 124 133 168 174 202 235 248 268 318 352 361 381 409
 435 453 485 503 538 561 595 600 632
16 30 77 81 129 137 154 175 211 222 251 284 324 352 369 390 414
 436 471 475 518 544 550 577 618 635
1 34 63 90 109 143 160 183 196 233 253 288 321 352 375 393 401
 449 467 490 506 531 558 580 603 633
10 48 62 94 123 132 169 170 198 230 256 270 327 352 374 385 421
 434 462 496 505 527 566 582 622 631
7 27 68 86 113 148 155 188 209 225 259 268 333 343 367 389 421
 449 470 477 520 548 567 581 606 635
21 26 63 104 123 133 166 184 200 216 258 276 311 353 370 380 402
 431 466 487 515 539 571 596 614 635
18 39 58 83 126 141 165 175 213 223 250 282 317 336 367 384 402
 433 474 494 503 532 566 597 613 633
6 45 79 100 114 148 154 187 204 218 257 276 329 349 365 383 422
 447 462 492 502 547 555 591 604 633
15 45 61 84 127 142 151 177 214 224 245 277 311 343 363 396 401
 435 463 480 504 544 570 597 619 631
23 47 65 102 112 149 158 174 190 238 260 265 326 336 362 387 422
 432 454 490 505 533 569 592 619 635
15 48 56 96 124 137 156 176 206 237 241 289 320 353 366 389 418
 448 473 478 512 533 562 576 621 633
10 32 57 89 116 138 157 188 210 228 247 265 318 340 368 390 406
 431 472 493 524 528 570 593 615 633
24 33 79 99 115 142 152 170 210 229 241 280 322 356 372 398 412
 444 451 494 506 543 561 590 612 635
1 29 70 84 112 141 155 176 197 235 255 280 327 339 365 390 404
 446 469 486 515 549 554 584 602 634
22 49 57 84 117 130 163 183 206 218 254 286 310 348 378 394 407
 438 470 494 505 525 550 599 614 632
24 42 70 89 126 149 159 186 199 215 263 288 319 346 370 388 421
 437 450 497 502 544 572 583 621 632
18 32 74 104 117 144 152 179 212 232 246 268 326 337 373 386 414
 437 473 481 514 531 552 591 602 631
4 29 65 93 125 136 150 182 200 226 240 270 322 346 378 399 414
 435 468 488 522 548 551 589 616 633
5 28 69 96 116 139 166 173 197 239 249 284 317 337 371 387 401
 434 451 484 513 548 560 579 604 632
17 26 77 89 124 143 150 171 209 236 243 275 329 357 379 394 412
 445 456 476 513 549 564 592 613 631
2 33 71 95 114 140 167 185 194 219 255 270 320 343 362 380 415
 436 464 483 524 531 557 588 613 632
12 34 56 86 129 133 167 186 210 223 254 287 323 335 360 387 417
 443 469 492 517 537 551 587 620 631
19 35 78 98 110 141 157 187 203 234 243 277 325 346 366 391 409
 434 461 491 517 531 563 599 609 635
22 38 67 103 107 134 165 176 207 236 242 270 332 358 368 383 401
 437 460 499 521 538 559 598 620 635
7 35 58 94 112 136 160 171 210 237 257 274 311 354 377 392 424
 440 471 495 514 535 556 598 608 632
21 47 70 81 110 135 169 179 201 219 248 278 333 354 372 396 420
 426 455 484 519 525 564 575 620 633
14 46 68 85 128 142 169 178 193 236 251 282 315 349 373 397 403
 431 467 491 510 533 551 584 611 632
20 36 76 84 121 131 167 173 196 226 264 282 328 345 361 388 418
 447 465 498 514 528 564 585 622 635
17 43 69 86 118 144 151 170 199 217 255 279 332 348 364 397 424
 439 465 485 518 542 569 596 609 633
2 42 65 85 111 141 154 189 195 216 253 286 316 354 368 389 413
 425 453 498 500 542 560 590 607 631
17 40 75 94 127 140 168 186 208 221 253 272 310 349 371 382 406
 448 455 488 516 532 574 594 602 635
23 40 71 98 113 142 153 180 202 239 263 286 323 351 374 386 416
 440 456 486 521 534 571 585 618 633
9 41 56 93 109 132 153 179 213 218 247 266 334 357 363 397 423
 446 450 495 523 529 560 588 610 635
11 49 66 91 118 138 156 189 193 231 262 288 323 337 365 384 415
 435 459 476 519 527 556 586 601 635
2 41 62 91 129 143 161 181 192 224 246 265 333 353 378 392 403
 447 451 479 521 532 568 583 609 634
24 31 60 86 107 146 163 171 198 220 245 276 325 345 375 399 406
 433 464 481 519 533 560 595 618 634
8 46 75 80 115 145 163 172 190 216 264 284 331 343 379 392 409
 437 469 489 508 527 565 578 610 633
1 46 79 103 113 140 158 173 206 228 250 281 324 341 370 381 411
 427 458 495 519 541 573 589 609 631
3 47 78 95 126 136 163 181 193 222 259 266 318 339 376 393 410
 444 465 499 512 546 571 594 604 631
12 50 64 99 120 130 161 171 208 238 258 277 330 337 376 395 421
 436 457 498 523 538 573 584 623 633
20 40 68 96 114 145 161 183 207 234 262 285 319 356 377 399 404
 429 466 475 503 529 569 575 615 631
13 39 59 97 112 135 153 178 192 220 261 284 328 346 364 398 415
 449 472 482 516 538 555 576 614 631
6 37 60 102 121 147 164 180 191 227 252 288 310 358 372 397 409
 436 474 479 515 548 562 593 608 631
3 43 64 97 117 139 159 185 195 233 240 289 327 340 360 381 403
 433 456 489 504 547 553 575 608 635
19 30 56 102 123 143 162 172 204 229 250 283 328 344 376 399 416
 426 460 493 504 542 567 586 602 632
8 50 69 102 117 138 165 187 202 219 244 275 311 342 369 389 400
 444 458 497 516 529 551 580 622 634
16 27 75 83 114 142 164 179 200 233 260 267 318 341 364 385 408
 443 460 498 513 545 556 599 621 634
23 36 67 100 105 146 160 172 203 231 251 271 317 350 378 395 400
 446 455 477 524 543 553 596 621 631
19 49 64 100 116 144 169 180 190 226 253 287 319 355 363 398 405
 442 471 487 512 541 559 581 613 634
23 26 62 80 109 137 155 187 191 232 245 273 330 335 368 384 405
 427 465 482 522 545 574 575 612 632
25 28 74 98 118 130 150 172 191 230 261 282 324 340 377 393 422
 448 450 480 520 539 557 590 620 634
21 36 60 93 106 134 157 175 212 224 261 281 331 359 365 389 408
 442 456 496 506 537 569 594 623 632
22 35 65 96 126 135 152 177 196 221 258 273 329 347 374 397 411
 428 459 489 524 537 567 577 600 634
18 48 72 88 108 143 163 182 201 239 255 269 312 335 377 395 408
 428 463 497 510 541 555 593 607 635
20 26 72 103 129 132 164 177 197 215 244 274 325 344 373 398 407
 425 454 483 520 530 553 594 601 633
25 42 58 80 125 135 151 180 204 228 254 285 321 339 373 385 400
 445 464 478 507 526 568 579 623 635
21 43 66 83 116 130 162 182 211 225 242 280 320 342 375 392 423
 430 454 491 502 526 574 585 600 631
8 44 73 98 107 131 159 174 204 237 247 267 333 359 371 380 405
 428 468 494 518 540 558 584 601 631
9 31 55 83 105 131 158 184 201 217 244 277 329 358 360 382 414
 449 452 486 512 527 568 590 615 632
14 44 76 101 106 146 162 181 195 221 260 268 334 358 377 394 415
 434 458 487 507 544 554 587 612 633
5 42 59 103 110 136 162 183 214 232 252 272 323 336 379 395 418
 431 452 496 518 547 561 588 606 634
11 30 63 95 124 132 151 178 195 238 264 281 317 335 372 386 419
 441 470 488 502 540 563 598 615 634
12 29 78 82 111 135 164 170 209 231 242 289 312 336 363 386 406
 447 458 475 501 539 558 578 617 632
17 47 59 99 125 141 156 188 198 227 246 267 334 347 369 383 417
 441 466 480 508 541 553 585 603 632
9 33 61 81 113 145 160 182 212 227 256 289 332 349 376 394 402
 432 453 482 517 528 572 579 601 634
15 39 78 90 125 149 168 173 207 225 251 283 331 354 360 380 407
 439 462 476 523 534 552 593 612 634
11 38 60 85 122 131 168 185 192 232 256 280 312 350 370 387 410
 445 471 480 511 529 567 599 605 633
5 31 73 90 106 147 169 177 206 223 257 275 330 350 364 386 404
 430 453 493 508 546 557 583 616 635
16 35 59 88 111 149 167 184 212 230 245 275 313 339 371 381 423
 429 470 479 509 543 559 586 611 633
18 45 68 93 115 140 159 184 211 231 243 274 330 351 361 387 420
 438 472 499 507 542 562 582 603 634
4 46 71 104 127 148 156 175 201 215 249 271 328 356 368 391 423
 445 457 485 505 546 558 587 608 634
16 38 73 104 121 146 161 182 213 228 241 279 327 338 379 393 420
 425 459 492 516 534 563 581 619 632
19 27 61 92 128 140 166 174 191 220 246 266 314 356 360 388 400
 430 459 496 501 549 550 598 607 633
9 28 64 88 119 138 155 175 200 221 264 283 315 348 366 383 420
 440 464 490 501 530 561 583 605 631
1 50 66 87 119 144 153 177 207 222 243 276 313 340 372 385 418
 432 468 477 511 532 565 587 607 632
22 30 62 87 108 133 159 173 214 227 261 271 315 357 362 382 404
 444 461 481 500 526 556 581 617 633
14 34 72 97 123 137 157 189 194 217 263 285 310 357 367 383 410
 430 468 484 514 543 573 578 619 634
13 37 73 95 105 134 155 189 205 229 254 272 319 345 369 391 403
 432 463 495 513 539 552 582 600 633
3 40 61 101 115 148 165 189 192 230 252 287 321 341 366 390 419
 428 454 481 523 536 564 596 616 632
10 37 67 99 106 131 166 186 209 222 262 286 321 338 362 381 424
 426 473 491 522 530 555 597 610 634
4 50 57 81 118 139 168 184 213 229 257 273 325 355 362 388 408
 441 467 478 521 536 554 578 606 631
20 43 74 90 120 138 154 176 214 220 256 269 322 355 367 391 411
 443 455 479 507 540 571 592 610 632
13 32 69 85 119 130 160 181 194 215 248 267 314 355 379 399 419
 427 462 486 509 537 562 597 617 635
15 37 55 87 122 146 150 183 197 219 263 287 316 359 376 392 411
 441 472 485 501 545 566 591 611 635
7 38 76 89 105 147 153 170 208 216 240 269 320 359 373 396 417
 427 461 490 503 536 550 586 604 634
6 39 70 92 111 136 161 172 202 217 249 281 315 347 375 394 405
 443 473 483 511 536 570 582 624 635
8 34 77 92 108 132 152 180 203 225 262 272 316 353 364 396 422
 433 457 499 509 528 554 589 605 632
14 29 58 91 110 149 166 185 205 218 241 269 332 347 361 382 419
 442 457 493 520 545 565 580 618 631
2 28 57 101 120 144 164 178 205 237 250 271 331 342 374 396 410
 429 452 492 522 549 572 595 603 635
12 44 55 94 121 134 154 188 199 239 248 266 326 350 366 384 412
 429 467 483 504 526 565 589 614 634
4 44 67 88 122 147 151 179 211 234 259 265 314 345 374 398 402
 448 469 476 500 547 573 580 624 632
10 45 71 82 128 145 162 171 199 235 244 273 313 341 378 393 417
 442 474 484 500 540 552 576 605 635
3 36 55 91 107 147 152 178 194 235 249 283 324 338 363 385 413
 438 466 497 517 535 574 592 606 633
11 27 79 97 127 145 150 181 205 223 247 278 326 351 375 395 413
 439 461 478 515 530 559 577 622 632
6 32 66 80 120 139 167 174 203 236 259 278 334 348 370 382 416
 425 463 475 506 535 566 576 616 634
13 48 77 101 109 133 158 185 193 234 242 279 322 344 371 388 413
 440 474 477 508 525 570 591 623 634
7 49 74 82 119 139 158 186 198 224 252 285 316 342 361 380 412
 446 460 482 510 546 563 577 624 633
24 41 63 82 108 137 165 188 208 226 260 278 314 344 365 391 424
 438 452 489 511 534 557 579 611 631
5 33 75 87 128 148 157 176 196 238 240 279 312 351 369 384 407
 426 450 487 509 535 568 595 624 631
25 31 76 92 122 134 156 187 190 233 258 274 313 338 367 390 416
 439 451 488 510 525 572 588 617 631
24 50 71 80 123 141 158 183 211 221 261 269 290 318 350 363 403
 439 473 492 509 548 564 598 601 639
5 34 55 101 127 138 159 172 209 226 246 273 290 320 339 372 402
 425 462 495 510 538 569 599 618 640
25 46 70 93 121 137 166 181 207 238 256 287 290 329 342 364 406
 440 463 494 500 531 553 586 606 638
7 48 78 97 120 140 165 179 197 227 264 276 303 323 338 378 405
 445 467 493 509 544 569 590 600 638
13 46 57 87 129 131 165 180 200 231 245 266 304 320 347 377 421
 439 453 484 506 547 563 592 602 637
6 34 58 82 118 140 155 177 195 234 256 271 304 318 359 379 414
 426 451 497 523 533 559 585 614 636
20 42 63 91 119 134 168 172 210 227 259 277 309 327 351 364 423
 428 458 484 522 533 550 591 613 639
19 37 77 94 115 149 156 177 194 232 240 282 303 333 348 375 408
 446 458 492 500 538 571 579 615 637
18 44 56 92 113 149 157 178 208 222 252 280 304 329 355 378 401
 425 464 485 508 539 556 575 622 639
3 34 66 102 122 135 161 188 206 215 245 270 294 317 349 361 408
 440 461 487 518 549 552 590 610 639
10 42 74 96 113 143 164 185 190 217 251 266 298 311 345 365 420
 441 461 494 509 538 574 587 616 636
4 30 64 91 105 135 163 176 191 225 263 274 295 334 341 371 412
 431 453 492 511 531 569 597 622 636
11 29 64 81 115 143 153 173 199 237 245 272 308 318 358 367 400
 425 466 491 505 537 557 591 624 638
22 45 66 104 109 131 157 170 202 220 260 272 303 324 354 376 419
 429 469 478 510 548 553 583 613 636
12 45 58 92 105 137 168 183 212 215 264 279 299 333 340 374 415
 444 460 491 515 541 560 592 616 640
2 37 61 100 117 132 162 188 207 223 258 269 293 324 346 371 420
 445 465 486 506 533 556 578 624 640
20 29 67 94 108 142 162 189 213 219 246 284 294 329 340 370 405
 439 470 490 517 546 562 595 623 636
22 33 56 82 125 144 161 189 201 233 259 282 296 311 350 371 409
 427 472 496 502 530 554 592 618 638
8 35 76 103 124 142 161 175 198 231 255 278 295 321 355 360 410
 432 450 493 500 548 574 591 614 640
21 45 55 99 119 136 164 174 206 234 253 284 306 332 335 367 403
 445 450 481 524 534 554 586 622 637
14 28 55 90 126 133 156 180 212 229 243 278 292 327 343 378 406
 427 454 498 518 529 555 598 624 636
6 41 61 95 110 146 152 186 200 239 242 275 298 328 340 367 407
 427 471 478 500 527 569 584 603 639
7 41 57 88 106 135 150 187 194 238 251 272 296 327 356 370 401
 443 474 481 512 542 565 585 601 640
18 31 59 89 129 130 151 174 196 219 262 271 298 327 349 366 413
 442 460 495 511 548 571 578 612 638
23 28 75 81 108 141 167 181 206 220 242 288 309 311 338 373 412
 442 468 485 523 547 567 582 615 640
15 28 62 100 107 145 153 184 195 215 259 280 298 310 336 369 424
 443 459 493 510 531 564 589 623 637
23 32 72 101 122 145 169 186 213 225 240 277 306 324 347 365 418
 444 464 479 513 542 558 598 614 638
4 41 70 80 116 140 154 178 198 223 262 279 292 311 358 376 418
 428 456 490 520 543 552 599 617 637
21 33 65 103 122 137 159 171 205 230 262 268 309 328 348 363 400
 443 467 486 508 532 563 593 604 636
19 31 79 87 120 132 160 175 199 216 242 265 296 310 339 361 415
 428 473 480 513 534 551 575 606 636
13 33 60 83 118 136 169 173 208 235 243 285 298 326 353 368 416
 428 470 492 501 544 553 580 610 640
17 31 64 98 111 148 166 183 213 224 251 270 309 326 344 372 410
 427 469 497 507 528 556 576 600 637
3 41 76 86 128 138 158 182 204 232 243 284 309 310 354 374 404
 441 457 483 506 539 559 597 621 638
19 44 65 91 109 130 164 186 201 228 256 276 308 317 343 369 404
 439 456 499 514 536 561 576 611 640
24 49 56 87 121 145 151 185 203 230 249 267 305 330 354 367 414
 431 458 490 521 549 555 594 600 640
14 32 79 82 124 141 159 182 191 219 258 283 299 323 345 364 401
 429 471 477 505 536 568 594 610 637
20 39 69 80 128 143 152 184 205 222 260 270 306 323 359 366 406
 446 453 480 502 525 573 581 608 640
1 38 75 86 116 132 150 189 212 234 248 283 295 330 347 362 400
 447 452 494 510 544 571 576 608 639
4 48 73 87 114 138 166 171 192 217 253 278 299 324 336 373 409
 446 470 499 504 537 572 585 612 639
10 29 79 85 107 139 156 179 196 225 261 275 304 319 335 376 409
 440 452 483 507 532 550 596 619 640
23 50 78 84 128 147 150 175 210 217 256 268 294 319 353 371 419
 425 460 489 519 526 555 588 603 637
17 44 68 104 119 132 163 187 205 235 261 288 294 320 336 360 411
 426 471 498 521 543 570 579 616 638
13 27 78 94 107 137 167 182 190 218 244 271 300 321 337 372 411
 431 456 480 503 542 554 583 624 639
16 32 67 102 125 133 155 178 199 224 253 289 303 325 351 377 411
 430 457 494 511 527 564 588 604 640
9 29 72 90 117 134 167 171 193 216 252 267 290 317 356 374 422
 426 472 478 511 544 574 581 609 637
20 35 61 83 122 139 155 170 204 238 248 288 302 331 357 378 413
 431 473 499 516 541 557 587 618 637
16 50 63 86 106 145 152 174 197 218 252 282 308 320 346 368 410
 440 455 476 504 541 568 582 617 636
11 39 68 84 106 139 154 180 201 230 258 265 303 332 344 379 417
 444 468 495 501 531 574 595 621 639
17 38 62 95 128 149 154 179 206 226 249 277 302 321 342 377 416
 433 472 477 515 537 561 578 601 636
5 48 74 89 121 135 160 189 211 218 260 281 293 325 343 360 416
 444 466 485 522 532 559 584 605 637
21 46 77 97 111 144 160 176 204 239 252 277 294 318 345 362 417
 438 459 488 520 529 566 583 612 640
9 35 57 82 127 143 169 174 207 232 263 281 305 322 338 369 415
 433 469 498 520 526 562 596 604 639
15 50 73 88 110 133 154 170 190 236 246 285 304 317 341 375 415
 438 450 486 522 528 567 594 608 638
22 40 59 95 106 137 158 172 199 225 247 276 291 312 355 373 420
 435 451 498 517 549 566 580 608 637
8 42 71 99 105 139 157 177 192 218 242 283 292 326 352 377 402
 443 465 488 519 549 562 581 611 638
12 27 63 81 126 144 162 187 192 236 249 286 295 322 359 361 404
 448 464 495 509 527 553 593 619 637
14 43 77 104 105 145 164 173 198 238 257 286 307 314 339 366 405
 435 472 497 506 532 567 588 620 639
5 30 79 92 112 146 164 184 193 224 248 269 305 321 348 368 421
 448 468 489 517 529 552 585 613 638
11 42 73 92 109 142 163 188 197 221 243 289 296 328 342 362 414
 442 462 479 503 535 573 596 620 637
19 36 74 83 125 148 159 181 197 236 241 272 291 313 335 374 424
 436 453 490 519 529 570 578 614 639
9 47 75 98 121 139 165 178 209 215 254 269 301 313 353 375 404
 435 471 496 524 542 573 591 612 636
23 49 60 89 111 133 165 177 205 233 255 284 302 334 356 376 420
 448 462 491 514 540 568 589 606 639
24 43 76 91 112 133 157 179 207 239 250 273 301 316 349 379 400
 436 470 480 512 530 558 582 616 637
11 47 62 89 120 134 166 182 202 234 257 282 291 316 341 363 407
 449 464 489 518 543 562 587 602 640
16 28 58 85 115 147 162 176 202 226 262 276 296 326 357 360 421
 441 463 482 524 525 558 594 609 639
25 27 73 85 117 136 153 186 211 227 255 273 305 331 344 366 401
 447 457 487 519 543 566 592 615 636
18 36 71 101 118 132 161 176 190 227 254 275 297 314 354 370 406
 449 468 491 504 545 561 577 604 637
12 40 67 84 116 136 152 185 191 216 250 278 307 313 357 369 408
 449 462 485 507 533 563 583 601 638
8 47 66 97 114 143 151 186 212 226 241 274 307 315 350 368 411
 434 474 486 523 539 550 595 606 637
9 39 60 95 123 142 150 176 203 228 253 273 293 333 337 361 424
 429 454 497 508 547 550 587 617 638
24 32 59 83 127 147 161 187 193 237 264 287 293 332 352 362 407
 446 456 484 507 539 567 589 607 636
22 46 76 98 120 136 151 184 194 223 246 289 308 319 352 365 412
 426 454 477 516 545 560 593 605 639
3 48 71 93 111 146 151 173 210 236 258 288 306 333 355 369 422
 430 452 482 503 530 565 599 602 636
13 40 72 80 110 144 150 188 196 224 257 280 297 315 338 360 402
 436 458 499 505 540 560 586 621 636
1 31 72 93 114 149 165 170 191 237 259 286 292 328 337 379 403
 441 455 487 517 526 570 577 605 640
3 30 59 96 119 140 157 180 213 216 244 268 302 322 350 375 424
 447 463 476 505 545 572 584 620 640
2 38 58 88 123 130 152 173 209 220 244 287 305 334 351 365 409
 432 467 488 518 546 570 575 621 637
8 39 56 88 116 134 158 181 214 235 240 286 299 325 349 372 421
 445 459 475 514 545 557 596 603 636
17 37 70 90 108 130 153 185 204 231 264 268 306 325 341 368 402
 429 451 496 512 535 551 577 619 639
6 26 69 90 107 135 162 175 208 230 241 266 297 316 351 362 403
 435 469 477 514 541 572 599 615 638
25 45 62 96 112 144 163 175 209 229 240 267 293 323 358 370 413
 430 455 483 523 528 563 580 611 639
14 49 65 98 114 147 160 188 214 222 244 279 295 331 335 370 423
 433 451 478 501 538 564 582 602 638
2 44 69 99 112 148 168 182 203 233 245 281 290 319 357 373 418
 438 474 493 501 527 571 577 620 636
7 34 75 103 125 146 169 185 202 229 261 265 308 329 337 366 423
 438 465 475 515 540 572 597 607 637
12 33 69 101 124 131 155 179 214 228 251 274 292 310 346 375 422
 442 466 489 521 546 566 586 607 639
18 38 66 84 110 148 158 171 195 229 263 266 300 331 352 364 405
 448 466 479 524 530 551 579 617 640
1 37 57 85 126 148 167 172 198 239 260 274 299 332 353 363 414
 430 461 476 516 540 561 575 623 638
10 35 77 102 118 134 159 183 200 223 249 280 300 334 343 373 419
 447 455 482 512 534 573 595 607 638
5 26 65 81 117 140 156 170 203 235 247 287 301 315 345 377 410
 449 460 479 502 534 565 597 623 639
15 49 68 97 129 141 166 172 208 228 248 275 300 322 358 374 408
 432 465 481 502 535 558 588 605 636
4 26 68 94 126 146 153 174 214 233 254 283 307 312 342 365 419
 436 473 484 508 528 559 590 609 640
21 27 74 100 108 131 156 178 210 221 263 270 302 330 339 379 407
 432 474 475 504 536 560 580 609 638
2 36 63 103 127 149 155 180 211 217 257 267 301 312 340 376 412
 434 459 481 503 525 551 576 610 638
15 43 70 99 113 147 163 189 200 232 247 271 297 313 344 361 422
 434 467 475 516 537 568 598 613 640
6 30 67 104 113 138 168 181 196 237 255 285 300 330 346 363 417
 433 454 496 513 525 565 590 611 637
7 26 60 100 115 138 167 183 201 222 250 289 291 314 347 364 413
 434 450 488 521 526 552 584 619 636
16 43 61 96 109 141 168 171 194 231 254 265 291 315 359 372 416
 437 452 487 520 546 555 589 622 638
1 36 78 102 124 130 169 184 192 221 247 279 307 316 356 367 417
 437 463 483 522 547 556 579 618 636
10 47 55 93 129 142 160 187 195 220 250 285 297 312 348 371 418
 437 457 476 515 536 557 581 600 639
25 40 64 86 123 131 154 177 193 219 241 281 301 314 336 378 423
 437 461 482 513 535 554 593 603 640
25 50 79 104 129 149 169 189 214 239 264 289 309 334 359 399 424
 449 474 499 524 549 574 599 624 630
1 35 73 89 123 145 168 178 201 226 242 266 294 323 348 389 422
 436 451 481 507 545 553 597 624 627
16 45 57 80 124 134 160 185 208 225 246 287 302 328 336 397 404
 434 468 497 519 530 571 590 624 626
10 31 58 103 109 144 154 181 203 227 263 283 306 320 356 387 408
 435 470 489 516 539 564 584 624 629
21 28 71 87 124 149 152 188 193 233 256 285 291 325 358 395 405
 447 469 495 516 542 550 597 616 628
7 37 56 101 114 141 163 184 196 236 256 281 302 326 340 398 400
 435 457 484 518 534 574 583 617 627
18 50 55 98 112 137 162 185 198 228 259 288 303 315 356 396 407
 447 453 488 513 537 559 596 610 627
6 44 72 86 127 141 160 173 192 229 262 270 303 313 342 386 420
 431 450 489 512 545 550 592 623 630
2 34 73 94 113 139 151 175 191 235 260 276 309 322 347 395 407
 437 472 491 512 529 564 586 617 626
15 46 69 81 123 134 161 186 191 218 243 268 303 312 339 398 413
 433 452 490 524 540 556 585 616 629
24 35 64 84 114 132 156 181 202 228 252 284 298 312 359 382 402
 430 467 477 522 542 552 592 620 626
1 28 76 83 111 137 163 186 203 219 257 265 304 322 351 397 419
 445 466 496 504 538 552 581 601 630
15 42 57 98 115 132 155 182 193 220 249 278 306 329 350 381 417
 436 460 487 514 532 569 580 617 630
22 31 61 99 118 143 167 178 211 228 240 268 295 316 336 391 405
 440 462 484 515 529 565 594 621 630
18 33 73 86 120 135 156 172 207 224 244 286 306 318 357 388 419
 434 471 490 515 547 574 589 611 628
23 31 69 88 126 140 164 189 207 226 261 280 291 333 352 394 417
 431 457 478 504 535 563 591 610 626
24 44 57 102 110 140 153 176 212 217 258 282 309 321 335 392 413
 435 462 475 513 546 553 581 605 628
5 29 56 97 118 131 152 187 198 215 253 265 309 331 341 394 420
 436 463 477 503 526 571 598 611 629
17 29 76 88 109 145 159 180 192 222 248 281 297 311 337 391 407
 430 460 492 524 533 566 590 606 628
4 27 56 95 112 130 159 177 202 216 251 285 294 332 338 384 406
 434 452 479 506 541 564 591 605 630
10 34 70 91 117 148 150 184 214 237 242 284 303 314 350 397 416
 432 464 498 503 541 563 594 612 628
12 32 68 100 109 149 151 176 200 229 244 284 290 316 338 394 410
 428 461 496 519 532 557 585 608 627
19 32 73 99 126 137 150 173 195 231 252 269 302 311 349 385 423
 449 469 483 521 525 569 595 605 629
22 39 79 93 105 138 162 186 190 234 245 267 302 327 353 386 410
 436 467 485 520 535 564 579 607 628
14 47 69 83 113 132 154 183 210 231 240 273 308 328 338 380 409
 448 463 481 511 549 559 583 623 628
7 33 62 93 110 130 168 180 193 223 260 284 295 313 345 383 411
 425 473 497 504 549 558 596 615 629
21 48 61 82 112 147 154 172 196 215 243 272 307 334 337 381 410
 439 464 494 521 545 551 581 615 626
2 43 60 84 125 137 160 174 213 221 249 275 292 323 341 398 421
 426 461 499 510 539 565 591 615 628
17 41 55 92 114 139 169 176 211 216 245 271 291 323 346 393 419
 432 458 494 514 530 567 593 623 629
17 45 60 87 117 135 155 181 190 239 262 282 307 322 352 380 423
 425 452 493 517 536 573 598 621 627
11 48 58 90 116 148 161 174 200 222 261 273 302 310 345 396 412
 437 458 486 517 542 553 588 611 630
13 41 79 81 125 147 157 183 209 230 255 274 306 317 342 382 405
 437 459 498 504 533 571 587 605 627
12 38 79 83 117 143 166 180 194 221 259 271 294 325 354 390 418
 435 450 482 508 540 569 582 611 626
2 39 55 102 108 145 166 170 196 232 254 274 296 318 355 383 423
 448 456 477 519 544 563 584 616 630
9 38 65 94 124 144 157 172 197 223 245 288 298 314 341 380 403
 444 457 475 507 525 555 585 606 630
8 49 58 96 127 146 167 179 199 238 243 280 294 324 344 383 403
 449 453 496 522 536 571 593 617 628
3 46 63 92 125 130 167 170 214 234 263 273 297 326 358 389 420
 446 471 493 513 532 555 595 601 626
24 48 69 104 122 136 167 180 195 224 247 283 296 329 341 384 404
 432 455 491 520 538 550 578 603 627
19 42 60 90 129 145 158 179 209 237 258 270 295 315 340 384 419
 438 463 485 516 543 554 585 604 626
3 42 72 82 116 131 153 175 203 238 246 275 291 332 343 399 411
 448 467 492 515 525 556 582 612 627
20 50 65 82 115 146 166 178 212 225 255 267 297 310 352 384 416
 445 461 495 512 547 570 583 620 629
23 39 74 85 127 132 157 171 200 219 259 289 307 321 358 388 404
 438 451 492 518 541 565 586 600 629
1 48 67 95 115 139 164 187 208 223 263 268 290 315 354 399 423
 442 459 480 518 528 568 592 614 628
8 41 65 89 119 148 162 173 193 217 254 289 304 330 338 398 408
 429 455 480 515 531 566 598 618 626
20 33 70 85 105 133 151 187 209 221 252 266 291 324 337 392 408
 433 468 493 505 534 559 576 603 630
6 28 56 91 106 142 165 171 211 232 248 279 306 319 339 380 411
 449 461 488 505 528 553 578 607 626
16 29 66 99 128 132 165 172 214 221 257 285 305 333 345 387 413
 427 456 485 512 531 572 593 614 627
19 46 67 101 119 135 154 171 212 233 247 280 305 323 353 382 407
 441 465 497 503 548 557 582 619 630
23 34 64 87 106 136 168 179 198 236 244 269 297 328 343 390 413
 429 459 494 502 539 562 579 609 630
8 45 78 83 106 133 153 189 196 228 249 270 290 314 348 395 412
 441 471 479 520 533 572 575 602 629
25 37 71 84 119 143 159 179 208 220 257 279 296 317 347 389 410
 431 454 475 517 527 559 589 612 629
11 44 78 93 108 144 155 183 198 216 241 275 305 324 349 388 416
 443 454 484 524 538 568 597 608 626
5 45 72 94 111 130 158 178 200 227 241 278 296 319 359 390 400
 433 465 476 521 531 567 587 610 628
21 35 68 92 107 138 150 185 199 227 260 286 301 317 352 398 418
 427 463 492 523 546 568 578 602 630
17 49 67 85 110 137 161 184 197 220 240 283 301 318 343 386 422
 428 474 495 506 526 572 587 622 626
12 26 71 96 110 147 165 181 204 225 253 281 308 327 348 388 414
 432 472 480 510 543 556 595 610 630
23 27 66 82 129 134 163 173 194 230 253 279 301 329 346 396 402
 441 473 493 507 529 561 584 608 628
18 47 67 91 124 145 167 177 204 217 261 272 293 322 342 390 421
 427 467 487 501 534 560 599 608 629
20 37 59 92 123 144 165 182 195 235 251 265 307 330 343 382 412
 440 450 478 519 537 558 599 604 628
25 30 75 97 126 147 155 171 201 218 246 270 298 316 355 387 418
 429 458 491 506 534 570 596 601 628
21 44 75 85 120 143 158 177 191 231 249 287 297 327 346 383 424
 444 470 478 503 528 552 588 618 627
9 46 58 84 107 133 164 188 192 219 240 272 309 330 355 393 416
 434 473 476 502 543 569 577 607 627
22 34 68 80 111 147 156 182 192 238 250 266 305 325 340 380 424
 442 455 486 513 544 561 591 622 629
14 30 57 100 121 136 158 170 197 233 262 275 294 333 351 391 402
 437 464 480 523 537 574 576 607 629
16 36 64 90 112 140 151 188 205 232 242 286 300 329 353 399 409
 444 450 484 510 536 566 587 601 629
4 31 63 100 128 141 161 185 209 239 247 272 304 331 348 385 411
 444 454 482 514 544 562 586 620 628
14 33 64 96 108 134 150 174 211 215 250 276 304 321 354 386 417
 446 465 479 516 527 570 599 606 627
15 38 74 91 111 140 169 187 199 222 254 267 299 328 357 395 402
 440 454 489 506 548 554 595 615 627
9 32 70 97 128 146 168 177 190 230 250 286 296 320 335 391 412
 447 466 499 518 548 556 580 623 626
11 40 65 99 121 133 169 175 204 220 259 274 300 320 340 394 401
 446 452 497 509 545 552 578 609 628
5 49 63 102 105 142 154 182 194 237 261 268 298 313 347 388 406
 445 469 499 523 530 566 575 609 627
9 26 59 102 120 148 163 185 210 226 248 285 292 324 359 386 401
 439 459 491 500 532 554 582 621 629
10 27 59 98 122 133 152 176 201 231 257 281 299 310 342 399 403
 425 465 490 523 544 565 579 613 626
16 41 74 101 107 136 166 177 203 229 264 288 295 312 349 389 417
 439 472 486 505 526 573 575 613 628
1 40 55 100 118 135 157 182 205 236 264 267 308 311 344 387 421
 433 473 479 500 546 550 588 612 626
13 29 71 103 121 138 163 174 212 223 251 277 303 316 357 385 424
 448 451 487 502 536 567 575 603 626
19 26 76 93 127 139 152 189 206 227 251 279 300 318 336 392 421
 429 464 486 511 540 555 580 620 627
18 30 60 103 128 139 153 188 194 234 241 287 299 311 339 394 422
 439 455 498 522 527 558 583 600 630
22 43 75 101 123 149 153 187 210 224 262 278 300 317 345 393 414
 445 453 483 501 541 562 584 606 626
3 38 77 87 113 141 162 174 201 224 264 274 301 319 337 397 406
 443 462 478 522 543 557 580 614 629
20 30 78 88 118 148 160 186 202 232 258 278 301 320 358 385 403
 442 472 494 508 549 560 589 619 627
13 36 68 98 116 143 168 170 206 219 252 276 293 334 339 384 414
 443 457 489 500 530 572 598 619 628
4 39 77 96 120 131 169 188 195 218 255 288 290 313 351 392 400
 427 460 481 517 539 561 594 619 626
8 36 70 95 129 144 156 171 213 234 260 269 308 310 351 381 401
 431 462 482 501 526 567 590 616 627
7 50 77 90 122 142 157 181 191 226 254 271 305 332 336 381 420
 428 466 483 502 527 560 576 602 628
15 26 66 86 105 136 159 178 213 239 256 265 293 321 356 383 409
 442 458 498 509 525 557 577 602 626
6 40 77 103 126 130 166 179 210 235 245 289 293 331 350 391 415
 441 468 490 510 542 568 581 622 627
14 37 66 89 125 140 152 175 190 237 248 277 290 312 344 393 404
 443 470 482 521 547 560 596 622 630
2 27 76 104 116 135 165 183 199 229 256 277 298 315 335 381 422
 446 468 476 508 535 562 594 618 629
4 43 72 89 107 142 155 172 206 222 258 287 308 326 354 382 415
 447 474 496 509 529 563 579 603 629
12 42 75 95 122 138 160 184 207 235 241 282 304 334 344 396 405
 430 456 481 505 548 555 577 609 629
11 28 59 80 113 146 159 170 207 218 253 277 295 314 353 390 408
 426 474 483 514 546 551 592 600 627
10 43 78 81 114 146 158 180 205 215 246 282 293 330 357 389 401
 428 469 488 511 535 561 586 614 630
3 32 62 88 121 142 156 183 208 217 242 276 307 331 346 387 400
 426 453 495 520 540 554 577 613 630
7 47 63 80 117 131 164 176 213 230 243 283 300 319 349 395 415
 430 451 485 500 537 570 589 618 630
6 35 62 81 119 131 151 189 197 225 250 269 299 326 356 393 406
 438 456 487 508 538 551 588 621 628
24 40 74 97 109 134 162 184 206 238 255 271 292 333 347 385 409
 425 471 476 501 528 551 597 604 630
13 49 61 86 108 149 164 175 202 236 247 273 299 327 350 392 418
 426 466 488 507 531 573 590 604 629
5 36 62 104 115 141 150 186 204 233 244 266 292 332 355 396 415
 440 470 475 511 533 573 593 600 626
25 47 61 94 106 138 161 173 205 216 263 280 292 325 335 397 414
 438 460 477 509 547 558 576 613 627
24 38 78 96 129 138 178 191 233 257 272 306 326 343 361 394 423
 426 468 486 500 541 566 596 623 644
25 49 77 95 107 148 170 212 221 250 265 306 311 346 360 395 404
 425 467 484 511 545 562 585 610 641
5 35 66 100 113 137 179 192 216 254 282 306 327 358 362 399 412
 439 457 497 501 540 570 594 603 642
7 31 71 81 116 133 172 195 232 241 267 294 321 346 365 397 407
 429 463 499 501 532 573 592 622 644
13 47 76 100 123 140 171 214 225 249 288 296 332 340 366 386 408
 425 469 494 522 529 568 577 611 644
20 45 73 102 116 141 179 193 230 263 271 308 312 353 360 394 424
 427 464 488 506 538 565 577 606 645
6 36 75 96 117 133 182 198 222 263 277 296 333 336 368 398 419
 439 467 495 507 549 557 586 605 643
18 43 65 95 127 131 183 191 236 248 284 296 325 353 365 385 417
 440 458 493 523 543 572 581 624 642
22 42 55 86 124 140 181 200 230 257 269 294 331 337 369 398 416
 446 474 491 511 528 558 575 619 642
10 44 63 97 115 136 175 207 219 254 279 302 325 337 363 382 422
 427 453 479 510 549 567 585 621 644
3 33 58 89 106 132 184 191 239 253 267 300 315 342 378 391 418
 439 469 475 519 538 567 591 619 641
19 28 70 103 114 131 182 208 224 254 273 294 334 352 367 386 413
 444 472 476 509 533 565 596 608 641
11 37 72 96 128 136 187 212 228 242 271 301 334 355 364 380 421
 438 469 490 504 532 564 590 618 642
4 45 59 90 121 132 186 194 236 250 280 309 318 337 377 389 405
 432 461 489 501 525 568 596 618 643
12 43 62 103 106 148 178 190 219 243 288 305 318 347 371 399 402
 446 463 478 514 534 550 590 605 645
23 37 58 97 124 138 170 211 224 249 266 308 313 349 370 399 407
 428 452 498 508 531 554 581 620 643
22 36 69 97 110 142 174 209 216 256 288 299 330 344 377 390 423
 441 464 492 512 532 552 589 624 641
20 28 79 95 109 135 174 198 217 240 287 300 313 350 379 389 402
 438 457 491 521 544 556 593 602 644
2 29 77 86 119 147 184 190 228 263 278 291 328 349 377 384 401
 444 473 496 523 540 553 599 600 644
21 30 58 98 117 145 189 208 236 245 265 292 312 338 364 388 411
 446 462 483 512 548 561 587 603 644
8 32 61 93 123 135 185 197 222 257 271 309 319 358 375 384 417
 448 470 498 510 534 561 592 609 641
18 46 64 102 109 146 189 209 235 257 278 302 332 346 374 380 418
 443 451 480 509 526 550 594 615 643
17 48 79 84 126 134 178 203 232 244 285 308 314 340 362 392 420
 443 453 487 523 548 558 586 618 641
15 29 75 104 106 130 188 203 217 250 274 302 323 352 372 388 403
 428 464 482 500 529 559 592 604 642
7 40 70 102 107 132 173 211 233 246 277 299 322 348 379 384 410
 442 453 478 524 539 555 587 611 642
21 32 56 94 105 148 180 207 220 255 275 308 315 336 361 393 413
 441 451 489 522 544 573 599 601 642
6 50 76 94 125 143 176 193 215 247 286 302 324 343 364 387 402
 442 452 481 501 543 563 575 600 641
14 27 62 102 111 139 171 207 228 264 272 297 320 350 365 398 414
 428 450 485 517 525 571 597 603 641
4 38 61 97 119 133 183 203 237 260 282 297 329 339 369 386 421
 442 451 483 519 542 574 593 610 645
19 47 72 104 118 147 185 207 221 245 284 299 321 351 378 389 412
 443 452 495 502 528 566 584 617 645
13 34 65 84 120 145 187 211 239 241 283 302 333 358 373 381 406
 441 450 496 511 546 556 596 613 645
23 35 79 86 121 130 176 195 222 246 272 292 315 344 363 380 408
 445 472 484 503 527 572 580 616 645
16 33 72 91 126 139 183 190 220 247 281 294 330 358 366 396 424
 445 462 477 500 539 551 585 602 643
4 47 74 86 115 137 180 196 235 242 277 305 317 359 370 394 403
 429 462 493 516 530 556 588 607 641
24 47 68 101 105 130 175 197 232 253 270 304 311 357 364 381 416
 447 459 478 517 540 565 593 624 643
1 39 62 101 117 147 174 199 231 241 285 309 329 343 376 391 408
 431 471 488 509 530 560 585 620 642
17 42 56 100 120 147 173 212 219 260 273 300 312 356 375 390 403
 440 468 499 520 527 563 597 614 643
23 41 73 83 115 144 185 214 215 258 281 300 316 339 377 383 406
 426 467 476 517 548 550 576 622 642
14 36 59 81 109 138 177 208 239 259 270 305 319 341 360 392 422
 445 473 494 515 542 563 595 617 642
19 45 69 89 108 146 176 192 223 259 285 301 331 347 372 381 414
 440 467 498 505 539 574 588 601 644
16 39 71 100 122 130 189 198 237 243 266 301 322 335 373 382 401
 426 458 489 515 528 569 583 606 641
3 39 57 104 114 137 177 209 227 248 280 308 316 345 371 395 416
 442 450 490 507 527 551 598 609 644
20 38 56 81 127 136 188 190 231 261 276 292 316 348 374 381 419
 430 474 497 513 531 568 584 612 641
10 26 64 83 121 149 172 192 234 255 268 296 323 349 369 396 411
 438 468 478 506 546 560 598 617 641
13 28 63 93 122 148 177 199 228 246 269 307 323 354 362 394 409
 433 460 475 512 543 574 584 622 643
9 27 67 89 118 141 180 214 238 241 276 306 328 352 371 392 410
 438 458 483 510 537 552 575 616 643
20 34 57 99 107 149 181 201 216 243 279 293 315 341 365 386 400
 448 471 482 504 548 566 588 600 643
11 41 69 98 105 149 171 196 227 250 287 294 322 343 368 385 420
 430 473 475 510 547 554 594 614 645
9 36 77 80 114 136 189 199 220 258 268 304 327 342 372 387 407
 448 461 493 521 541 558 597 611 645
15 40 63 89 112 139 181 212 231 244 270 296 324 345 367 397 405
 426 457 492 508 526 561 599 607 645
5 46 78 91 122 132 174 208 229 255 286 291 311 340 375 383 414
 429 474 482 507 537 564 581 621 645
21 31 57 96 125 142 186 192 235 264 269 300 314 357 376 384 422
 425 458 477 518 531 559 582 608 645
17 50 58 93 113 131 172 194 233 242 278 293 316 335 366 398 404
 431 459 479 505 544 552 595 604 645
19 34 71 85 112 134 170 213 222 264 278 298 330 342 371 394 411
 435 466 481 520 547 568 593 621 642
12 37 74 80 112 142 173 201 234 247 275 309 320 352 378 383 419
 433 459 487 511 542 572 594 606 644
14 42 61 87 107 130 187 213 226 255 281 303 318 353 374 387 412
 449 455 475 508 530 552 586 608 644
9 48 66 85 106 149 183 204 235 246 271 295 311 351 367 398 406
 436 465 489 513 536 563 589 620 644
5 43 67 93 126 143 188 202 230 264 277 304 310 356 373 380 413
 432 471 492 519 545 554 576 617 644
22 50 72 92 121 148 179 205 231 253 283 298 322 339 370 392 417
 434 456 482 518 533 557 597 615 644
8 30 74 84 122 149 182 209 223 253 276 297 318 356 366 397 415
 427 452 484 521 535 553 582 623 642
11 43 71 94 129 135 184 203 226 252 268 299 331 338 376 383 404
 427 450 494 513 533 570 580 607 643
8 40 60 91 120 141 170 200 215 251 268 305 329 335 362 393 418
 430 472 495 504 525 559 579 624 644
1 49 59 94 128 131 181 211 229 258 289 297 317 357 368 396 409
 443 464 497 520 534 569 591 616 644
17 27 57 91 123 146 175 196 234 252 289 292 313 354 373 387 405
 444 463 486 502 538 557 589 610 642
6 27 65 88 105 132 185 206 224 243 282 290 323 355 376 390 424
 437 466 484 516 526 558 595 612 644
23 46 56 90 110 139 182 199 221 262 274 293 314 359 369 385 410
 447 470 481 515 538 570 590 613 644
2 40 66 90 124 146 187 201 227 240 284 304 326 339 363 388 424
 431 460 494 520 537 573 582 605 641
24 34 67 98 128 144 173 200 218 248 274 291 327 336 376 389 415
 445 463 479 508 536 574 577 615 641
3 44 79 80 118 133 171 197 226 251 286 293 312 347 367 396 423
 432 460 496 516 531 562 583 615 642
22 48 70 83 119 145 188 191 229 251 275 301 321 359 363 387 415
 425 457 488 514 547 571 595 609 643
3 49 73 103 112 143 187 200 225 256 282 292 314 351 372 382 417
 429 473 485 524 544 560 578 623 643
12 41 59 85 118 145 175 206 233 263 269 303 329 345 372 380 400
 434 454 499 522 535 570 581 602 641
18 35 63 87 116 147 186 205 220 251 289 290 333 341 379 383 416
 435 465 483 505 529 554 590 623 641
11 46 55 88 117 141 177 210 225 260 279 298 321 357 361 399 405
 436 455 496 521 539 572 576 604 641
13 38 64 82 126 142 184 204 227 262 265 290 324 335 375 389 407
 434 455 485 514 549 565 588 616 642
25 26 78 99 116 145 176 194 224 260 288 304 328 350 374 382 420
 433 470 495 518 536 551 591 607 642
9 50 68 103 108 135 186 195 237 249 279 291 326 345 378 390 409
 430 462 480 506 545 571 586 613 642
8 31 62 82 113 136 176 205 221 248 287 303 317 340 373 388 423
 436 466 476 506 542 555 599 619 643
16 26 55 84 113 144 186 193 238 261 270 299 334 354 375 391 400
 428 451 493 503 547 562 578 605 644
24 45 77 88 125 139 172 205 219 256 266 295 310 338 368 386 418
 449 454 487 503 537 556 584 609 642
25 44 66 81 111 142 185 196 223 244 283 291 310 353 379 391 421
 446 472 481 522 541 569 598 604 643
7 32 55 95 111 143 175 214 218 262 280 301 330 341 374 388 409
 439 468 487 516 533 553 579 620 645
14 48 60 99 127 144 184 202 225 254 266 309 317 346 379 390 411
 447 460 490 500 535 557 575 601 645
2 30 68 83 110 134 177 198 226 247 289 306 310 337 370 393 400
 440 469 485 509 536 555 592 612 645
18 41 75 99 111 134 180 197 237 256 273 307 324 348 360 399 415
 431 461 477 502 546 564 580 619 644
12 35 60 104 108 140 172 193 218 240 265 297 319 342 367 385 401
 441 453 486 518 530 564 576 612 643
5 37 68 82 120 133 181 213 217 245 280 295 328 354 366 385 422
 437 456 488 524 541 550 580 601 641
15 30 76 85 114 144 174 210 230 242 272 290 325 347 378 384 420
 449 456 497 515 546 573 579 610 643
21 29 73 101 129 140 183 202 238 259 283 293 313 355 368 397 412
 433 461 480 514 527 555 579 621 641
2 32 78 92 115 131 171 206 239 261 285 295 327 344 369 397 402
 435 455 490 502 545 559 587 606 643
6 42 64 101 128 137 170 201 223 261 267 307 325 338 361 392 401
 432 470 476 524 529 571 589 602 645
10 33 76 90 119 141 178 202 218 245 287 307 333 344 370 395 414
 448 459 499 513 526 569 578 608 642
4 28 60 92 110 143 189 210 238 244 267 303 320 349 363 381 404
 437 465 477 507 534 566 577 614 642
1 26 61 98 125 134 179 195 217 262 284 305 320 355 361 395 406
 444 474 492 505 535 567 583 611 643
15 31 65 80 108 138 179 194 229 252 281 307 332 351 371 393 421
 447 471 491 503 549 553 587 614 641
7 29 69 87 127 137 178 204 234 258 286 298 334 350 360 393 408
 437 454 479 519 528 561 582 613 643
16 44 70 82 123 138 180 206 236 240 274 298 331 356 362 395 419
 449 465 480 517 532 560 591 600 645
10 49 75 92 124 135 173 213 232 259 276 290 332 359 377 391 413
 436 454 486 504 543 551 583 603 645
1 33 74 88 129 146 188 204 216 249 273 303 319 336 364 382 410
 435 456 491 523 525 562 598 622 645
25 39 67 87 109 140 182 210 215 252 275 295 326 348 365 396 403
 434 466 498 512 540 567 578 618 645
