625 626 627 628 629 630 631 632 633 634 635 636 637 638 639 640 641
 642 643 644 645 646 647 648 649 650
60 61 62 63 64 135 136 137 138 139 240 241 242 243 244 405 478
 479 480 481 482 488 494 497 541 630
75 76 77 78 79 120 121 122 123 124 245 246 247 248 249 404 483
 484 485 486 487 489 493 498 543 630
65 66 67 68 69 125 126 127 128 129 250 251 252 253 254 406 473
 474 475 476 477 490 492 496 542 630
70 71 72 73 74 130 131 132 133 134 255 256 257 258 259 407 468
 469 470 471 472 491 495 499 544 630
350 351 352 353 354 363 374 375 376 377 378 407 418 419 420 421 422
 463 464 465 466 467 490 494 498 629
355 356 357 358 359 360 364 365 366 367 368 406 423 424 425 426 427
 448 449 450 451 452 488 493 499 629
340 341 342 343 344 361 379 380 381 382 383 405 408 409 410 411 412
 453 454 455 456 457 489 495 496 629
345 346 347 348 349 362 369 370 371 372 373 404 413 414 415 416 417
 458 459 460 461 462 491 492 497 629
10 11 12 13 14 155 156 157 158 159 190 191 192 193 194 285 286
 287 288 289 360 404 490 495 541 628
2 3 4 8 9 140 141 142 143 144 180 181 182 183 184 295 296
 297 298 299 361 407 488 492 543 628
0 1 5 6 7 145 146 147 148 149 185 186 187 188 189 280 281
 282 283 284 363 405 491 493 542 628
15 16 17 18 19 150 151 152 153 154 195 196 197 198 199 290 291
 292 293 294 362 406 489 494 544 628
360 361 362 363 505 531 532 533 534 535 536 537 538 539 540 545 546
 547 548 549 550 551 552 553 554 630
404 405 406 407 500 501 502 503 504 505 526 527 528 529 530 555 556
 557 558 559 565 566 567 568 569 625
505 511 512 513 514 515 516 517 518 519 520 541 542 543 544 560 561
 562 563 564 570 571 572 573 574 629
35 36 37 38 39 165 166 167 168 169 215 216 217 218 219 363 428
 429 430 431 432 489 492 499 541 625
30 31 32 33 34 170 171 172 173 174 210 211 212 213 214 360 433
 434 435 436 437 491 494 496 543 625
20 21 22 23 24 160 161 162 163 164 205 206 207 208 209 362 443
 444 445 446 447 488 495 498 542 625
25 26 27 28 29 175 176 177 178 179 200 201 202 203 204 361 438
 439 440 441 442 490 493 497 544 625
40 41 42 43 44 101 102 103 104 105 315 316 317 318 319 360 389
 390 391 392 393 407 489 497 542 626
55 56 57 58 59 106 108 112 113 115 310 311 312 313 314 363 384
 385 386 387 388 404 488 496 544 626
45 46 47 48 49 107 109 110 111 114 300 301 302 303 304 361 394
 395 396 397 398 406 491 498 541 626
50 51 52 53 54 100 116 117 118 119 305 306 307 308 309 362 399
 400 401 402 403 405 490 499 543 626
16 51 69 86 109 124 156 161 201 259 271 298 318 336 363 365 409
 434 461 478 519 565 576 594 597 650
8 48 73 95 105 137 145 178 214 248 263 286 314 334 362 374 427
 428 454 474 518 568 575 594 595 633
14 44 76 92 108 126 151 174 216 241 279 283 308 321 361 371 419
 445 448 471 517 569 577 594 598 637
2 45 72 98 102 138 148 175 210 247 260 288 311 331 362 377 423
 431 457 475 520 567 577 591 597 634
12 42 77 90 113 127 150 172 218 242 277 282 309 322 361 369 421
 443 450 470 519 567 578 593 595 638
10 41 78 91 115 128 152 170 219 243 276 281 307 324 361 370 422
 444 451 469 516 568 576 591 599 639
9 49 70 99 101 135 149 179 211 245 264 289 310 330 362 378 424
 432 453 477 519 569 579 592 599 631
1 55 63 81 119 133 141 165 209 254 266 290 304 329 360 380 417
 439 467 483 518 567 576 592 598 644
4 47 74 97 103 139 147 177 212 249 262 287 312 332 362 376 425
 430 456 473 517 566 576 593 596 635
7 59 62 82 117 132 142 169 207 252 269 292 302 327 360 381 415
 440 464 486 516 569 575 593 597 643
18 53 67 87 107 122 158 163 200 257 273 299 317 335 363 367 408
 435 460 480 520 568 579 593 598 648
11 40 79 94 106 129 154 171 215 244 275 284 306 320 361 373 418
 447 452 468 520 565 575 592 596 640
6 58 60 80 118 130 140 168 208 250 268 291 303 328 360 379 416
 438 463 487 517 565 579 591 595 641
19 54 65 85 114 120 155 164 204 255 274 295 319 339 363 364 412
 433 458 482 516 566 577 592 595 646
15 50 68 88 111 123 157 160 203 258 270 296 316 338 363 366 411
 436 462 479 517 567 575 590 599 649
17 52 66 89 110 121 159 162 202 256 272 297 315 337 363 368 410
 437 459 481 518 569 578 591 596 647
13 43 75 93 112 125 153 173 217 240 278 280 305 323 361 372 420
 446 449 472 518 566 579 590 597 636
3 46 71 96 104 136 146 176 213 246 261 285 313 333 362 375 426
 429 455 476 516 565 578 590 598 632
0 56 61 83 116 131 143 166 206 251 265 293 300 326 360 382 414
 442 466 485 519 568 577 590 596 642
5 57 64 84 100 134 144 167 205 253 267 294 301 325 360 383 413
 441 465 484 520 566 578 594 599 645
64 69 73 76 80 87 93 99 284 287 293 297 384 389 397 403 450
 457 462 467 509 516 548 603 611 625
63 65 70 79 84 89 90 96 280 288 292 298 388 390 394 401 451
 454 460 466 508 517 547 600 613 625
62 67 74 77 83 85 92 98 281 289 294 296 385 393 396 400 452
 455 461 463 506 518 545 604 612 625
60 66 72 78 82 88 94 95 283 285 290 299 387 392 395 399 449
 456 458 465 507 519 546 601 610 625
61 68 71 75 81 86 91 97 282 286 291 295 386 391 398 402 448
 453 459 464 510 520 549 602 614 625
37 56 73 98 119 123 152 172 184 200 224 244 271 285 303 349 368
 419 453 508 542 553 566 585 622 643
38 58 71 99 117 121 154 174 182 201 220 242 270 288 304 348 364
 420 456 506 542 550 568 589 624 645
35 57 74 96 118 124 153 171 183 204 221 243 273 286 300 346 366
 421 457 507 542 554 569 588 623 644
31 43 65 87 115 131 147 178 199 205 238 247 266 296 309 354 381
 424 459 507 541 553 565 589 620 637
28 48 61 82 101 126 158 162 185 219 225 255 278 294 312 357 369
 411 467 508 543 554 565 586 624 634
21 53 78 93 114 139 143 167 192 214 230 254 260 282 316 341 375
 416 452 508 544 551 569 589 621 650
24 51 79 91 107 137 140 166 190 213 232 252 264 283 315 340 377
 417 450 506 544 554 566 587 620 649
22 54 75 92 110 135 144 169 191 212 231 250 261 284 318 343 374
 414 451 507 544 552 567 585 624 648
20 52 76 90 111 138 142 165 193 211 234 251 263 281 317 344 376
 413 449 510 544 550 565 588 622 646
23 50 77 94 109 136 141 168 194 210 233 253 262 280 319 342 378
 415 448 509 544 553 568 586 623 647
34 42 68 89 108 132 148 179 195 209 235 248 265 299 307 352 379
 426 461 509 541 551 566 588 624 640
25 49 62 80 104 129 159 161 187 216 229 258 277 290 311 359 370
 408 466 510 543 552 566 589 623 633
27 47 64 81 102 127 155 160 186 217 228 256 279 292 310 355 373
 409 463 507 543 551 568 587 622 632
26 45 63 83 105 128 157 163 189 218 226 259 275 291 313 356 372
 412 465 509 543 550 569 585 620 635
36 59 70 95 116 122 151 170 181 202 223 240 274 287 301 347 365
 418 455 510 542 551 567 586 620 641
30 44 66 85 112 134 149 177 196 207 237 246 268 298 306 353 380
 423 462 510 541 554 568 585 621 638
29 46 60 84 103 125 156 164 188 215 227 257 276 293 314 358 371
 410 464 506 543 553 567 588 621 631
33 41 67 86 106 130 145 176 197 206 239 245 269 297 308 351 383
 425 458 508 541 550 567 587 623 636
32 40 69 88 113 133 146 175 198 208 236 249 267 295 305 350 382
 427 460 506 541 552 569 586 622 639
39 55 72 97 100 120 150 173 180 203 222 241 272 289 302 345 367
 422 454 509 542 552 565 587 621 642
24 75 98 111 127 145 198 202 227 243 298 312 339 348 360 375 399
 408 432 468 509 555 574 608 617 637
30 67 81 113 123 144 193 215 223 255 283 300 324 359 362 381 390
 420 438 481 509 556 571 609 616 650
36 72 86 118 136 158 187 205 234 248 292 316 329 353 361 368 384
 414 433 477 506 558 571 608 619 635
35 70 88 119 138 156 186 206 231 246 294 315 327 354 361 364 386
 416 435 473 509 557 572 605 618 633
29 63 92 101 132 153 182 214 236 253 285 309 331 340 363 373 397
 425 444 487 510 557 574 609 619 642
34 65 80 106 124 142 194 219 222 256 282 301 323 356 362 380 392
 419 442 479 506 557 573 607 617 648
37 74 89 117 135 157 185 208 230 247 293 319 325 351 361 367 387
 417 434 474 510 556 570 606 617 632
21 76 96 109 129 147 197 203 225 240 299 310 337 349 360 374 402
 412 431 469 506 559 570 609 618 638
31 69 82 108 121 143 191 218 221 257 280 303 320 355 362 383 393
 422 439 482 510 559 572 608 615 649
23 78 99 110 126 146 195 204 226 244 296 314 335 345 360 377 401
 409 430 470 510 558 573 605 616 636
32 66 83 115 122 141 190 217 220 258 284 302 321 358 362 379 391
 421 441 478 508 558 574 606 618 646
25 64 91 105 131 154 181 210 237 250 289 305 332 344 363 371 395
 426 443 486 508 559 571 605 617 644
39 71 87 116 137 155 189 207 233 249 290 318 328 352 361 366 385
 413 437 475 508 555 573 609 615 631
22 77 95 107 128 149 199 201 228 241 295 311 338 346 360 376 403
 410 429 472 508 556 572 607 619 640
28 60 90 102 133 151 184 212 239 252 286 306 333 341 363 370 396
 424 446 485 509 558 570 607 615 645
26 62 93 103 134 152 180 213 235 251 288 308 330 342 363 369 398
 427 447 483 507 556 573 608 618 641
33 68 84 112 120 140 192 216 224 259 281 304 322 357 362 382 389
 418 440 480 507 555 570 605 619 647
27 61 94 104 130 150 183 211 238 254 287 307 334 343 363 372 394
 423 445 484 506 555 572 606 616 643
20 79 97 114 125 148 196 200 229 242 297 313 336 347 360 378 400
 411 428 471 507 557 571 606 615 639
38 73 85 100 139 159 188 209 232 245 291 317 326 350 361 365 388
 415 436 476 507 559 574 607 616 634
104 111 112 116 222 228 232 239 244 247 253 257 428 433 438 443 451
 456 461 467 514 549 569 583 618 628
102 110 115 118 223 225 233 236 242 245 251 259 429 435 439 445 452
 454 462 464 512 546 566 580 617 628
101 106 114 119 221 227 234 235 241 249 250 258 431 434 440 446 450
 455 459 465 513 547 568 582 616 628
103 107 113 117 224 226 231 237 240 248 254 256 432 436 441 444 448
 457 458 466 511 545 565 581 615 628
100 105 108 109 220 229 230 238 243 246 252 255 430 437 442 447 449
 453 460 463 515 548 567 584 619 628
1 8 13 17 324 325 330 338 388 391 397 399 430 435 440 443 471
 475 482 485 506 551 565 585 623 629
2 5 11 18 322 328 334 339 384 390 395 400 429 436 442 446 469
 473 478 483 510 553 569 587 624 629
0 9 12 16 321 329 333 335 386 393 394 403 431 437 438 444 468
 474 479 486 507 550 566 586 621 629
3 7 10 19 320 326 332 337 385 392 398 401 428 434 441 445 472
 477 480 487 509 554 567 589 622 629
4 6 14 15 323 327 331 336 387 389 396 402 432 433 439 447 470
 476 481 484 508 552 568 588 620 629
0 8 10 18 80 88 92 97 204 209 211 215 240 247 252 259 342
 348 353 355 504 508 513 539 578 626
3 6 11 16 81 89 93 95 200 207 212 218 243 245 253 258 344
 345 354 357 501 506 511 538 577 626
1 2 12 15 82 85 91 96 201 205 214 216 244 249 251 256 343
 347 351 358 500 509 515 540 579 626
4 5 13 19 83 86 90 99 202 208 210 219 241 246 254 257 340
 349 352 359 502 507 512 537 575 626
7 9 14 17 84 87 94 98 203 206 213 217 242 248 250 255 341
 346 350 356 503 510 514 536 576 626
95 96 97 98 99 230 231 232 233 234 265 266 267 268 269 320 321
 322 323 324 363 406 495 497 543 627
85 86 87 88 89 220 221 222 223 224 275 276 277 278 279 330 331
 332 333 334 360 405 492 498 544 627
80 81 82 83 84 235 236 237 238 239 260 261 262 263 264 335 336
 337 338 339 361 404 494 499 542 627
90 91 92 93 94 225 226 227 228 229 270 271 272 273 274 325 326
 327 328 329 362 407 493 496 541 627
1 4 10 16 20 25 30 36 60 65 73 77 101 108 110 117 366
 372 375 382 503 520 531 587 618 627
0 2 14 19 24 29 32 38 64 68 70 78 104 106 109 118 367
 369 376 381 501 518 533 585 615 627
6 9 13 18 23 26 34 39 61 66 74 79 102 111 113 119 365
 371 374 383 500 516 532 589 619 627
3 5 12 17 21 28 33 37 62 69 72 75 105 107 115 116 364
 373 378 380 504 517 535 588 616 627
7 8 11 15 22 27 31 35 63 67 71 76 100 103 112 114 368
 370 377 379 502 519 534 586 617 627
180 186 190 197 202 207 211 216 303 309 314 319 452 457 460 465 472
 476 479 485 530 549 571 576 624 627
181 185 194 198 204 205 212 217 304 308 313 317 450 453 461 466 469
 475 481 487 529 546 572 575 621 627
182 187 192 199 203 209 210 218 300 306 312 315 451 455 458 464 471
 474 478 484 528 548 573 579 622 627
183 188 193 195 200 206 214 219 302 305 311 318 448 456 462 463 468
 477 482 483 526 547 570 578 620 627
184 189 191 196 201 208 213 215 301 307 310 316 449 454 459 467 470
 473 480 486 527 545 574 577 623 627
82 89 92 99 103 109 115 119 120 127 130 137 163 167 171 175 181
 187 193 196 503 524 549 590 607 629
84 85 93 97 105 106 111 117 122 126 133 136 161 166 172 179 183
 186 191 199 502 521 546 591 609 629
80 86 94 96 102 108 114 116 123 128 134 135 162 165 173 178 182
 188 190 198 501 523 545 593 605 629
81 88 90 98 101 107 112 118 121 129 131 139 164 169 170 176 180
 189 194 195 500 522 548 594 606 629
83 87 91 95 100 104 110 113 124 125 132 138 160 168 174 177 184
 185 192 197 504 525 547 592 608 629
15 21 44 84 119 131 159 168 211 223 243 295 313 320 352 369 397
 456 474 493 545 558 560 587 597 648
0 35 49 94 115 125 142 172 202 237 249 291 316 331 357 374 401
 461 482 495 548 556 561 587 598 645
14 33 50 96 101 137 150 177 209 226 257 284 301 339 344 368 386
 463 485 492 546 556 562 589 597 639
3 26 59 87 109 123 149 164 216 234 254 286 305 325 348 379 393
 451 470 494 546 557 564 587 596 634
2 25 57 86 111 121 147 163 217 231 252 285 307 326 345 380 389
 452 471 494 547 556 560 586 595 631
8 29 55 85 107 124 148 162 218 233 250 287 308 327 349 382 390
 449 468 494 549 558 561 589 599 632
18 20 40 81 116 132 156 167 213 220 241 296 312 323 351 370 394
 457 477 493 546 559 561 585 595 647
16 22 42 82 118 134 157 166 210 222 240 297 314 324 350 373 396
 453 473 493 547 555 564 589 598 646
11 30 53 97 104 135 152 175 206 225 256 280 304 338 340 365 385
 465 486 492 548 558 564 588 595 637
17 24 43 83 117 130 155 165 212 221 244 299 311 322 353 371 398
 454 476 493 548 557 562 586 599 650
12 31 51 95 102 139 154 179 208 227 255 281 302 337 342 366 384
 466 484 492 549 557 560 585 598 636
9 27 56 88 110 120 145 161 219 230 253 288 306 328 347 381 391
 450 472 494 545 559 562 588 598 635
13 32 52 98 103 136 151 178 207 229 259 282 300 335 343 364 387
 467 487 492 547 559 563 587 599 640
6 37 47 90 106 128 144 174 204 238 248 290 315 330 358 375 400
 462 480 495 549 559 564 586 597 642
7 39 46 93 108 127 140 170 201 236 247 294 317 334 359 378 402
 458 479 495 547 558 562 585 596 644
1 38 48 92 113 129 143 173 200 239 246 292 319 332 356 377 403
 459 478 495 546 555 560 588 599 641
5 36 45 91 112 126 141 171 203 235 245 293 318 333 355 376 399
 460 481 495 545 557 563 589 595 643
4 28 58 89 114 122 146 160 215 232 251 289 309 329 346 383 392
 448 469 494 548 555 563 585 597 633
10 34 54 99 105 138 153 176 205 228 258 283 303 336 341 367 388
 464 483 492 545 555 561 586 596 638
19 23 41 80 100 133 158 169 214 224 242 298 310 321 354 372 395
 455 475 493 549 556 563 588 596 649
163 169 172 177 223 228 230 235 280 286 290 297 364 371 377 382 469
 477 479 484 523 533 565 574 612 626
164 165 171 179 222 229 231 236 283 287 291 296 368 369 375 383 472
 475 478 486 525 535 568 570 613 626
161 167 174 178 221 225 232 237 281 285 292 295 367 372 378 379 468
 473 481 485 522 532 567 573 611 626
160 166 173 176 224 227 233 238 284 288 294 299 365 370 376 380 470
 474 482 487 524 531 569 571 614 626
162 168 170 175 220 226 234 239 282 289 293 298 366 373 374 381 471
 476 480 483 521 534 566 572 610 626
496 497 498 499 505 575 576 577 578 579 585 586 587 588 589 605 606
 607 608 609 610 611 612 613 614 628
492 493 494 495 505 590 591 592 593 594 600 601 602 603 604 615 616
 617 618 619 620 621 622 623 624 626
121 127 134 136 203 208 212 216 263 265 273 276 365 372 377 381 386
 392 397 400 508 526 535 561 592 628
124 128 133 139 200 205 210 215 264 269 272 279 364 369 374 379 385
 389 394 399 510 530 531 562 590 628
120 126 131 138 202 209 214 217 261 268 271 275 366 370 378 383 387
 390 398 403 506 527 533 564 593 628
122 125 130 135 204 207 213 219 260 266 270 277 368 373 376 382 388
 393 395 402 509 528 532 560 594 628
123 129 132 137 201 206 211 218 262 267 274 278 367 371 375 380 384
 391 396 401 507 529 534 563 591 628
24 25 34 37 120 125 134 139 141 146 151 158 320 327 334 338 451
 457 459 463 519 529 550 580 609 626
23 27 30 38 122 128 131 137 142 148 153 156 322 325 333 337 452
 453 458 467 517 526 552 582 608 626
21 26 32 35 121 126 132 135 140 145 150 155 324 329 332 336 449
 455 462 466 520 530 553 583 607 626
20 28 31 39 124 129 130 136 144 149 152 157 321 326 331 339 450
 456 460 464 518 527 551 581 605 626
22 29 33 36 123 127 133 138 143 147 154 159 323 328 330 335 448
 454 461 465 516 528 554 584 606 626
10 27 46 69 83 119 134 154 169 232 248 274 282 331 345 376 390
 411 437 488 530 546 570 579 623 637
5 34 40 71 85 110 123 140 163 227 240 260 292 321 344 369 387
 424 428 490 526 548 572 576 623 642
4 24 50 63 93 115 129 148 174 222 255 268 286 335 351 365 395
 414 440 489 530 545 572 578 622 631
11 28 45 68 80 117 131 150 167 233 246 273 283 330 347 374 393
 410 433 488 529 547 574 576 622 636
1 33 43 74 88 109 122 144 162 228 242 263 291 320 340 370 384
 426 432 490 530 547 573 577 621 643
18 38 57 75 95 101 136 155 175 238 251 275 297 327 359 379 401
 419 443 491 528 545 570 576 621 649
13 25 48 67 84 118 132 152 165 230 249 272 284 333 348 378 392
 409 436 488 528 549 572 577 620 638
2 22 53 61 90 108 125 145 171 224 258 267 289 337 353 364 397
 415 438 489 527 546 573 576 620 632
6 31 44 70 86 107 120 142 160 229 244 262 293 324 341 372 385
 427 431 490 528 546 574 578 624 644
9 21 51 60 92 112 128 146 172 220 256 265 287 339 354 367 398
 413 439 489 528 547 571 575 623 634
15 36 58 79 98 105 135 156 177 236 254 279 299 326 357 381 403
 422 446 491 529 549 573 578 623 646
8 23 52 62 91 106 127 149 173 223 257 266 285 336 350 366 394
 416 441 489 529 548 570 577 624 635
19 37 59 76 97 102 137 159 176 237 253 276 296 329 356 382 399
 421 447 491 527 547 572 579 624 650
17 35 55 77 99 104 139 157 178 235 252 278 298 328 358 383 402
 418 444 491 526 546 571 577 622 648
14 26 47 65 82 116 133 153 168 231 245 270 281 334 349 377 391
 408 434 488 527 548 571 578 621 640
3 20 54 64 94 113 126 147 170 221 259 269 288 338 352 368 396
 417 442 489 526 549 574 579 621 633
7 32 41 73 89 111 124 143 164 225 241 261 290 322 342 373 386
 423 430 490 529 545 571 579 620 645
16 39 56 78 96 103 138 158 179 239 250 277 295 325 355 380 400
 420 445 491 530 548 574 575 620 647
0 30 42 72 87 114 121 141 161 226 243 264 294 323 343 371 388
 425 429 490 527 549 570 575 622 641
12 29 49 66 81 100 130 151 166 234 247 271 280 332 346 375 389
 412 435 488 526 545 573 575 624 639
58 84 139 145 173 196 218 234 256 273 296 318 331 359 395 417 445
 453 485 490 504 516 533 586 618 640
45 97 134 142 164 192 201 239 243 279 284 309 328 349 387 426 435
 466 477 489 503 518 532 586 616 649
46 99 132 141 162 191 200 238 240 277 281 306 326 346 386 427 433
 465 475 489 500 517 533 587 617 650
48 98 133 140 160 193 204 237 241 275 280 307 325 347 384 425 437
 464 476 489 501 519 535 589 618 648
40 91 122 159 178 189 212 222 254 269 294 303 339 342 401 420 431
 462 471 488 503 519 533 588 619 632
54 87 128 150 166 181 208 229 245 260 285 312 320 353 390 409 440
 448 479 491 500 518 534 588 618 645
59 80 136 148 171 197 217 230 257 270 295 315 332 357 396 413 444
 454 483 490 500 519 531 585 616 637
43 92 121 156 179 185 210 224 251 268 290 301 338 341 402 421 428
 460 468 488 501 516 534 587 616 635
57 81 138 149 172 198 219 232 259 272 299 319 334 358 397 414 447
 455 486 490 503 517 534 589 615 636
50 89 126 152 169 182 205 227 246 263 287 311 323 350 391 412 438
 452 480 491 504 519 532 587 615 644
42 94 124 155 176 187 214 223 252 267 293 304 335 344 400 422 432
 459 472 488 502 517 532 585 618 634
53 86 129 151 168 183 209 228 249 264 288 314 322 354 393 411 441
 449 481 491 503 516 535 585 617 642
44 90 123 158 175 186 213 221 253 265 291 302 336 343 403 418 430
 458 469 488 504 518 531 589 617 631
56 82 135 147 174 195 215 233 258 274 298 317 333 356 398 416 443
 457 484 490 502 518 535 587 619 639
55 83 137 146 170 199 216 231 255 271 297 316 330 355 394 415 446
 456 487 490 501 520 532 588 617 638
49 95 131 144 163 190 203 236 244 278 282 308 329 348 388 423 434
 463 473 489 502 516 531 588 615 647
52 85 125 154 167 180 206 226 247 261 286 310 324 352 392 408 439
 450 478 491 501 517 531 586 619 643
47 96 130 143 161 194 202 235 242 276 283 305 327 345 385 424 436
 467 474 489 504 520 534 585 619 646
41 93 120 157 177 188 211 220 250 266 292 300 337 340 399 419 429
 461 470 488 500 520 535 586 615 633
51 88 127 153 165 184 207 225 248 262 289 313 321 351 389 410 442
 451 482 491 502 520 533 589 616 641
14 28 40 67 95 119 121 148 173 183 205 237 259 277 293 310 328
 340 375 398 415 430 451 479 505 646
11 25 43 66 99 116 124 145 172 180 209 236 255 276 292 313 325
 343 376 396 416 431 448 480 505 649
4 21 49 61 87 106 134 156 175 195 218 228 252 261 281 319 321
 347 368 399 420 436 454 487 505 644
8 24 47 60 86 113 131 157 179 196 216 225 253 260 284 317 323
 346 364 401 422 437 455 483 505 643
13 29 42 69 96 117 120 149 170 184 206 238 258 279 291 312 329
 342 377 395 413 428 452 481 505 648
17 38 53 79 80 103 126 144 160 189 210 234 243 274 285 302 334
 351 382 386 424 439 461 472 505 638
1 32 59 71 94 107 138 152 167 191 204 222 245 265 298 309 337
 359 371 389 411 446 463 474 505 635
0 31 58 74 93 110 137 151 165 194 203 224 246 269 295 307 336
 358 373 390 408 443 465 477 505 634
15 37 54 78 83 101 127 142 161 188 213 233 240 272 286 304 332
 354 383 384 423 438 460 471 505 640
7 34 57 72 90 109 135 154 166 192 200 223 249 268 296 308 339
 355 372 391 410 444 467 476 505 633
12 27 41 65 97 118 123 146 174 181 207 235 257 275 294 311 326
 341 374 397 417 432 449 478 505 647
3 23 48 63 88 108 130 159 177 199 217 227 251 264 282 318 324
 349 367 400 418 433 457 486 505 645
18 36 50 76 82 104 128 140 164 186 212 230 242 271 289 300 331
 352 380 388 427 441 459 468 505 636
2 20 46 62 89 112 133 155 178 197 219 226 250 262 283 316 320
 348 365 403 421 435 453 484 505 642
19 39 51 77 81 105 125 143 162 187 211 231 244 273 288 301 333
 350 379 387 425 440 462 469 505 637
5 30 56 70 92 111 139 150 168 190 201 221 248 266 297 305 335
 357 370 392 412 447 464 475 505 632
16 35 52 75 84 102 129 141 163 185 214 232 241 270 287 303 330
 353 381 385 426 442 458 470 505 639
6 33 55 73 91 114 136 153 169 193 202 220 247 267 299 306 338
 356 369 393 409 445 466 473 505 631
9 22 45 64 85 115 132 158 176 198 215 229 254 263 280 315 322
 345 366 402 419 434 456 485 505 641
10 26 44 68 98 100 122 147 171 182 208 239 256 278 290 314 327
 344 378 394 414 429 450 482 505 650
105 113 114 118 201 209 212 219 280 285 293 296 321 327 330 337 408
 413 418 423 514 524 530 587 602 630
103 106 110 116 200 208 211 217 283 286 294 298 322 329 331 338 412
 415 422 426 515 522 528 589 603 630
102 109 112 117 202 205 213 218 284 289 290 295 324 326 334 335 411
 416 419 425 513 525 526 588 600 630
104 107 108 119 203 207 214 215 281 288 291 297 323 325 332 339 409
 414 421 424 512 521 529 586 601 630
100 101 111 115 204 206 210 216 282 287 292 299 320 328 333 336 410
 417 420 427 511 523 527 585 604 630
14 21 45 73 88 125 149 166 182 212 274 292 307 335 359 383 385
 421 483 497 515 549 565 582 617 647
18 30 58 62 94 120 143 179 189 205 278 286 315 321 349 376 397
 409 476 499 511 547 567 583 617 639
7 26 40 77 96 131 151 160 191 219 263 297 304 331 353 367 399
 416 478 496 511 549 566 584 616 631
6 28 43 78 97 132 154 163 194 216 264 298 300 334 350 368 403
 413 482 496 512 545 567 582 618 632
9 35 53 65 83 136 159 173 195 201 268 283 312 325 344 373 389
 427 469 498 513 549 567 580 615 643
3 39 52 68 82 139 156 172 197 204 267 284 311 329 340 372 390
 424 471 498 514 545 568 584 617 641
4 37 51 67 80 138 155 170 196 203 266 280 314 326 343 369 391
 426 468 498 511 546 569 582 619 645
8 38 50 69 81 135 158 171 199 202 269 281 313 328 341 371 392
 423 470 498 515 547 566 581 618 642
2 36 54 66 84 137 157 174 198 200 265 282 310 327 342 370 393
 425 472 498 512 548 565 583 616 644
10 23 47 72 85 129 145 165 181 213 271 293 309 338 357 379 386
 420 484 497 512 547 569 584 615 648
1 29 41 79 95 134 150 161 193 217 262 296 303 333 352 364 402
 414 480 496 513 548 569 581 617 634
19 34 56 63 91 121 144 175 188 207 279 287 316 322 346 378 396
 408 474 499 513 546 565 584 618 636
16 31 55 64 90 122 140 177 187 206 276 285 319 323 348 374 398
 411 475 499 515 545 569 580 616 640
11 20 48 70 87 127 146 169 183 210 270 291 308 337 358 380 387
 422 485 497 513 545 566 583 619 650
15 33 59 61 92 124 141 178 186 208 275 288 317 324 345 375 395
 410 477 499 514 548 566 582 615 638
0 27 44 75 99 133 152 164 190 218 260 299 301 332 351 366 400
 415 481 496 514 547 565 580 619 633
12 22 46 74 86 126 148 167 184 211 272 290 305 339 356 381 388
 418 487 497 511 548 568 580 618 649
17 32 57 60 93 123 142 176 185 209 277 289 318 320 347 377 394
 412 473 499 512 549 568 581 619 637
13 24 49 71 89 128 147 168 180 214 273 294 306 336 355 382 384
 419 486 497 514 546 567 581 616 646
5 25 42 76 98 130 153 162 192 215 261 295 302 330 354 365 401
 417 479 496 515 546 568 583 615 635
19 22 48 89 116 139 142 186 203 238 259 268 285 371 393 420 432
 450 483 496 520 525 540 558 623 639
15 23 49 86 117 138 140 189 200 235 255 267 287 373 392 421 429
 451 485 496 518 524 539 559 621 637
10 33 57 94 103 131 146 184 218 230 241 264 292 365 402 408 438
 462 475 498 518 521 540 557 624 646
18 21 46 85 118 137 144 185 202 239 258 266 288 372 389 422 430
 448 486 496 519 523 536 557 622 640
16 24 45 87 119 136 143 188 204 236 256 269 289 370 391 418 428
 449 484 496 517 522 537 556 624 638
13 31 59 91 101 134 145 183 215 231 242 260 290 367 403 412 442
 461 476 498 517 524 538 558 622 647
7 36 51 83 106 121 152 193 209 229 253 278 295 374 395 424 435
 457 470 497 517 523 540 555 621 632
1 39 53 84 115 123 153 194 208 226 252 279 297 376 398 423 433
 455 468 497 519 525 538 559 624 633
8 28 42 99 111 128 159 197 213 224 249 274 280 381 387 414 445
 463 478 499 520 522 538 557 621 644
5 35 50 80 113 120 154 191 207 228 251 276 299 375 394 425 434
 453 471 497 518 522 536 558 620 634
12 34 58 92 104 133 149 180 217 233 243 263 293 368 401 411 440
 458 473 498 520 523 537 559 620 650
14 30 55 93 102 132 147 181 219 234 244 261 291 364 400 410 441
 460 474 498 519 522 539 555 623 649
9 25 41 96 107 126 156 196 212 223 247 270 282 379 384 415 447
 465 482 499 518 525 537 555 622 642
3 29 44 97 110 129 155 198 210 220 248 273 281 383 388 416 446
 467 479 499 519 524 540 556 620 643
6 38 54 82 112 124 151 190 206 227 254 277 296 378 397 426 437
 454 469 497 520 521 539 556 622 635
11 32 56 90 105 130 148 182 216 232 240 262 294 366 399 409 439
 459 477 498 516 525 536 556 621 648
0 37 52 81 108 122 150 192 205 225 250 275 298 377 396 427 436
 456 472 497 516 524 537 557 623 631
2 26 43 95 114 127 158 195 211 222 246 271 284 382 385 417 444
 464 481 499 517 521 536 559 623 645
4 27 40 98 109 125 157 199 214 221 245 272 283 380 386 413 443
 466 480 499 516 523 539 558 624 641
17 20 47 88 100 135 141 187 201 237 257 265 286 369 390 419 431
 452 487 496 516 521 538 555 620 636
14 31 49 105 123 141 169 196 204 239 251 272 312 322 352 365 405
 416 444 472 506 520 547 601 611 632
5 38 43 108 138 157 164 183 213 223 256 262 306 329 345 374 406
 408 440 487 508 519 549 604 611 639
0 39 41 112 135 159 163 184 210 221 255 263 309 327 347 375 406
 409 441 483 506 517 546 603 614 640
19 20 57 119 128 145 177 191 216 233 247 278 302 335 341 373 407
 426 436 481 506 519 548 602 613 641
17 23 59 118 125 147 179 193 218 232 246 279 304 339 343 370 407
 427 434 479 508 520 545 603 610 642
12 30 45 103 124 140 165 195 202 238 253 270 310 320 350 367 405
 414 446 471 508 516 546 602 612 633
18 22 56 117 129 146 178 192 217 234 245 276 301 336 340 369 407
 423 437 482 509 517 549 601 612 644
2 28 50 110 134 153 172 189 206 229 241 266 317 332 355 379 404
 418 432 474 506 516 549 600 610 650
9 29 52 114 131 152 174 187 208 228 240 269 318 334 357 380 404
 421 430 476 509 520 546 604 613 649
6 36 40 115 139 155 161 182 211 224 257 261 308 325 346 377 406
 411 442 486 509 518 547 602 610 638
11 34 46 101 122 143 168 198 203 237 252 271 311 324 351 364 405
 413 445 470 507 518 549 603 613 635
4 26 54 107 130 154 173 186 209 225 243 267 316 333 358 381 404
 419 428 475 510 519 547 603 612 647
10 32 48 102 120 144 166 197 201 235 254 273 313 323 354 368 405
 415 443 468 510 517 548 604 610 631
3 27 51 111 132 151 171 188 205 226 242 268 319 330 359 382 404
 422 431 473 508 518 548 601 614 648
8 25 53 109 133 150 170 185 207 227 244 265 315 331 356 383 404
 420 429 477 507 517 545 602 611 646
7 37 44 113 136 156 162 181 214 222 258 264 307 328 348 376 406
 412 439 485 507 520 548 600 612 636
1 35 42 106 137 158 160 180 212 220 259 260 305 326 349 378 406
 410 438 484 510 516 545 601 613 637
13 33 47 104 121 142 167 199 200 236 250 274 314 321 353 366 405
 417 447 469 509 519 545 600 614 634
15 24 55 116 126 149 175 194 215 230 248 277 303 337 344 372 407
 425 435 478 507 516 547 604 614 645
16 21 58 100 127 148 176 190 219 231 249 275 300 338 342 371 407
 424 433 480 510 518 546 600 611 643
82 86 93 98 144 146 150 159 304 306 310 319 366 371 376 379 428
 435 442 444 504 561 582 613 620 630
84 88 91 99 143 148 151 155 302 309 312 317 368 372 374 380 429
 434 438 447 501 564 581 612 623 630
80 85 90 95 141 147 152 156 300 305 313 316 367 373 377 383 432
 437 440 445 503 562 583 614 624 630
81 87 92 96 142 145 154 157 303 307 311 315 365 369 378 382 430
 433 441 446 502 563 580 610 621 630
83 89 94 97 140 149 153 158 301 308 314 318 364 370 375 381 431
 436 439 443 500 560 584 611 622 630
26 52 60 104 120 148 169 198 221 264 296 301 326 373 384 420 435
 448 474 495 502 508 515 538 576 638
21 59 77 111 130 158 174 189 236 272 293 306 323 377 390 426 441
 453 482 492 501 507 513 540 576 633
29 50 61 105 121 146 165 197 223 260 298 302 325 370 385 419 433
 450 473 495 503 507 511 539 579 640
27 53 62 101 124 147 166 196 220 263 295 303 329 371 387 418 436
 451 475 495 501 509 512 536 578 636
28 51 64 103 123 145 168 199 222 261 299 304 327 372 388 421 437
 452 477 495 500 510 513 537 577 639
20 58 78 107 134 159 171 185 238 271 292 305 322 374 391 425 439
 455 479 492 502 509 514 539 577 631
38 41 72 119 125 140 178 194 228 265 284 312 330 366 396 412 445
 460 486 494 502 510 511 540 578 650
39 40 70 117 128 141 176 193 225 268 282 314 332 368 397 408 446
 461 484 494 504 507 515 536 577 649
31 46 68 113 135 153 161 180 234 275 287 315 335 380 399 415 428
 463 469 493 503 508 512 540 577 645
22 55 79 109 131 155 172 188 239 270 294 307 321 375 392 427 440
 457 481 492 504 510 512 538 579 635
34 47 67 115 136 150 164 184 232 278 288 318 337 382 403 416 432
 465 471 493 501 510 515 539 575 644
25 54 63 102 122 149 167 195 224 262 297 300 328 369 386 422 434
 449 476 495 504 506 514 540 575 637
35 44 73 116 127 144 179 192 226 269 280 311 333 367 395 411 447
 459 487 494 500 506 512 539 576 646
37 43 71 118 126 143 177 190 229 267 281 310 331 365 394 410 443
 458 483 494 503 509 513 538 575 648
33 45 66 108 139 152 160 181 231 277 286 319 336 381 401 413 429
 467 468 493 502 506 513 536 579 642
32 49 65 112 137 154 162 183 230 279 285 317 338 383 400 414 431
 464 470 493 504 509 511 537 576 641
23 56 75 114 132 157 170 186 237 273 290 308 320 376 389 424 438
 454 478 492 503 506 515 537 578 634
30 48 69 106 138 151 163 182 233 276 289 316 339 379 402 417 430
 466 472 493 500 507 514 538 578 643
24 57 76 110 133 156 173 187 235 274 291 309 324 378 393 423 442
 456 480 492 500 508 511 536 575 632
36 42 74 100 129 142 175 191 227 266 283 313 334 364 398 409 444
 462 485 494 501 508 514 537 579 647
488 489 490 491 505 506 507 508 509 510 521 522 523 524 525 580 581
 582 583 584 595 596 597 598 599 627
24 27 33 39 182 185 191 195 223 229 234 237 342 349 354 358 388
 392 396 403 520 569 576 590 595 630
23 28 32 36 180 188 192 196 221 228 231 238 344 348 351 356 385
 390 397 402 519 566 575 591 598 630
20 29 34 35 181 189 190 199 224 225 230 239 343 345 350 359 384
 393 398 399 517 568 578 592 597 630
22 26 30 37 183 187 194 197 220 227 232 236 341 347 352 355 386
 389 395 401 518 565 577 593 599 630
21 25 31 38 184 186 193 198 222 226 233 235 340 346 353 357 387
 391 394 400 516 567 579 594 596 630
10 21 50 71 90 124 179 188 217 237 244 297 312 334 381 393 406
 417 435 465 524 552 563 577 619 641
19 31 42 62 88 126 168 181 200 232 256 284 300 325 375 402 404
 423 446 454 523 550 561 576 619 631
17 30 40 63 86 127 166 180 204 230 258 281 301 327 374 403 404
 426 445 456 525 553 563 579 615 634
3 38 55 65 98 134 163 191 211 225 249 293 315 336 370 395 405
 421 438 448 525 551 562 575 619 636
7 25 45 78 81 137 173 197 208 221 251 287 306 321 364 388 407
 411 432 461 521 553 564 578 619 648
4 35 56 68 95 133 162 194 213 229 247 292 318 339 371 397 405
 422 441 452 524 550 564 579 616 638
14 20 53 74 91 120 176 186 218 236 240 298 311 330 379 392 406
 414 437 467 523 553 560 575 616 645
15 34 41 60 87 129 167 182 202 231 259 280 302 329 376 400 404
 427 443 453 521 554 562 577 616 632
9 36 57 69 97 130 160 190 214 226 246 290 317 337 369 396 405
 420 440 451 522 553 561 577 617 640
16 32 43 61 85 128 169 184 203 234 257 283 304 328 378 401 404
 425 447 457 524 551 560 578 617 633
2 39 59 67 99 131 161 192 212 227 248 291 319 338 373 394 405
 419 439 449 523 554 563 578 618 639
6 29 48 76 83 135 172 196 205 222 252 288 305 320 366 386 407
 408 429 458 522 551 563 576 616 647
13 22 51 73 94 122 175 185 216 235 243 296 310 332 380 390 406
 416 433 464 522 550 562 578 615 642
11 24 52 72 92 123 177 189 219 238 242 295 314 333 383 389 406
 415 434 466 521 551 561 579 618 644
18 33 44 64 89 125 165 183 201 233 255 282 303 326 377 399 404
 424 444 455 522 552 564 575 618 635
0 28 47 77 84 138 171 195 207 220 254 285 308 324 365 384 407
 412 428 459 523 552 562 579 617 649
1 26 46 75 80 139 174 199 206 223 253 289 307 322 368 387 407
 409 431 460 524 554 561 575 615 646
8 37 58 66 96 132 164 193 210 228 245 294 316 335 372 398 405
 418 442 450 521 552 560 576 615 637
12 23 54 70 93 121 178 187 215 239 241 299 313 331 382 391 406
 413 436 463 525 554 564 576 617 643
5 27 49 79 82 136 170 198 209 224 250 286 309 323 367 385 407
 410 430 462 525 550 560 577 618 650
12 53 76 89 106 131 141 177 198 213 231 328 359 372 396 409 428
 464 482 530 539 542 599 610 619 634
4 59 72 81 104 126 153 163 188 201 224 320 342 374 400 416 437
 450 485 528 536 541 599 613 617 646
15 43 69 94 110 139 148 166 193 207 239 330 348 367 386 419 441
 455 469 527 537 543 595 613 619 644
14 51 75 85 113 130 142 178 195 210 230 329 355 370 397 411 429
 465 480 529 538 542 596 613 618 631
2 58 73 83 103 129 150 162 186 204 223 323 341 378 399 413 434
 451 486 526 538 541 598 614 619 649
1 49 64 97 116 121 157 171 184 219 227 335 354 379 390 427 445
 458 476 529 536 544 597 612 619 638
5 48 60 96 119 122 155 174 180 218 229 338 350 381 389 423 444
 461 477 527 539 544 596 614 617 636
18 42 65 93 109 138 145 169 190 208 237 333 346 368 385 418 439
 456 471 529 540 543 599 614 616 642
17 41 68 90 114 137 149 168 191 205 236 332 345 365 387 420 442
 457 468 528 539 543 598 612 618 643
8 57 70 82 102 125 152 161 189 203 220 322 344 375 403 417 433
 448 487 530 537 541 596 612 616 648
16 44 67 91 111 135 146 167 194 209 238 331 349 364 384 421 440
 454 472 526 536 543 596 610 615 641
0 46 63 98 117 124 158 173 181 216 228 337 352 383 391 424 447
 462 473 528 538 544 595 610 616 639
9 55 71 80 105 127 151 164 185 200 221 324 340 376 401 414 436
 452 484 527 540 541 597 610 618 647
11 54 77 88 115 134 140 179 197 214 234 326 356 371 394 408 430
 467 481 528 537 542 597 614 615 632
3 56 74 84 101 128 154 160 187 202 222 321 343 377 402 415 435
 449 483 529 539 541 595 611 615 650
13 50 78 87 108 133 144 176 196 211 232 327 357 373 398 410 431
 466 478 526 540 542 595 612 617 635
10 52 79 86 112 132 143 175 199 212 233 325 358 369 395 412 432
 463 479 527 536 542 598 611 616 633
19 40 66 92 107 136 147 165 192 206 235 334 347 366 388 422 438
 453 470 530 538 543 597 611 617 645
7 47 61 95 118 120 159 172 182 215 226 336 351 380 393 426 446
 460 475 526 537 544 599 611 618 637
6 45 62 99 100 123 156 170 183 217 225 339 353 382 392 425 443
 459 474 530 540 544 598 613 615 640
16 34 50 62 97 131 145 162 193 221 254 274 310 358 361 377 389
 429 460 487 514 525 528 585 601 645
4 38 46 66 91 123 150 179 187 230 259 263 308 354 360 373 385
 446 457 482 514 522 527 586 600 648
12 24 40 73 84 135 142 170 197 228 246 278 300 345 363 379 400
 439 448 475 513 524 527 589 601 635
7 29 58 75 88 128 158 167 183 235 244 266 319 344 362 365 396
 437 466 471 512 525 527 587 603 638
10 22 43 70 81 136 140 174 196 226 249 277 302 349 363 383 399
 442 452 474 514 523 529 588 603 634
13 20 44 72 80 137 143 172 195 227 245 275 304 346 363 381 402
 441 451 473 515 525 530 586 604 632
18 32 51 63 99 134 147 160 194 223 250 272 311 357 361 375 393
 428 458 485 515 521 527 588 602 643
15 30 52 64 95 130 146 164 191 224 252 273 312 356 361 378 391
 431 461 483 512 523 530 589 600 642
17 31 54 61 96 133 148 163 192 220 253 271 314 359 361 376 392
 432 462 486 513 522 529 587 604 641
9 37 48 68 93 124 154 175 189 231 257 262 309 353 360 370 388
 445 455 481 515 523 526 587 601 646
11 21 41 74 82 138 141 173 199 229 248 279 301 348 363 382 401
 438 450 476 512 522 526 585 602 631
0 25 59 79 85 127 157 168 182 238 241 267 318 341 362 368 398
 435 467 469 511 522 530 588 601 636
14 23 42 71 83 139 144 171 198 225 247 276 303 347 363 380 403
 440 449 477 511 521 528 587 600 633
8 39 45 65 94 121 151 177 186 232 258 261 305 351 360 369 384
 444 453 480 512 524 528 588 604 650
2 35 47 69 92 122 152 176 188 234 255 264 306 352 360 372 387
 443 454 479 511 525 529 589 602 647
5 26 55 78 89 129 156 166 184 237 242 269 317 343 362 366 397
 433 463 472 513 523 528 586 602 637
19 33 53 60 98 132 149 161 190 222 251 270 313 355 361 374 390
 430 459 484 511 524 526 586 603 644
3 36 49 67 90 120 153 178 185 233 256 260 307 350 360 371 386
 447 456 478 513 521 530 585 603 649
1 28 56 76 86 125 155 169 181 236 243 268 315 342 362 367 394
 436 465 470 514 521 526 589 604 640
6 27 57 77 87 126 159 165 180 239 240 265 316 340 362 364 395
 434 464 468 515 524 529 585 600 639
13 35 54 62 81 109 146 177 182 222 248 293 317 322 347 424 445
 465 468 496 508 527 531 560 591 649
0 21 48 66 86 103 153 170 191 232 242 296 311 328 344 419 440
 460 484 499 509 529 531 564 592 632
15 26 42 70 97 115 143 165 185 228 250 285 306 339 359 415 437
 457 480 498 506 526 531 563 594 636
3 32 58 76 91 119 157 161 195 239 255 280 301 334 353 410 432
 452 475 497 507 528 531 561 593 642
8 33 56 77 93 118 156 163 198 238 256 283 302 332 352 411 431
 451 476 497 510 527 532 563 592 645
7 20 49 69 85 102 150 174 194 231 243 299 314 325 340 418 438
 459 483 499 508 528 533 563 590 635
6 24 46 65 88 105 152 171 192 233 241 297 310 329 343 420 441
 461 485 499 510 526 534 560 593 634
18 28 41 71 98 108 142 166 187 226 253 287 305 338 358 416 434
 454 481 498 507 530 533 560 592 638
4 31 57 79 92 116 158 164 197 237 258 282 304 330 350 409 429
 449 474 497 509 526 533 562 591 643
14 36 52 63 80 107 145 179 184 220 249 294 319 320 345 423 443
 464 469 496 507 526 532 564 590 650
19 27 43 73 96 113 141 167 189 227 252 289 308 336 357 414 435
 456 479 498 510 528 535 564 591 640
17 25 44 74 95 106 140 169 188 225 254 288 309 335 355 413 433
 453 478 498 509 527 534 561 590 639
11 38 51 61 84 110 149 176 181 221 247 290 316 323 349 427 444
 463 471 496 509 530 535 563 593 646
10 37 53 64 82 111 148 178 180 223 246 291 318 321 346 425 446
 466 470 496 506 528 534 562 592 647
12 39 50 60 83 114 147 175 183 224 245 292 315 324 348 426 447
 467 472 496 510 529 533 561 594 648
5 22 47 68 87 101 151 173 193 230 244 298 313 326 342 421 439
 458 486 499 506 530 532 561 591 633
1 23 45 67 89 104 154 172 190 234 240 295 312 327 341 422 442
 462 487 499 507 527 535 562 594 631
2 34 55 75 94 117 159 160 196 236 257 281 300 333 354 412 430
 450 477 497 508 530 534 564 594 641
16 29 40 72 99 112 144 168 186 229 251 286 307 337 356 417 436
 455 482 498 508 529 532 562 593 637
9 30 59 78 90 100 155 162 199 235 259 284 303 331 351 408 428
 448 473 497 506 529 535 560 590 644
103 108 111 118 141 149 154 155 260 269 271 278 340 347 354 356 469
 474 480 485 525 552 561 578 616 625
101 109 113 116 140 148 152 159 261 266 273 279 341 345 353 358 472
 473 482 484 521 550 563 575 617 625
105 110 112 119 142 147 150 158 264 267 270 276 342 346 351 359 468
 476 478 487 523 551 564 577 615 625
104 114 115 117 144 145 151 156 262 265 272 275 344 349 350 355 470
 475 479 483 522 554 560 579 619 625
100 102 106 107 143 146 153 157 263 268 274 277 343 348 352 357 471
 477 481 486 524 553 562 576 618 625
5 32 74 81 114 159 179 181 206 233 252 270 314 331 372 403 419
 451 480 489 540 562 565 601 608 638
11 26 69 91 118 142 162 196 217 224 241 265 319 335 375 388 424
 456 484 491 539 562 567 604 609 633
0 34 73 82 107 155 177 183 208 234 253 272 313 330 370 402 420
 452 478 489 536 563 567 600 605 637
8 20 61 98 115 154 168 188 212 235 246 277 301 329 367 389 409
 458 472 490 540 564 569 600 609 649
12 25 68 94 119 144 164 199 219 220 240 268 317 336 377 385 425
 454 485 491 538 563 569 603 608 632
15 38 77 89 102 145 170 192 204 229 257 264 305 321 380 398 414
 465 473 488 536 561 565 603 609 643
6 30 71 84 109 158 178 184 209 231 251 274 311 332 373 399 422
 450 479 489 537 561 569 604 606 636
17 39 76 85 101 146 171 190 200 228 259 262 307 323 381 395 416
 466 474 488 537 564 567 602 608 645
4 23 64 96 112 152 166 185 211 236 248 275 302 328 364 393 408
 459 471 490 538 561 567 601 607 650
14 27 66 90 117 143 163 197 215 222 243 266 318 338 378 384 427
 455 487 491 540 561 566 602 605 634
18 35 78 86 105 149 174 193 203 227 256 261 309 320 382 396 415
 467 475 488 538 562 566 600 606 641
10 29 67 93 116 141 160 195 216 221 242 267 315 339 374 387 423
 453 486 491 537 560 565 600 607 635
3 22 60 99 106 150 165 189 214 237 247 279 300 327 365 391 411
 460 469 490 536 560 566 604 608 647
2 21 63 97 113 151 169 187 213 238 245 278 303 325 366 392 410
 461 468 490 537 562 568 603 605 646
1 31 72 83 111 156 176 182 207 230 250 273 310 334 369 401 418
 448 481 489 539 564 566 603 607 639
16 37 79 88 104 147 173 191 202 226 255 260 308 322 379 397 413
 464 477 488 540 563 568 604 607 644
7 33 70 80 110 157 175 180 205 232 254 271 312 333 371 400 421
 449 482 489 538 560 568 602 609 640
19 36 75 87 103 148 172 194 201 225 258 263 306 324 383 394 417
 463 476 488 539 560 569 601 605 642
9 24 62 95 108 153 167 186 210 239 249 276 304 326 368 390 412
 462 470 490 539 563 565 602 606 648
13 28 65 92 100 140 161 198 218 223 244 269 316 337 376 386 426
 457 483 491 536 564 568 601 606 631
23 29 31 37 243 249 254 259 261 265 270 278 283 289 292 297 301
 306 311 317 530 536 595 614 618 629
22 25 32 39 242 246 253 256 264 266 274 275 281 286 293 299 303
 308 312 316 526 539 597 613 616 629
20 26 33 38 244 248 252 258 260 268 272 276 280 287 294 295 300
 309 310 318 529 537 598 610 617 629
24 28 30 35 240 245 250 257 263 267 271 279 282 288 290 296 302
 307 313 319 528 540 596 611 619 629
21 27 34 36 241 247 251 255 262 269 273 277 284 285 291 298 304
 305 314 315 527 538 599 612 615 629
11 39 42 64 107 133 174 188 202 230 251 278 296 336 353 362 386
 412 451 487 503 560 582 610 623 643
19 25 52 71 115 135 160 183 218 239 248 271 283 323 342 360 397
 418 460 473 500 562 582 612 621 634
13 37 41 63 110 131 171 186 201 234 252 277 299 339 350 362 385
 411 448 484 501 561 583 611 621 641
4 34 45 76 118 127 178 191 206 220 244 264 290 325 357 363 390
 415 455 472 504 560 581 614 621 639
15 29 51 74 108 136 163 180 219 237 245 274 284 322 341 360 394
 420 459 475 504 564 583 610 622 633
10 38 40 62 114 130 172 185 203 231 253 279 298 335 352 362 384
 410 449 485 500 564 580 614 620 644
1 22 57 66 105 120 168 195 213 225 257 269 287 331 348 361 400
 424 466 479 501 563 582 614 622 650
0 23 55 69 101 123 167 197 212 229 256 268 288 334 346 361 399
 426 464 480 502 560 583 612 620 646
16 28 53 70 113 137 164 182 217 235 247 272 281 320 343 360 395
 419 462 476 502 561 584 614 623 635
3 31 47 78 117 125 175 190 209 223 241 263 294 328 356 363 389
 414 453 468 500 563 583 613 623 638
9 32 46 77 116 129 177 193 205 224 243 260 291 327 355 363 392
 417 454 471 502 564 582 611 624 636
8 30 49 75 119 126 176 192 208 222 242 262 292 326 358 363 393
 413 457 469 501 562 584 610 620 640
7 21 56 65 104 122 165 196 210 227 259 267 286 330 345 361 403
 425 463 481 500 561 581 610 624 649
17 26 50 73 112 138 161 181 215 238 249 273 282 321 340 360 396
 422 458 477 501 560 580 613 624 632
12 36 44 61 109 132 173 189 204 232 250 276 297 338 354 362 387
 408 452 483 502 562 581 613 622 645
18 27 54 72 106 139 162 184 216 236 246 270 280 324 344 360 398
 421 461 474 503 563 581 611 620 631
5 24 58 67 102 124 169 199 211 226 258 265 285 332 347 361 402
 427 467 482 503 564 584 613 621 647
6 20 59 68 103 121 166 198 214 228 255 266 289 333 349 361 401
 423 465 478 504 562 580 611 623 648
14 35 43 60 111 134 170 187 200 233 254 275 295 337 351 362 388
 409 450 486 504 563 584 612 624 642
2 33 48 79 100 128 179 194 207 221 240 261 293 329 359 363 391
 416 456 470 503 561 580 612 622 637
9 20 43 63 82 106 123 192 202 232 273 293 307 332 342 364 429
 463 475 491 511 552 558 594 614 638
15 39 48 75 90 104 134 181 209 220 269 283 310 335 346 382 434
 452 482 490 511 553 557 591 611 635
13 27 58 68 85 116 138 187 212 225 264 297 302 320 356 375 444
 460 470 489 513 553 556 594 610 644
12 26 57 67 88 117 137 188 210 229 261 298 303 323 357 376 445
 459 469 489 514 551 558 592 611 642
6 32 53 72 96 110 127 199 215 237 278 287 319 326 352 370 440
 453 483 488 514 550 557 594 612 649
0 33 54 71 95 111 129 196 219 235 279 289 315 325 350 372 439
 457 487 488 515 553 558 593 613 650
8 21 40 64 83 108 120 194 200 234 270 290 309 333 343 365 432
 464 473 491 514 554 556 591 613 636
17 36 46 78 92 102 131 183 207 222 267 280 312 336 349 379 436
 450 480 490 515 550 556 592 614 633
19 35 45 79 93 101 130 184 205 223 265 281 314 338 348 380 437
 448 478 490 514 552 559 593 610 632
10 28 55 66 87 118 135 186 214 227 262 295 301 322 359 377 447
 461 471 489 511 550 559 590 613 643
2 23 44 60 81 115 124 191 203 230 274 294 305 330 340 368 428
 466 476 491 513 550 555 593 611 640
5 31 52 73 97 109 128 195 217 236 277 288 316 327 351 371 438
 455 485 488 511 554 555 592 610 648
4 22 41 62 84 113 121 190 204 233 271 291 306 334 344 367 431
 467 477 491 515 551 557 590 610 637
7 30 50 74 99 107 125 198 216 239 275 285 318 329 354 369 442
 454 484 488 513 551 559 591 614 646
3 24 42 61 80 112 122 193 201 231 272 292 308 331 341 366 430
 465 474 491 512 553 559 592 612 639
18 37 49 77 91 103 133 182 206 221 268 284 313 337 345 381 433
 449 479 490 512 551 555 594 613 634
16 38 47 76 94 105 132 180 208 224 266 282 311 339 347 383 435
 451 481 490 513 554 558 590 612 631
11 29 59 65 86 119 139 185 213 226 263 299 300 321 355 378 443
 462 472 489 515 552 555 591 612 645
1 34 51 70 98 114 126 197 218 238 276 286 317 328 353 373 441
 456 486 488 512 552 556 590 611 647
14 25 56 69 89 100 136 189 211 228 260 296 304 324 358 374 446
 458 468 489 512 554 557 593 614 641
64 66 71 77 161 169 173 175 300 307 314 317 320 329 330 339 341
 349 351 357 517 525 539 557 620 628
61 65 72 76 160 167 170 179 303 306 313 318 322 327 332 335 340
 348 350 358 518 523 538 556 623 628
62 68 73 79 163 165 174 176 301 305 312 319 324 328 331 337 343
 346 354 355 519 521 537 558 621 628
60 67 70 75 162 166 171 177 304 309 311 316 321 325 334 336 342
 345 352 356 516 522 540 559 622 628
63 69 74 78 164 168 172 178 302 308 310 315 323 326 333 338 344
 347 353 359 520 524 536 555 624 628
8 36 43 68 146 206 237 243 272 288 303 321 359 373 400 412 434
 467 484 500 525 544 546 593 607 631
0 26 51 76 144 214 233 257 277 292 312 338 345 364 392 418 446
 453 476 503 525 541 545 591 606 644
6 25 50 75 143 213 234 259 279 294 314 337 347 367 390 421 444
 456 475 502 523 541 548 592 607 643
11 23 57 73 151 201 222 250 260 281 315 329 352 381 398 425 432
 460 482 504 523 543 546 590 606 638
18 31 45 60 159 219 228 248 267 298 308 332 343 378 386 417 440
 452 470 501 525 542 548 590 609 646
10 24 59 74 150 200 220 251 261 280 316 328 350 380 397 424 431
 458 481 502 525 543 549 594 605 640
9 38 42 67 147 207 236 241 271 286 301 320 358 372 399 411 433
 466 483 504 524 544 548 591 605 632
17 34 48 64 156 216 226 245 266 295 306 331 342 375 385 414 438
 449 469 502 524 542 547 593 606 649
2 37 40 65 149 209 239 242 273 287 302 324 357 371 402 409 437
 465 487 502 522 544 545 590 608 633
7 28 54 79 141 211 230 256 276 291 311 335 349 366 389 420 443
 455 473 501 524 541 546 594 608 642
14 22 58 72 152 202 221 252 262 282 317 325 354 382 394 426 428
 462 478 500 524 543 545 592 609 636
12 20 56 71 153 203 223 254 264 284 319 327 353 383 395 427 430
 461 480 501 522 543 547 591 607 637
4 39 44 69 145 205 235 240 270 285 300 322 356 370 401 410 435
 463 486 501 521 544 549 592 606 634
5 29 53 77 142 212 232 255 275 290 310 336 348 368 391 422 445
 457 474 500 521 541 547 590 605 641
19 30 46 61 157 217 229 249 269 299 309 330 344 377 384 416 439
 451 468 504 521 542 545 594 607 647
13 21 55 70 154 204 224 253 263 283 318 326 351 379 396 423 429
 459 479 503 521 543 548 593 608 639
15 32 47 62 158 218 227 247 268 297 307 333 340 374 388 413 442
 448 472 503 522 542 546 592 605 650
3 35 41 66 148 208 238 244 274 289 304 323 355 369 403 408 436
 464 485 503 523 544 547 594 609 635
1 27 52 78 140 210 231 258 278 293 313 339 346 365 393 419 447
 454 477 504 522 541 549 593 609 645
16 33 49 63 155 215 225 246 265 296 305 334 341 376 387 415 441
 450 471 500 523 542 549 591 608 648
40 48 50 59 184 187 190 195 243 247 250 256 322 326 330 336 364
 372 376 383 512 534 598 609 621 625
44 45 54 56 180 185 193 199 242 249 252 257 323 329 334 337 365
 373 375 379 511 533 599 605 623 625
42 46 52 57 182 186 194 196 244 245 254 255 321 328 332 338 367
 370 374 382 513 535 597 608 620 625
41 47 51 55 183 189 192 198 240 246 251 258 320 325 331 335 368
 371 378 381 514 531 595 607 624 625
43 49 53 58 181 188 191 197 241 248 253 259 324 327 333 339 366
 369 377 380 515 532 596 606 622 625
23 25 33 35 40 46 51 58 82 87 90 97 412 414 419 423 472
 474 481 483 501 551 574 599 604 628
20 27 32 37 42 45 50 55 84 86 92 95 408 416 420 424 469
 476 482 486 500 554 573 596 603 628
24 26 31 36 41 48 53 56 81 85 94 99 410 413 421 426 471
 473 479 487 504 552 570 597 600 628
22 28 34 38 44 49 52 59 83 88 93 96 409 417 422 425 468
 475 480 484 503 553 571 595 602 628
21 29 30 39 43 47 54 57 80 89 91 98 411 415 418 427 470
 477 478 485 502 550 572 598 601 628
13 77 106 135 148 164 181 203 226 251 267 292 303 334 354 370 389
 437 456 499 504 554 574 598 602 650
18 68 110 130 141 170 188 218 222 249 263 285 310 325 341 364 403
 447 466 497 502 554 571 597 604 637
3 73 102 121 158 168 196 206 230 240 275 283 309 339 358 376 394
 440 461 496 502 552 573 599 602 644
5 61 117 127 152 177 194 214 239 259 274 296 315 320 346 379 388
 431 449 498 501 552 571 598 603 631
15 65 107 132 144 172 187 217 221 246 260 289 314 328 342 365 399
 445 467 497 501 550 570 596 602 639
17 67 109 134 143 174 186 219 224 247 264 287 313 329 344 366 401
 446 464 497 500 552 574 595 601 640
11 75 108 137 147 161 184 204 228 254 268 293 302 331 350 369 392
 435 455 499 500 550 571 599 600 647
14 79 115 138 146 162 180 201 227 253 269 290 300 332 353 372 393
 436 453 499 502 551 570 595 603 648
12 78 112 136 145 160 182 200 225 252 266 291 301 330 352 371 390
 434 457 499 503 552 572 596 604 646
19 69 111 131 140 173 185 215 220 245 262 286 311 327 343 368 400
 444 465 497 503 551 573 598 600 638
7 64 119 129 153 179 190 212 238 257 272 298 316 324 347 382 387
 429 448 498 504 550 573 595 604 634
4 70 105 124 159 167 198 207 234 242 278 284 307 338 355 377 398
 438 458 496 500 553 570 598 604 642
6 63 116 125 150 176 191 210 235 256 271 295 317 321 348 381 384
 430 452 498 503 554 570 599 601 633
16 66 114 133 142 171 189 216 223 248 261 288 312 326 340 367 402
 443 463 497 504 553 572 599 603 636
8 74 104 123 155 166 195 205 231 241 276 282 306 337 357 378 395
 439 460 496 503 550 574 597 603 641
9 72 103 122 157 169 197 209 233 244 279 281 305 336 359 375 397
 442 459 496 501 554 572 595 600 645
1 62 118 128 151 175 192 211 237 255 270 299 318 323 345 383 386
 428 450 498 502 553 574 596 600 632
10 76 113 139 149 163 183 202 229 250 265 294 304 333 351 373 391
 433 454 499 501 553 573 597 601 649
2 71 101 120 156 165 199 208 232 243 277 280 308 335 356 374 396
 441 462 496 504 551 571 596 601 643
0 60 100 126 154 178 193 213 236 258 273 297 319 322 349 380 385
 432 451 498 500 551 572 597 602 635
13 38 56 60 97 107 127 141 197 205 255 261 307 331 344 393 418
 434 462 493 523 534 569 573 613 633
15 28 46 73 81 106 120 147 190 210 242 265 318 325 353 401 408
 444 449 492 525 532 569 572 612 641
2 30 41 76 88 116 136 154 185 218 254 272 314 336 346 398 424
 440 463 495 524 532 566 574 613 648
8 32 44 79 87 117 139 153 187 219 251 271 310 339 345 396 426
 438 465 495 523 535 567 572 614 647
4 33 42 78 85 119 135 151 189 217 253 273 311 337 348 394 427
 442 464 495 525 534 565 571 611 649
0 22 50 65 91 102 130 156 180 200 248 278 304 320 359 387 413
 430 455 494 521 535 569 574 611 638
17 29 45 71 82 113 122 145 194 211 241 268 316 326 354 400 409
 447 451 492 523 531 566 570 611 644
19 26 49 72 84 108 124 146 193 212 240 266 315 328 351 403 411
 443 452 492 522 534 568 574 614 643
18 25 47 70 83 112 123 148 191 214 243 269 319 329 350 402 410
 445 450 492 524 535 565 573 610 645
11 36 55 62 96 111 125 144 195 208 259 264 309 332 341 391 419
 437 458 493 524 533 568 572 611 634
6 21 52 67 94 101 133 157 181 201 246 276 302 322 355 388 414
 428 457 494 525 533 566 573 614 637
14 37 57 61 99 114 129 140 199 207 256 263 305 333 342 390 422
 435 461 493 525 531 567 574 610 635
1 24 54 69 90 103 132 159 183 203 247 275 301 321 357 385 416
 429 453 494 523 532 568 571 610 636
5 20 51 66 93 104 131 158 182 204 249 279 303 324 356 386 415
 432 454 494 524 534 567 570 612 640
7 23 53 68 92 105 134 155 184 202 245 277 300 323 358 384 417
 431 456 494 522 531 565 572 613 639
9 31 40 75 89 118 138 150 188 216 252 274 313 338 349 395 425
 441 467 495 521 531 568 573 612 650
16 27 48 74 80 115 121 149 192 213 244 267 317 327 352 399 412
 446 448 492 521 533 567 571 613 642
12 35 59 64 98 110 128 143 196 209 258 262 308 334 340 392 420
 433 460 493 521 532 565 570 614 631
10 39 58 63 95 109 126 142 198 206 257 260 306 330 343 389 421
 436 459 493 522 535 566 571 612 632
3 34 43 77 86 100 137 152 186 215 250 270 312 335 347 397 423
 439 466 495 522 533 569 570 610 646
3 50 70 85 103 173 192 219 236 252 265 290 303 346 374 384 409
 443 481 493 520 527 550 582 606 637
7 42 60 91 116 163 199 204 234 246 262 288 310 357 383 397 419
 436 468 492 518 530 552 580 606 650
4 53 71 88 102 172 193 216 238 250 269 293 301 345 378 388 412
 444 478 493 518 529 554 583 608 640
14 48 77 97 112 167 188 208 223 258 271 299 315 343 373 401 424
 442 475 494 516 530 550 581 608 644
11 49 78 98 113 165 186 205 220 257 274 297 318 342 372 402 426
 440 474 494 517 527 554 580 607 642
8 51 72 89 101 174 191 217 239 254 267 291 300 347 376 385 408
 447 479 493 516 526 553 580 605 638
2 52 74 87 105 170 190 215 235 253 268 292 304 349 375 386 411
 445 482 493 519 528 552 581 607 636
9 54 73 86 104 171 194 218 237 251 266 294 302 348 377 387 410
 446 480 493 517 530 551 584 609 639
0 43 62 90 119 160 198 201 230 245 261 287 314 356 379 395 422
 433 471 492 520 526 554 581 609 647
19 55 67 82 110 179 182 213 228 243 275 282 305 353 365 389 413
 431 485 495 517 529 553 581 606 633
10 45 75 96 106 168 187 207 224 255 272 296 317 340 371 403 427
 439 473 494 519 526 551 583 606 645
6 41 64 92 117 162 195 203 232 249 260 286 313 359 380 394 418
 435 472 492 519 527 553 584 608 646
13 46 76 95 115 166 189 209 221 256 270 298 319 341 369 400 425
 438 477 494 520 529 552 584 605 643
12 47 79 99 108 169 185 206 222 259 273 295 316 344 370 399 423
 441 476 494 518 528 553 582 609 641
16 57 68 83 107 178 181 211 227 242 279 280 306 351 368 392 416
 430 483 495 516 527 552 583 609 634
17 58 65 81 111 175 184 214 229 240 276 284 308 352 367 393 415
 429 484 495 519 530 554 582 605 635
18 59 69 84 114 177 180 210 225 244 277 283 307 354 366 391 414
 432 487 495 518 526 550 584 607 632
15 56 66 80 109 176 183 212 226 241 278 281 309 350 364 390 417
 428 486 495 520 528 551 580 608 631
5 44 63 94 118 161 197 200 231 247 263 289 312 358 382 398 420
 437 470 492 516 529 551 582 607 649
1 40 61 93 100 164 196 202 233 248 264 285 311 355 381 396 421
 434 469 492 517 528 550 583 605 648
64 65 74 75 182 189 193 197 264 265 271 277 410 416 422 423 428
 436 440 447 546 558 563 586 598 626
63 68 72 77 183 185 190 196 261 269 274 276 409 413 419 427 432
 435 438 446 548 559 560 589 596 626
62 66 70 76 184 188 194 199 260 267 273 275 411 414 420 426 430
 434 439 444 549 555 562 587 595 626
60 69 71 79 181 186 192 195 263 266 272 278 408 415 421 425 431
 433 442 445 545 556 564 585 599 626
61 67 73 78 180 187 191 198 262 268 270 279 412 417 418 424 429
 437 441 443 547 557 561 588 597 626
144 148 154 158 161 165 170 177 241 245 252 256 387 393 397 401 412
 416 421 427 514 553 555 590 614 627
140 147 151 157 162 167 172 176 243 248 251 257 385 391 395 403 409
 415 420 423 513 552 557 592 613 627
143 149 150 156 160 169 171 178 240 249 253 255 388 389 398 400 408
 417 419 426 512 550 558 591 610 627
141 145 153 159 164 166 174 175 244 246 250 259 384 392 394 402 411
 413 422 424 511 551 556 593 612 627
142 146 152 155 163 168 173 179 242 247 254 258 386 390 396 399 410
 414 418 425 515 554 559 594 611 627
12 38 63 87 111 120 152 162 212 237 267 283 314 355 402 407 416
 442 455 477 512 531 597 606 623 640
13 36 64 88 114 124 150 163 213 239 268 281 311 358 401 407 415
 439 453 474 511 535 596 609 624 637
11 37 60 85 109 121 153 160 211 235 269 282 312 359 403 407 414
 441 454 475 514 532 598 605 620 639
14 39 62 86 110 122 154 164 214 238 265 280 313 357 399 407 417
 438 457 473 513 534 599 607 622 638
10 35 61 89 107 123 151 161 210 236 266 284 310 356 400 407 413
 440 456 476 515 533 595 608 621 636
6 22 69 98 104 137 141 179 219 223 273 292 309 351 398 404 412
 436 449 471 513 531 596 605 621 645
0 20 67 96 105 139 140 175 217 222 274 290 306 354 397 404 410
 434 448 470 512 532 599 608 624 643
8 34 78 84 116 130 147 169 201 229 275 289 319 340 386 406 421
 446 462 481 511 531 598 608 622 634
3 30 79 83 118 133 145 167 203 228 277 287 317 342 387 406 419
 444 459 482 515 534 597 605 624 631
2 31 77 80 119 132 146 166 202 225 279 286 318 344 388 406 420
 447 458 480 514 535 599 606 621 635
9 33 76 81 117 134 148 168 204 227 278 285 316 343 385 406 422
 443 460 478 512 533 596 607 620 633
15 25 72 93 113 128 155 171 206 232 263 298 301 349 393 405 424
 430 464 487 513 533 598 606 624 647
16 26 71 92 106 125 159 170 205 230 262 299 302 346 390 405 423
 432 467 485 512 535 595 605 622 649
19 28 74 94 112 127 156 174 209 234 260 297 303 345 391 405 427
 429 466 486 515 531 599 609 620 648
18 29 73 90 115 126 157 173 207 231 264 295 304 347 392 405 426
 431 463 484 514 534 596 608 623 650
17 27 70 91 108 129 158 172 208 233 261 296 300 348 389 405 425
 428 465 483 511 532 597 607 621 646
1 21 68 99 102 136 142 177 215 221 271 294 308 350 395 404 408
 437 451 472 511 534 595 606 620 642
7 24 66 97 101 138 144 178 218 224 270 293 305 352 394 404 409
 433 452 469 515 535 598 607 623 641
5 23 65 95 103 135 143 176 216 220 272 291 307 353 396 404 411
 435 450 468 514 533 597 609 622 644
4 32 75 82 100 131 149 165 200 226 276 288 315 341 384 406 418
 445 461 479 513 532 595 609 623 632
0 4 11 17 120 128 132 136 223 227 231 239 303 305 310 317 411
 417 421 423 540 573 584 589 594 625
6 8 12 19 122 129 134 138 221 226 230 236 304 307 312 318 410
 415 419 424 536 571 583 587 590 625
1 3 14 18 124 127 131 135 224 229 232 235 302 306 314 316 412
 413 420 425 537 572 580 586 591 625
5 9 10 15 121 125 133 137 222 225 234 238 300 308 311 319 409
 416 418 426 538 574 581 585 593 625
2 7 13 16 123 126 130 139 220 228 233 237 301 309 313 315 408
 414 422 427 539 570 582 588 592 625
4 29 94 111 137 169 192 256 277 294 313 324 353 379 403 424 434
 460 483 535 542 559 577 580 602 636
10 31 84 104 127 162 189 245 268 299 305 329 347 364 396 419 430
 457 478 532 544 556 575 582 602 642
5 39 88 106 132 178 196 243 271 287 304 337 341 377 393 414 443
 448 476 531 543 556 579 580 600 646
3 25 92 114 138 166 194 257 278 291 310 322 351 381 399 427 437
 462 484 532 542 558 576 581 600 640
17 22 97 119 124 170 182 251 260 283 319 333 357 372 384 408 441
 463 470 533 541 559 575 583 600 631
14 34 81 103 128 161 185 246 267 297 309 326 348 366 395 418 431
 454 482 535 544 558 579 583 604 643
7 38 86 115 133 177 195 240 273 289 303 338 343 375 390 413 447
 450 474 532 543 557 577 583 601 647
19 21 95 117 123 171 180 250 264 280 317 331 358 370 386 409 442
 467 471 532 541 555 578 580 604 635
0 36 89 113 134 176 199 244 270 286 302 339 340 378 389 416 445
 449 475 534 543 559 576 582 604 648
13 30 82 105 129 160 188 247 265 295 308 328 345 368 394 421 432
 455 480 533 544 557 576 580 603 645
15 20 99 118 122 173 184 253 261 282 315 334 355 371 385 412 440
 466 468 535 541 556 576 584 601 634
2 27 93 107 135 168 193 259 276 290 312 321 350 383 401 426 433
 459 485 531 542 557 575 584 604 638
6 35 85 108 131 175 197 242 272 285 301 335 342 376 391 417 446
 451 477 535 543 555 575 581 603 650
11 33 83 102 126 164 187 249 266 298 307 327 346 367 397 420 428
 453 479 531 544 559 578 581 601 641
16 23 98 116 120 174 183 252 263 284 316 332 359 369 388 410 439
 465 469 534 541 557 579 581 602 632
1 37 87 112 130 179 198 241 274 288 300 336 344 374 392 415 444
 452 473 533 543 558 578 584 602 649
12 32 80 101 125 163 186 248 269 296 306 325 349 365 398 422 429
 456 481 534 544 555 577 584 600 644
9 28 91 109 139 165 191 258 275 292 314 323 352 382 400 423 435
 458 487 534 542 556 578 583 603 637
8 26 90 110 136 167 190 255 279 293 311 320 354 380 402 425 436
 461 486 533 542 555 579 582 601 639
18 24 96 100 121 172 181 254 262 281 318 330 356 373 387 411 438
 464 472 531 541 558 577 582 603 633
40 47 52 56 124 126 134 137 280 289 291 299 341 348 354 359 429
 433 440 444 540 560 567 603 606 627
43 45 51 59 120 129 133 135 282 285 294 297 344 346 352 358 430
 436 438 445 539 561 568 600 608 627
41 49 50 57 122 127 132 139 283 288 293 295 343 349 353 356 428
 437 439 446 538 564 565 604 605 627
42 48 54 58 123 125 131 136 281 287 290 298 340 345 351 355 431
 435 441 447 536 562 569 602 607 627
44 46 53 55 121 128 130 138 284 286 292 296 342 347 350 357 432
 434 442 443 537 563 566 601 609 627
43 46 50 56 64 67 72 79 142 149 151 159 204 208 214 218 220
 225 231 235 531 555 576 583 602 629
41 45 52 58 61 69 70 77 144 147 153 155 200 209 213 216 222
 227 230 237 534 558 575 580 601 629
44 48 51 57 62 65 71 78 141 148 150 157 202 206 212 215 224
 228 234 236 532 559 579 584 603 629
42 47 53 59 63 66 73 75 140 146 154 156 203 205 211 219 221
 229 233 239 533 556 577 581 604 629
40 49 54 55 60 68 74 76 143 145 152 158 201 207 210 217 223
 226 232 238 535 557 578 582 600 629
1 9 11 19 44 47 50 58 163 166 170 178 261 267 272 277 449
 457 461 464 508 557 570 608 616 630
0 3 13 15 40 45 53 57 162 169 174 179 262 266 271 276 450
 454 458 463 510 555 571 607 618 630
4 7 12 18 43 48 52 55 161 168 171 176 260 265 274 279 451
 453 462 465 506 556 574 605 615 630
2 6 10 17 42 49 51 56 164 167 173 177 263 269 270 275 448
 455 460 467 507 558 572 609 617 630
5 8 14 16 41 46 54 59 160 165 172 175 264 268 273 278 452
 456 459 466 509 559 573 606 619 630
36 47 71 93 119 149 162 197 210 252 275 296 322 343 367 392 404
 438 466 482 536 574 580 588 594 639
31 50 66 98 106 155 167 185 201 240 264 291 333 345 382 397 407
 445 451 483 537 571 584 588 593 633
29 56 62 87 102 140 171 191 209 246 272 282 338 351 372 401 406
 432 456 469 538 571 582 586 594 646
28 57 63 85 104 143 170 193 208 248 270 284 336 354 371 399 406
 431 453 472 539 573 580 587 593 647
25 55 61 88 103 142 174 190 205 245 273 280 339 352 373 403 406
 428 455 470 536 570 584 585 591 650
24 44 77 82 114 154 176 184 217 259 266 287 325 359 374 386 405
 436 460 477 538 573 583 588 591 642
32 54 67 97 108 156 168 189 202 244 263 292 330 346 380 395 407
 444 450 484 538 570 580 589 590 634
21 42 79 81 110 152 178 183 216 257 268 289 327 356 376 384 405
 434 458 475 539 574 584 586 590 645
20 41 75 83 109 151 179 180 215 256 267 285 328 357 377 388 405
 433 462 474 536 572 582 589 593 644
23 43 76 84 107 150 175 182 219 258 269 286 326 355 375 387 405
 437 461 473 540 571 580 585 592 641
39 49 73 92 118 148 160 199 213 254 276 298 320 344 364 391 404
 442 465 481 540 570 583 586 593 636
22 40 78 80 111 153 177 181 218 255 265 288 329 358 378 385 405
 435 459 476 537 570 581 587 594 643
27 59 60 89 105 144 173 194 206 249 271 281 335 353 369 402 406
 429 457 471 537 574 583 589 592 649
35 48 72 91 117 147 164 198 211 253 277 297 321 341 365 390 404
 439 463 480 537 573 582 585 590 640
33 52 65 99 113 158 166 188 203 243 262 290 331 347 379 398 407
 446 452 486 539 572 583 585 594 632
38 45 74 90 116 146 161 196 214 250 278 299 324 342 368 389 404
 441 464 479 538 572 584 587 592 637
34 53 69 95 112 157 165 187 204 242 261 294 332 349 381 394 407
 447 448 485 540 574 582 587 591 631
26 58 64 86 101 141 172 192 207 247 274 283 337 350 370 400 406
 430 454 468 540 572 581 588 590 648
30 51 68 96 115 159 169 186 200 241 260 293 334 348 383 396 407
 443 449 487 536 573 581 586 592 635
37 46 70 94 100 145 163 195 212 251 279 295 323 340 366 393 404
 440 467 478 539 571 581 589 591 638
