625 626 627 628 629 630 631 632 633 634 635 636 637 638 639 640 641
 642 643 644 645 646 647 648 649 650
583 584 585 586 587 588 589 590 591 592 593 594 599 600 601 602 615
 616 617 618 619 620 621 622 623 625
575 576 577 578 579 580 581 582 595 596 597 598 603 604 605 606 607
 608 609 610 611 612 613 614 624 625
25 26 27 28 29 30 31 32 45 46 47 48 53 54 55 56 57
 58 59 60 61 62 63 64 74 625
33 34 35 36 37 38 39 40 41 42 43 44 49 50 51 52 65
 66 67 68 69 70 71 72 73 625
383 384 385 386 387 388 389 390 391 392 393 394 399 400 401 402 415
 416 417 418 419 420 421 422 423 625
375 376 377 378 379 380 381 382 395 396 397 398 403 404 405 406 407
 408 409 410 411 412 413 414 424 625
175 176 177 178 183 184 185 186 191 192 193 194 199 200 201 202 211
 212 213 214 219 220 221 222 224 625
179 180 181 182 187 188 189 190 195 196 197 198 203 204 205 206 207
 208 209 210 215 216 217 218 223 625
79 80 81 82 87 88 89 90 91 92 93 94 103 104 105 106 111
 112 113 114 115 116 117 118 123 625
75 76 77 78 83 84 85 86 95 96 97 98 99 100 101 102 107
 108 109 110 119 120 121 122 124 625
529 530 531 532 533 534 535 536 541 542 543 544 549 550 551 552 561
 562 563 564 569 570 571 572 574 625
525 526 527 528 537 538 539 540 545 546 547 548 553 554 555 556 557
 558 559 560 565 566 567 568 573 625
325 326 327 328 337 338 339 340 341 342 343 344 353 354 355 356 357
 358 359 360 361 362 363 364 374 625
329 330 331 332 333 334 335 336 345 346 347 348 349 350 351 352 365
 366 367 368 369 370 371 372 373 625
475 476 477 478 487 488 489 490 495 496 497 498 503 504 505 506 507
 508 509 510 519 520 521 522 523 625
479 480 481 482 483 484 485 486 491 492 493 494 499 500 501 502 511
 512 513 514 515 516 517 518 524 625
279 280 281 282 287 288 289 290 291 292 293 294 303 304 305 306 307
 308 309 310 319 320 321 322 323 625
275 276 277 278 283 284 285 286 295 296 297 298 299 300 301 302 311
 312 313 314 315 316 317 318 324 625
233 234 235 236 237 238 239 240 241 242 243 244 249 250 251 252 265
 266 267 268 269 270 271 272 273 625
225 226 227 228 229 230 231 232 245 246 247 248 253 254 255 256 257
 258 259 260 261 262 263 264 274 625
125 126 127 128 129 130 131 132 145 146 147 148 153 154 155 156 157
 158 159 160 161 162 163 164 174 625
133 134 135 136 137 138 139 140 141 142 143 144 149 150 151 152 165
 166 167 168 169 170 171 172 173 625
0 1 2 3 4 5 6 7 8 9 10 11 12 13 14 15 16
 17 18 19 20 21 22 23 24 625
24 73 74 123 124 173 174 223 224 273 274 323 324 373 374 423 424
 473 474 523 524 573 574 623 624 650
24 64 72 118 122 136 164 218 222 264 272 318 322 332 364 378 386
 436 468 478 482 568 572 586 614 649
24 63 69 116 120 134 162 217 221 263 269 316 320 330 361 376 383
 434 465 475 479 567 571 584 612 648
24 61 71 115 119 133 163 216 220 261 271 315 319 329 363 375 384
 433 467 476 480 566 570 583 613 647
24 62 70 117 121 135 161 215 219 262 270 317 321 331 362 377 385
 435 466 477 481 565 569 585 611 646
24 45 50 100 104 147 150 201 205 245 250 291 295 343 345 397 401
 452 454 493 497 551 555 597 600 634
24 46 52 101 105 146 151 199 203 246 252 294 298 344 348 395 402
 449 453 492 496 549 553 596 601 637
24 48 49 99 103 148 152 202 206 248 249 292 296 342 346 398 400
 451 456 494 498 552 556 598 602 636
24 47 51 102 106 145 149 200 204 247 251 293 297 341 347 396 399
 450 455 491 495 550 554 595 599 635
24 42 54 108 112 131 141 192 196 242 254 301 305 339 350 393 405
 447 458 485 489 542 546 581 591 631
24 41 56 109 113 132 144 193 197 241 256 299 303 337 351 391 406
 446 460 484 488 543 547 582 594 632
24 43 53 107 111 129 142 191 195 243 253 302 306 340 352 394 404
 445 457 486 490 541 545 579 592 633
24 44 55 110 114 130 143 194 198 244 255 300 304 338 349 392 403
 448 459 483 487 544 548 580 593 630
24 38 60 94 98 155 165 208 212 238 260 285 289 326 367 387 409
 430 471 499 503 558 562 605 615 639
24 40 57 91 95 153 168 209 213 240 257 286 290 328 368 390 407
 429 469 502 506 559 563 603 618 641
24 39 58 93 97 154 167 210 214 239 258 283 287 325 365 389 408
 432 472 500 504 560 564 604 617 640
24 37 59 92 96 156 166 207 211 237 259 284 288 327 366 388 410
 431 470 501 505 557 561 606 616 638
24 32 65 83 87 127 171 185 189 232 265 309 313 353 372 382 415
 425 444 510 514 535 539 577 621 645
24 29 68 85 89 126 172 186 190 229 268 307 311 355 370 379 418
 427 442 508 512 536 540 576 622 643
24 31 66 86 90 125 169 183 187 231 266 310 314 354 371 381 416
 426 443 507 511 533 537 575 619 644
24 30 67 84 88 128 170 184 188 230 267 308 312 356 369 380 417
 428 441 509 513 534 538 578 620 642
24 27 33 77 81 137 158 176 180 227 233 277 281 334 357 414 420
 440 463 516 520 526 530 587 608 627
24 28 34 76 80 139 160 178 182 228 234 275 279 335 359 413 419
 438 462 517 521 528 532 589 610 629
24 26 35 78 82 138 157 177 181 226 235 276 280 333 358 412 421
 439 464 515 519 527 531 588 607 626
24 25 36 75 79 140 159 175 179 225 236 278 282 336 360 411 422
 437 461 518 522 525 529 590 609 628
20 59 68 114 120 139 164 203 214 238 274 292 312 347 357 375 393
 445 454 477 511 527 535 590 603 632
23 57 66 111 121 137 162 205 211 239 274 294 313 346 360 378 392
 446 455 476 513 528 536 588 605 631
22 58 65 112 122 138 163 206 212 240 274 293 314 345 359 377 391
 448 453 475 512 525 534 587 606 633
21 60 67 113 119 140 161 204 213 237 274 291 311 348 358 376 394
 447 456 478 514 526 533 589 604 630
21 51 59 103 107 147 169 181 224 240 258 301 304 363 370 414 417
 436 465 510 517 553 569 594 605 628
22 49 57 105 109 145 170 182 224 238 259 300 306 364 371 411 415
 434 466 508 516 555 570 591 604 626
23 50 58 106 110 146 172 179 224 237 260 299 305 362 372 413 416
 433 468 509 515 556 571 592 603 627
20 52 60 104 108 148 171 180 224 239 257 302 303 361 369 412 418
 435 467 507 518 554 572 593 606 629
16 51 54 92 120 152 157 189 212 230 234 294 315 354 365 390 397
 457 468 484 508 526 529 593 611 650
18 49 55 91 121 151 160 190 214 232 233 291 318 356 366 387 396
 460 465 485 507 525 531 592 613 650
19 50 56 93 122 149 159 188 213 231 235 292 317 355 367 388 395
 459 467 486 510 528 530 591 612 650
17 52 53 94 119 150 158 187 211 229 236 293 316 353 368 389 398
 458 466 483 509 527 532 594 614 650
20 62 71 84 112 155 168 175 181 255 266 287 296 332 341 394 413
 442 446 496 516 539 561 584 597 650
22 63 70 86 113 153 166 176 179 254 268 289 297 329 343 392 412
 444 445 498 517 538 564 586 596 650
23 61 72 83 114 154 165 177 182 253 267 288 298 330 342 391 414
 443 447 497 518 540 563 585 595 650
21 64 69 85 111 156 167 178 180 256 265 290 295 331 344 393 411
 441 448 495 515 537 562 583 598 650
17 49 59 98 112 132 149 195 221 264 271 275 323 334 360 397 418
 428 444 506 515 533 560 580 585 637
18 51 58 95 113 129 150 198 222 261 270 276 323 335 357 395 415
 426 441 505 518 536 558 581 584 636
19 52 57 97 114 131 152 197 219 263 272 277 323 336 358 396 416
 425 442 503 517 534 557 579 583 634
16 50 60 96 111 130 151 196 220 262 269 278 323 333 359 398 417
 427 443 504 516 535 559 582 586 635
14 55 70 76 104 140 164 188 221 240 253 294 324 339 372 381 389
 442 463 494 505 562 566 582 599 626
13 53 71 77 106 138 162 189 219 238 256 291 324 338 370 380 388
 443 461 492 506 564 568 581 602 629
12 54 69 78 105 137 163 187 222 237 255 292 324 337 369 379 387
 444 462 491 504 563 565 579 600 628
15 56 72 75 103 139 161 190 220 239 254 293 324 340 371 382 390
 441 464 493 503 561 567 580 601 627
17 54 70 85 118 125 168 185 208 239 245 278 281 335 358 380 400
 431 459 475 524 553 570 592 595 632
19 55 71 86 116 128 165 186 210 237 247 276 282 334 359 382 402
 429 457 477 524 555 572 594 598 631
18 56 69 83 115 126 166 184 209 238 246 277 279 333 360 381 399
 432 458 478 524 556 569 593 597 633
16 53 72 84 117 127 167 183 207 240 248 275 280 336 357 379 401
 430 460 476 524 554 571 591 596 630
12 50 62 79 120 143 158 191 223 249 259 313 319 358 370 381 391
 441 450 485 521 560 572 596 615 641
14 51 61 82 121 142 159 193 223 252 257 311 322 359 371 380 393
 444 451 483 520 557 571 597 617 639
15 52 63 81 122 141 160 194 223 251 258 312 321 360 372 379 394
 443 452 484 519 558 570 598 618 638
13 49 64 80 119 144 157 192 223 250 260 314 320 357 369 382 392
 442 449 486 522 559 569 595 616 640
22 51 56 84 104 137 146 195 202 228 265 283 320 358 366 384 409
 429 443 481 487 542 573 590 614 643
21 50 53 86 105 139 148 198 200 226 267 285 322 360 365 385 407
 431 442 479 489 543 573 587 613 645
20 49 54 83 106 140 147 197 199 227 268 284 321 359 368 386 408
 430 441 480 490 544 573 588 612 644
23 52 55 85 103 138 145 196 201 225 266 286 319 357 367 383 410
 432 444 482 488 541 573 589 611 642
21 62 72 93 109 126 137 189 194 225 250 302 305 329 359 396 400
 428 471 502 505 527 549 575 623 648
23 63 71 94 107 127 139 188 192 227 252 300 303 331 358 397 399
 426 469 501 504 525 552 576 623 649
22 61 69 92 108 125 140 190 191 226 251 299 304 332 357 398 402
 425 472 499 506 528 551 578 623 646
20 64 70 91 110 128 138 187 193 228 249 301 306 330 360 395 401
 427 470 500 503 526 550 577 623 647
18 59 71 97 118 140 145 178 187 230 244 289 302 346 355 391 405
 439 452 481 523 559 571 601 608 645
16 58 70 98 115 137 147 177 190 231 242 290 300 347 353 394 406
 437 449 479 523 557 572 602 610 642
17 57 72 96 116 138 148 176 188 232 243 287 299 348 354 393 403
 438 450 480 523 558 569 600 609 643
19 60 69 95 117 139 146 175 189 229 241 288 301 345 356 392 404
 440 451 482 523 560 570 599 607 644
19 51 62 89 110 163 173 176 209 239 253 291 312 350 364 383 398
 430 439 501 522 537 543 610 621 637
16 49 61 90 107 164 173 175 208 237 256 293 313 349 361 385 395
 432 438 502 519 538 542 608 622 634
17 50 63 87 108 161 173 178 207 238 255 294 314 351 363 386 396
 429 437 500 520 540 541 607 620 636
18 52 64 88 109 162 173 177 210 240 254 292 311 352 362 384 397
 431 440 499 521 539 544 609 619 635
12 53 67 82 83 149 160 180 212 254 270 287 300 346 374 375 416
 429 470 482 522 551 553 582 622 648
15 55 66 79 84 150 157 182 213 256 269 289 301 347 374 377 418
 431 472 480 520 549 556 579 621 649
14 56 65 80 85 152 158 179 214 255 271 288 302 348 374 378 417
 430 469 479 519 550 555 581 619 646
13 54 68 81 86 151 159 181 211 253 272 290 299 345 374 376 415
 432 471 481 521 552 554 580 620 647
20 55 67 78 81 153 167 195 219 231 250 288 313 335 363 398 399
 434 468 489 512 547 574 601 609 639
22 54 66 75 80 156 165 198 221 229 252 287 312 333 362 396 401
 436 467 488 514 545 574 602 608 641
23 53 65 76 79 155 166 197 220 230 251 290 311 334 364 395 400
 435 465 487 511 546 574 600 607 640
21 56 68 77 82 154 168 196 222 232 249 289 314 336 361 397 402
 433 466 490 513 548 574 599 610 638
15 51 53 88 97 133 156 186 205 249 255 281 299 339 367 412 419
 434 449 478 502 525 535 585 624 644
13 50 55 90 98 135 154 185 203 251 254 279 302 337 368 411 421
 436 451 476 501 526 534 584 624 643
12 49 56 87 96 136 153 183 204 252 253 282 301 338 365 413 420
 435 452 475 499 527 536 583 624 642
14 52 54 89 95 134 155 184 206 250 256 280 300 340 366 414 422
 433 450 477 500 528 533 586 624 645
23 62 69 77 80 129 170 183 203 244 245 285 293 339 373 408 418
 429 456 484 510 531 557 586 609 647
21 61 70 75 81 132 171 184 205 243 247 283 292 338 373 410 416
 430 453 485 508 532 559 584 607 649
20 63 72 76 82 130 169 186 206 242 246 286 291 337 373 409 415
 431 455 486 509 529 560 583 608 646
22 64 71 78 79 131 172 185 204 241 248 284 294 340 373 407 417
 432 454 483 507 530 558 585 610 648
13 62 66 114 124 140 153 202 217 243 246 276 322 353 367 397 417
 460 462 495 500 546 570 606 622 627
15 61 67 111 124 138 155 199 215 241 245 275 320 355 365 396 415
 458 463 498 501 548 572 603 619 628
14 63 68 112 124 137 156 200 218 244 248 278 319 356 368 395 416
 457 464 497 499 547 569 604 621 629
12 64 65 113 124 139 154 201 216 242 247 277 321 354 366 398 418
 459 461 496 502 545 571 605 620 626
12 31 70 108 114 150 162 209 220 241 260 280 318 341 348 411 419
 428 457 510 512 552 573 608 617 638
14 30 71 110 111 149 161 208 222 242 258 279 316 342 345 412 420
 425 460 508 511 549 573 609 616 641
15 29 69 109 112 151 164 207 219 243 257 282 315 343 346 414 421
 426 459 509 514 550 573 610 615 640
13 32 72 107 113 152 163 210 221 244 259 281 317 344 347 413 422
 427 458 507 513 551 573 607 618 639
19 31 67 100 105 157 168 207 221 261 273 302 321 342 370 393 406
 432 455 487 499 525 532 577 586 627
16 30 65 102 104 160 165 209 219 264 273 299 319 344 371 392 405
 431 456 490 500 527 530 576 584 628
17 29 66 101 103 159 166 210 222 262 273 300 320 341 372 391 404
 430 454 489 502 526 531 578 583 629
18 32 68 99 106 158 167 208 220 263 273 301 322 343 369 394 403
 429 453 488 501 528 529 575 585 626
18 47 70 107 116 144 159 199 206 234 255 295 308 327 350 407 418
 425 443 476 482 527 574 604 615 627
17 48 71 109 117 141 157 201 203 233 253 297 309 328 349 409 416
 427 441 478 479 528 574 606 617 628
19 46 72 108 115 143 160 200 205 236 256 296 307 326 352 408 417
 426 444 475 481 526 574 603 616 626
16 45 69 110 118 142 158 202 204 235 254 298 310 325 351 410 415
 428 442 477 480 525 574 605 618 629
15 44 62 104 119 128 169 212 218 232 268 298 323 327 352 411 420
 432 469 489 491 528 571 602 607 632
12 43 61 106 122 127 170 214 217 229 266 295 323 328 351 412 422
 431 471 487 494 526 569 601 610 631
13 42 63 105 121 125 172 213 216 230 265 296 323 325 349 414 419
 430 470 488 493 527 572 599 609 633
14 41 64 103 120 126 171 211 215 231 267 297 323 326 350 413 421
 429 472 490 492 525 570 600 608 630
12 36 55 101 117 126 169 200 208 265 274 299 308 330 340 386 397
 439 467 498 516 532 557 581 618 640
13 34 56 102 118 128 171 199 207 266 274 300 307 329 339 385 398
 440 465 497 515 529 558 579 617 641
14 35 53 100 115 125 170 202 210 268 274 301 309 331 337 383 396
 438 468 496 518 530 559 580 615 638
15 33 54 99 116 127 172 201 209 267 274 302 310 332 338 384 395
 437 466 495 517 531 560 582 616 639
17 37 55 100 106 139 155 177 218 249 257 283 310 329 344 376 417
 425 473 484 522 536 565 591 608 633
18 39 54 101 104 138 153 175 216 251 259 285 307 331 342 378 416
 428 473 486 520 535 567 594 610 630
19 40 53 102 103 137 154 178 217 252 260 284 308 332 343 377 415
 427 473 485 519 533 566 593 609 632
16 38 56 99 105 140 156 176 215 250 258 286 309 330 341 375 418
 426 473 483 521 534 568 592 607 631
22 28 67 107 117 134 158 193 216 232 272 305 324 341 367 408 421
 431 437 497 511 536 559 593 598 637
23 25 68 108 118 133 157 194 217 231 270 306 324 344 366 407 420
 430 438 498 514 534 560 594 597 635
20 27 65 109 115 135 159 192 218 229 269 304 324 342 365 410 419
 429 439 495 513 533 558 592 596 634
21 26 66 110 116 136 160 191 215 230 271 303 324 343 368 409 422
 432 440 496 512 535 557 591 595 636
15 28 49 110 113 125 171 177 203 229 273 286 308 336 363 378 388
 450 457 481 504 546 562 587 597 648
14 25 50 109 114 127 169 176 204 230 273 283 307 335 361 377 387
 449 458 482 506 545 561 588 598 647
13 26 51 108 111 126 170 175 206 232 273 284 310 334 362 375 389
 452 459 479 503 547 563 589 596 649
12 27 52 107 112 128 172 178 205 231 273 285 309 333 364 376 390
 451 460 480 505 548 564 590 595 646
16 42 62 100 103 133 162 188 193 229 251 277 282 335 374 386 409
 445 453 507 515 548 563 604 616 645
18 44 61 102 105 136 161 189 192 231 249 278 280 334 374 383 408
 446 454 509 517 545 562 606 618 643
19 41 63 101 106 135 164 187 191 232 250 275 281 333 374 384 407
 448 456 508 518 546 561 605 617 642
17 43 64 99 104 134 163 190 194 230 252 276 279 336 374 385 410
 447 455 510 516 547 564 603 615 644
18 30 66 112 119 130 139 176 197 245 265 306 317 326 370 402 410
 437 468 494 519 554 563 617 624 648
16 31 68 113 121 131 138 178 195 246 267 304 316 328 372 400 408
 440 467 491 522 555 561 615 624 649
17 32 67 114 122 129 137 175 196 247 268 303 315 325 371 401 407
 439 465 492 521 556 562 616 624 646
19 29 65 111 120 132 140 177 198 248 266 305 318 327 369 399 409
 438 466 493 520 553 564 618 624 647
20 25 51 105 119 165 174 188 201 244 262 275 290 340 351 378 421
 425 440 475 485 556 564 575 622 638
21 28 52 106 120 166 174 190 202 241 264 278 287 339 349 377 420
 426 439 476 486 555 563 577 620 639
22 27 50 103 121 168 174 187 199 242 263 276 288 338 352 375 422
 428 438 478 484 554 562 576 621 640
23 26 49 104 122 167 174 189 200 243 261 277 289 337 350 376 419
 427 437 477 483 553 561 578 619 641
20 36 56 94 121 163 170 185 198 234 264 280 298 343 370 376 416
 463 472 502 523 541 546 598 616 635
21 34 55 92 122 162 172 183 197 236 262 281 297 342 369 375 415
 464 469 500 523 542 545 597 615 637
23 35 54 93 119 164 171 186 195 233 263 279 295 341 371 377 417
 461 470 499 523 543 548 596 618 636
22 33 53 91 120 161 169 184 196 235 261 282 296 344 372 378 418
 462 471 501 523 544 547 595 617 634
14 39 59 94 102 129 168 190 201 246 272 282 313 362 369 419 424
 443 448 480 498 526 543 591 607 648
13 37 57 93 99 132 165 187 200 245 269 280 311 363 372 420 424
 441 445 482 496 525 542 593 610 646
12 38 58 91 100 130 166 189 199 248 271 281 312 361 371 421 424
 442 447 481 495 528 541 594 609 649
15 40 60 92 101 131 167 188 202 247 270 279 314 364 370 422 424
 444 446 479 497 527 544 592 608 647
14 36 62 90 122 132 150 186 216 226 238 284 320 344 346 390 403
 440 447 504 517 554 574 577 592 642
13 35 61 88 120 131 149 183 218 228 239 286 321 343 348 387 404
 437 448 505 516 556 574 576 594 645
12 33 63 89 119 129 151 185 215 225 240 283 322 342 347 388 405
 438 446 503 515 555 574 578 593 644
15 34 64 87 121 130 152 184 217 227 237 285 319 341 345 389 406
 439 445 506 518 553 574 575 591 643
22 47 68 93 101 130 150 177 180 230 243 313 321 339 351 383 413
 451 469 503 524 533 568 613 616 628
20 48 66 92 100 129 149 178 179 232 241 311 319 338 350 385 414
 449 471 504 524 534 567 614 618 626
23 46 67 91 102 132 152 176 181 229 242 314 322 340 349 384 411
 452 472 505 524 535 565 612 615 629
21 45 65 94 99 131 151 175 182 231 244 312 320 337 352 386 412
 450 470 506 524 536 566 611 617 627
15 25 70 90 102 143 163 197 224 233 248 288 316 325 333 393 397
 429 471 486 496 536 568 578 589 645
14 28 72 87 101 144 162 198 224 235 245 289 315 328 334 394 398
 432 470 485 495 534 565 576 590 644
13 27 69 89 100 141 161 195 224 234 247 287 318 326 336 391 395
 431 469 483 498 535 566 575 588 642
12 26 71 88 99 142 164 196 224 236 246 290 317 327 335 392 396
 430 472 484 497 533 567 577 587 643
12 30 51 76 115 132 138 203 211 250 263 278 289 325 332 385 404
 469 474 507 514 540 544 591 598 627
15 31 50 78 117 129 140 206 214 252 264 277 290 326 329 383 403
 470 474 508 513 539 542 594 595 629
14 32 49 77 118 131 139 205 213 251 262 276 287 327 330 384 406
 471 474 509 512 537 541 593 596 628
13 29 52 75 116 130 137 204 212 249 261 275 288 328 331 386 405
 472 474 510 511 538 543 592 597 626
18 31 65 93 110 141 148 211 217 256 268 275 282 358 373 375 390
 436 449 497 516 541 565 578 599 639
17 30 68 92 107 143 146 213 215 254 266 277 280 359 373 378 387
 434 452 495 518 543 566 577 602 640
16 29 67 94 108 144 145 214 218 253 265 276 281 360 373 377 388
 433 451 496 517 544 567 575 600 641
19 32 66 91 109 142 147 212 216 255 267 278 279 357 373 376 389
 435 450 498 515 542 568 576 601 638
23 36 59 86 115 131 134 212 215 257 273 281 318 338 351 398 401
 441 462 486 519 539 549 599 604 643
21 35 57 84 118 130 135 214 216 260 273 282 316 340 350 395 399
 444 463 484 521 540 551 602 606 644
20 33 58 85 117 132 136 213 217 259 273 279 315 339 352 396 402
 443 464 483 522 538 552 600 605 645
22 34 60 83 116 129 133 211 218 258 273 280 317 337 349 397 400
 442 461 485 520 537 550 601 603 642
13 28 65 84 103 129 136 176 208 236 257 294 295 333 355 406 416
 434 447 477 491 544 560 613 623 638
12 25 66 85 104 131 135 177 207 234 258 293 296 334 356 403 415
 433 445 478 492 543 559 612 623 639
14 26 67 86 106 130 133 178 209 233 259 292 298 336 353 404 418
 436 446 475 493 542 558 611 623 640
15 27 68 83 105 132 134 175 210 235 260 291 297 335 354 405 417
 435 448 476 494 541 557 614 623 641
13 47 67 85 115 142 146 194 197 240 264 282 285 330 354 412 423
 454 466 485 504 528 561 608 621 636
15 48 65 86 118 144 147 191 196 238 263 280 283 331 356 413 423
 455 467 483 505 526 563 609 622 637
12 46 68 84 116 141 145 193 198 239 262 279 284 329 353 414 423
 456 468 486 506 525 562 607 619 634
14 45 66 83 117 143 148 192 195 237 261 281 286 332 355 411 423
 453 465 484 503 527 564 610 620 635
20 39 53 96 118 126 134 177 223 247 271 294 317 328 345 387 411
 426 456 488 517 542 548 578 621 627
23 37 56 95 116 125 135 178 223 248 272 291 315 326 347 389 412
 428 453 489 516 544 545 577 622 628
22 38 55 97 115 127 136 175 223 245 270 292 316 327 348 390 414
 427 455 490 515 543 546 575 620 629
21 40 54 98 117 128 133 176 223 246 269 293 318 325 346 388 413
 425 454 487 518 541 547 576 619 626
17 39 62 86 111 136 174 184 197 234 260 286 304 347 361 379 384
 451 470 497 514 525 530 581 601 626
19 37 61 84 113 134 174 185 196 233 258 285 306 346 362 381 386
 449 469 495 512 527 529 580 600 629
18 38 63 85 114 133 174 183 195 235 257 284 305 345 364 382 385
 450 472 496 513 526 532 582 602 628
16 40 64 83 112 135 174 186 198 236 259 283 303 348 363 380 383
 452 471 498 511 528 531 579 599 627
16 44 59 88 95 159 172 191 217 233 245 287 314 329 337 378 399
 435 447 492 503 532 573 598 621 626
18 43 57 87 98 157 169 193 215 236 247 288 312 332 339 376 400
 433 448 493 504 530 573 596 622 629
19 42 58 90 96 158 171 194 218 234 246 289 311 331 340 375 401
 434 446 494 506 531 573 595 620 628
17 41 60 89 97 160 170 192 216 235 248 290 313 330 338 377 402
 436 445 491 505 529 573 597 619 627
18 36 53 78 89 147 171 182 221 262 272 314 319 325 348 409 420
 451 459 484 495 538 561 603 623 631
19 34 54 77 88 148 169 179 220 264 270 313 320 328 347 410 421
 452 460 483 496 540 562 604 623 633
17 35 56 76 90 145 172 180 219 261 269 312 322 327 345 408 422
 449 457 485 498 539 563 605 623 630
16 33 55 75 87 146 170 181 222 263 271 311 321 326 346 407 419
 450 458 486 497 537 564 606 623 632
18 34 62 75 94 134 164 180 213 242 248 299 310 363 365 404 423
 427 444 487 492 534 555 588 595 638
16 35 63 77 91 136 163 182 211 241 247 302 307 362 367 403 423
 425 441 489 494 533 553 590 597 640
17 33 61 78 93 135 162 179 212 244 246 301 308 364 366 406 423
 426 442 490 493 535 554 589 598 641
19 36 64 76 92 133 161 181 214 243 245 300 309 361 368 405 423
 428 443 488 491 536 556 587 596 639
17 28 51 79 83 128 151 183 217 226 242 292 302 326 331 392 424
 433 463 488 512 561 568 604 618 634
16 25 52 80 86 126 149 185 216 227 243 291 301 327 332 391 424
 434 464 487 513 562 565 603 617 636
19 27 49 82 85 127 150 184 215 228 244 294 299 325 329 394 424
 436 461 489 511 563 567 606 615 635
18 26 50 81 84 125 152 186 218 225 241 293 300 328 330 393 424
 435 462 490 514 564 566 605 616 637
22 41 59 76 81 128 142 189 213 239 260 295 319 336 342 386 403
 426 458 479 496 531 565 622 624 635
21 43 58 78 80 125 143 188 211 238 257 298 321 334 341 384 405
 427 460 482 498 529 567 621 624 634
20 42 57 77 79 127 144 190 212 237 258 297 322 333 344 383 404
 428 459 481 497 532 566 619 624 636
23 44 60 75 82 126 141 187 214 240 259 296 320 335 343 385 406
 425 457 480 495 530 568 620 624 637
15 47 71 82 96 170 174 179 221 231 265 307 318 357 368 400 404
 447 453 500 521 543 565 593 605 634
12 48 72 80 95 171 174 181 219 230 268 310 316 360 367 402 406
 448 454 501 520 542 566 592 604 635
14 46 69 81 98 172 174 182 220 232 266 308 317 358 365 401 405
 445 455 502 522 544 568 594 606 636
13 45 70 79 97 169 174 180 222 229 267 309 315 359 366 399 403
 446 456 499 519 541 567 591 603 637
12 40 59 75 93 125 173 192 197 232 267 276 307 344 345 394 409
 434 463 476 483 550 556 586 611 629
15 37 58 77 94 126 173 193 195 230 266 278 309 342 348 392 407
 436 462 477 485 551 554 583 612 626
14 38 57 78 92 128 173 194 196 229 265 275 310 343 347 391 408
 435 461 478 486 552 553 584 613 627
13 39 60 76 91 127 173 191 198 231 268 277 308 341 346 393 410
 433 464 475 484 549 555 585 614 628
13 38 59 109 123 160 167 179 184 242 262 293 298 332 358 383 407
 457 467 494 520 536 548 577 600 644
15 39 57 108 123 158 166 181 185 244 261 292 295 330 359 385 409
 460 468 492 522 533 545 576 599 642
14 40 58 107 123 157 165 180 183 241 263 291 296 329 360 386 410
 459 466 491 521 535 546 578 601 643
12 37 60 110 123 159 168 182 186 243 264 294 297 331 357 384 408
 458 465 493 519 534 547 575 602 645
19 28 70 99 123 130 170 195 211 225 251 303 314 344 365 387 414
 454 464 478 480 539 571 581 622 641
18 25 72 100 123 132 172 196 212 228 252 304 313 341 368 388 412
 456 463 477 479 537 570 579 620 640
16 27 71 101 123 129 171 197 213 226 249 305 312 343 366 389 411
 455 462 475 482 540 569 580 619 639
17 26 69 102 123 131 169 198 214 227 250 306 311 342 367 390 413
 453 461 476 481 538 572 582 621 638
19 33 59 104 124 126 144 182 183 249 254 290 316 341 349 380 422
 453 468 504 514 541 558 588 613 646
16 36 57 106 124 125 141 180 184 252 255 289 317 342 352 382 421
 454 465 505 512 543 560 589 614 647
17 34 58 105 124 127 142 181 186 251 256 288 318 343 350 381 420
 456 467 503 513 544 559 590 611 648
18 35 60 103 124 128 143 179 185 250 253 287 315 344 351 379 419
 455 466 506 511 542 557 587 612 649
21 31 49 76 123 134 146 201 218 255 270 307 315 333 353 380 391
 445 472 501 503 530 554 609 618 631
22 30 52 77 123 135 147 200 217 253 271 310 318 335 355 382 393
 446 470 502 504 529 556 607 615 630
23 29 51 78 123 136 148 199 216 254 269 309 317 336 356 381 394
 448 471 500 506 532 555 608 616 632
20 32 50 75 123 133 145 202 215 256 272 308 316 334 354 379 392
 447 469 499 505 531 553 610 617 633
21 36 47 100 112 127 152 187 220 235 253 279 286 362 366 392 408
 434 474 492 520 558 572 578 622 632
22 35 48 102 114 126 151 188 222 234 256 281 285 363 368 394 410
 435 474 493 522 560 571 577 619 631
20 34 46 99 111 125 150 189 221 233 254 282 283 364 367 391 407
 433 474 491 519 557 569 576 620 630
23 33 45 101 113 128 149 190 219 236 255 280 284 361 365 393 409
 436 474 494 521 559 570 575 621 633
12 35 47 109 111 133 148 190 213 227 244 288 314 326 372 380 401
 432 473 477 517 529 546 584 614 637
14 34 48 108 113 136 146 187 212 225 243 290 312 325 370 382 399
 431 473 476 516 531 548 585 612 634
13 33 46 110 112 134 147 188 214 226 241 289 313 327 371 379 400
 429 473 478 518 532 545 583 611 635
15 36 45 107 114 135 145 189 211 228 242 287 311 328 369 381 402
 430 473 475 515 530 547 586 613 636
23 41 47 99 117 153 173 184 218 226 271 287 316 359 370 405 415
 449 459 493 507 526 562 579 590 638
21 42 48 101 115 155 173 185 217 228 272 288 317 357 371 403 418
 452 457 491 509 525 564 582 588 641
22 44 46 100 118 154 173 186 215 227 269 290 315 360 369 404 416
 450 460 494 510 527 561 581 589 639
20 43 45 102 116 156 173 183 216 225 270 289 318 358 372 406 417
 451 458 492 508 528 563 580 587 640
19 39 47 87 119 156 172 202 203 242 257 280 324 335 360 391 403
 465 471 490 516 538 551 611 619 649
16 37 48 89 122 153 169 199 205 244 260 279 324 334 358 393 404
 466 472 488 518 539 550 613 620 648
18 40 46 90 120 155 170 201 204 243 258 281 324 336 359 392 406
 467 470 489 515 540 552 614 621 646
17 38 45 88 121 154 171 200 206 241 259 282 324 333 357 394 405
 468 469 487 517 537 549 612 622 647
22 25 37 98 111 160 171 183 210 250 255 277 322 328 370 395 423
 439 447 480 509 552 567 599 611 632
23 28 38 96 112 159 169 185 209 249 256 276 321 325 369 396 423
 440 445 479 508 551 566 601 614 630
21 27 39 95 114 157 170 186 208 252 254 275 319 327 372 398 423
 437 446 481 507 550 568 600 612 633
20 26 40 97 113 158 172 184 207 251 253 278 320 326 371 397 423
 438 448 482 510 549 565 602 613 631
23 30 34 90 109 156 168 191 206 235 247 301 323 348 353 379 386
 454 463 481 522 564 567 593 613 639
20 31 35 89 107 154 166 194 204 236 245 299 323 346 356 382 384
 453 462 479 520 562 568 591 611 641
22 29 36 87 110 155 167 192 205 233 246 302 323 347 354 380 385
 456 464 482 521 563 566 594 612 638
21 32 33 88 108 153 165 193 203 234 248 300 323 345 355 381 383
 455 461 480 519 561 565 592 614 640
13 25 44 96 117 150 155 178 190 235 263 303 312 342 373 381 384
 444 468 490 502 550 553 587 604 631
12 28 41 98 118 152 156 175 188 233 261 304 311 343 373 382 383
 443 466 489 500 549 554 588 603 633
15 26 43 95 115 149 154 176 187 234 262 305 313 344 373 380 386
 442 465 488 499 552 555 590 606 630
14 27 42 97 116 151 153 177 189 236 264 306 314 341 373 379 385
 441 467 487 501 551 556 589 605 632
19 25 43 81 121 145 166 192 208 226 240 310 315 337 348 413 418
 441 474 497 500 535 548 602 614 648
18 28 42 82 122 146 165 191 207 227 239 309 316 338 347 411 417
 442 474 498 502 533 547 600 611 647
17 27 44 80 120 147 167 193 209 225 237 307 317 340 346 412 415
 443 474 496 499 534 546 599 613 649
16 26 41 79 119 148 168 194 210 228 238 308 318 339 345 414 416
 444 474 495 501 536 545 601 612 646
14 31 44 79 99 135 160 181 199 239 247 285 305 351 357 388 397
 427 434 514 523 538 563 583 614 633
13 30 43 82 101 133 158 182 201 237 248 283 304 350 360 390 396
 426 435 512 523 539 562 586 612 632
15 32 41 80 100 136 159 180 200 240 246 284 306 349 358 387 398
 428 433 511 523 540 564 584 611 631
12 29 42 81 102 134 157 179 202 238 245 286 303 352 359 389 395
 425 436 513 523 537 561 585 613 630
16 28 39 81 109 143 155 187 221 270 274 284 322 350 356 402 412
 461 469 493 510 541 556 583 595 643
17 25 40 82 110 144 156 189 220 272 274 285 321 352 355 399 414
 462 472 494 507 542 555 584 596 642
18 27 37 79 108 142 154 188 219 271 274 286 320 349 353 401 413
 464 471 491 508 543 553 586 598 644
19 26 38 80 107 141 153 190 222 269 274 283 319 351 354 400 411
 463 470 492 509 544 554 585 597 645
21 30 44 89 121 144 164 177 179 251 261 284 309 354 367 401 424
 429 458 475 516 552 560 579 601 629
23 31 42 87 120 142 163 175 180 250 262 283 308 355 368 402 424
 431 460 478 517 550 558 580 602 626
22 32 43 90 119 141 162 178 181 249 264 286 307 356 365 399 424
 430 459 477 518 549 557 582 600 627
20 29 41 88 122 143 161 176 182 252 263 285 310 353 366 400 424
 432 457 476 515 551 559 581 599 628
13 31 36 95 104 143 156 193 196 227 271 292 297 364 365 377 394
 425 438 509 524 531 540 601 605 648
15 30 35 98 106 142 153 192 198 225 272 294 296 361 366 375 391
 427 440 510 524 532 537 600 604 646
12 32 34 97 103 144 155 194 195 226 269 291 298 362 368 378 393
 426 437 508 524 530 538 599 606 647
14 29 33 96 105 141 154 191 197 228 270 293 295 363 367 376 392
 428 439 507 524 529 539 602 603 649
16 34 47 78 114 132 166 201 223 232 239 296 306 331 355 376 422
 429 436 499 509 549 566 581 587 644
18 33 48 76 111 131 168 200 223 229 237 298 303 329 354 377 421
 430 434 500 510 551 568 580 590 642
17 36 46 77 113 130 165 202 223 231 240 295 305 332 356 375 419
 432 435 501 508 550 567 579 588 645
19 35 45 75 112 129 167 199 223 230 238 297 304 330 353 378 420
 431 433 502 507 552 565 582 589 643
20 28 44 86 93 142 157 205 222 248 265 277 293 348 362 405 422
 465 473 501 506 540 570 582 615 642
21 25 41 83 91 141 158 206 219 245 266 276 294 347 364 404 419
 467 473 499 504 538 571 580 616 643
23 27 43 84 92 144 160 204 221 246 268 278 292 345 363 403 421
 466 473 502 503 537 572 581 617 645
22 26 42 85 94 143 159 203 220 247 267 275 291 346 361 406 420
 468 473 500 505 539 569 579 618 644
22 31 40 88 96 132 139 208 219 225 244 298 309 350 374 379 389
 433 465 486 495 526 572 588 597 636
20 30 38 87 95 131 137 210 220 226 243 295 307 349 374 381 388
 436 466 484 498 525 571 589 595 637
23 32 39 89 98 130 140 207 222 228 241 297 310 352 374 380 390
 434 467 485 496 527 569 587 598 634
21 29 37 90 97 129 138 209 221 227 242 296 308 351 374 382 387
 435 468 483 497 528 570 590 596 635
14 43 47 75 88 138 147 185 207 260 269 277 303 349 364 375 402
 456 462 481 489 536 560 575 618 650
13 41 48 78 87 139 145 186 209 258 270 278 305 352 361 378 401
 453 463 480 487 533 557 578 615 650
15 42 46 76 89 137 148 183 208 259 271 276 304 351 362 376 399
 454 461 482 490 534 559 577 617 650
12 44 45 77 90 140 146 184 210 257 272 275 306 350 363 377 400
 455 464 479 488 535 558 576 616 650
17 42 47 84 91 126 140 205 224 263 270 298 319 337 365 382 388
 440 448 511 519 545 552 586 610 639
19 44 48 83 94 125 138 204 224 262 271 295 322 339 366 379 390
 437 445 513 521 547 549 584 608 640
16 43 46 85 93 128 139 206 224 261 272 297 320 338 368 381 387
 439 446 514 520 546 551 585 609 638
18 41 45 86 92 127 137 203 224 264 269 296 321 340 367 380 389
 438 447 512 522 548 550 583 607 641
20 37 47 80 124 151 162 191 208 261 267 300 305 325 336 377 390
 444 452 478 494 530 537 594 607 643
23 40 48 81 124 150 161 193 210 264 265 302 304 327 333 375 387
 442 450 475 492 529 538 591 610 644
21 38 46 79 124 149 163 192 207 263 268 299 306 328 335 378 389
 443 451 477 493 531 539 593 608 642
22 39 45 82 124 152 164 194 209 262 266 301 303 326 334 376 388
 441 449 476 491 532 540 592 609 645
23 70 74 88 100 151 158 198 213 238 258 275 307 332 354 382 422
 439 451 490 491 542 547 583 606 648
20 69 74 90 101 152 160 196 211 240 260 276 309 329 355 380 420
 437 450 487 493 543 545 585 604 649
21 71 74 87 102 150 159 195 212 239 259 277 310 330 356 379 421
 438 449 488 494 544 546 586 603 646
22 72 74 89 99 149 157 197 214 237 257 278 308 331 353 381 419
 440 452 489 492 541 548 584 605 647
22 62 73 95 106 144 148 201 207 231 236 279 311 325 330 387 405
 457 463 513 519 535 553 580 583 649
20 61 73 98 103 141 146 200 209 230 235 281 314 327 331 389 403
 460 461 514 521 536 555 579 586 648
21 63 73 96 104 142 145 199 210 229 233 280 313 326 332 390 406
 459 462 511 522 534 556 581 585 647
23 64 73 97 105 143 147 202 208 232 234 282 312 328 329 388 404
 458 464 512 520 533 554 582 584 646
15 59 73 85 91 162 165 204 222 226 250 303 317 350 353 408 416
 438 451 487 516 529 566 596 620 633
12 57 73 86 94 161 167 206 221 228 251 305 315 349 355 410 417
 440 449 490 518 531 568 597 621 632
13 58 73 83 92 164 168 205 220 225 252 306 316 351 356 409 418
 439 450 489 517 530 565 598 619 630
14 60 73 84 93 163 166 203 219 227 249 304 318 352 354 407 415
 437 452 488 515 532 567 595 622 631
18 67 74 80 96 135 163 202 205 226 266 290 297 361 372 386 414
 457 461 483 503 549 560 576 591 632
16 66 74 82 97 134 161 200 203 225 268 288 295 364 369 384 413
 459 463 485 506 552 558 577 594 633
17 65 74 81 95 133 164 199 204 228 267 289 296 362 370 383 411
 460 464 486 504 551 557 575 593 631
19 68 74 79 98 136 162 201 206 227 265 287 298 363 371 385 412
 458 462 484 505 550 559 578 592 630
17 31 73 75 115 152 153 182 191 258 265 284 291 339 369 395 421
 446 471 477 482 548 571 576 587 635
19 30 73 78 118 151 155 180 193 259 268 286 293 338 372 397 419
 447 472 476 479 545 569 575 590 636
16 32 73 76 116 150 154 179 192 257 266 285 292 340 370 396 420
 448 470 478 481 547 570 578 588 637
18 29 73 77 117 149 156 181 194 260 267 283 294 337 371 398 422
 445 469 475 480 546 572 577 589 634
12 39 74 92 121 147 165 176 218 235 256 302 320 336 339 399 407
 427 453 509 511 539 570 580 589 636
14 37 74 91 119 145 167 175 217 234 254 299 321 333 338 400 409
 426 454 510 513 540 572 579 587 637
13 40 74 94 122 148 166 177 215 233 255 301 319 335 340 402 408
 428 455 508 514 537 571 582 590 634
15 38 74 93 120 146 168 178 216 236 253 300 322 334 337 401 410
 425 456 507 512 538 569 581 588 635
8 56 73 81 108 129 169 177 216 237 263 275 287 364 368 380 392
 427 454 494 495 525 549 611 615 645
9 53 73 80 109 130 172 175 215 239 264 276 289 363 366 381 393
 425 453 491 497 526 552 612 618 642
10 54 73 79 110 132 170 178 218 240 262 277 288 361 367 382 394
 426 455 492 498 527 551 613 617 643
11 55 73 82 107 131 171 176 217 238 261 278 290 362 365 379 391
 428 456 493 496 528 550 614 616 644
7 52 74 76 117 125 144 209 222 244 247 306 313 343 365 375 417
 447 471 515 520 525 561 602 612 643
6 49 74 78 116 126 142 207 220 242 245 304 312 344 367 377 416
 446 469 518 521 526 564 599 614 645
5 50 74 77 115 128 141 208 221 243 248 303 311 341 366 378 415
 448 472 517 522 527 563 601 611 644
4 51 74 75 118 127 143 210 219 241 246 305 314 342 368 376 418
 445 470 516 519 528 562 600 613 642
6 45 73 111 122 139 157 185 187 246 271 299 307 336 341 383 414
 429 435 485 505 538 544 602 604 639
4 46 73 114 119 138 159 184 190 248 270 302 309 334 343 386 413
 431 434 484 504 537 542 599 605 641
5 48 73 112 121 140 158 183 189 247 269 300 308 335 344 384 412
 432 436 486 503 540 543 600 603 638
7 47 73 113 120 137 160 186 188 245 272 301 310 333 342 385 411
 430 433 483 506 539 541 601 606 640
9 42 74 104 110 129 139 181 184 231 269 281 284 328 348 391 396
 444 466 476 499 529 568 598 622 640
11 41 74 105 108 130 138 179 183 229 272 279 283 327 346 394 397
 441 465 477 502 530 566 595 621 639
10 43 74 103 109 131 140 180 186 232 271 280 285 325 347 392 395
 443 468 475 501 532 565 597 620 641
8 44 74 106 107 132 137 182 185 230 270 282 286 326 345 393 398
 442 467 478 500 531 567 596 619 638
2 35 74 85 113 155 169 189 191 252 262 292 318 349 360 389 405
 429 434 480 497 534 554 610 616 627
1 36 74 83 111 153 172 188 194 249 263 293 315 350 357 387 406
 431 436 481 496 533 555 607 617 629
3 33 74 84 114 156 171 187 192 251 264 291 317 351 359 390 404
 432 433 479 498 536 553 609 615 626
0 34 74 86 112 154 170 190 193 250 261 294 316 352 358 388 403
 430 435 482 495 535 556 608 618 628
2 27 73 90 99 126 133 198 212 241 253 295 321 347 358 378 402
 444 465 500 509 559 561 591 609 629
1 28 73 89 102 127 135 196 213 243 255 298 320 345 360 375 400
 441 468 499 507 557 564 594 608 626
3 26 73 87 100 128 134 197 211 244 254 296 322 348 357 377 399
 443 467 502 508 560 562 592 610 628
0 25 73 88 101 125 136 195 214 242 256 297 319 346 359 376 401
 442 466 501 510 558 563 593 607 627
0 53 68 122 123 128 140 192 209 234 245 283 288 349 362 406 421
 444 450 507 516 549 567 583 605 636
3 56 66 120 123 127 138 194 208 233 247 284 290 352 363 405 419
 442 451 509 518 551 565 586 604 637
2 55 65 119 123 125 137 193 207 235 246 285 287 350 361 404 422
 441 452 508 517 552 568 585 603 635
1 54 67 121 123 126 139 191 210 236 248 286 289 351 364 403 420
 443 449 510 515 550 566 584 606 634
6 60 65 105 107 149 162 184 223 225 233 276 310 339 368 401 403
 468 472 481 498 540 561 583 610 632
7 58 68 104 109 152 161 185 223 226 236 275 308 338 367 399 404
 465 470 480 496 537 563 586 608 631
4 57 67 103 110 150 164 183 223 227 234 278 307 337 366 402 405
 467 471 479 495 539 564 585 607 633
5 59 66 106 108 151 163 186 223 228 235 277 309 340 365 400 406
 466 469 482 497 538 562 584 609 630
8 60 66 102 115 164 172 193 206 226 244 283 321 328 336 382 420
 428 434 501 521 541 553 581 600 650
9 57 68 100 117 163 171 191 204 225 242 285 320 327 334 380 419
 426 436 500 519 544 556 582 601 650
10 58 67 99 118 162 169 192 203 228 243 284 319 326 333 379 422
 425 435 502 520 543 555 580 599 650
11 59 65 101 116 161 170 194 205 227 241 286 322 325 335 381 421
 427 433 499 522 542 554 579 602 650
2 52 56 100 111 164 165 181 192 259 270 297 308 325 373 400 403
 437 462 506 512 526 571 613 621 644
0 50 54 102 113 162 167 182 194 257 271 296 309 327 373 402 404
 439 463 503 511 525 569 614 622 642
1 49 53 101 114 163 168 179 193 258 269 295 310 326 373 399 405
 440 464 505 514 528 572 611 620 643
3 51 55 99 112 161 166 180 191 260 272 298 307 328 373 401 406
 438 461 504 513 527 570 612 619 645
1 60 70 106 109 134 154 181 183 246 265 312 319 334 355 378 390
 438 474 483 489 525 551 579 616 636
2 58 71 103 108 135 156 182 184 245 268 313 322 336 354 376 387
 440 474 486 487 527 550 582 618 637
3 57 69 104 107 136 155 179 186 248 267 314 321 335 353 375 388
 439 474 485 488 526 549 580 617 635
0 59 72 105 110 133 153 180 185 247 266 311 320 333 356 377 389
 437 474 484 490 528 552 581 615 634
4 64 68 96 115 129 165 189 224 251 255 286 310 346 358 377 422
 460 463 489 493 532 538 612 617 637
6 63 66 95 118 132 167 190 224 249 253 285 308 348 359 375 421
 458 461 487 491 530 539 611 616 634
5 61 65 97 117 130 168 188 224 250 254 284 307 347 360 376 420
 457 462 488 492 531 537 614 615 636
7 62 67 98 116 131 166 187 224 252 256 283 309 345 357 378 419
 459 464 490 494 529 540 613 618 635
11 51 64 86 114 141 155 207 213 225 271 308 313 333 337 408 420
 453 466 494 523 551 567 576 592 629
10 50 61 85 112 144 153 210 211 227 270 310 312 336 340 409 419
 456 465 491 523 549 568 577 593 626
9 49 63 84 111 143 154 209 212 226 272 309 311 335 339 410 422
 454 467 492 523 550 565 575 594 627
8 52 62 83 113 142 156 208 214 228 269 307 314 334 338 407 421
 455 468 493 523 552 566 578 591 628
0 49 60 81 100 138 156 217 222 230 236 298 305 340 347 381 423
 429 459 476 517 539 543 576 617 646
3 52 58 79 102 139 153 215 221 232 235 295 304 337 346 380 423
 430 457 478 516 540 542 575 616 647
2 51 57 80 101 140 154 218 220 231 233 296 303 338 345 379 423
 431 458 477 515 538 541 577 615 648
1 50 59 82 99 137 155 216 219 229 234 297 306 339 348 382 423
 432 460 475 518 537 544 578 618 649
4 55 72 94 120 141 156 179 199 226 273 277 306 325 345 380 384
 435 446 491 510 533 559 610 622 636
5 54 71 91 122 144 154 180 202 225 273 275 304 326 348 381 385
 434 445 493 509 536 557 607 621 635
6 53 69 93 121 143 153 181 201 228 273 278 303 327 347 382 386
 433 447 494 508 534 558 608 619 637
7 56 70 92 119 142 155 182 200 227 273 276 305 328 346 379 383
 436 448 492 507 535 560 609 620 634
10 51 60 87 122 135 158 190 221 256 267 286 306 327 329 405 416
 454 462 496 524 548 552 588 609 640
11 49 58 89 120 133 159 187 219 254 265 285 303 328 332 403 417
 455 463 497 524 545 549 589 607 638
8 50 57 88 119 134 160 189 222 253 266 284 304 325 331 406 418
 453 464 498 524 546 550 590 608 639
9 52 59 90 121 136 157 188 220 255 268 283 305 326 330 404 415
 456 461 495 524 547 551 587 610 641
4 60 71 80 121 132 169 194 207 254 272 281 295 353 365 383 395
 450 473 490 512 556 563 578 590 626
6 58 72 81 119 131 170 191 209 255 269 282 297 355 366 385 397
 451 473 488 511 553 562 577 588 629
5 57 70 82 120 129 172 192 210 256 271 279 298 356 367 386 398
 452 473 487 514 554 561 575 587 628
7 59 69 79 122 130 171 193 208 253 270 280 296 354 368 384 396
 449 473 489 513 555 564 576 589 627
11 60 72 77 112 125 142 201 215 234 263 284 292 372 374 399 411
 439 449 487 500 536 538 594 613 641
10 57 71 76 113 126 143 199 217 235 264 283 293 369 374 401 414
 437 451 489 499 535 537 592 611 638
9 58 69 75 114 128 144 200 216 233 262 286 294 370 374 400 412
 438 452 490 501 533 539 591 614 639
8 59 70 78 111 127 141 202 218 236 261 285 291 371 374 402 413
 440 450 488 502 534 540 593 612 640
3 50 64 94 101 132 142 183 209 261 268 287 324 347 356 400 414
 425 434 481 519 529 548 589 606 631
0 52 61 91 99 129 143 186 207 262 265 289 324 345 354 399 413
 428 436 479 522 530 546 588 604 632
1 51 63 93 100 131 144 184 208 264 266 288 324 346 353 402 411
 427 435 480 521 531 545 587 603 630
2 49 62 92 102 130 141 185 210 263 267 290 324 348 355 401 412
 426 433 482 520 532 547 590 605 633
3 54 72 97 111 135 146 193 204 231 238 276 319 343 349 418 424
 465 469 494 522 532 539 578 587 638
0 56 71 98 114 134 148 191 205 229 240 278 321 344 350 415 424
 468 470 491 520 531 538 575 589 640
1 55 69 96 113 133 147 192 206 230 239 275 322 341 352 416 424
 466 471 492 519 530 540 577 590 641
2 53 70 95 112 136 145 194 203 232 237 277 320 342 351 417 424
 467 472 493 521 529 537 576 588 639
5 55 68 80 102 142 148 184 187 241 258 315 323 331 364 388 409
 437 447 475 502 539 551 588 596 627
7 54 65 82 100 143 145 183 190 243 260 317 323 330 363 389 407
 440 446 478 501 538 549 590 598 629
4 53 66 81 99 144 146 185 188 242 259 318 323 329 361 390 408
 439 448 477 499 540 550 589 597 628
6 56 67 79 101 141 147 186 189 244 257 316 323 332 362 387 410
 438 445 476 500 537 552 587 595 626
3 60 68 78 90 144 174 176 205 228 271 282 300 332 342 389 396
 431 441 492 510 546 571 611 618 633
1 58 66 76 88 141 174 175 204 227 272 280 302 330 344 388 398
 429 444 493 508 548 569 613 615 632
0 57 65 75 89 142 174 178 203 226 270 281 301 329 341 387 397
 432 443 494 509 547 572 612 616 630
2 59 67 77 87 143 174 177 206 225 269 279 299 331 343 390 395
 430 442 491 507 545 570 614 617 631
9 64 66 93 98 158 170 196 199 257 270 291 299 342 349 379 399
 457 474 475 517 561 566 590 607 645
11 61 68 94 95 160 169 197 202 259 269 294 302 341 350 382 401
 459 474 478 515 564 565 587 609 642
8 63 67 92 97 159 171 198 201 260 271 293 301 344 352 381 400
 460 474 477 516 563 568 588 610 643
10 62 65 91 96 157 172 195 200 258 272 292 300 343 351 380 402
 458 474 476 518 562 567 589 608 644
0 64 67 90 95 127 151 179 200 239 263 304 317 334 339 391 409
 462 473 480 508 527 541 597 602 638
2 61 66 89 96 128 152 180 201 238 264 305 316 335 337 394 407
 464 473 481 510 525 544 596 599 640
3 63 65 88 98 126 150 181 202 237 262 306 315 336 338 393 408
 463 473 482 507 528 543 595 601 641
1 62 68 87 97 125 149 182 199 240 261 303 318 333 340 392 410
 461 473 479 509 526 542 598 600 639
0 32 51 117 124 160 172 177 187 227 238 282 295 348 361 400 410
 446 472 486 489 534 566 580 586 641
3 29 49 115 124 158 169 178 188 225 239 280 297 345 362 402 407
 447 470 484 487 535 568 579 584 639
1 31 52 118 124 159 170 176 189 226 237 279 296 347 363 401 409
 448 469 485 490 536 567 582 585 640
2 30 50 116 124 157 171 175 190 228 240 281 298 346 364 399 408
 445 471 483 488 533 565 581 583 638
7 44 64 84 123 149 153 206 220 229 238 281 302 325 372 376 402
 426 438 485 497 543 557 588 611 628
6 42 61 86 123 150 156 204 219 232 240 279 300 326 369 378 400
 427 439 484 496 541 560 590 612 627
5 43 63 83 123 152 155 203 222 231 239 282 299 327 370 377 401
 428 440 483 495 542 559 589 613 626
4 41 62 85 123 151 154 205 221 230 237 280 301 328 371 375 399
 425 437 486 498 544 558 587 614 629
6 27 70 87 124 148 165 196 214 230 272 284 293 337 370 384 404
 426 434 515 522 528 549 597 618 630
4 28 69 88 124 145 168 197 212 231 271 283 291 340 372 385 403
 427 436 518 520 527 552 596 616 631
5 26 72 90 124 147 166 195 213 229 270 285 294 338 369 383 405
 425 433 516 521 525 550 598 617 632
7 25 71 89 124 146 167 198 211 232 269 286 292 339 371 386 406
 428 435 517 519 526 551 595 615 633
11 42 53 92 124 132 135 206 222 233 257 307 312 330 358 392 413
 432 437 480 510 555 562 575 601 635
10 41 55 93 124 129 134 204 220 234 259 309 314 332 360 393 412
 430 440 481 509 553 563 576 602 634
8 43 54 94 124 130 136 205 219 235 258 308 311 329 357 391 411
 429 438 479 507 556 561 577 599 637
9 44 56 91 124 131 133 203 221 236 260 310 313 331 359 394 414
 431 439 482 508 554 564 578 600 636
8 42 55 109 118 149 174 209 211 248 252 295 320 354 370 394 408
 433 462 503 518 535 538 587 607 646
9 41 54 107 115 150 174 207 214 247 249 298 322 355 372 392 409
 435 464 506 516 534 537 589 609 648
11 43 56 110 117 151 174 210 212 245 251 296 319 353 369 393 407
 434 461 505 517 533 540 588 608 649
10 44 53 108 116 152 174 208 213 246 250 297 321 356 371 391 410
 436 463 504 515 536 539 590 610 647
11 27 66 113 122 145 173 181 220 248 250 282 298 331 339 380 387
 425 470 479 490 532 560 593 603 643
10 28 68 111 119 147 173 179 219 247 252 281 296 330 337 381 390
 428 472 482 487 531 558 591 606 645
8 26 65 114 121 146 173 180 221 245 249 279 297 332 340 379 388
 426 471 480 489 529 559 594 604 642
9 25 67 112 120 148 173 182 222 246 251 280 295 329 338 382 389
 427 469 481 488 530 557 592 605 644
2 43 60 118 120 150 153 197 200 242 255 275 309 362 371 388 414
 432 453 513 522 531 566 598 623 643
0 41 58 116 121 149 155 196 202 244 253 277 307 363 369 390 411
 431 454 514 519 532 568 596 623 644
1 44 57 115 122 151 156 195 201 241 254 276 308 361 370 389 413
 430 456 511 520 529 565 595 623 645
3 42 59 117 119 152 154 198 199 243 256 278 310 364 372 387 412
 429 455 512 521 530 567 597 623 642
6 32 71 104 120 125 151 176 206 260 270 288 311 351 360 408 423
 436 464 495 502 532 548 579 591 642
7 29 72 106 121 128 150 175 203 258 271 290 314 350 358 410 423
 434 462 498 499 530 545 582 593 645
5 31 69 103 119 127 149 177 205 259 272 289 312 349 359 407 423
 435 463 496 500 529 547 581 592 643
4 30 70 105 122 126 152 178 204 257 269 287 313 352 357 409 423
 433 461 497 501 531 546 580 594 644
6 35 64 108 117 137 159 197 221 258 266 289 298 335 338 390 424
 450 456 501 509 535 555 613 622 633
4 36 61 109 116 139 158 195 222 260 268 290 296 333 339 388 424
 452 455 500 507 534 553 611 621 630
7 34 63 110 115 140 157 196 219 259 267 287 295 334 340 387 424
 451 453 502 510 536 554 614 619 632
5 33 62 107 118 138 160 198 220 257 265 288 297 336 337 389 424
 449 454 499 508 533 556 612 620 631
5 39 64 100 116 146 169 182 219 226 233 278 293 351 355 375 394
 430 444 505 513 546 552 593 624 641
7 38 61 101 118 148 172 181 221 225 234 277 291 352 353 377 392
 429 441 504 511 547 550 591 624 638
4 37 63 102 117 147 170 180 220 228 236 276 292 350 354 378 391
 432 442 506 514 548 549 592 624 639
6 40 62 99 115 145 171 179 222 227 235 275 294 349 356 376 393
 431 443 503 512 545 551 594 624 640
7 42 60 99 114 136 147 178 210 261 266 293 299 360 366 380 421
 463 469 486 508 565 574 596 621 648
6 41 57 102 112 133 146 177 208 262 268 291 302 357 365 381 422
 462 470 483 510 567 574 598 620 649
5 44 58 101 111 134 145 176 207 264 267 292 301 358 368 382 419
 461 471 484 507 566 574 597 622 646
4 43 59 100 113 135 148 175 209 263 265 294 300 359 367 379 420
 464 472 485 509 568 574 595 619 647
7 35 55 95 105 158 173 205 212 242 264 284 303 336 355 400 413
 443 445 495 514 567 569 578 617 647
6 36 54 96 103 160 173 203 213 241 261 283 306 334 353 399 412
 442 448 497 513 568 571 575 615 646
4 33 56 97 106 157 173 206 211 243 262 285 304 335 356 401 411
 444 447 496 511 566 572 576 618 648
5 34 53 98 104 159 173 204 214 244 263 286 305 333 354 402 414
 441 446 498 512 565 570 577 616 649
0 40 55 77 111 152 159 216 224 228 268 280 312 351 353 385 405
 426 453 478 499 560 561 595 600 648
3 38 53 75 113 151 157 218 224 227 266 279 313 350 355 384 403
 428 454 475 500 557 563 598 599 646
1 39 56 78 112 150 160 217 224 225 267 281 311 349 354 386 404
 425 455 477 501 559 562 596 602 647
2 37 54 76 114 149 158 215 224 226 265 282 314 352 356 383 406
 427 456 476 502 558 564 597 601 649
8 45 68 76 103 153 170 207 212 233 256 305 317 348 360 384 424
 425 439 483 504 545 572 584 595 644
9 46 65 78 106 156 169 210 213 234 253 303 316 346 357 385 424
 428 437 485 503 548 570 586 597 643
11 48 67 75 104 154 172 208 211 235 255 306 318 347 359 383 424
 426 440 484 506 546 569 583 596 645
10 47 66 77 105 155 171 209 214 236 254 304 315 345 358 386 424
 427 438 486 505 547 571 585 598 642
9 45 71 85 105 160 166 193 218 243 263 308 314 347 362 390 398
 463 471 510 518 542 560 588 624 630
11 46 70 83 103 157 167 191 216 244 264 310 311 345 361 388 396
 462 469 509 516 543 558 590 624 631
10 48 69 84 106 159 165 194 215 242 261 307 313 348 364 389 397
 464 470 507 517 541 559 587 624 632
8 47 72 86 104 158 168 192 217 241 262 309 312 346 363 387 395
 461 472 508 515 544 557 589 624 633
2 42 64 75 106 160 168 176 195 244 274 280 315 327 367 381 415
 435 451 479 504 540 549 578 594 634
1 41 61 77 104 157 166 178 198 242 274 282 317 325 368 379 417
 434 450 482 503 539 552 575 592 637
0 44 63 78 103 158 165 175 197 243 274 279 318 328 365 380 418
 433 449 481 505 537 551 577 591 635
3 43 62 76 105 159 167 177 196 241 274 281 316 326 366 382 416
 436 452 480 506 538 550 576 593 636
4 45 49 93 108 155 172 176 198 240 247 316 319 331 374 404 421
 443 462 478 513 529 557 577 601 632
5 46 51 94 109 153 171 178 196 237 245 318 321 330 374 403 422
 442 464 476 511 530 560 578 602 633
7 48 50 91 107 156 170 177 197 239 246 315 320 332 374 405 420
 444 461 477 512 532 558 575 599 630
6 47 52 92 110 154 169 175 195 238 248 317 322 329 374 406 419
 441 463 475 514 531 559 576 600 631
10 32 52 78 115 161 168 183 198 230 233 299 320 350 359 388 411
 445 473 494 497 550 560 605 622 649
11 29 50 76 118 163 165 184 195 232 236 301 321 349 357 390 412
 446 473 492 495 552 557 604 619 648
9 31 51 77 116 164 167 185 197 229 235 300 319 352 360 387 413
 447 473 493 498 549 559 606 620 646
8 30 49 75 117 162 166 186 196 231 234 302 322 351 358 389 414
 448 473 491 496 551 558 603 621 647
9 27 72 88 102 140 155 211 223 261 265 279 301 351 361 407 416
 445 459 504 512 531 555 602 611 637
11 28 71 90 100 137 153 214 223 262 267 280 299 352 364 410 418
 448 458 503 514 529 553 599 612 636
10 26 70 89 101 139 156 212 223 263 266 282 302 349 363 408 415
 447 460 506 513 530 556 600 614 635
8 25 69 87 99 138 154 213 223 264 268 281 300 350 362 409 417
 446 457 505 511 532 554 601 613 634
3 45 67 89 109 125 165 217 220 249 258 277 294 327 368 385 413
 444 448 486 523 531 554 581 590 649
0 46 66 87 107 126 168 218 219 251 260 275 292 325 366 383 412
 441 447 483 523 529 555 582 587 647
2 48 68 88 110 127 166 216 221 250 257 276 293 326 365 386 411
 443 446 485 523 530 553 579 589 646
1 47 65 90 108 128 167 215 222 252 259 278 291 328 367 384 414
 442 445 484 523 532 556 580 588 648
10 33 64 82 102 125 166 175 205 253 269 275 305 353 370 387 403
 467 469 477 484 534 573 601 604 636
11 36 63 80 99 128 168 177 204 256 270 277 304 355 371 389 404
 468 471 476 485 535 573 600 606 637
8 34 61 79 100 126 167 176 203 255 272 276 303 356 372 390 405
 466 470 475 486 533 573 602 605 635
9 35 62 81 101 127 165 178 206 254 271 278 306 354 369 388 406
 465 472 478 483 536 573 599 603 634
10 42 56 88 107 130 167 187 201 226 268 294 318 334 342 377 423
 450 471 514 522 557 570 584 603 629
8 41 53 90 110 131 165 190 199 225 265 292 315 335 341 376 423
 452 469 513 520 560 569 586 606 626
9 43 55 89 108 132 168 189 202 227 267 293 317 333 343 378 423
 449 470 511 521 558 571 583 604 628
11 44 54 87 109 129 166 188 200 228 266 291 316 336 344 375 423
 451 472 512 519 559 572 585 605 627
1 37 64 81 107 140 148 203 212 235 262 307 316 343 371 396 419
 433 446 487 524 560 563 581 621 642
2 40 63 79 109 138 146 205 214 234 261 310 317 341 369 398 420
 436 447 490 524 557 562 580 622 645
3 39 61 80 110 137 145 206 213 236 263 309 318 344 370 397 421
 435 445 489 524 558 561 582 620 644
0 38 62 82 108 139 147 204 211 233 264 308 315 342 372 395 422
 434 448 488 524 559 564 579 619 643
2 32 69 82 86 132 173 188 199 236 258 302 319 328 366 377 419
 454 468 503 516 536 546 595 602 630
0 29 70 80 84 131 173 189 201 235 259 299 322 326 368 375 420
 455 465 504 518 533 548 598 601 633
3 31 71 81 83 130 173 190 200 234 257 301 320 325 367 378 422
 456 466 505 515 534 545 596 600 632
1 30 72 79 85 129 173 187 202 233 260 300 321 327 365 376 421
 453 467 506 517 535 547 597 599 631
7 45 51 81 96 162 168 214 215 248 268 279 285 344 349 382 391
 437 467 482 509 533 546 579 623 626
6 46 50 80 97 164 166 212 217 247 265 280 286 342 350 380 394
 440 466 480 507 536 547 580 623 628
4 48 52 82 98 163 167 213 218 245 267 282 284 341 351 381 392
 438 465 481 508 535 545 581 623 627
5 47 49 79 95 161 165 211 216 246 266 281 283 343 352 379 393
 439 468 479 510 534 548 582 623 629
5 36 60 85 88 137 157 199 209 232 251 316 322 363 373 391 413
 426 470 477 494 545 564 580 591 634
4 35 58 86 87 140 160 201 208 229 249 317 320 364 373 393 414
 428 469 476 492 547 561 579 593 635
7 33 57 83 90 139 159 202 207 230 250 318 319 362 373 394 412
 427 472 475 491 548 562 581 594 637
6 34 59 84 89 138 158 200 210 231 252 315 321 361 373 392 411
 425 471 478 493 546 563 582 592 636
9 32 70 94 96 146 149 186 217 250 274 296 304 336 364 405 421
 432 441 484 520 545 563 613 619 629
8 29 71 93 95 147 152 183 215 251 274 298 306 333 361 403 419
 431 444 485 522 547 562 614 620 627
10 31 72 92 98 145 151 184 216 249 274 295 303 335 362 404 420
 429 442 483 519 546 564 612 621 628
11 30 69 91 97 148 150 185 218 252 274 297 305 334 363 406 422
 430 443 486 521 548 561 611 622 626
2 45 72 78 91 134 159 178 208 227 251 283 323 339 370 375 392
 457 466 496 514 543 556 606 619 642
1 46 71 75 92 136 158 177 209 228 250 285 323 337 372 377 393
 459 465 498 513 541 554 604 622 644
3 48 70 77 93 133 160 175 207 226 252 286 323 340 369 376 391
 458 468 495 511 544 555 605 621 643
0 47 69 76 94 135 157 176 210 225 249 284 323 338 371 378 394
 460 467 497 512 542 553 603 620 645
5 40 56 86 89 143 162 175 218 230 242 295 306 357 372 396 421
 456 474 480 504 532 553 585 606 639
4 38 54 84 90 142 161 177 217 232 244 297 303 360 370 398 419
 453 474 482 505 530 555 583 603 640
6 39 55 83 88 144 163 178 215 229 243 296 305 358 371 395 420
 454 474 479 506 529 554 586 605 638
7 37 53 85 87 141 164 176 216 231 241 298 304 359 369 397 422
 455 474 481 503 531 556 584 604 641
8 38 64 77 89 145 150 188 191 246 273 288 296 359 365 412 416
 437 465 476 514 542 565 580 618 632
9 40 61 76 87 147 151 187 194 248 273 287 297 358 367 411 418
 440 468 477 513 543 567 581 616 633
10 39 63 75 90 148 149 189 193 245 273 290 298 357 366 413 417
 439 466 478 512 544 566 579 615 631
11 37 62 78 88 146 152 190 192 247 273 289 295 360 368 414 415
 438 467 475 511 541 568 582 617 630
9 33 60 79 86 145 152 177 195 245 252 307 324 325 350 375 386
 448 460 502 509 528 569 577 584 638
8 36 58 82 84 148 151 178 197 247 250 310 324 327 349 378 383
 445 458 499 510 526 570 576 585 641
11 34 57 81 85 147 149 175 198 246 249 309 324 326 351 377 384
 447 457 501 507 527 571 578 586 640
10 35 59 80 83 146 150 176 196 248 251 308 324 328 352 376 385
 446 459 500 508 525 572 575 583 639
5 27 67 76 93 136 156 185 190 238 262 296 310 328 350 392 397
 450 453 518 519 571 573 579 594 647
7 28 66 78 94 133 154 184 189 240 263 297 307 327 351 393 395
 452 456 516 522 572 573 580 592 646
6 26 68 75 91 135 155 183 188 237 264 295 309 325 352 391 398
 449 455 517 520 570 573 581 593 648
4 25 65 77 92 134 153 186 187 239 261 298 308 326 349 394 396
 451 454 515 521 569 573 582 591 649
5 45 52 84 87 132 133 179 191 234 274 276 290 342 371 387 408
 427 459 489 501 568 569 599 608 648
7 46 49 86 88 129 135 180 194 235 274 278 288 341 370 390 409
 425 458 488 500 566 571 600 610 649
6 48 51 85 90 130 134 182 192 236 274 277 287 343 372 388 407
 428 460 490 499 565 572 601 607 647
4 47 50 83 89 131 136 181 193 233 274 275 289 344 369 389 410
 426 457 487 502 567 570 602 609 646
8 27 51 91 98 125 139 179 194 243 259 280 316 355 369 377 386
 432 456 492 497 539 574 582 583 631
9 28 50 92 95 126 138 180 192 244 258 282 318 353 371 376 384
 430 455 494 496 538 574 579 585 632
11 26 52 93 96 127 140 182 193 242 260 281 315 356 370 378 385
 429 454 491 498 537 574 580 584 633
10 25 49 94 97 128 137 181 191 241 257 279 317 354 372 375 383
 431 453 493 495 540 574 581 586 630
10 34 45 95 123 141 163 177 188 260 265 278 322 338 346 396 418
 432 434 490 511 526 561 594 596 646
8 35 46 96 123 144 161 175 187 257 267 277 319 339 347 397 415
 430 436 487 512 528 564 592 598 648
9 36 48 97 123 142 162 176 190 259 266 275 321 337 345 395 417
 429 433 489 514 527 562 593 595 649
11 33 47 98 123 143 164 178 189 258 268 276 320 340 348 398 416
 431 435 488 513 525 563 591 597 647
0 27 36 118 119 146 166 183 206 258 267 303 313 367 374 393 396
 427 457 493 506 544 565 584 610 626
2 28 33 115 121 148 167 186 204 260 266 306 312 368 374 391 397
 425 459 492 505 542 567 586 607 628
1 26 34 117 120 145 165 185 205 257 268 304 314 366 374 394 395
 428 458 494 504 543 568 583 609 627
3 25 35 116 122 147 168 184 203 259 265 305 311 365 374 392 398
 426 460 491 503 541 566 585 608 629
8 32 37 101 112 143 157 184 204 229 239 290 318 337 367 375 385
 443 463 490 517 555 571 609 623 636
10 29 40 100 114 142 160 185 206 231 237 289 316 339 365 378 384
 441 461 488 516 554 569 607 623 637
11 31 38 102 111 144 158 186 203 230 240 287 317 338 366 376 386
 444 464 489 518 556 570 610 623 634
9 30 39 99 113 141 159 183 205 232 238 288 315 340 368 377 383
 442 462 487 515 553 572 608 623 635
0 37 45 115 120 130 144 181 213 232 252 293 302 335 364 379 416
 440 461 498 500 562 573 578 585 631
2 39 46 117 122 131 142 179 211 230 249 291 300 333 363 382 418
 438 463 495 499 563 573 575 584 632
1 38 48 116 119 132 143 180 214 231 251 294 301 336 362 380 415
 439 462 497 502 561 573 576 586 633
3 40 47 118 121 129 141 182 212 229 250 292 299 334 361 381 417
 437 464 496 501 564 573 577 583 630
11 40 45 106 119 126 136 196 221 226 239 288 300 354 373 395 419
 445 460 481 520 534 539 598 615 628
10 37 46 104 121 127 133 197 222 225 238 287 301 355 373 398 421
 448 457 479 521 533 538 595 618 627
8 39 48 105 120 128 135 195 220 227 240 289 299 353 373 396 422
 447 459 482 519 536 537 597 616 629
9 38 47 103 122 125 134 198 219 228 237 290 302 356 373 397 420
 446 458 480 522 535 540 596 617 626
7 32 36 93 102 138 174 191 218 237 254 294 312 326 335 414 418
 460 466 479 487 552 559 583 597 644
5 29 35 92 99 139 174 193 217 240 255 291 313 325 334 411 416
 458 467 481 490 549 558 586 595 642
4 31 34 91 101 137 174 192 215 238 253 293 311 327 336 412 417
 459 468 480 488 551 560 584 598 645
6 30 33 94 100 140 174 194 216 239 256 292 314 328 333 413 415
 457 465 482 489 550 557 585 596 643
7 27 41 75 111 163 169 201 217 251 257 289 300 348 356 388 408
 442 468 521 524 527 542 577 585 636
6 28 43 77 114 161 172 199 218 250 259 290 301 346 354 389 409
 444 467 519 524 525 543 578 584 635
4 26 44 76 112 162 171 202 216 252 258 288 299 347 355 387 407
 441 466 522 524 526 541 575 586 634
5 25 42 78 113 164 170 200 215 249 260 287 302 345 353 390 410
 443 465 520 524 528 544 576 583 637
1 27 35 94 110 152 162 200 207 232 270 283 290 332 359 381 418
 447 454 486 488 538 570 601 624 628
3 28 36 91 108 149 164 201 210 230 269 285 288 329 358 379 415
 446 453 483 490 537 569 602 624 627
0 26 33 92 109 150 163 199 208 231 272 286 287 331 360 382 417
 445 456 485 487 540 571 599 624 629
2 25 34 93 107 151 161 202 209 229 271 284 289 330 357 380 416
 448 455 484 489 539 572 600 624 626
1 32 40 84 105 164 169 190 211 245 271 277 305 331 338 391 412
 451 457 500 522 558 574 589 612 635
2 29 38 83 104 162 170 187 213 247 272 278 304 329 340 393 413
 449 460 501 519 560 574 587 611 636
0 31 39 85 106 161 171 188 212 248 269 276 306 332 337 392 414
 452 458 502 521 557 574 590 613 637
3 30 37 86 103 163 172 189 214 246 270 275 303 330 339 394 411
 450 459 499 520 559 574 588 614 634
11 32 35 79 121 134 156 209 224 231 243 275 293 329 342 402 409
 442 452 482 504 526 544 581 620 632
9 29 34 82 119 135 153 208 224 230 241 277 292 332 344 401 408
 443 450 479 505 525 541 580 621 631
8 31 33 80 122 133 155 210 224 232 242 278 294 330 343 399 410
 441 451 481 506 527 543 579 622 630
10 30 36 81 120 136 154 207 224 229 244 276 291 331 341 400 407
 444 449 480 503 528 542 582 619 633
4 27 40 78 104 130 149 191 203 256 266 315 322 330 362 382 400
 430 458 517 523 525 536 604 620 638
5 28 37 75 105 131 150 194 206 253 268 317 319 332 361 380 399
 429 460 515 523 526 535 605 619 640
7 26 39 77 103 132 151 192 204 255 265 316 321 329 364 381 401
 431 457 518 523 528 534 603 622 639
6 25 38 76 106 129 152 193 205 254 267 318 320 331 363 379 402
 432 459 516 523 527 533 606 621 641
10 27 38 86 117 138 164 182 202 239 255 311 323 344 368 399 406
 433 452 485 510 529 545 578 616 648
8 28 40 85 116 140 163 181 200 238 254 313 323 342 366 401 404
 435 449 484 509 530 548 575 617 649
9 26 37 83 118 137 161 179 201 240 256 312 323 341 365 402 403
 434 451 486 507 532 546 576 615 647
11 25 39 84 115 139 162 180 199 237 253 314 323 343 367 400 405
 436 450 483 508 531 547 577 618 646
4 32 42 95 111 128 166 182 214 225 235 321 324 332 363 397 416
 449 456 475 483 543 554 608 615 643
6 29 44 98 113 127 168 180 211 226 234 319 324 330 364 396 417
 452 453 477 486 542 556 609 617 644
7 31 43 97 112 126 165 179 213 228 233 322 324 331 361 398 415
 450 454 476 484 544 553 607 616 642
5 30 41 96 114 125 167 181 212 227 236 320 324 329 362 395 418
 451 455 478 485 541 555 610 618 645
3 27 34 96 106 131 143 216 222 240 245 302 308 360 371 383 409
 449 472 477 514 547 552 607 622 650
0 28 35 97 104 132 141 215 220 237 246 300 310 357 370 386 407
 451 471 475 513 545 550 609 621 650
2 26 36 98 105 129 144 217 219 239 248 301 307 359 372 384 410
 450 469 478 511 548 551 608 620 650
1 25 33 95 103 130 142 218 221 238 247 299 309 358 369 385 408
 452 470 476 512 546 549 610 619 650
5 32 38 81 110 126 135 197 201 252 261 280 314 339 346 404 417
 431 438 491 506 567 572 590 604 650
4 29 39 79 107 125 133 196 200 250 264 279 312 338 348 406 415
 429 440 494 503 565 571 588 606 650
6 31 37 82 109 128 136 198 202 251 263 281 313 340 345 405 418
 430 437 492 504 566 569 589 603 650
7 30 40 80 108 127 134 195 199 249 262 282 311 337 347 403 416
 432 439 493 505 568 570 587 605 650
3 32 44 85 92 148 170 219 223 242 253 283 289 333 341 386 395
 440 462 476 493 525 533 594 603 648
1 29 43 86 91 146 171 220 223 244 256 284 287 335 342 383 397
 437 463 478 491 527 534 591 605 646
2 31 41 84 94 147 172 222 223 243 254 286 288 334 344 385 396
 439 461 475 494 528 535 593 604 647
0 30 42 83 93 145 169 221 223 241 255 285 290 336 343 384 398
 438 464 477 492 526 536 592 606 649
1 42 45 80 98 138 161 186 197 253 273 292 313 329 356 407 422
 426 472 495 516 553 571 593 614 638
3 41 46 82 95 140 162 185 195 255 273 293 312 331 354 410 420
 427 471 497 517 556 572 591 613 640
0 43 48 79 96 137 164 184 198 254 273 291 314 330 355 408 419
 425 469 496 515 554 570 594 611 639
2 44 47 81 97 139 163 183 196 256 273 294 311 332 353 409 421
 428 470 498 518 555 569 592 612 641
425 426 427 428 429 430 431 432 445 446 447 448 449 450 451 452 461
 462 463 464 465 466 467 468 474 625
433 434 435 436 437 438 439 440 441 442 443 444 453 454 455 456 457
 458 459 460 469 470 471 472 473 625
