625 626 627 628 629 630 631 632 633 634 635 636 637 638 639 640 641
 642 643 644 645 646 647 648 649 650
75 84 85 86 87 200 201 210 211 212 320 321 322 325 339 365 366
 367 377 378 460 461 462 463 472 630
82 83 92 93 94 207 208 209 217 218 324 335 336 337 338 373 374
 375 376 384 469 470 471 477 478 630
80 81 89 90 91 205 206 215 216 219 323 331 332 333 334 371 372
 381 382 383 465 466 467 468 476 630
76 77 78 79 88 202 203 204 213 214 326 327 328 329 330 368 369
 370 379 380 464 473 474 475 479 630
25 28 38 42 47 198 210 213 217 219 220 221 222 223 224 245 246
 247 255 256 270 271 272 278 279 646
29 34 36 41 46 198 206 209 212 214 234 235 236 242 243 253 254
 266 267 268 276 277 292 293 294 650
26 30 33 40 45 198 204 208 211 216 232 233 240 241 244 252 262
 263 264 265 287 288 289 290 291 648
27 31 32 44 49 198 201 203 207 215 229 230 231 238 239 250 251
 259 260 261 275 283 284 285 286 649
35 37 39 43 48 198 200 202 205 218 225 226 227 228 237 248 249
 257 258 269 273 274 280 281 282 647
25 37 41 44 45 170 301 308 311 314 319 435 450 451 452 453 460
 465 469 473 505 509 511 516 519 627
26 27 35 42 46 170 295 300 303 309 316 448 449 456 457 458 464
 468 471 472 503 507 512 515 524 628
28 31 33 36 43 170 297 304 307 313 317 446 447 454 455 459 463
 467 475 478 502 517 521 522 523 629
30 34 39 47 49 170 299 302 312 315 318 441 442 443 444 445 462
 470 474 476 500 506 510 513 518 625
29 32 38 40 48 170 296 298 305 306 310 436 437 438 439 440 461
 466 477 479 501 504 508 514 520 626
0 5 10 13 18 28 29 35 45 49 51 54 56 61 71 120 129
 130 131 132 525 526 527 539 540 630
3 8 15 19 23 31 34 37 40 42 50 58 63 70 74 128 140
 141 142 143 536 537 538 547 548 630
4 9 16 22 24 26 32 41 43 47 52 59 65 69 73 126 127
 137 138 139 533 534 535 545 546 630
1 2 6 12 21 33 38 39 44 46 53 57 60 66 68 125 134
 135 136 144 530 531 532 543 544 630
7 11 14 17 20 25 27 30 36 48 55 62 64 67 72 121 122
 123 124 133 528 529 541 542 549 630
97 98 102 109 117 223 225 239 243 244 295 296 297 311 312 385 386
 396 397 398 410 411 412 426 427 630
100 105 112 115 119 222 229 237 240 242 308 309 310 317 318 394 395
 406 407 408 422 423 424 425 433 630
101 106 110 111 114 221 227 235 238 241 306 307 315 316 319 391 392
 393 404 405 418 419 420 421 432 630
95 99 104 108 116 220 226 231 233 236 302 303 304 305 314 389 390
 401 402 403 416 417 430 431 434 630
96 103 107 113 118 224 228 230 232 234 298 299 300 301 313 387 388
 399 400 409 413 414 415 428 429 630
0 1 14 15 16 199 256 258 260 262 267 295 298 302 317 319 322
 327 331 336 550 551 552 553 565 641
11 12 13 22 23 199 246 251 265 266 269 297 301 305 316 318 321
 326 334 337 564 570 571 572 573 645
8 9 10 20 21 199 245 257 259 263 268 300 307 310 312 314 330
 332 335 339 560 561 562 563 569 643
6 7 18 19 24 199 247 248 250 254 264 299 304 306 309 311 323
 325 329 338 557 558 559 567 568 642
2 3 4 5 17 199 249 252 253 255 261 296 303 308 313 315 320
 324 328 333 554 555 556 566 574 644
51 57 62 69 74 146 150 156 158 167 170 248 255 259 262 266 368
 373 377 381 410 414 421 422 431 637
53 55 58 61 65 145 157 159 161 166 170 247 258 261 265 268 367
 376 380 383 418 424 426 429 434 638
50 52 54 68 72 147 151 154 160 165 170 246 252 254 257 260 370
 372 378 384 411 413 420 425 430 636
59 64 66 70 71 148 153 163 164 169 170 245 249 251 264 267 366
 369 371 375 415 416 419 423 427 640
56 60 63 67 73 149 152 155 162 168 170 250 253 256 263 269 365
 374 379 382 412 417 428 432 433 639
25 32 33 34 35 196 323 326 336 339 413 416 422 426 432 575 576
 586 587 588 600 601 611 612 613 644
31 45 46 47 48 196 321 327 333 338 417 421 425 427 429 583 584
 585 597 598 608 609 610 623 624 643
29 30 42 43 44 196 322 324 329 332 412 415 420 424 431 580 581
 582 596 599 605 606 607 621 622 645
27 28 39 40 41 196 320 330 331 337 411 414 419 433 434 579 592
 593 594 595 603 604 618 619 620 642
26 36 37 38 49 196 325 328 334 335 410 418 423 428 430 577 578
 589 590 591 602 614 615 616 617 641
107 108 109 110 119 197 245 248 253 260 265 460 468 475 477 525 533
 536 541 543 577 580 585 587 593 625
104 105 106 117 118 197 256 257 261 264 266 467 469 472 474 527 532
 535 542 548 586 590 595 597 599 626
101 102 103 115 116 197 251 254 255 258 263 463 471 476 479 529 531
 538 540 546 576 582 584 589 592 627
98 99 100 113 114 197 246 249 250 262 268 462 466 473 478 526 534
 544 547 549 578 579 583 588 596 628
95 96 97 111 112 197 247 252 259 267 269 461 464 465 470 528 530
 537 539 545 575 581 591 594 598 629
100 103 108 111 117 130 133 137 142 144 170 202 206 208 210 554 557
 560 565 570 605 608 611 614 618 649
96 98 106 116 119 123 129 136 139 141 170 203 205 212 217 553 556
 559 569 573 601 610 617 620 622 648
97 99 101 105 107 120 124 128 134 138 170 207 211 214 219 552 563
 564 566 568 600 609 616 619 621 647
102 104 110 112 113 121 125 126 132 143 170 201 213 216 218 551 555
 562 567 572 604 607 613 615 624 650
95 109 114 115 118 122 127 131 135 140 170 200 204 209 215 550 558
 561 571 574 602 603 606 612 623 646
32 36 39 42 45 78 82 85 91 107 112 114 116 117 145 146 152
 153 154 171 175 180 189 194 199 635
30 31 35 38 41 86 88 89 94 99 102 111 118 119 164 165 166
 167 168 173 177 181 186 193 199 632
26 28 34 44 48 75 79 90 92 95 98 103 105 110 150 151 161
 162 163 172 174 179 190 195 199 633
27 29 33 37 47 77 80 84 93 96 100 101 104 109 149 158 159
 160 169 176 185 188 191 192 199 634
25 40 43 46 49 76 81 83 87 97 106 108 113 115 147 148 155
 156 157 178 182 183 184 187 199 631
124 126 130 136 140 175 177 182 185 195 198 302 310 311 313 316 375
 377 379 383 575 577 592 596 597 636
120 121 127 141 144 171 173 179 183 191 198 301 303 306 312 317 367
 370 373 382 582 585 588 591 595 640
129 133 135 138 143 176 184 189 190 193 198 297 298 309 314 315 366
 380 381 384 579 581 584 587 590 639
123 125 128 131 137 172 181 187 188 194 198 296 300 304 318 319 368
 371 374 378 580 583 586 589 594 638
122 132 134 139 142 174 178 180 186 192 198 295 299 305 307 308 365
 369 372 376 576 578 593 598 599 637
147 152 158 161 164 271 276 282 284 291 440 442 450 455 457 558 565
 566 569 572 577 584 588 594 599 630
146 157 160 163 168 272 277 280 285 289 438 441 453 456 459 550 556
 562 568 570 575 582 583 590 593 630
148 154 159 162 167 275 278 281 290 294 435 437 444 447 448 552 555
 559 560 571 587 589 595 596 598 630
149 151 153 156 166 270 273 286 288 293 439 443 446 449 451 551 557
 563 573 574 576 579 580 591 597 630
145 150 155 165 169 274 279 283 287 292 436 445 452 454 458 553 554
 561 564 567 578 581 585 586 592 630
61 64 68 73 74 171 172 184 185 186 196 220 225 232 238 242 460
 466 471 474 551 556 558 560 564 629
51 60 65 70 72 183 192 193 194 195 196 224 236 237 239 241 463
 468 470 473 550 554 559 563 572 626
54 55 57 59 63 180 181 182 190 191 196 223 228 231 235 240 465
 472 478 479 555 561 565 568 573 625
52 56 58 62 66 177 178 179 188 189 196 222 227 230 233 243 462
 464 467 477 552 567 569 570 574 627
50 53 67 69 71 173 174 175 176 187 196 221 226 229 234 244 461
 469 475 476 553 557 562 566 571 628
6 8 13 16 17 98 104 107 111 115 196 270 275 276 280 287 367
 371 379 384 501 503 510 511 521 637
1 3 7 10 22 97 100 110 116 118 196 272 274 286 291 294 369
 373 378 383 504 509 515 518 523 639
5 9 12 14 19 99 103 106 109 112 196 279 282 285 290 293 372
 374 377 380 500 514 519 522 524 640
0 2 20 23 24 96 102 105 108 114 196 273 278 284 289 292 366
 368 376 382 502 505 507 513 520 636
4 11 15 18 21 95 101 113 117 119 196 271 277 281 283 288 365
 370 375 381 506 508 512 516 517 638
35 36 40 44 47 197 340 341 342 357 364 376 378 379 381 391 394
 396 399 401 551 559 561 566 570 640
27 34 38 43 45 197 353 354 355 356 363 367 368 372 375 386 393
 395 403 409 550 555 557 564 569 639
33 41 42 48 49 197 351 352 360 361 362 365 371 373 380 390 398
 400 405 408 556 563 565 567 571 636
28 30 32 37 46 197 348 349 350 358 359 369 377 382 384 388 397
 402 404 407 552 554 558 562 573 638
25 26 29 31 39 197 343 344 345 346 347 366 370 374 383 385 387
 389 392 406 553 560 568 572 574 637
76 82 86 90 198 413 418 427 431 433 500 501 502 515 516 527 530
 533 538 549 552 556 557 561 572 634
79 85 89 93 198 412 419 422 429 430 511 512 513 514 523 525 529
 544 545 548 559 562 564 565 574 631
75 77 81 94 198 414 417 420 423 426 507 508 509 510 522 528 535
 540 543 547 551 554 568 569 571 635
78 80 87 92 198 411 416 421 424 428 504 505 506 521 524 526 532
 537 541 546 550 560 566 567 573 632
83 84 88 91 198 410 415 425 432 434 503 517 518 519 520 531 534
 536 539 542 553 555 558 563 570 633
123 127 130 134 143 199 279 280 284 288 294 340 343 353 358 360 414
 424 427 430 432 463 464 466 469 625
121 131 136 138 142 199 271 274 275 289 293 347 350 356 357 362 412
 413 421 423 434 472 473 476 477 629
120 125 133 139 140 199 277 278 282 286 287 342 346 352 355 359 410
 416 420 429 433 460 467 470 479 628
122 126 128 129 144 199 270 281 285 291 292 341 345 349 354 361 411
 415 417 418 422 461 468 474 478 627
124 132 135 137 141 199 272 273 276 283 290 344 348 351 363 364 419
 425 426 428 431 462 465 471 475 626
2 8 14 18 22 153 155 160 161 167 198 386 392 394 400 402 462
 468 469 479 601 603 608 615 621 629
5 7 16 21 23 149 150 154 157 164 198 385 388 395 401 405 463
 465 474 477 600 606 617 618 624 628
1 4 13 19 20 145 148 151 158 168 198 389 391 397 408 409 460
 464 476 478 602 607 609 611 620 626
10 12 15 17 24 152 156 159 163 165 198 398 399 403 404 406 466
 470 472 475 604 605 610 612 616 627
0 3 6 9 11 146 147 162 166 169 198 387 390 393 396 407 461
 467 471 473 613 614 619 622 623 625
76 84 89 92 121 129 134 137 140 196 246 248 261 263 267 387 394
 397 403 405 436 441 446 448 450 635
79 87 91 94 127 128 132 133 136 196 245 250 252 258 266 389 395
 396 400 404 435 440 445 449 459 634
78 81 86 93 124 131 139 143 144 196 247 251 253 257 262 385 393
 399 402 408 439 444 453 455 458 633
77 83 85 90 120 123 126 135 142 196 249 254 256 259 265 392 398
 401 407 409 438 443 447 452 457 632
75 80 82 88 122 125 130 138 141 196 255 260 264 268 269 386 388
 390 391 406 437 442 451 454 456 631
50 56 57 64 65 87 88 90 93 197 278 280 283 291 293 296 299
 314 316 317 606 610 611 615 619 635
53 54 62 70 73 77 86 91 92 197 270 274 277 284 290 297 300
 302 306 308 612 614 620 621 624 631
61 63 66 69 72 76 80 85 94 197 271 273 285 287 294 295 301
 304 310 315 603 605 609 613 617 633
51 58 59 67 68 75 78 83 89 197 276 279 281 286 289 305 309
 312 313 319 601 607 616 618 623 634
52 55 60 71 74 79 81 82 84 197 272 275 282 288 292 298 303
 307 311 318 600 602 604 608 622 632
3 13 14 21 24 171 177 187 190 192 197 202 211 215 217 411 423
 429 431 432 440 444 446 452 456 650
0 4 7 8 12 176 179 182 186 194 197 204 212 218 219 415 421
 426 430 433 436 442 447 449 453 649
1 9 17 18 23 172 175 178 191 193 197 201 205 208 214 420 422
 427 428 434 438 445 448 451 455 646
2 10 11 16 19 174 181 183 185 189 197 200 206 207 213 410 413
 417 419 424 437 443 450 458 459 648
5 6 15 20 22 173 180 184 188 195 197 203 209 210 216 412 414
 416 418 425 435 439 441 454 457 647
50 59 60 61 62 199 203 206 211 218 396 402 405 406 409 500 504
 507 511 517 576 585 590 594 596 646
57 58 71 72 73 199 208 212 213 215 386 387 401 404 408 510 516
 520 523 524 581 588 589 593 597 647
55 56 68 69 70 199 201 202 209 219 385 391 400 403 407 502 503
 506 509 514 575 578 580 584 595 648
54 65 66 67 74 199 200 214 216 217 390 392 395 397 399 508 513
 515 519 521 577 579 582 586 598 649
51 52 53 63 64 199 204 205 207 210 388 389 393 394 398 501 505
 512 518 522 583 587 591 592 599 650
175 183 186 188 190 246 253 258 259 264 347 349 352 353 364 507 514
 516 518 521 606 608 613 616 620 630
179 180 185 187 193 248 251 252 256 268 341 343 359 362 363 502 504
 510 512 519 601 602 605 619 624 630
174 177 184 191 194 245 254 261 262 269 340 346 348 356 361 500 503
 505 508 523 604 611 617 621 623 630
172 173 182 189 192 247 249 260 263 266 342 344 350 354 360 501 509
 513 517 524 600 603 607 610 614 630
171 176 178 181 195 250 255 257 265 267 345 351 355 357 358 506 511
 515 520 522 609 612 615 618 622 630
53 56 59 72 74 105 109 111 113 116 198 324 325 326 331 340 347
 351 354 359 439 445 447 450 456 643
62 63 65 68 71 96 99 110 115 117 198 322 330 334 338 342 345
 348 353 362 436 444 451 457 459 644
54 58 60 64 69 98 101 108 112 118 198 329 333 337 339 346 349
 357 360 363 435 438 442 446 458 641
52 57 61 67 70 95 100 102 106 107 198 321 328 332 336 343 350
 355 361 364 437 441 449 452 455 642
50 51 55 66 73 97 103 104 114 119 198 320 323 327 335 341 344
 352 356 358 440 443 448 453 454 645
126 131 133 134 141 146 148 149 161 165 197 220 228 229 241 243 324
 327 334 339 505 510 514 515 517 642
120 122 136 137 143 145 156 160 162 164 197 222 226 232 235 239 321
 329 331 335 502 508 511 518 524 644
121 128 130 135 139 147 150 153 159 168 197 224 227 231 242 244 320
 326 332 338 503 504 513 516 522 641
123 132 138 140 144 154 155 158 163 166 197 221 225 230 236 240 325
 330 333 336 501 506 507 519 523 645
124 125 127 129 142 151 152 157 167 169 197 223 233 234 237 238 322
 323 328 337 500 509 512 520 521 643
148 150 152 160 166 196 210 214 215 218 295 306 313 314 318 346 354
 358 362 364 530 534 540 541 548 648
154 156 161 168 169 196 202 207 212 216 298 304 308 312 316 340 345
 350 352 363 529 532 533 539 547 646
145 147 149 163 167 196 205 209 211 213 296 301 302 307 309 341 347
 348 355 360 525 531 535 537 549 649
146 151 155 159 164 196 201 204 206 217 297 299 303 310 319 342 343
 349 351 356 526 538 542 543 545 647
153 157 158 162 165 196 200 203 208 219 300 305 311 315 317 344 353
 357 359 361 527 528 536 544 546 650
170 186 187 189 191 195 273 275 277 279 291 320 329 334 336 388 392
 396 403 408 533 537 540 542 544 643
170 173 178 185 190 194 270 282 283 289 294 325 327 332 337 393 397
 400 401 406 526 529 530 535 536 644
170 171 174 182 188 193 272 281 284 287 293 321 323 324 330 385 390
 394 404 409 525 528 532 534 538 641
170 175 179 181 184 192 274 276 278 285 288 328 331 338 339 386 389
 399 405 407 527 531 541 545 547 645
170 172 176 177 180 183 271 280 286 290 292 322 326 333 335 387 391
 395 398 402 539 543 546 548 549 642
0 17 19 21 22 78 84 90 94 170 222 225 231 234 241 345 356
 359 360 364 576 577 581 583 595 631
2 7 9 13 15 81 85 88 92 170 223 227 229 232 236 340 344
 349 355 362 575 579 585 589 599 634
1 5 8 11 24 75 76 91 93 170 224 226 238 240 243 342 347
 358 361 363 580 588 590 592 598 632
3 12 16 18 20 77 82 87 89 170 220 230 235 237 244 341 346
 350 351 353 578 582 587 594 597 633
4 6 10 14 23 79 80 83 86 170 221 228 233 239 242 343 348
 352 354 357 584 586 591 593 596 635
24 49 74 119 144 169 195 219 244 269 294 319 339 364 384 409 434
 459 479 499 524 549 574 599 624 635
9 44 67 101 130 165 183 212 225 262 270 318 323 351 369 389 429
 457 477 492 502 537 555 590 603 635
20 49 66 110 137 166 175 204 242 255 280 298 337 359 372 385 417
 452 472 498 517 537 559 588 621 634
23 49 65 107 133 162 185 212 227 264 279 295 333 356 370 394 431
 439 478 491 509 531 562 594 612 632
2 49 67 109 142 146 177 218 224 268 288 317 329 345 378 404 416
 448 465 495 501 535 564 584 620 633
15 32 67 104 144 148 172 204 235 246 273 308 338 357 383 400 410
 456 463 494 500 525 569 581 619 632
7 34 51 109 125 166 184 211 222 257 284 303 334 350 379 400 419
 438 478 482 516 546 553 598 605 635
15 46 51 100 126 154 181 217 238 264 282 314 326 360 367 396 428
 436 476 481 502 528 574 593 621 633
19 44 54 115 137 159 171 218 221 253 291 305 327 350 366 386 414
 445 467 481 512 549 563 575 617 632
11 32 74 118 130 151 187 218 222 267 290 315 330 352 367 401 412
 455 468 488 505 531 568 578 610 634
5 44 74 102 133 152 191 204 236 247 281 316 335 353 371 407 413
 446 462 486 504 535 553 593 609 631
14 47 50 107 131 166 179 208 237 250 294 307 326 349 366 403 410
 457 465 488 508 532 556 592 607 631
8 39 71 119 138 162 178 209 241 246 284 304 328 354 377 398 429
 458 465 481 504 542 551 582 611 634
1 34 52 119 132 146 176 202 232 251 279 296 338 346 382 401 418
 450 472 484 521 528 563 596 603 631
14 40 56 117 136 151 191 200 229 255 276 304 332 360 369 387 418
 453 470 482 507 534 564 587 624 632
1 45 55 102 141 163 184 207 234 248 270 310 326 357 365 392 430
 444 467 495 524 534 554 594 606 634
2 48 58 104 138 168 182 210 234 251 290 307 331 353 370 396 422
 452 470 496 515 526 558 580 617 635
22 34 53 108 121 169 189 217 239 262 280 313 330 341 365 406 420
 449 465 490 514 527 558 589 609 632
13 26 68 100 141 164 178 200 231 247 277 298 333 341 368 404 412
 447 469 493 500 541 563 592 613 635
14 44 65 116 142 156 173 219 240 257 292 297 320 346 375 405 428
 437 464 487 510 525 558 583 613 634
5 36 52 111 125 161 183 217 231 263 274 295 329 348 366 409 422
 453 466 497 506 536 571 597 619 634
11 28 60 111 127 153 188 214 229 257 289 299 336 341 383 398 431
 436 460 498 524 547 555 584 617 631
7 45 68 101 139 156 190 213 237 267 285 300 324 343 382 396 434
 454 462 498 501 548 571 577 611 632
16 29 63 105 125 145 178 215 225 245 290 316 320 349 373 399 430
 441 473 499 517 528 557 584 601 632
11 46 52 99 143 149 172 215 237 255 287 312 325 356 376 392 415
 435 475 487 504 527 565 575 620 635
21 32 54 106 133 168 188 219 232 248 276 303 322 354 376 406 427
 443 473 483 523 537 571 592 615 633
1 43 71 111 124 160 190 216 230 268 271 305 320 360 374 407 410
 449 474 483 505 538 559 585 612 635
16 25 61 103 140 165 180 214 239 269 291 303 338 360 381 393 423
 447 462 480 520 532 562 580 620 634
8 26 55 99 136 154 192 213 227 253 286 317 337 351 381 409 427
 441 461 494 505 540 558 586 605 631
5 40 55 118 139 158 179 206 220 260 273 309 321 345 375 398 432
 445 473 489 521 530 562 589 621 635
8 25 60 102 131 159 174 205 235 264 285 313 322 359 373 401 425
 440 464 485 506 533 564 579 614 635
6 29 64 117 143 168 174 217 230 252 273 318 327 355 377 405 434
 447 468 495 509 546 561 588 616 631
18 46 63 98 121 164 194 202 233 260 278 307 324 364 383 408 414
 443 461 486 519 546 564 590 612 634
23 41 64 116 125 159 182 202 241 259 270 309 336 358 372 387 412
 459 462 494 508 527 566 585 602 633
17 26 70 113 129 149 180 207 242 257 278 319 329 353 377 390 426
 440 476 488 523 530 570 585 603 632
4 46 64 114 132 150 188 211 223 269 286 310 331 345 380 403 413
 455 469 492 510 536 559 582 614 632
12 40 69 105 129 168 171 213 228 268 283 311 336 356 371 402 420
 457 463 484 518 541 574 598 614 634
10 27 65 114 144 164 190 218 220 266 287 311 328 340 365 387 425
 438 476 497 522 537 552 580 601 631
17 39 73 108 128 166 192 216 229 267 279 311 321 348 373 391 413
 447 479 487 512 526 569 590 606 633
6 31 65 112 130 160 178 204 234 256 274 312 324 361 381 403 419
 440 460 484 507 549 573 589 600 633
21 30 70 108 139 146 172 200 230 256 294 316 323 347 380 386 425
 436 478 496 511 540 566 591 604 634
15 28 59 96 122 167 187 201 241 253 274 311 332 346 380 395 430
 443 471 491 501 532 570 588 609 635
13 39 58 109 124 147 174 203 220 263 294 306 336 352 381 395 415
 451 472 486 502 545 554 583 615 632
15 30 68 109 129 162 194 206 221 259 280 301 320 363 376 389 423
 455 479 485 515 534 567 597 600 631
18 32 66 105 142 158 181 212 226 263 272 313 334 343 380 393 411
 435 470 493 503 549 551 585 606 631
16 39 72 110 120 169 186 210 243 261 288 309 332 357 368 402 428
 440 478 492 519 538 571 575 610 631
1 27 74 99 137 157 189 212 228 252 278 306 332 349 379 398 423
 454 469 496 506 525 572 576 623 633
22 45 70 115 136 165 176 206 223 261 281 307 325 352 374 388 431
 438 464 499 513 541 551 588 619 633
3 45 69 103 123 159 193 200 238 246 292 312 331 348 379 408 416
 449 477 491 517 530 568 599 615 631
5 47 60 119 140 147 171 201 233 266 280 300 331 362 369 392 426
 437 478 493 505 529 557 581 616 633
3 43 72 95 134 167 189 203 221 264 293 318 335 345 382 399 426
 438 460 494 503 526 565 592 624 634
23 33 56 112 139 167 195 207 235 258 271 303 330 344 378 397 415
 452 466 481 510 541 557 590 623 631
19 36 53 97 132 167 191 215 227 246 289 298 339 343 375 390 433
 457 474 485 511 546 554 580 610 633
18 37 72 103 138 152 187 216 231 266 270 317 339 355 376 385 419
 436 464 489 518 543 556 596 623 632
8 29 52 118 121 148 180 211 221 258 283 297 323 340 368 407 417
 451 470 491 524 544 556 577 618 633
10 34 64 107 126 147 193 215 226 247 288 308 322 351 374 397 421
 454 479 489 507 544 570 595 617 634
12 47 61 110 122 146 183 205 234 252 284 314 325 344 375 408 412
 446 479 483 503 547 552 586 618 632
13 25 59 101 135 152 186 208 226 260 292 296 330 356 377 400 424
 441 467 497 515 547 559 591 624 633
11 37 71 102 134 156 194 210 242 250 291 302 333 344 380 409 420
 456 477 482 521 545 561 595 601 633
19 47 62 108 135 162 173 214 238 258 288 310 324 355 371 388 411
 453 472 494 523 539 572 578 601 635
18 30 69 110 136 147 188 207 236 249 279 297 327 361 367 399 433
 456 465 497 520 548 560 576 602 635
20 33 69 95 141 153 182 206 222 250 274 296 322 340 384 393 429
 448 474 487 519 540 572 593 616 632
23 48 57 117 120 148 177 216 238 253 272 300 325 341 384 403 424
 442 473 485 522 545 553 576 603 634
9 40 68 104 123 145 173 207 243 269 272 299 328 359 366 395 421
 446 468 490 516 540 565 596 612 633
22 38 62 106 131 145 190 201 244 254 273 317 333 358 379 390 415
 450 470 492 512 547 560 593 600 634
4 28 50 112 135 155 181 205 243 262 275 306 321 353 376 387 416
 456 474 499 509 529 563 577 605 634
24 33 55 111 129 155 175 200 239 245 293 308 334 355 370 401 414
 442 471 492 504 548 552 583 607 633
4 30 56 107 141 169 187 213 225 254 284 305 335 342 383 405 422
 435 472 480 522 530 550 579 608 633
3 27 66 98 130 154 184 219 241 258 277 299 321 362 374 402 422
 450 475 485 520 535 561 591 607 632
10 38 50 117 122 158 184 214 231 249 290 319 337 347 382 394 429
 449 463 486 510 533 567 575 622 633
13 31 67 96 137 161 180 219 233 249 293 310 325 358 373 396 420
 458 474 489 516 531 550 587 604 631
0 48 73 106 134 158 175 209 233 247 283 312 326 346 378 388 423
 459 468 497 511 538 555 579 605 632
7 43 58 96 120 153 193 209 240 255 275 316 327 364 365 389 411
 450 466 488 500 543 562 586 614 633
0 41 53 115 143 152 195 211 220 249 285 299 332 363 370 391 410
 448 477 493 523 528 573 586 608 634
12 36 63 95 126 160 173 211 224 248 275 319 333 352 369 385 424
 445 471 496 520 527 569 579 611 631
6 25 50 116 127 163 192 201 232 268 281 315 334 364 368 397 433
 458 477 496 522 539 565 597 621 632
0 42 62 113 127 164 185 205 236 263 286 318 320 357 384 386 418
 452 475 489 514 532 568 598 611 633
21 37 73 115 120 163 181 203 224 252 292 295 337 340 383 390 421
 455 462 484 514 542 557 587 607 635
4 37 57 116 124 165 172 209 244 245 285 298 329 362 367 394 432
 443 467 490 507 526 572 598 618 631
9 36 51 96 143 155 179 202 244 261 271 302 337 354 371 404 425
 437 460 480 515 544 568 576 606 632
2 41 51 101 121 163 175 215 228 256 291 304 321 342 384 395 426
 439 464 483 500 536 560 578 622 631
10 43 57 112 128 161 176 210 236 260 289 301 323 359 379 405 427
 444 471 493 508 542 574 578 620 632
17 29 53 106 126 151 186 202 240 250 272 301 335 362 381 386 416
 458 463 498 513 536 552 594 623 635
20 41 63 103 132 156 185 217 229 265 281 306 328 347 378 402 427
 442 467 488 503 544 550 581 600 635
14 35 57 114 138 149 183 203 222 265 277 313 338 363 371 397 430
 445 461 498 509 538 560 599 604 633
20 42 61 98 135 149 177 201 240 267 282 305 323 354 370 399 421
 459 469 482 518 533 554 589 619 631
21 28 62 97 140 160 194 208 228 251 293 309 328 351 367 391 417
 435 466 495 513 533 553 599 613 632
9 35 58 100 134 150 171 216 239 254 278 315 322 347 375 400 417
 453 475 499 501 542 573 594 602 631
16 31 66 95 133 155 192 218 223 254 289 300 326 363 377 408 418
 451 466 490 518 525 566 595 622 635
22 27 54 113 142 150 193 204 243 245 282 304 336 344 382 391 424
 444 461 480 511 531 556 597 616 635
2 42 59 100 131 157 195 214 230 248 287 297 335 348 372 389 432
 442 461 484 516 529 551 595 610 632
7 38 59 104 140 151 189 205 242 265 283 295 339 361 374 404 414
 444 473 487 502 539 566 582 608 631
17 31 54 97 144 153 174 212 237 265 271 314 331 342 368 388 432
 441 471 482 514 535 567 596 602 634
24 48 71 118 128 145 185 203 223 262 276 314 324 350 372 392 433
 448 463 480 506 543 570 591 613 631
24 42 60 99 122 150 182 208 225 261 277 301 327 343 378 407 419
 439 476 490 521 539 569 587 615 634
6 26 56 114 123 157 186 206 224 251 282 302 339 350 373 394 411
 451 475 483 508 548 555 581 609 634
12 35 72 98 128 157 191 209 232 256 286 308 330 358 366 393 431
 437 476 495 517 545 567 577 608 635
3 38 61 105 127 148 176 208 227 259 276 302 329 342 365 385 413
 454 468 481 519 529 573 583 604 635
19 35 73 113 124 154 179 210 235 259 287 296 334 361 369 406 434
 446 469 491 513 543 550 584 622 634
0 33 70 97 123 161 177 213 226 266 275 315 338 349 372 406 428
 439 460 486 512 534 561 582 618 635
199 220 227 234 239 240 366 372 373 379 435 436 443 455 456 535 538
 539 541 544 603 611 616 622 624 638
199 221 231 232 237 243 367 369 374 381 439 442 448 452 459 525 530
 542 546 547 601 604 606 609 614 636
199 223 226 230 241 242 365 368 383 384 437 445 446 453 457 526 528
 531 533 548 600 605 615 620 623 640
199 222 228 236 238 244 375 378 380 382 440 441 447 451 458 527 529
 534 537 543 607 608 612 617 619 637
199 224 225 229 233 235 370 371 376 377 438 444 449 450 454 532 536
 540 545 549 602 610 613 618 621 639
24 35 50 83 101 125 162 180 204 230 266 272 302 332 345 367 408
 427 450 487 514 541 554 579 617 629
20 28 68 81 118 138 146 191 212 239 249 287 302 326 364 374 405
 424 440 494 512 536 557 598 615 627
9 33 64 79 119 131 156 189 218 231 256 276 301 325 353 383 391
 411 441 491 520 538 554 598 621 628
23 45 52 76 98 122 169 181 218 229 247 293 302 320 359 381 400
 432 457 496 523 543 560 582 616 626
2 29 72 87 112 141 166 190 219 238 263 281 302 338 356 369 398
 414 455 490 511 533 570 586 602 628
15 47 55 91 115 134 151 193 212 230 269 289 296 329 354 373 402
 419 452 486 522 527 560 577 613 628
19 46 71 75 104 139 152 177 219 239 252 274 301 336 351 368 394
 418 438 488 517 529 560 579 606 625
14 32 70 84 111 132 162 182 205 220 254 291 312 337 362 368 399
 424 454 495 516 543 574 590 609 628
8 38 51 85 95 137 147 191 216 225 251 292 299 324 357 380 406
 432 459 488 509 541 552 597 620 628
15 33 61 87 116 138 164 174 215 243 248 279 300 337 345 379 407
 420 453 488 513 549 555 591 608 626
1 31 73 90 117 131 169 182 211 236 246 282 315 329 351 376 395
 414 437 498 503 541 562 591 601 627
5 38 70 90 114 124 159 178 212 229 248 288 301 330 346 384 396
 417 456 480 518 546 565 586 607 629
11 41 58 85 110 129 148 192 219 231 262 282 296 335 343 379 388
 425 445 495 507 532 557 582 612 629
7 37 56 79 99 144 147 180 217 234 259 289 315 321 346 371 386
 424 448 492 517 533 551 592 612 626
14 42 71 76 95 125 158 193 207 232 253 280 306 339 356 383 396
 425 447 492 513 535 573 578 618 627
5 30 59 85 98 134 155 185 215 234 257 272 317 338 352 368 391
 434 449 481 508 537 572 587 614 627
2 27 50 79 111 139 148 194 209 225 265 279 310 322 350 381 390
 428 446 493 518 527 568 588 624 627
6 45 62 84 119 128 151 183 215 235 249 278 305 336 340 380 385
 428 442 490 515 535 562 592 605 629
23 32 72 89 100 135 156 179 211 234 245 280 311 327 342 374 390
 418 458 486 506 540 555 599 620 629
11 35 53 90 107 139 160 184 201 223 263 292 304 327 353 373 404
 423 442 494 519 537 574 596 618 626
22 40 60 75 96 124 146 181 215 242 258 270 315 335 350 370 403
 427 447 497 519 525 567 599 611 628
1 35 67 85 105 140 156 188 206 241 247 275 314 337 348 370 386
 415 440 490 522 546 556 578 624 625
18 44 58 81 111 122 154 176 211 242 256 273 300 328 356 373 397
 416 459 480 514 534 572 592 610 625
1 41 56 83 104 122 161 171 203 237 245 288 297 333 364 377 393
 413 436 485 513 537 568 589 605 628
13 47 57 79 118 143 157 175 207 241 254 281 295 320 351 382 406
 416 436 482 519 549 569 580 614 629
16 28 74 93 114 136 148 193 202 234 263 285 305 333 355 378 406
 426 457 487 516 542 567 591 621 625
14 39 59 92 97 143 165 188 204 238 268 278 301 333 350 365 401
 422 459 489 503 540 557 577 622 626
7 29 60 91 113 137 163 177 200 244 260 279 314 328 352 376 393
 422 457 494 510 538 573 595 609 629
21 43 61 82 99 121 158 195 204 229 254 270 296 331 352 366 404
 428 458 485 509 548 570 598 601 625
11 38 65 83 109 141 150 175 202 235 252 275 300 323 360 366 402
 433 441 489 523 526 551 599 609 627
16 48 51 81 99 141 152 188 201 221 265 294 308 329 359 375 387
 411 449 484 513 531 561 590 611 629
17 43 74 75 101 131 154 173 206 233 245 284 295 338 341 380 387
 433 452 495 518 544 573 575 615 626
8 30 57 83 96 130 163 189 214 220 250 282 308 331 356 378 385
 418 446 499 512 546 571 585 613 626
5 31 64 83 100 138 151 194 213 244 258 292 306 334 359 365 399
 431 448 483 511 532 569 575 603 625
8 41 62 90 112 144 149 187 200 232 261 272 295 326 350 375 389
 420 454 486 520 526 559 584 616 625
4 39 55 76 105 130 149 173 217 236 251 291 300 322 364 372 404
 410 438 491 511 547 567 587 623 629
18 26 53 78 96 140 168 183 218 238 245 294 296 321 357 372 407
 431 454 482 510 542 565 579 600 627
21 25 58 88 114 126 162 191 207 244 267 274 318 325 342 372 402
 414 449 493 521 525 556 584 605 626
10 36 73 84 102 136 150 187 219 230 265 280 309 324 349 370 393
 416 451 481 500 547 565 598 603 626
17 46 69 82 102 140 169 190 203 227 256 290 299 334 354 378 389
 424 453 489 508 525 563 588 618 629
6 42 69 89 109 120 155 172 212 231 258 291 307 328 358 375 406
 413 444 498 505 528 570 579 624 626
15 27 53 94 103 120 146 182 213 233 257 276 318 333 361 366 397
 432 451 499 504 533 559 578 606 629
16 44 62 78 100 129 166 182 209 226 252 271 299 339 352 382 392
 427 456 491 522 536 564 589 604 626
15 29 65 79 102 124 155 171 208 222 249 286 304 339 341 372 388
 421 450 496 503 530 571 590 620 625
12 34 59 81 102 130 145 192 200 233 259 271 306 327 345 384 394
 428 435 498 523 542 556 580 619 628
13 33 74 91 106 121 162 181 210 237 268 286 299 327 348 375 385
 430 438 480 507 533 566 581 603 627
22 49 63 82 111 134 159 179 213 232 249 277 314 323 357 377 395
 411 455 487 507 529 553 580 623 626
5 41 66 77 113 128 146 190 208 221 269 275 312 322 355 383 394
 430 458 482 502 541 558 576 610 626
10 42 67 92 115 139 166 191 202 243 264 283 315 331 341 377 409
 430 435 483 520 543 572 583 600 629
13 27 69 87 117 125 165 179 205 224 267 289 308 335 364 380 392
 417 439 481 523 538 558 596 600 625
3 26 67 81 119 125 153 185 210 228 254 285 297 330 360 376 403
 421 445 486 511 539 552 588 606 626
11 31 61 77 108 136 152 179 209 228 264 272 319 320 340 372 397
 422 444 492 501 546 563 581 615 628
3 28 73 78 109 121 165 178 207 240 266 273 314 322 343 371 409
 418 442 496 508 531 559 575 608 628
1 30 63 77 106 127 154 174 218 239 255 292 309 339 344 371 403
 429 439 493 516 526 570 577 619 629
19 25 66 82 118 129 160 172 202 236 265 284 317 332 348 365 396
 421 439 499 510 545 555 592 616 628
8 35 69 77 97 133 145 195 217 242 260 288 305 325 362 382 387
 419 455 496 500 532 555 583 606 627
23 39 54 84 99 127 161 184 206 244 256 283 313 335 355 369 408
 421 456 488 501 528 559 580 613 627
18 34 55 93 112 127 156 177 203 225 246 287 319 332 362 366 388
 417 447 483 515 531 566 593 614 626
12 26 71 93 116 133 147 181 214 222 261 273 312 323 349 365 391
 414 452 485 501 536 550 596 624 629
3 48 60 93 107 132 157 173 204 231 267 271 309 334 340 377 386
 420 443 499 502 534 560 586 620 627
20 44 52 93 117 128 155 186 213 241 248 294 313 331 344 367 390
 423 438 489 500 539 573 584 612 628
9 37 66 87 107 122 168 195 206 240 246 286 306 324 360 368 401
 426 444 497 512 527 553 584 604 629
24 38 72 77 115 132 153 172 207 233 268 282 313 321 349 381 405
 412 453 491 515 537 553 595 611 625
4 36 61 89 104 142 147 190 200 241 250 278 318 330 363 373 388
 427 439 484 524 543 553 575 621 627
4 45 58 92 106 144 167 185 214 224 260 280 304 334 351 366 407
 412 440 487 518 528 561 576 604 628
19 43 64 80 105 136 166 180 201 224 262 277 312 328 344 384 401
 432 436 486 515 525 571 594 608 627
23 36 68 92 113 131 168 192 203 226 255 291 310 323 346 367 398
 419 449 499 519 535 552 581 608 625
13 37 62 94 105 126 153 184 204 239 253 279 307 323 363 378 387
 434 437 483 506 530 565 582 610 628
18 48 65 86 97 135 169 180 206 232 255 285 318 336 347 379 404
 430 446 481 505 536 569 595 607 628
10 39 63 89 101 123 148 195 201 222 252 293 298 326 361 376 386
 431 453 480 521 535 558 585 614 628
7 47 63 87 114 130 167 172 216 226 261 276 297 336 359 370 409
 423 458 495 514 530 563 593 622 627
0 25 52 75 109 144 145 193 216 228 250 277 310 337 353 369 405
 431 443 481 503 548 566 589 610 629
22 46 67 88 112 120 151 192 208 220 248 284 298 320 347 371 393
 426 459 491 506 548 561 596 617 627
12 48 70 78 101 137 167 184 217 243 250 287 317 320 354 383 401
 413 451 493 507 539 562 599 602 625
21 40 65 80 98 132 165 189 210 226 253 284 319 326 355 373 407
 415 448 498 500 529 568 597 602 629
6 36 74 76 110 138 159 177 208 223 257 283 308 321 360 382 389
 415 443 493 514 540 550 594 601 628
0 43 68 88 107 142 163 188 217 235 261 290 311 339 358 381 408
 417 445 482 504 529 572 591 603 628
9 27 71 91 108 140 161 186 211 235 255 281 317 326 343 384 399
 412 443 484 509 530 567 583 617 626
0 40 72 82 119 137 149 174 214 223 259 274 316 333 343 367 400
 416 444 483 522 544 558 590 607 627
4 42 53 84 118 133 163 178 216 237 259 293 319 338 344 379 402
 411 437 497 502 540 564 588 617 625
10 32 60 76 103 141 160 186 209 227 262 278 297 325 345 371 395
 434 452 482 512 528 566 597 607 625
17 49 57 80 103 127 168 194 211 243 247 274 305 330 349 375 392
 425 450 494 502 548 551 587 622 628
2 47 54 94 95 123 152 178 202 242 262 286 311 334 347 367 405
 415 454 485 524 538 562 587 619 626
20 26 50 86 106 120 159 189 215 236 269 271 311 324 363 369 400
 422 436 495 521 531 551 583 618 625
20 34 54 78 104 134 164 187 208 224 258 285 316 325 348 381 398
 433 437 492 509 534 574 585 622 629
7 33 73 94 98 142 145 183 214 221 251 281 298 332 342 377 403
 425 456 489 505 527 574 594 615 625
16 34 57 86 113 123 160 171 219 229 264 273 307 337 342 380 389
 412 448 497 504 539 554 577 623 627
2 37 52 91 97 129 150 173 201 220 264 276 316 330 357 374 408
 429 447 498 508 549 550 576 605 625
6 32 51 92 108 124 164 176 213 240 269 293 295 332 353 378 392
 429 445 485 517 547 556 595 602 627
9 29 70 94 110 135 154 187 203 228 247 289 303 331 358 365 394
 410 442 487 521 549 564 597 611 627
24 31 68 85 103 121 157 176 205 222 253 288 316 336 354 369 390
 410 435 497 510 526 561 594 621 626
14 45 66 89 96 126 157 174 210 225 266 283 303 329 347 384 391
 433 455 494 504 547 563 589 612 625
17 40 51 88 116 135 161 185 218 230 246 277 307 322 361 382 385
 423 435 492 524 545 557 586 609 625
22 25 56 80 95 128 164 175 212 238 257 290 309 327 362 376 409
 410 446 484 501 544 554 582 604 625
24 30 54 90 116 143 158 183 210 227 267 275 310 328 341 374 400
 426 451 484 517 532 564 593 623 628
21 49 55 75 100 143 153 186 205 221 266 290 304 324 346 379 397
 413 457 490 520 545 550 585 619 627
3 44 56 86 108 126 158 194 205 223 268 287 298 338 358 370 395
 419 441 488 524 542 571 576 616 629
12 28 64 86 115 142 149 175 216 227 260 294 303 335 361 368 396
 429 450 490 506 534 568 581 601 626
19 49 59 88 117 123 150 176 209 237 263 270 303 321 363 383 399
 420 440 496 505 544 552 593 613 629
0 46 50 80 110 133 167 171 200 240 251 270 313 329 340 374 398
 434 441 480 516 545 569 578 600 626
24 29 58 86 95 136 146 184 237 246 291 295 330 359 371 391 428
 443 469 489 522 529 555 585 600 649
20 35 60 92 116 126 169 178 221 252 276 317 321 356 380 388 410
 444 466 486 516 548 568 580 603 649
9 38 55 80 113 120 152 174 241 267 280 297 338 350 378 408 431
 435 474 496 507 536 574 592 601 649
2 45 64 77 99 140 162 187 243 257 271 298 323 364 373 406 418
 445 463 497 503 545 573 593 607 649
23 28 69 91 104 124 166 183 232 254 282 319 324 345 365 386 423
 441 464 493 504 544 561 587 610 649
8 44 61 88 113 139 169 175 222 266 289 306 333 348 374 403 411
 443 463 495 515 528 565 587 602 647
15 43 62 93 98 125 168 175 220 265 292 315 325 343 369 394 413
 440 465 480 524 540 563 595 623 649
19 33 51 76 107 127 165 190 242 249 272 316 331 346 376 402 412
 451 461 495 506 542 569 589 624 649
1 42 65 94 101 129 147 179 229 269 290 313 325 350 368 385 416
 443 466 494 511 542 561 593 608 650
7 31 71 80 106 135 146 195 225 263 278 308 337 341 367 402 413
 445 464 491 508 534 565 580 616 650
14 41 74 78 98 120 147 176 230 264 274 310 334 344 376 404 417
 441 463 490 512 530 555 580 611 646
15 39 56 77 118 137 150 183 240 247 285 307 334 356 384 390 427
 449 460 495 520 529 566 596 601 650
5 39 50 94 96 121 156 172 223 264 277 305 339 351 379 393 424
 452 468 484 523 534 552 584 602 649
11 26 63 88 97 131 158 171 234 258 279 308 332 354 384 405 416
 438 462 490 502 543 559 597 604 649
14 34 61 91 101 144 168 178 223 249 275 309 335 359 378 390 414
 436 475 491 505 545 572 597 606 648
23 47 67 82 97 136 163 186 231 257 287 306 322 363 380 407 414
 450 468 480 517 526 574 589 611 650
8 32 64 94 109 134 157 190 236 255 274 319 321 341 370 408 428
 457 467 480 513 539 557 596 604 648
11 33 59 86 103 128 154 178 220 261 280 310 329 364 382 386 421
 457 470 483 509 525 553 579 602 650
13 41 60 80 97 142 154 172 222 248 283 302 324 353 366 399 418
 449 479 492 522 542 562 588 623 648
6 35 55 78 95 142 148 185 244 255 284 301 331 349 374 395 420
 436 462 497 523 533 563 590 610 650
1 28 72 88 108 143 159 180 225 250 276 300 334 352 375 394 421
 452 461 497 500 535 574 582 600 648
21 41 71 87 109 123 151 180 227 247 287 313 327 357 382 403 422
 437 471 499 518 547 572 590 621 649
22 37 68 76 114 133 166 174 233 256 275 296 332 351 375 399 422
 442 463 481 524 539 568 585 620 650
16 45 50 75 108 134 168 191 222 259 282 297 328 362 383 404 415
 439 471 489 506 549 559 586 603 650
14 46 73 85 118 141 159 195 226 245 289 318 328 353 381 385 420
 450 478 483 501 539 567 576 619 649
11 45 57 94 104 137 155 195 227 268 284 309 322 346 369 399 411
 447 476 486 514 536 556 591 600 646
4 44 72 91 96 131 164 184 227 265 272 312 336 360 377 406 417
 448 479 496 521 548 557 578 619 650
8 27 68 86 105 132 152 183 244 248 293 315 327 360 383 388 416
 452 478 487 508 545 570 589 622 646
16 30 71 92 112 142 159 184 228 266 286 296 325 364 370 390 432
 453 468 498 502 544 569 592 609 646
18 38 74 92 107 123 149 182 239 258 289 314 320 345 369 391 425
 458 467 484 500 545 571 588 605 650
5 37 67 86 110 127 145 182 230 267 278 304 326 356 381 406 411
 438 471 485 510 544 563 599 608 648
2 30 74 80 115 126 145 179 231 246 293 300 336 346 365 393 427
 440 475 482 509 539 559 590 618 647
1 47 51 86 98 133 153 187 235 263 283 301 328 345 372 390 424
 447 477 499 507 548 558 575 604 647
7 49 53 93 95 138 165 171 235 256 282 310 320 348 368 387 427
 435 468 486 521 547 570 576 607 648
17 47 58 76 117 132 164 195 228 259 292 317 323 350 374 393 430
 456 460 490 504 531 571 579 621 648
5 48 69 88 115 144 160 189 241 245 286 302 323 343 376 397 428
 447 472 488 516 547 564 594 622 650
10 30 52 78 105 135 157 192 235 269 270 304 333 362 375 396 414
 448 460 488 514 538 553 588 615 649
21 36 50 81 105 137 169 193 220 258 286 301 338 361 377 392 412
 442 464 482 501 526 555 593 612 648
15 48 66 84 112 131 147 186 239 268 270 316 328 342 382 409 431
 445 469 487 523 546 568 587 618 648
6 37 59 82 106 132 161 193 222 262 294 300 320 342 370 398 417
 446 476 494 520 541 564 575 606 649
18 47 68 90 102 128 148 189 240 268 274 303 337 352 377 387 432
 439 475 492 511 528 550 599 617 649
16 33 67 90 118 132 147 194 238 255 277 311 335 354 366 394 434
 444 464 496 514 547 573 585 605 647
17 38 52 87 96 142 162 171 236 262 285 309 326 352 383 397 419
 442 469 483 517 540 561 580 624 647
12 31 52 92 114 120 158 187 242 245 281 299 322 360 379 386 434
 439 465 494 515 529 554 590 613 648
15 35 52 80 108 123 153 190 234 261 291 306 335 351 377 385 433
 459 473 493 510 531 564 598 607 646
13 46 70 93 103 122 166 189 244 259 272 304 322 357 370 405 433
 445 466 484 505 535 555 577 601 647
1 25 70 89 112 138 150 185 233 253 273 299 335 340 367 404 411
 457 479 482 517 527 571 583 622 649
13 36 65 77 119 134 163 182 238 262 273 303 332 359 374 386 413
 435 461 488 518 548 567 584 618 646
22 35 74 87 104 135 163 194 229 253 271 312 329 343 372 405 429
 451 478 489 520 528 552 592 614 648
5 43 53 89 117 141 162 192 242 251 287 314 336 349 378 400 421
 443 464 492 520 549 568 577 604 646
23 38 71 78 103 126 155 188 237 260 277 315 332 340 373 389 426
 446 472 495 511 549 558 598 619 648
18 42 64 75 106 137 165 192 234 265 275 302 330 340 382 395 410
 453 478 485 504 530 574 584 613 647
12 32 56 75 97 121 166 185 241 249 292 300 329 355 381 389 425
 444 469 499 521 538 565 593 617 646
11 40 54 89 114 125 163 176 239 247 294 317 324 362 377 389 428
 452 474 491 503 533 569 576 608 647
10 40 62 85 111 138 169 172 224 250 281 303 327 346 372 408 426
 441 469 485 502 531 573 577 606 650
8 49 73 89 116 122 151 188 228 262 271 316 338 355 366 396 424
 438 475 493 519 530 554 595 600 650
3 29 59 90 99 133 156 175 224 269 284 307 336 357 367 397 425
 453 474 493 512 543 567 589 603 648
19 30 60 87 100 120 161 175 223 251 273 319 330 354 381 387 430
 454 477 487 503 535 556 598 612 650
3 41 55 92 117 135 160 183 233 250 279 316 339 359 368 406 415
 455 476 480 501 525 551 598 617 647
4 49 70 85 99 125 160 174 240 258 276 311 326 341 382 393 414
 446 477 489 515 542 560 581 610 646
7 32 50 77 102 129 161 178 224 253 287 318 331 360 375 391 431
 459 472 490 519 544 560 591 623 647
0 27 59 76 112 136 168 172 221 254 288 314 334 341 373 385 429
 437 462 488 521 536 554 599 612 647
4 27 51 82 115 128 162 177 234 247 273 297 339 347 369 401 420
 441 466 498 519 532 565 585 615 648
20 39 65 75 113 140 167 176 231 254 272 308 327 349 371 396 432
 455 477 483 524 527 564 591 605 648
19 26 72 83 102 144 146 188 226 267 283 307 320 362 379 395 429
 442 466 480 509 527 573 587 621 646
3 36 57 75 115 129 164 188 225 256 288 306 326 344 372 400 434
 458 470 487 505 533 562 596 609 649
10 33 58 82 113 133 151 173 225 253 285 302 321 358 368 392 423
 436 465 484 503 546 559 599 619 646
13 34 72 84 114 139 155 173 228 255 290 314 329 361 383 407 427
 459 477 485 512 532 551 594 616 649
9 42 57 77 111 121 151 184 226 251 294 311 333 345 376 388 433
 440 462 481 517 525 550 586 616 648
18 25 73 79 100 125 146 173 227 261 293 305 331 363 384 398 415
 444 463 488 507 537 561 577 609 648
23 25 53 85 119 130 158 190 243 252 286 307 329 350 371 399 417
 436 471 487 500 534 550 595 615 647
22 39 64 81 103 129 158 177 235 250 289 295 324 342 367 407 430
 437 475 496 516 537 563 586 624 646
24 46 62 89 107 130 161 191 221 257 285 296 337 344 365 395 416
 447 473 496 518 538 551 581 602 648
12 27 58 90 119 127 155 180 226 264 270 298 324 348 378 405 410
 455 473 482 513 540 560 575 609 650
6 48 63 91 100 139 165 187 236 259 288 313 337 356 366 391 426
 450 474 482 524 525 552 582 615 646
10 26 66 91 109 143 167 182 229 256 292 305 338 364 367 388 420
 446 473 492 506 529 556 594 611 647
17 28 66 83 99 139 145 176 238 248 291 318 339 340 370 400 412
 437 465 486 507 538 550 597 614 650
4 31 60 78 110 123 156 191 220 268 290 295 323 355 384 400 423
 450 461 481 513 527 570 592 606 647
9 25 54 93 105 141 167 194 230 249 288 295 321 352 379 403 418
 459 476 498 504 543 558 581 618 650
21 34 69 83 111 131 152 185 240 261 278 298 321 344 369 396 430
 451 468 494 522 549 567 582 620 647
20 43 70 79 109 130 152 181 232 246 283 309 333 342 373 392 434
 453 461 490 510 532 552 576 617 650
0 32 57 81 98 140 159 173 237 252 279 304 335 347 365 409 419
 451 474 492 515 541 570 584 621 650
0 31 55 87 101 126 150 189 232 257 294 305 328 348 371 394 412
 456 470 485 519 543 557 588 620 646
2 26 61 84 117 124 156 193 221 260 274 299 326 358 371 401 433
 435 478 499 514 537 569 582 623 650
2 40 73 93 110 130 164 180 237 254 275 301 339 354 380 397 431
 449 467 494 506 528 553 583 616 646
17 42 56 81 110 134 160 181 244 266 281 310 336 363 366 401 429
 454 473 491 500 546 558 591 620 649
24 34 66 88 106 124 149 194 231 252 281 297 331 357 373 387 424
 457 460 481 501 540 562 578 608 646
7 44 69 84 107 143 148 181 233 269 277 317 330 347 372 398 418
 440 471 483 513 526 554 597 601 646
16 40 53 79 101 122 153 177 236 248 278 312 334 358 374 409 425
 455 472 481 509 526 556 581 613 649
24 36 56 94 100 140 148 174 232 260 270 312 320 353 380 402 421
 438 465 498 512 531 572 586 622 647
9 28 63 84 116 144 157 177 242 264 284 296 327 363 381 392 413
 449 470 489 511 541 571 578 607 647
14 29 68 82 108 127 150 181 241 251 271 308 325 361 379 409 426
 448 467 486 518 537 562 579 610 647
6 43 54 85 102 122 149 179 238 266 279 298 330 351 383 402 423
 448 470 499 516 536 566 583 611 648
22 48 61 83 119 143 154 191 224 263 293 311 322 349 368 389 419
 456 467 498 510 530 566 578 612 649
21 29 67 76 116 128 167 179 239 265 282 299 333 353 384 408 419
 454 472 497 505 534 551 575 614 646
20 37 51 90 111 136 157 171 243 260 290 318 338 343 365 403 415
 458 479 491 523 535 566 579 613 646
3 46 54 79 96 138 145 186 229 263 280 319 323 361 375 401 410
 439 462 495 522 541 572 595 605 646
19 45 65 81 95 121 149 186 230 245 276 315 337 358 378 398 422
 456 479 493 502 532 553 596 614 647
0 44 63 83 118 124 153 192 243 246 280 303 325 355 380 404 422
 454 476 484 508 533 560 594 624 648
12 49 62 79 104 141 154 193 223 267 291 313 332 347 376 407 432
 458 460 497 508 546 557 583 603 647
24 45 63 79 113 135 166 188 212 220 251 274 317 335 360 397 420
 437 468 485 500 542 566 575 618 637
20 29 57 85 97 139 162 193 218 233 261 270 319 334 360 395 413
 456 475 484 506 547 558 592 608 640
9 39 62 83 95 132 159 181 219 234 260 287 316 329 341 397 423
 439 463 482 505 548 556 588 608 639
2 28 55 89 106 128 169 171 204 226 259 277 295 325 360 399 425
 451 477 488 510 546 572 596 611 639
23 35 59 93 115 121 146 174 219 236 250 290 298 328 360 392 411
 454 460 492 518 530 569 597 605 638
7 42 54 83 103 136 169 173 215 241 268 273 296 326 353 394 417
 455 460 493 506 545 552 590 604 637
1 40 59 84 95 120 166 194 217 227 266 285 308 323 353 388 412
 458 475 480 510 549 560 584 615 636
15 44 71 89 97 127 149 189 202 224 254 290 310 321 359 393 434
 442 478 497 507 541 556 586 615 637
19 38 56 91 98 138 156 192 204 228 261 294 318 322 341 392 416
 455 471 497 516 528 562 585 618 636
8 33 54 81 117 126 166 172 203 234 269 278 309 320 343 404 431
 450 477 497 518 529 550 578 609 640
5 46 58 84 105 123 165 175 218 232 250 271 297 332 341 390 419
 444 479 494 509 533 550 591 611 637
11 47 70 81 116 120 168 190 204 225 260 293 313 339 348 395 418
 448 469 481 520 544 567 594 605 637
14 43 63 90 104 129 146 186 214 244 247 286 300 321 340 406 419
 435 477 481 506 531 554 588 602 636
15 41 72 75 107 136 158 178 218 244 251 278 303 323 348 392 424
 446 474 498 514 539 561 583 614 639
14 31 51 93 113 134 145 172 206 227 252 270 311 330 364 407 416
 442 472 493 520 533 571 582 617 639
7 35 66 75 117 127 159 187 207 220 262 293 307 333 354 407 428
 441 479 484 511 536 572 581 620 636
2 36 70 83 98 127 158 186 216 222 269 285 314 327 351 387 420
 444 472 491 504 525 557 592 600 638
14 33 52 88 110 140 152 184 212 224 259 273 305 324 341 395 427
 458 476 499 511 526 568 595 614 638
5 42 72 79 97 126 168 176 200 235 262 284 299 337 364 403 423
 451 467 487 501 531 560 585 601 638
4 38 67 93 108 129 154 195 215 232 266 274 307 327 359 398 424
 451 462 482 503 538 568 594 613 640
16 35 70 76 96 144 151 175 211 231 268 279 318 324 344 398 421
 435 467 485 508 529 558 593 615 639
5 27 73 81 107 135 167 174 202 222 268 291 319 325 357 389 427
 436 470 490 517 548 573 582 613 636
8 43 67 84 103 135 164 171 207 223 252 294 302 334 346 391 422
 439 473 498 507 527 567 593 610 638
16 27 56 85 106 143 163 173 208 242 246 274 313 323 345 396 431
 442 479 486 505 543 563 598 602 638
22 31 57 91 105 122 147 185 202 221 267 287 303 339 353 398 428
 453 477 495 500 540 559 579 607 638
11 39 69 79 106 142 164 191 211 230 253 270 314 338 359 394 426
 454 466 499 515 539 550 589 607 636
1 32 61 79 115 123 167 192 210 244 257 277 316 324 356 387 417
 442 465 489 502 536 567 579 616 640
8 36 66 79 108 120 165 185 201 237 247 290 296 336 345 405 414
 456 476 483 516 534 573 599 623 639
23 26 62 87 118 134 152 176 217 225 268 275 304 331 361 393 425
 443 479 498 516 525 554 575 607 640
17 41 50 91 95 130 157 188 213 239 263 273 298 325 346 407 421
 444 478 481 515 543 564 599 601 640
13 32 53 83 110 128 149 193 206 225 264 271 317 328 346 403 414
 453 462 496 524 529 561 598 622 636
11 49 68 84 98 126 167 180 208 236 245 273 306 331 350 406 429
 453 464 484 522 538 566 586 606 639
6 49 72 90 101 140 145 181 202 220 253 289 297 322 344 388 422
 449 469 488 504 534 569 598 604 640
1 29 62 81 114 142 165 195 213 231 264 280 312 321 354 400 433
 446 471 488 519 545 566 587 617 638
18 33 50 85 115 124 150 186 217 228 267 284 312 333 359 389 418
 437 473 494 524 535 570 580 604 639
21 26 51 77 112 122 148 173 212 223 250 280 315 336 348 399 434
 450 467 489 504 538 564 580 608 636
21 27 63 92 102 138 147 175 206 237 262 272 305 329 358 400 418
 447 460 491 510 539 574 586 610 640
17 44 59 77 114 141 147 177 210 232 258 293 304 337 343 408 410
 436 468 499 506 527 562 598 600 639
15 45 73 83 105 133 160 177 205 231 255 294 299 330 350 405 426
 458 461 492 521 544 572 580 602 640
12 37 65 85 108 131 151 177 207 221 263 277 309 331 364 400 427
 454 474 480 504 528 555 588 622 637
18 43 60 94 114 143 151 185 219 243 259 291 308 326 348 390 429
 441 472 496 501 541 553 589 618 640
13 38 63 75 112 133 169 183 209 230 257 291 311 331 343 401 421
 448 475 494 513 534 556 576 621 638
6 34 73 87 99 129 153 191 218 241 260 272 310 333 347 399 410
 452 464 480 502 529 571 599 618 638
15 25 57 78 99 132 169 179 200 242 263 275 297 324 358 391 429
 438 468 483 518 535 557 594 617 636
10 25 69 90 96 134 154 177 204 237 251 276 306 320 355 390 412
 445 478 490 524 536 551 590 608 638
16 46 55 94 116 131 162 176 216 224 249 283 306 330 343 386 422
 446 460 482 500 537 570 599 616 636
3 47 64 85 113 144 161 181 209 239 248 290 305 332 356 404 433
 451 464 498 521 540 553 590 600 636
1 48 50 82 109 126 164 183 219 242 261 289 304 330 355 399 432
 435 462 491 512 540 573 581 614 637
23 46 61 90 109 137 153 173 213 230 262 281 308 339 362 391 430
 440 470 497 521 542 568 592 622 639
19 48 68 77 116 130 155 193 211 229 266 278 295 335 357 393 415
 441 465 483 521 533 574 588 604 638
11 34 56 82 96 135 165 182 216 221 248 286 295 328 349 408 434
 440 463 493 511 535 560 583 621 640
5 26 57 82 101 142 166 187 205 239 246 276 310 327 340 402 415
 459 460 496 513 528 567 595 612 639
12 41 54 76 100 124 162 189 201 225 255 289 307 338 340 409 416
 440 468 489 510 548 553 591 606 638
22 28 58 77 107 125 156 186 200 236 252 283 310 338 354 385 432
 448 476 485 505 549 565 590 622 640
3 49 52 94 112 124 163 191 206 226 265 278 300 327 354 391 412
 436 463 492 516 532 558 579 601 637
8 28 65 82 100 123 168 184 215 233 267 281 301 329 344 393 410
 445 472 492 514 543 566 576 624 636
10 37 55 88 98 137 146 178 211 238 254 271 313 336 353 389 433
 439 468 487 513 532 571 581 624 640
18 31 62 76 109 139 163 171 210 241 269 276 298 335 349 401 424
 449 476 487 509 544 555 586 619 636
13 48 52 89 113 136 159 194 214 240 256 284 315 339 345 402 410
 454 471 490 509 537 557 593 606 640
0 30 65 91 103 125 148 191 203 242 248 271 307 321 351 401 411
 458 469 490 501 547 574 575 616 639
19 32 55 86 96 125 147 195 208 243 256 281 314 333 340 405 423
 449 475 498 518 526 564 582 603 637
18 36 59 80 118 144 162 184 213 229 252 282 316 322 358 403 426
 452 477 490 513 538 563 583 620 637
9 34 60 89 115 133 158 180 213 238 265 274 304 320 364 385 415
 456 469 495 508 526 552 591 610 636
10 44 70 87 119 121 145 188 208 234 255 282 295 334 363 402 432
 447 474 494 501 545 568 579 623 636
4 29 74 88 103 134 153 183 201 226 256 287 309 337 350 396 418
 444 465 485 523 541 569 583 612 636
23 27 60 88 95 129 145 187 210 240 249 294 312 338 351 404 413
 453 467 483 514 546 551 577 621 637
22 33 72 92 99 130 148 171 205 230 247 292 319 328 363 396 433
 443 472 482 508 536 562 584 606 637
20 38 73 76 101 143 161 194 200 234 264 286 303 336 362 407 411
 445 465 499 522 525 570 596 610 637
24 44 64 82 104 120 167 178 206 228 263 279 315 326 362 385 425
 449 461 482 523 547 550 577 620 638
13 40 64 78 102 127 160 195 212 221 261 282 300 338 347 390 422
 443 465 487 517 543 552 578 605 639
4 48 54 87 111 140 146 192 207 222 264 292 301 332 358 385 434
 457 475 486 500 544 551 589 601 639
3 30 53 76 104 131 150 180 212 222 260 281 311 337 355 392 428
 459 466 483 507 545 563 584 611 640
7 26 74 89 108 132 160 175 203 243 249 270 301 322 356 408 432
 437 470 481 522 532 561 584 619 638
10 41 68 93 106 140 153 179 216 223 258 284 318 329 356 401 428
 456 461 496 517 549 554 587 609 637
4 40 66 90 100 121 152 193 203 235 257 279 302 325 349 386 429
 459 471 495 505 539 571 580 600 637
12 25 74 94 117 139 161 188 215 240 254 280 302 328 357 388 419
 448 461 491 502 526 563 585 607 639
20 32 58 80 99 131 163 183 202 223 266 288 299 320 361 394 420
 447 471 481 511 530 553 577 624 639
0 47 66 92 111 141 156 180 215 244 253 282 309 330 361 389 413
 438 463 496 509 542 564 596 615 638
17 45 60 86 109 138 148 179 217 226 254 286 316 332 344 394 414
 459 474 484 520 537 565 578 613 638
2 43 56 78 119 133 159 172 211 239 267 272 306 337 361 388 430
 457 476 489 519 547 561 597 613 637
21 42 52 86 104 130 156 174 209 238 249 289 317 334 349 387 426
 445 479 480 519 541 559 594 609 639
9 30 61 75 114 128 160 182 217 237 253 283 298 334 357 398 416
 450 464 486 523 531 557 595 624 637
6 30 58 93 97 137 152 190 205 229 245 277 303 326 345 409 421
 437 463 491 519 527 551 578 603 636
0 34 67 77 117 138 157 181 201 227 245 291 301 324 352 402 425
 446 466 487 524 530 559 592 602 637
9 49 50 78 118 136 149 190 210 233 248 292 308 336 342 386 419
 447 466 485 503 528 572 582 609 638
21 35 64 91 110 141 155 176 214 233 246 285 311 320 350 409 424
 439 470 488 502 535 565 589 623 637
24 37 53 81 112 123 164 179 214 241 255 283 305 322 352 396 413
 441 478 495 503 525 560 597 603 639
14 28 53 87 102 137 154 185 209 231 269 288 315 323 342 408 415
 438 473 484 515 548 569 585 616 637
22 36 71 86 101 141 157 172 218 240 259 279 299 331 355 397 417
 440 473 486 503 532 574 587 605 636
7 46 65 78 111 128 158 174 201 228 246 288 302 335 363 406 412
 452 467 499 520 540 556 587 603 640
2 31 69 75 116 132 149 184 208 235 247 280 318 332 352 409 411
 436 473 480 512 542 552 577 612 640
24 25 51 84 110 142 168 189 209 229 258 287 300 333 351 386 430
 455 474 486 508 530 573 596 619 640
20 40 71 94 107 144 150 192 205 238 256 293 297 329 352 406 430
 450 462 493 515 546 555 575 623 638
6 47 71 88 105 121 154 182 200 243 265 285 319 335 346 400 431
 455 466 489 512 537 554 576 620 639
16 42 68 80 119 124 161 187 204 227 250 292 314 321 347 397 414
 438 470 495 523 527 555 576 614 640
17 37 61 92 118 125 155 189 219 235 251 288 312 327 347 395 431
 457 461 493 522 534 559 593 611 636
12 45 67 80 111 143 150 178 203 236 258 272 296 339 342 387 423
 443 478 488 512 533 558 595 621 636
19 29 69 92 119 122 157 194 216 220 257 275 313 326 342 404 427
 452 462 492 507 531 565 591 619 639
0 39 74 86 100 122 155 190 207 224 265 276 296 323 362 403 420
 435 464 494 517 546 562 597 617 640
3 39 51 80 102 139 151 182 214 232 245 275 317 325 363 405 417
 457 469 497 514 549 570 581 612 638
24 28 70 80 117 134 147 173 218 235 265 286 298 356 379 389 422
 458 462 483 519 528 556 589 606 643
20 45 53 88 100 127 147 172 219 228 253 275 295 345 377 401 419
 446 470 480 508 538 567 590 601 645
9 46 72 86 117 129 163 185 204 222 258 275 305 346 373 409 432
 454 465 493 513 547 566 580 615 642
2 35 62 82 103 143 147 192 212 240 245 283 319 359 383 403 412
 438 474 481 521 534 571 591 609 642
23 29 73 75 111 123 147 189 204 223 248 285 317 364 375 402 429
 435 476 482 515 532 563 578 604 644
8 46 56 92 101 127 146 193 210 231 265 273 311 352 372 399 423
 437 474 490 523 549 553 594 607 644
1 37 69 78 113 130 162 186 215 223 265 293 303 341 366 405 425
 459 470 486 501 529 569 586 621 642
15 38 54 82 110 139 157 185 211 226 250 293 312 364 371 387 422
 447 464 490 505 542 554 584 603 645
7 40 61 86 112 134 162 188 202 231 245 292 313 351 384 392 410
 451 476 496 512 535 550 588 610 645
15 26 64 76 111 135 145 191 219 237 266 284 313 352 378 386 417
 444 477 484 519 526 562 576 622 642
11 43 50 92 100 132 145 177 212 241 256 285 303 357 371 385 414
 451 479 497 513 530 558 587 616 643
19 39 61 93 111 126 163 187 212 233 255 286 297 353 382 400 425
 448 473 490 508 541 561 599 600 641
5 33 63 78 108 122 163 193 219 227 254 283 318 350 367 387 410
 440 469 498 515 545 551 596 620 643
14 26 58 94 115 130 169 194 201 235 248 272 314 355 382 398 413
 439 474 497 517 544 566 598 620 645
14 37 54 75 119 135 148 175 213 236 261 287 299 345 373 393 412
 449 466 496 502 546 570 594 600 643
16 49 58 91 102 135 158 172 217 241 257 293 301 340 369 403 433
 454 461 483 512 541 568 596 608 644
8 47 72 78 106 125 150 177 206 229 249 291 298 353 365 397 434
 435 471 484 502 525 568 591 612 645
8 48 53 80 114 129 156 181 208 230 254 279 303 364 369 395 412
 444 460 489 517 535 572 575 619 641
11 44 73 80 112 140 157 193 217 244 249 276 307 345 368 400 430
 439 472 485 518 540 552 585 611 642
2 25 63 86 107 137 151 176 203 241 266 282 312 341 375 407 434
 456 466 492 523 540 567 598 606 641
16 36 54 88 109 128 156 195 205 233 251 272 315 356 365 407 429
 436 469 494 507 530 560 588 607 642
17 32 63 93 119 120 150 184 200 221 268 289 302 351 372 396 415
 446 464 497 509 532 572 589 608 642
7 28 57 76 119 126 152 192 206 230 258 290 312 357 366 390 420
 439 469 480 503 537 564 583 602 644
13 43 66 86 116 140 150 191 213 234 250 288 319 350 376 398 425
 442 468 491 514 528 560 590 619 644
6 28 67 94 113 141 158 189 211 237 261 292 316 362 372 401 427
 453 479 481 518 545 560 580 612 641
23 43 55 77 110 144 165 194 215 222 263 276 299 347 377 396 416
 437 469 484 512 539 556 579 609 641
14 38 69 81 100 128 163 180 218 243 263 284 316 351 370 388 434
 443 460 485 521 527 559 581 623 644
4 33 62 75 102 120 157 180 202 229 246 294 314 356 374 399 419
 445 468 493 501 537 558 597 622 641
11 29 66 78 115 138 161 173 205 232 259 278 311 351 378 403 432
 449 478 480 500 548 554 593 624 641
22 42 66 93 102 123 162 183 211 228 260 276 308 346 381 404 434
 436 474 488 522 526 557 575 602 643
5 34 62 80 116 137 148 186 207 237 256 289 311 360 370 404 429
 455 461 499 503 543 561 579 615 645
1 49 64 92 96 128 152 173 200 222 254 287 307 343 381 402 426
 456 473 481 514 533 555 597 618 645
5 25 65 92 104 136 153 181 211 225 259 294 298 354 382 408 420
 442 475 495 512 538 570 578 623 642
21 47 56 89 103 124 145 184 218 236 264 275 308 343 368 398 420
 459 461 487 515 536 573 588 603 641
18 39 70 88 104 133 157 179 215 221 262 292 310 360 378 409 412
 450 471 498 522 533 573 598 616 644
1 26 54 80 107 121 155 177 209 220 259 281 318 359 380 396 419
 453 463 487 520 547 557 599 610 644
18 41 57 84 108 141 145 174 204 224 257 286 315 354 374 396 423
 457 466 491 521 529 552 575 624 645
6 40 52 77 103 131 167 175 219 225 267 286 314 363 365 404 424
 456 478 486 513 542 572 585 617 644
17 33 65 89 105 143 146 187 209 223 260 282 306 357 369 409 417
 449 462 485 516 539 560 592 617 645
21 48 74 85 96 127 166 178 213 235 260 291 297 363 374 394 416
 453 476 492 503 527 554 596 616 642
16 38 64 84 97 130 146 179 203 240 253 281 304 348 376 400 420
 452 476 493 524 548 572 579 612 643
13 44 50 76 99 123 146 185 216 235 245 274 309 354 365 388 426
 455 470 498 520 546 574 595 608 641
15 36 60 90 106 130 166 176 207 228 245 287 305 347 368 408 411
 448 462 489 509 545 558 582 624 644
12 42 73 88 96 132 148 190 206 239 257 288 304 359 367 392 422
 441 477 486 509 549 566 592 623 641
15 49 69 86 114 121 161 192 214 225 252 272 309 353 374 401 415
 437 467 482 511 543 573 592 611 643
10 48 59 94 108 125 149 171 212 244 246 275 299 344 381 407 418
 455 464 495 519 548 550 592 621 644
13 30 73 82 95 144 156 176 201 243 258 278 313 360 372 394 419
 457 473 495 504 536 568 586 617 643
3 32 62 88 101 136 155 174 216 242 247 282 301 364 366 398 430
 448 478 484 510 527 550 580 618 643
11 42 51 87 105 144 159 186 203 233 254 274 298 355 374 391 427
 446 465 496 510 534 562 577 603 644
1 36 58 87 103 139 149 181 204 221 249 284 311 362 384 406 431
 441 468 492 508 539 564 595 613 643
23 44 51 94 106 138 160 180 200 220 267 288 296 349 383 409 433
 444 475 490 503 529 567 588 614 643
8 45 59 87 110 124 158 173 202 239 256 277 318 349 376 390 413
 448 466 482 522 531 574 581 617 642
22 29 50 89 98 144 152 182 207 227 255 288 300 348 380 401 423
 445 460 483 502 542 550 598 613 642
12 43 51 91 118 123 169 174 208 231 253 278 310 362 370 397 418
 456 462 487 511 537 551 584 600 642
18 40 67 91 99 126 159 190 209 222 251 280 295 344 368 405 413
 442 460 499 523 532 554 591 622 643
19 27 57 89 110 131 153 178 217 232 269 292 302 352 370 407 426
 435 463 489 501 534 566 590 605 643
10 31 72 81 104 127 162 175 217 240 248 277 296 350 380 391 415
 457 462 499 505 530 564 576 618 641
3 35 65 84 106 122 152 172 213 243 251 289 310 352 384 389 414
 447 465 482 506 544 557 585 621 641
5 32 68 87 95 143 169 177 214 228 265 270 307 344 373 386 433
 450 476 491 507 542 559 583 605 641
0 36 69 93 99 135 151 178 210 239 264 281 300 350 383 395 432
 450 479 495 510 537 556 585 604 645
4 35 63 81 109 136 161 189 208 238 267 270 299 346 368 390 425
 452 463 483 504 549 562 595 616 645
18 27 52 83 116 134 166 195 200 223 253 290 301 342 371 406 421
 440 474 495 502 547 562 581 611 641
13 42 55 90 108 138 167 188 218 242 252 285 312 342 369 393 428
 450 463 499 508 544 553 597 612 642
9 31 53 82 98 124 148 188 200 224 266 291 309 356 382 405 430
 452 479 488 506 539 551 593 605 644
20 46 59 91 119 142 160 179 207 225 247 291 315 355 379 387 431
 451 463 485 514 526 571 586 604 641
22 44 55 85 109 132 168 187 214 237 264 278 302 361 384 387 421
 458 466 493 517 538 569 591 618 644
4 25 71 77 98 143 166 171 206 231 248 289 316 361 378 395 428
 454 470 494 514 531 552 599 603 643
19 41 67 79 114 134 169 184 205 240 260 271 300 349 367 385 431
 447 470 484 504 540 570 597 615 644
7 41 70 82 105 131 155 191 210 238 252 280 305 345 381 397 429
 443 475 497 524 531 569 596 613 641
3 25 68 91 111 120 149 195 218 234 262 283 304 349 380 394 427
 437 472 489 513 546 569 593 602 645
10 46 74 77 95 124 168 180 205 241 261 279 317 342 366 400 411
 442 477 498 511 534 557 589 613 645
23 30 66 81 101 132 151 171 209 224 261 274 314 353 379 406 410
 447 461 489 524 533 565 583 601 642
24 39 67 87 98 131 160 193 213 242 259 290 303 340 375 388 418
 436 467 493 509 536 565 576 609 645
6 27 70 75 118 126 156 171 214 227 263 271 296 359 376 408 430
 459 465 492 500 526 553 587 608 645
17 35 68 79 112 137 158 182 215 224 264 294 297 355 365 402 418
 443 477 480 505 547 553 582 619 643
0 26 60 85 104 128 165 184 202 230 255 293 306 342 375 397 424
 455 465 491 518 549 571 593 601 643
4 34 68 94 97 122 159 175 210 230 263 282 317 340 371 392 431
 458 473 488 520 525 573 590 624 642
10 47 53 75 99 142 155 194 203 232 267 273 316 360 384 385 422
 440 467 491 516 541 555 582 602 642
2 32 71 90 113 122 165 191 217 233 258 294 309 363 379 385 421
 441 460 487 522 548 563 594 614 645
21 31 59 79 107 129 159 183 216 243 255 273 302 362 378 393 433
 438 469 486 524 528 558 578 611 645
12 30 50 84 113 138 153 195 202 238 247 276 295 343 373 395 417
 438 467 492 505 525 561 589 620 644
0 37 64 89 95 139 154 183 208 229 268 272 297 354 379 392 414
 440 472 499 500 531 567 580 609 644
9 48 56 76 102 142 153 176 215 220 252 277 319 348 367 406 414
 458 478 494 518 532 559 577 600 645
20 47 74 83 112 129 165 174 211 227 251 277 304 358 383 386 428
 449 473 497 501 543 565 595 606 644
21 45 72 93 118 142 161 182 201 242 269 279 306 341 371 389 410
 441 475 481 507 546 552 579 622 644
17 34 71 85 100 136 167 183 204 220 269 283 300 358 376 405 411
 439 467 496 519 533 568 584 607 641
24 40 57 92 109 133 154 186 201 234 249 271 318 348 383 393 417
 454 464 488 511 527 563 582 601 641
9 45 74 90 97 125 164 192 209 221 250 273 313 361 370 402 424
 436 472 483 510 529 570 587 620 641
16 37 60 83 117 121 167 190 212 232 247 284 310 361 372 391 416
 445 475 488 515 540 574 583 619 645
6 41 61 81 96 133 150 194 207 226 246 290 317 341 369 386 432
 438 472 487 506 538 574 577 607 643
7 39 52 90 115 141 168 185 208 239 266 271 319 358 380 399 416
 446 461 485 507 525 555 578 621 643
24 27 61 78 97 141 151 181 216 236 256 280 307 346 377 394 415
 445 477 494 516 544 571 584 614 644
22 30 51 79 117 140 149 178 219 226 268 285 306 340 366 408 413
 452 471 494 521 543 555 594 610 641
20 31 56 84 115 125 154 190 214 226 262 279 301 357 375 404 426
 443 468 496 504 545 556 599 614 642
14 49 60 77 105 139 164 189 216 234 246 281 296 358 367 389 421
 451 471 480 523 536 561 575 605 642
2 34 65 76 118 120 154 188 205 244 250 270 305 343 377 391 423
 453 471 486 517 541 565 581 604 643
3 33 71 83 114 137 168 179 201 236 257 270 295 347 381 388 424
 435 479 490 500 528 564 577 610 642
0 38 58 79 116 121 160 187 206 238 269 287 308 344 377 399 427
 457 478 498 506 535 563 587 606 642
19 28 52 85 101 133 164 182 203 244 268 280 308 347 373 403 428
 444 468 482 520 530 551 586 623 645
12 29 55 83 107 140 164 172 210 229 262 274 315 363 382 390 411
 459 464 481 516 535 559 576 615 643
170 196 197 198 199 480 481 482 483 484 485 486 487 488 489 490 491
 492 493 494 495 496 497 498 499 630
