625 626 627 628 629 630 631 632 633 634 635 636 637 638 639 640 641
 642 643 644 645 646 647 648 649 650
600 601 602 603 604 605 606 607 608 609 610 611 612 613 614 615 616
 617 618 619 620 621 622 623 624 650
300 309 320 323 327 343 348 349 352 365 366 369 373 377 380 383 386
 407 408 410 414 430 433 436 449 650
307 308 316 319 324 328 331 334 335 340 372 376 391 394 399 402 409
 411 415 418 419 426 429 437 448 650
456 457 464 466 472 475 477 479 482 487 517 526 538 542 547 549 560
 564 569 571 574 580 582 588 598 650
450 458 470 480 483 490 493 498 507 513 519 521 524 527 539 545 551
 555 558 561 565 572 575 589 593 650
452 460 467 469 474 489 496 497 501 510 511 515 518 529 531 533 535
 554 557 563 568 583 585 587 599 650
451 459 471 481 484 491 494 499 508 514 520 522 525 528 540 546 552
 556 559 562 566 573 576 590 594 650
303 305 312 321 329 338 341 344 346 353 357 361 367 374 378 392 397
 412 420 422 427 431 434 438 442 650
304 306 313 322 330 339 342 345 347 354 358 362 368 375 379 393 398
 413 421 423 428 432 435 439 443 650
302 311 315 318 326 333 337 351 356 360 364 371 382 385 388 390 396
 401 404 406 417 425 441 445 447 650
301 310 314 317 325 332 336 350 355 359 363 370 381 384 387 389 395
 400 403 405 416 424 440 444 446 650
454 455 462 468 476 486 488 492 495 502 504 506 512 523 530 541 544
 567 577 578 581 584 586 591 595 650
453 461 463 465 473 478 485 500 503 505 509 516 532 534 536 537 543
 548 550 553 570 579 592 596 597 650
21 47 56 110 141 151 160 214 268 283 290 293 308 360 362 386 427
 444 501 548 569 584 589 594 622 633
24 45 67 163 167 170 171 180 216 245 267 286 352 363 393 401 415
 431 506 507 552 563 574 596 623 633
23 46 73 109 156 169 172 266 271 282 287 291 364 392 400 426 432
 436 457 505 508 535 551 581 607 633
22 59 68 79 111 131 140 215 217 274 288 289 359 361 410 419 428
 445 509 541 580 587 590 593 619 633
18 58 74 121 134 157 165 232 244 270 275 297 356 408 416 420 437
 439 458 517 534 559 567 568 621 633
17 53 62 122 133 145 168 231 236 273 276 280 355 417 418 421 430
 438 459 533 544 558 560 597 624 633
20 43 64 81 130 146 148 269 277 278 294 296 372 385 398 412 414
 446 521 540 570 571 583 591 612 633
19 63 70 80 117 147 155 233 279 281 285 295 383 384 397 409 413
 447 503 522 539 557 577 588 620 633
21 48 60 78 150 161 165 229 234 247 274 296 351 379 424 426 434
 449 518 525 545 574 577 597 609 632
23 51 66 118 124 136 160 179 222 227 285 297 366 367 404 415 421
 446 500 561 576 580 586 599 614 632
24 41 69 113 123 137 156 221 228 249 283 299 368 373 403 419 420
 447 456 530 562 575 579 583 624 632
22 64 74 149 162 163 174 223 237 248 282 295 307 350 378 425 430
 435 511 512 524 546 550 569 611 632
16 55 67 106 158 164 172 250 273 277 281 290 310 388 411 422 433
 439 504 516 519 549 556 587 617 632
13 44 49 152 159 166 171 251 259 264 289 293 311 349 387 423 429
 438 520 537 555 568 571 581 620 632
14 54 65 120 143 155 157 252 257 272 276 292 357 371 389 402 428
 436 461 497 572 582 591 594 623 632
15 28 70 119 139 144 167 213 258 275 284 291 358 370 390 414 418
 427 536 564 573 578 585 593 615 632
12 50 73 82 114 154 168 218 243 253 279 288 369 395 431 441 443
 448 528 529 538 567 570 589 618 632
9 68 71 126 129 135 170 220 235 261 287 298 375 377 391 412 417
 444 460 513 543 566 588 595 621 632
11 62 63 115 116 153 173 219 242 246 263 278 309 396 432 437 440
 442 523 527 531 542 590 596 622 632
10 57 72 127 128 132 169 181 262 280 286 294 374 380 394 413 416
 445 514 515 565 584 592 598 608 632
8 42 61 142 154 161 164 182 226 240 298 299 365 381 399 423 425
 442 499 526 572 585 586 592 616 633
5 66 72 107 159 173 174 184 225 230 254 260 354 376 405 433 434
 441 532 554 566 575 578 582 613 633
7 69 71 112 138 153 162 183 238 239 256 292 382 407 422 424 429
 443 498 502 553 573 598 599 610 633
6 52 65 108 125 158 166 224 241 255 265 284 353 406 435 440 448
 449 510 547 565 576 579 595 601 633
8 30 46 101 117 130 141 177 195 212 224 256 316 323 329 337 347
 359 470 475 494 534 544 563 613 632
6 40 45 87 91 104 151 178 236 240 244 254 315 324 348 361 384
 398 464 469 476 485 491 551 610 632
5 34 36 88 89 103 105 185 191 226 239 255 314 328 362 385 397
 410 490 495 505 517 533 552 600 632
7 53 58 83 86 102 140 176 197 225 241 271 330 336 346 360 372
 383 463 471 472 493 496 506 616 632
12 35 37 91 101 120 128 193 204 206 235 259 300 314 326 335 346
 368 480 500 504 525 531 564 611 633
10 30 48 94 124 129 152 194 197 228 242 257 333 338 340 350 358
 369 452 473 482 491 495 519 605 633
11 41 44 77 96 102 119 192 207 229 243 272 315 325 328 347 367
 377 478 481 486 487 515 524 617 633
9 33 40 95 99 116 123 175 203 208 227 258 332 339 351 357 380
 411 463 475 490 512 520 529 603 633
13 51 55 83 85 103 137 188 189 196 198 248 301 322 329 348 371
 394 479 484 513 518 523 536 618 633
15 34 49 84 90 97 115 187 200 212 253 261 334 373 374 379 388
 389 453 464 467 468 493 546 614 633
14 25 32 93 98 114 118 185 186 190 249 262 319 327 375 378 387
 390 476 494 496 516 542 545 604 633
16 50 54 104 105 135 136 199 202 237 247 263 302 316 320 321 330
 370 466 474 483 514 530 537 602 633
4 27 31 106 132 143 150 191 209 220 222 264 312 331 343 345 396
 403 470 472 485 488 511 528 615 633
1 36 38 92 100 144 149 195 210 221 234 252 313 344 349 391 395
 404 455 465 469 471 527 549 608 633
3 39 60 87 89 113 127 213 218 223 246 251 305 318 323 336 342
 402 462 477 489 543 556 561 606 633
2 29 57 86 88 126 139 201 205 211 219 250 306 317 324 337 341
 366 492 497 538 550 555 562 609 633
20 32 35 75 90 134 138 189 207 211 214 245 331 339 353 364 365
 405 465 482 489 522 541 558 602 632
18 37 61 96 100 122 146 187 196 208 209 260 317 319 321 333 386
 393 451 477 502 509 510 539 607 632
19 31 56 76 92 112 133 188 203 205 206 215 327 338 354 363 399
 406 466 468 478 521 535 559 606 632
17 42 47 84 121 131 147 186 201 210 216 230 318 322 332 335 343
 392 450 474 486 540 547 553 605 632
2 38 59 95 107 109 125 190 192 199 204 268 303 334 345 356 381
 407 462 473 484 507 557 560 612 632
3 29 33 93 94 108 142 193 198 233 269 270 304 344 352 355 376
 382 467 483 487 488 508 548 619 632
1 26 43 85 97 99 111 194 202 231 265 267 312 326 342 400 408
 409 481 492 498 501 526 532 604 632
4 39 52 98 110 145 148 200 217 232 238 266 313 320 325 340 341
 401 454 479 480 499 503 554 603 632
0 25 27 77 79 80 81 175 180 182 183 184 300 301 302 305 306
 308 452 453 455 457 458 459 601 632
0 26 28 75 76 78 82 176 177 178 179 181 303 304 307 309 310
 311 450 451 454 456 460 461 600 633
17 54 64 124 125 142 171 183 208 214 253 271 324 377 397 403 439
 445 454 494 518 527 532 564 606 635
19 58 73 103 127 135 151 195 207 209 216 242 303 373 382 387 411
 421 525 526 550 554 591 593 601 635
20 60 70 104 118 126 152 184 206 210 238 265 304 381 388 394 410
 420 472 524 529 544 594 596 607 635
18 26 52 89 123 128 172 182 211 215 237 272 376 398 404 407 438
 444 493 528 536 542 563 577 605 635
14 56 57 149 166 170 173 175 177 200 247 270 328 345 346 400 414
 447 477 491 553 558 586 587 618 635
15 61 69 91 150 155 169 176 201 248 263 293 344 347 401 433 446
 448 452 490 541 543 559 560 604 635
13 40 74 77 101 147 148 197 199 249 261 273 331 393 395 406 434
 436 492 548 561 585 590 598 600 635
16 39 59 92 102 146 167 178 198 262 292 298 300 392 396 405 409
 435 475 495 562 568 589 597 614 635
3 26 61 101 129 137 168 203 254 262 271 297 341 345 385 389 429
 449 455 474 522 569 593 596 617 634
4 38 53 96 121 151 172 256 257 284 296 299 304 305 327 405 415
 445 490 492 531 537 546 588 618 634
1 39 55 90 122 156 171 243 258 263 294 295 303 306 335 406 410
 444 488 491 534 545 582 599 616 634
2 27 73 102 136 164 174 196 255 259 261 274 342 344 380 384 390
 437 454 482 521 553 563 594 624 634
24 37 60 94 116 132 144 205 268 272 287 289 330 348 409 422 425
 446 453 494 547 554 558 567 600 634
21 34 74 104 138 142 146 177 235 246 266 288 301 338 343 404 411
 413 481 496 555 560 578 579 623 634
22 65 66 100 103 147 152 176 212 267 270 291 302 339 399 403 407
 412 476 480 515 538 556 597 622 634
23 25 62 95 105 143 148 178 260 265 286 290 329 369 391 423 424
 447 486 489 493 550 559 564 619 634
17 51 59 98 99 149 165 187 206 211 269 283 347 370 383 402 441
 442 460 485 519 552 581 598 601 634
18 36 67 97 130 139 150 181 184 186 207 298 340 346 371 430 440
 443 520 530 548 551 557 580 606 634
19 71 72 120 140 145 163 182 208 210 244 264 309 337 379 400 427
 448 484 487 495 516 561 583 602 634
20 40 49 82 119 141 173 183 188 204 209 285 336 378 401 408 426
 428 483 533 549 562 592 595 605 634
11 35 68 93 136 141 145 241 260 267 295 299 310 348 351 374 402
 443 455 473 517 535 540 555 615 635
9 28 72 117 131 134 143 202 239 251 268 269 306 325 333 399 431
 449 496 500 523 546 549 551 624 635
10 41 50 133 138 144 174 212 240 250 264 297 305 326 332 372 386
 432 461 479 545 552 557 595 619 635
12 27 33 105 137 139 140 236 245 252 266 296 311 334 350 375 408
 442 478 539 547 556 584 599 613 635
8 32 45 99 109 153 159 196 232 257 281 288 336 368 385 391 427
 430 450 453 466 488 515 576 609 635
6 36 48 75 84 116 162 204 217 222 233 286 301 321 327 342 360
 418 534 538 566 572 581 583 617 635
5 53 67 76 90 157 161 221 246 259 285 287 302 319 322 341 359
 369 485 487 501 512 565 573 612 635
7 25 38 132 154 158 165 189 223 231 235 258 337 340 352 367 384
 428 451 468 474 505 571 575 622 635
6 47 64 113 117 159 161 180 193 242 250 280 320 328 356 357 375
 395 451 472 498 535 536 541 614 634
8 43 44 75 79 108 128 190 197 247 252 279 324 363 386 388 392
 421 511 517 523 543 573 575 603 634
5 54 56 85 91 158 162 192 195 245 249 251 355 358 366 372 374
 396 450 457 499 509 529 577 621 634
7 50 57 76 89 107 131 194 234 236 248 278 308 364 377 387 393
 420 467 475 503 504 572 576 615 634
10 35 70 109 114 157 170 198 201 222 237 277 311 323 325 362 419
 434 459 463 468 510 526 527 610 634
11 33 46 81 112 125 126 217 223 225 275 281 314 322 331 333 373
 438 461 469 514 574 586 589 604 634
12 28 69 80 92 118 127 191 200 224 276 282 315 321 332 365 376
 439 473 501 506 513 571 590 609 634
9 30 32 86 115 160 169 199 221 226 230 238 310 326 352 361 418
 435 458 477 478 518 528 591 620 634
21 37 55 88 119 129 163 179 218 230 256 276 312 356 383 419 423
 440 457 465 467 476 514 521 603 635
22 31 34 87 120 130 160 180 190 194 219 275 313 355 380 422 426
 441 456 486 510 513 522 537 616 635
23 65 71 79 85 115 121 193 243 254 277 283 307 317 330 338 365
 390 462 470 503 520 533 574 608 635
24 29 43 78 112 114 122 192 220 244 255 282 308 318 320 329 339
 389 471 519 531 578 580 592 620 635
1 44 47 82 94 98 164 191 203 225 278 291 316 361 366 371 379
 416 459 489 502 507 579 588 611 635
2 51 63 81 100 110 168 181 226 228 284 289 323 335 354 357 364
 424 464 481 483 506 511 516 621 635
3 46 49 80 86 96 111 185 227 234 280 290 343 353 358 363 425
 437 460 480 484 530 570 582 610 635
4 42 66 83 95 97 113 205 224 229 279 294 309 362 370 378 417
 429 458 469 482 504 508 509 623 635
16 31 58 78 88 110 166 189 213 227 233 240 334 359 368 417 431
 436 452 502 524 532 540 542 608 634
13 42 52 87 93 111 167 175 220 228 239 253 307 360 367 416 432
 433 465 466 497 525 539 544 612 634
14 63 68 84 106 124 133 202 218 229 232 293 300 317 353 382 394
 398 456 471 505 507 512 585 613 634
15 45 48 77 123 134 135 179 219 231 241 292 318 319 349 354 381
 397 470 479 508 570 584 587 611 634
0 29 41 83 153 154 155 185 214 215 216 273 312 313 316 350 351
 414 462 464 500 565 566 568 607 634
0 30 62 106 107 108 156 186 187 188 213 274 314 315 349 412 413
 415 463 497 498 499 567 569 602 635
21 28 50 100 123 162 173 186 193 220 265 281 334 341 347 348 363
 445 459 482 505 561 568 591 616 637
23 35 48 98 126 131 132 188 192 270 276 293 305 309 385 395 411
 435 464 530 532 539 563 573 616 636
23 40 47 81 96 149 155 194 205 218 255 298 311 359 374 407 418
 439 479 488 496 525 575 596 602 637
22 45 70 93 105 124 161 187 192 203 256 273 342 343 346 364 444
 448 458 461 523 554 562 571 608 637
24 51 52 82 97 127 152 185 193 256 271 275 306 384 386 391 396
 434 478 512 540 560 572 587 602 636
22 57 69 83 133 151 159 186 245 246 255 277 333 367 379 381 409
 436 455 460 483 528 534 564 603 636
24 38 73 80 142 150 157 188 202 212 219 254 310 335 360 375 414
 438 489 495 509 524 576 598 603 637
21 27 53 134 148 158 167 181 187 194 254 272 316 332 368 378 382
 410 484 527 535 538 543 586 620 636
17 32 49 87 95 156 174 176 191 233 272 296 320 337 338 393 394
 440 455 500 526 573 587 589 621 637
19 26 41 79 105 114 162 189 225 234 257 268 335 380 401 412 439
 440 477 485 508 544 555 585 614 636
18 27 41 85 88 94 135 177 238 280 293 295 336 339 392 415 441
 449 468 469 516 564 572 590 612 637
20 56 71 125 159 167 169 231 274 279 297 299 306 321 323 350 371
 411 467 471 480 485 486 542 600 637
17 70 71 92 111 143 166 180 212 226 248 266 303 319 336 351 366
 398 482 514 531 548 567 575 617 636
18 59 62 84 110 113 144 203 243 247 259 267 304 331 337 350 397
 433 457 496 513 576 591 592 610 636
20 36 58 96 115 129 161 201 224 249 258 292 308 348 400 413 438
 441 454 466 500 507 511 556 619 636
19 36 37 86 152 158 170 178 190 232 253 278 305 322 351 370 376
 436 470 481 541 569 592 599 624 637
14 48 74 99 103 112 115 182 259 271 290 294 313 315 366 405 419
 431 451 483 543 544 547 557 615 637
14 28 37 147 168 169 174 195 215 227 241 244 301 340 362 377 388
 442 488 489 498 537 562 574 612 636
13 54 72 89 108 130 149 204 229 231 240 242 310 339 341 343 390
 419 453 506 559 588 589 599 607 636
15 38 55 99 128 146 170 205 214 228 233 282 302 361 387 437 443
 449 461 472 486 499 533 561 613 636
16 29 61 76 97 138 145 204 230 251 257 291 367 395 398 410 437
 447 463 494 511 513 574 584 601 637
16 25 46 100 107 150 160 216 232 239 294 299 311 324 338 342 383
 389 487 529 536 558 590 595 611 636
15 57 58 104 113 114 160 183 252 260 269 289 312 314 340 365 406
 432 450 484 512 563 588 597 617 637
13 30 68 75 98 151 168 184 234 250 258 282 368 396 397 399 408
 446 462 487 493 510 514 553 623 637
8 56 74 78 81 87 116 198 207 238 285 291 312 317 349 375 445
 448 473 474 493 504 552 582 624 636
6 31 50 90 103 141 164 179 208 235 289 296 325 358 376 392 430
 447 458 462 471 497 596 598 604 636
5 60 69 106 117 120 146 197 211 217 227 267 303 308 390 416 423
 430 464 474 478 508 527 595 618 637
7 26 55 91 109 110 127 180 210 229 261 285 316 327 333 403 435
 442 497 517 520 558 570 578 619 637
6 35 72 79 119 147 165 185 196 228 263 266 304 349 372 389 417
 422 475 501 507 528 550 586 606 637
8 63 65 83 90 111 126 209 213 236 262 268 328 332 352 404 434
 443 454 457 519 537 559 583 611 637
7 33 44 80 88 106 173 196 199 206 284 297 307 313 318 369 374
 444 494 526 541 551 583 597 623 636
5 29 73 104 125 140 165 200 213 290 295 298 326 327 357 393 429
 446 456 459 465 470 515 523 605 636
9 60 67 119 124 155 156 237 262 264 278 288 329 334 354 355 360
 365 451 469 480 492 517 553 601 636
10 31 67 82 84 134 140 175 199 223 224 283 344 377 385 409 421
 424 476 499 531 536 555 582 607 637
11 64 66 108 129 143 164 181 189 200 215 221 300 318 330 387 426
 427 492 529 534 539 552 560 610 637
9 34 54 128 133 141 148 198 216 225 243 284 309 319 345 384 420
 425 452 465 498 556 580 581 609 637
10 39 61 93 112 120 123 184 191 236 261 279 330 353 356 359 414
 415 450 481 518 549 550 581 622 636
11 34 45 75 95 118 139 182 202 230 280 287 323 344 372 403 406
 428 502 503 519 525 568 569 618 636
12 42 43 76 86 94 117 183 263 273 274 286 345 373 402 404 405
 427 476 479 505 510 520 524 621 636
12 39 53 77 107 144 163 214 222 226 242 270 317 329 380 388 428
 429 460 466 540 551 577 579 604 637
1 66 68 121 137 142 163 175 178 197 209 251 314 320 347 364 418
 422 468 542 557 565 570 594 609 636
3 47 65 77 91 154 171 177 190 211 221 281 321 394 408 417 424
 432 463 495 521 546 554 580 615 636
3 25 51 92 122 130 153 241 245 247 264 287 307 325 356 361 373
 413 490 504 532 538 585 594 605 637
4 32 63 85 122 136 157 210 223 250 253 269 315 346 363 407 423
 426 452 475 566 579 584 593 600 636
4 43 46 102 131 139 171 179 206 237 240 249 301 357 379 382 391
 433 473 477 522 533 565 567 622 637
1 33 62 101 132 166 172 201 207 239 244 288 302 358 378 381 386
 402 456 503 506 518 521 566 614 637
2 44 52 78 118 121 154 208 246 248 286 292 326 331 355 362 383
 412 453 491 530 535 549 593 613 637
2 30 40 135 145 153 172 176 222 252 265 283 300 322 328 416 425
 431 467 509 522 545 571 578 606 636
0 49 64 101 102 109 138 217 218 219 220 260 352 370 371 399 420
 421 490 491 501 516 547 577 608 636
0 42 59 89 116 136 137 195 235 275 276 277 324 353 354 369 400
 401 472 502 515 545 546 548 620 637
16 44 53 93 101 116 170 179 223 234 255 266 306 365 394 403 427
 441 464 498 509 557 559 591 605 630
14 67 71 78 108 113 146 206 222 230 253 268 316 358 364 384 408
 438 455 479 490 515 550 590 616 630
13 47 70 102 112 135 169 185 208 254 267 269 305 334 369 404 428
 440 456 499 504 511 534 558 609 630
15 27 60 83 107 145 147 202 207 221 235 256 307 357 363 366 385
 439 491 510 542 581 589 592 619 630
2 33 56 128 134 156 161 178 185 210 212 218 301 330 367 401 429
 430 510 519 532 588 590 591 615 631
1 48 59 83 105 120 169 177 220 250 284 285 325 365 382 393 437
 438 453 476 529 540 569 575 606 631
3 52 70 133 162 164 165 209 219 230 252 294 302 329 368 377 400
 415 464 473 496 520 541 589 600 631
4 25 34 112 119 168 170 176 211 242 251 274 316 326 348 381 392
 439 512 539 548 576 582 583 608 631
23 30 58 82 93 144 146 182 229 245 248 281 318 324 345 357 410
 440 468 480 501 537 566 598 624 631
22 39 71 94 109 154 173 181 202 227 249 296 315 322 386 389 397
 418 465 472 504 555 559 563 601 631
21 31 44 95 131 153 157 184 195 228 271 295 314 321 352 390 398
 448 460 479 492 556 558 592 614 631
24 32 55 89 143 147 151 183 217 247 297 298 309 317 334 344 358
 441 463 481 535 544 565 571 611 631
11 30 56 103 122 163 165 183 190 261 284 288 311 332 341 398 409
 433 472 489 500 508 530 572 608 630
10 28 38 85 110 159 164 218 263 270 287 292 314 324 343 351 378
 393 478 493 522 544 580 583 601 630
12 41 51 104 121 148 166 182 195 205 220 262 310 333 342 397 426
 430 463 467 507 541 573 582 622 630
9 35 58 89 100 111 158 184 219 283 285 286 315 320 350 379 392
 429 461 488 494 521 560 585 618 630
8 49 72 105 133 157 172 175 193 214 249 274 303 318 340 383 435
 446 469 481 502 513 538 596 615 630
7 42 73 99 130 134 171 191 192 215 246 252 304 317 348 418 434
 447 452 480 514 516 569 595 614 630
6 69 74 86 95 114 132 194 212 247 251 281 300 354 371 415 442
 444 454 465 487 533 540 593 607 630
5 26 31 77 94 115 156 204 216 244 248 250 323 353 370 391 443
 445 496 539 571 586 594 597 603 630
7 41 65 87 129 139 141 232 259 269 282 286 303 343 354 388 395
 409 459 490 509 518 542 586 602 631
8 47 69 88 100 140 148 188 231 237 253 287 304 353 380 387 396
 402 458 491 500 557 574 578 617 631
5 42 57 81 101 118 135 187 233 243 257 264 351 363 408 419 422
 435 454 471 489 536 551 560 622 631
6 26 54 80 102 145 160 186 205 258 270 288 350 364 373 394 423
 434 470 502 531 543 549 552 612 631
9 27 45 110 122 142 152 204 215 224 234 277 328 371 374 383 405
 432 456 474 550 561 567 573 604 631
10 60 62 91 111 121 130 179 196 200 214 225 370 375 406 407 411
 431 455 487 505 511 562 572 620 631
12 61 68 78 90 149 159 199 216 265 272 275 305 340 360 366 403
 413 475 508 516 521 523 533 610 631
11 49 50 99 113 150 158 197 198 226 244 276 306 307 327 359 404
 412 507 522 553 554 564 584 607 631
20 45 50 92 98 106 140 177 233 242 260 275 335 362 367 389 407
 425 457 492 518 520 543 565 624 630
18 46 55 79 118 120 153 178 201 213 231 296 345 360 374 377 395
 399 482 483 512 552 554 579 620 630
19 39 57 96 97 141 142 176 180 237 276 297 331 349 361 368 390
 424 505 519 523 529 547 566 612 630
17 48 66 119 128 138 154 203 232 265 277 295 308 344 359 373 375
 396 477 484 497 506 537 551 600 630
23 34 63 91 137 161 167 199 217 241 257 294 312 337 339 376 386
 387 459 460 524 549 553 567 606 630
22 37 54 81 82 123 139 197 200 210 239 293 329 352 405 413 417
 437 462 485 526 535 545 576 617 630
21 29 36 80 109 124 168 209 238 240 245 259 309 330 402 406 412
 416 475 486 536 546 575 587 604 630
24 61 62 125 131 136 162 181 198 211 258 264 313 328 336 338 388
 436 458 476 501 525 570 588 613 630
4 40 59 75 117 127 129 186 196 226 272 290 302 355 414 420 432
 448 468 471 532 555 574 599 611 630
1 32 52 76 126 155 173 187 229 282 289 299 301 356 372 380 421
 431 470 474 495 548 556 564 610 630
3 43 68 88 143 160 174 224 228 236 243 291 322 327 346 381 401
 411 451 453 527 568 577 598 602 630
2 25 64 87 90 144 152 188 225 227 273 298 321 347 382 400 419
 449 450 503 517 528 531 584 623 630
15 36 46 98 136 163 166 246 254 268 273 279 300 339 372 420 424
 445 451 478 488 497 513 526 605 631
13 37 66 76 106 114 125 207 266 280 283 292 332 337 342 361 391
 414 452 483 517 546 577 596 616 631
14 35 38 77 97 117 137 208 213 238 255 278 338 421 425 426 433
 444 450 485 506 514 538 568 619 631
16 64 73 75 115 132 155 175 206 236 256 267 333 336 341 349 362
 376 484 486 545 579 580 585 621 631
20 29 74 84 85 107 172 180 191 241 262 289 347 369 384 399 417
 427 461 477 525 527 530 599 603 631
18 40 53 92 124 126 174 189 190 193 239 263 308 310 312 323 379
 447 499 515 547 570 581 593 623 631
17 63 67 79 86 123 127 192 235 240 260 291 311 313 331 378 446
 449 466 467 495 498 534 594 618 631
19 28 51 108 116 138 171 194 201 261 290 299 319 320 346 385 416
 428 457 462 469 524 528 597 613 631
0 43 72 96 103 104 167 203 221 222 223 293 335 355 356 436 442
 443 482 493 494 503 587 595 609 631
0 33 65 84 149 150 151 189 271 278 279 280 319 325 326 410 422
 423 466 473 561 562 563 578 621 630
4 58 71 76 77 87 164 185 247 265 276 288 333 335 339 352 374
 446 527 536 557 562 569 581 613 639
2 35 50 83 127 142 149 203 217 239 249 287 388 398 408 415 427
 440 451 452 470 486 582 597 620 639
1 61 72 77 114 124 139 188 217 224 246 290 307 351 368 384 392
 407 467 472 537 552 558 591 621 638
3 37 74 126 145 150 156 175 240 277 284 286 316 387 397 407 428
 441 450 471 478 482 501 523 614 639
2 48 53 85 89 141 146 175 186 264 279 291 352 389 391 406 439
 442 456 500 514 524 541 554 610 638
4 55 70 78 115 123 142 190 195 225 280 289 300 350 367 385 393
 402 501 538 551 553 559 595 602 638
3 41 56 109 132 140 147 179 187 226 265 278 320 324 390 405 438
 443 452 512 513 525 534 549 623 638
1 54 67 75 88 96 109 241 248 269 274 275 300 332 338 375 429
 447 464 528 544 554 561 592 622 639
17 38 57 102 116 148 161 184 209 215 281 293 307 323 326 358 389
 431 476 508 513 517 579 599 602 639
19 33 68 110 115 157 167 179 183 186 191 211 329 342 372 395 425
 449 491 504 515 537 560 575 607 639
17 52 69 94 96 130 170 189 199 254 285 288 309 314 342 357 388
 399 457 471 545 550 568 584 615 638
20 30 38 79 88 136 155 200 203 244 251 286 319 382 403 430 432
 434 460 481 504 536 547 589 616 638
19 44 54 84 87 137 165 181 250 256 260 287 308 381 404 414 431
 435 463 480 482 488 533 590 604 638
20 44 55 111 114 117 174 182 187 216 235 270 330 341 396 418 424
 436 456 469 473 490 576 584 606 639
18 60 68 82 95 138 169 180 198 252 255 273 315 335 341 358 383
 387 466 470 532 546 583 586 622 638
18 34 66 78 86 101 162 188 210 214 236 299 325 357 369 390 409
 432 488 507 514 543 571 587 601 639
9 39 63 121 125 150 174 177 185 194 206 245 302 348 395 419 421
 427 493 497 502 508 571 592 617 638
12 57 64 103 106 111 157 178 192 238 258 299 316 344 354 386 417
 440 453 496 522 561 574 581 605 638
10 32 43 107 135 141 165 178 193 205 227 246 313 371 403 410 438
 448 457 506 539 546 553 585 617 639
10 42 71 105 122 149 160 176 207 213 259 281 301 376 396 420 428
 449 464 492 494 507 535 570 603 638
9 46 61 108 140 151 173 180 192 228 259 292 312 370 394 404 430
 439 468 489 503 538 540 545 600 639
11 29 60 79 133 137 166 176 194 253 258 285 321 343 356 362 391
 405 499 516 551 563 591 598 611 639
12 49 70 100 132 134 136 177 229 257 271 298 308 322 355 361 406
 433 462 498 542 550 552 583 603 639
11 25 67 83 104 110 131 193 208 212 257 282 345 349 353 416 418
 441 521 526 543 562 577 599 600 638
7 31 40 100 108 161 163 202 211 243 262 266 305 362 371 373 437
 446 450 473 544 564 566 587 620 638
8 33 58 107 118 162 168 261 267 272 277 293 306 343 361 370 426
 447 451 465 479 495 531 565 606 638
6 27 49 76 93 129 153 210 237 268 275 294 317 326 347 397 411
 436 489 499 506 575 580 597 618 638
8 26 36 93 122 131 169 200 218 242 283 296 302 331 354 366 384
 422 463 484 524 564 568 595 623 639
7 30 72 92 113 121 170 219 272 273 291 295 301 334 353 385 386
 423 454 483 485 525 529 580 604 639
6 42 53 98 123 152 155 198 202 245 290 297 303 314 337 377 426
 443 453 477 511 521 578 590 608 639
5 46 74 75 152 154 167 205 209 263 276 283 318 325 334 346 380
 398 455 498 516 518 576 588 619 638
5 25 65 97 124 128 163 199 201 220 234 289 304 315 336 411 414
 442 479 502 522 534 535 589 624 639
13 31 39 99 118 119 172 212 221 255 260 268 309 324 346 350 382
 413 459 474 541 570 572 574 621 639
15 40 52 80 105 138 159 181 195 223 267 278 317 327 345 392 417
 419 487 500 518 519 567 594 616 639
16 56 63 82 89 120 171 196 222 254 280 282 340 347 351 373 381
 412 458 465 492 496 547 573 619 639
13 43 50 80 116 120 156 214 230 232 241 298 304 328 333 366 378
 424 468 485 556 560 563 593 608 638
15 35 51 112 143 172 173 197 216 218 234 240 321 337 355 375 409
 410 454 458 515 520 569 579 612 638
14 41 62 81 90 158 160 204 237 256 266 279 318 344 348 393 399
 416 460 472 495 520 532 593 609 639
16 32 36 81 91 113 119 215 220 231 270 271 303 332 369 379 415
 425 503 510 523 555 594 598 613 638
14 26 66 144 148 151 171 219 233 235 239 274 322 336 356 365 374
 448 459 475 478 511 519 530 607 638
22 29 47 90 99 101 127 184 222 247 284 292 310 338 372 377 401
 423 469 484 505 539 542 567 624 638
23 37 59 97 134 164 166 183 236 242 249 295 313 323 360 363 394
 412 461 474 487 490 528 578 609 638
24 47 48 104 106 139 153 189 226 243 251 261 376 378 383 400 421
 445 455 461 475 480 510 559 612 639
21 59 64 91 94 112 147 213 224 232 252 264 306 310 319 364 367
 380 493 526 530 533 566 596 618 639
22 51 73 84 95 129 146 225 231 238 244 263 305 311 328 363 365
 368 494 497 548 549 565 577 615 639
21 45 62 102 117 126 128 191 221 248 253 297 311 327 339 340 400
 422 462 483 509 540 582 585 601 638
23 27 28 103 125 130 154 197 230 233 250 262 349 379 401 402 420
 444 466 481 509 512 531 558 610 639
24 28 65 86 98 133 135 182 196 204 223 296 312 359 364 413 429
 433 486 491 517 527 529 548 614 638
0 34 73 92 145 158 159 201 227 228 229 269 329 330 331 408 444
 445 476 477 557 572 573 596 611 638
0 45 69 85 143 144 168 190 206 207 208 294 320 359 360 434 435
 437 467 505 555 556 586 588 605 639
22 41 58 75 125 145 170 188 191 193 218 294 319 358 404 424 433
 442 453 474 475 492 551 594 620 649
23 60 72 86 141 168 171 187 189 220 275 292 302 327 328 344 350
 398 450 504 526 557 579 590 603 649
24 44 66 90 91 140 172 186 194 238 269 276 301 323 345 351 397
 437 451 466 550 585 589 595 608 649
21 25 39 76 84 166 169 192 196 197 219 277 357 376 403 408 425
 443 469 500 544 552 588 593 602 649
20 37 53 99 142 143 162 185 199 213 229 250 311 354 373 392 416
 448 455 491 503 513 563 580 622 649
18 42 63 102 114 151 163 200 204 227 265 287 306 316 338 349 355
 385 461 518 541 556 575 598 615 649
17 28 56 83 101 106 115 228 237 252 286 298 305 339 356 384 410
 426 487 502 554 555 570 576 604 649
19 27 43 118 144 161 173 198 251 271 283 288 310 340 353 393 407
 417 464 486 490 497 514 534 611 649
24 63 64 88 93 107 128 176 195 288 290 292 305 325 379 406 408
 418 474 482 485 513 520 586 607 648
21 33 51 90 96 114 120 202 215 242 286 291 324 336 417 420 433
 435 455 470 499 553 557 571 600 648
23 36 69 87 108 145 157 177 196 203 216 289 306 326 334 377 378
 405 472 514 519 570 577 585 622 648
22 27 61 89 115 119 166 178 214 269 281 287 327 335 337 416 421
 434 471 473 479 498 529 530 623 648
16 49 68 94 127 148 165 201 208 221 245 279 301 312 328 354 390
 407 461 531 544 551 569 576 616 648
14 29 55 92 131 141 161 197 207 223 254 265 311 370 380 397 415
 432 453 480 502 528 560 583 621 648
13 28 58 91 95 126 142 222 243 256 274 278 302 313 353 389 409
 430 477 516 535 552 575 584 605 648
15 25 42 129 140 156 162 206 255 270 280 285 310 331 371 386 398
 431 462 475 481 527 537 554 609 648
12 40 66 79 110 112 150 187 237 241 246 250 303 352 358 385 394
 400 465 486 494 568 572 588 624 648
10 44 59 104 155 158 168 180 188 230 239 296 317 339 346 373 391
 425 454 501 508 534 542 561 615 648
11 31 37 109 111 135 149 186 251 273 294 297 304 308 357 365 384
 401 493 495 518 538 573 579 613 648
9 26 53 103 118 132 159 217 240 252 253 295 318 338 347 414 424
 437 457 504 507 510 548 562 602 648
8 31 48 96 113 136 147 178 225 239 245 282 326 341 394 414 428
 444 467 516 520 527 560 567 601 649
6 67 73 85 120 126 148 176 183 203 226 234 318 367 370 386 413
 419 473 488 542 546 558 568 613 649
7 49 62 135 137 146 155 184 190 224 240 270 325 335 342 366 427
 445 465 512 519 528 535 574 600 649
5 33 38 119 127 131 160 177 182 241 253 273 317 320 368 371 409
 412 482 511 545 559 581 596 610 649
8 57 67 77 98 138 143 210 227 263 271 284 342 348 350 356 376
 412 456 468 509 525 533 589 620 648
6 38 41 78 124 130 169 175 211 260 261 276 322 363 396 410 427
 429 483 496 503 526 556 567 611 648
7 32 47 97 105 125 144 179 209 228 244 277 300 341 351 355 399
 413 524 543 563 581 582 590 618 648
5 43 62 123 151 164 170 212 229 238 262 275 307 321 364 383 395
 428 452 484 488 500 547 555 606 648
12 46 47 122 129 138 158 175 202 233 248 289 309 313 381 390 415
 434 485 493 515 517 562 591 606 649
11 36 70 82 121 156 159 211 235 236 247 290 312 380 382 389 399
 435 452 479 494 506 509 561 612 649
9 55 69 77 93 104 149 181 209 232 274 291 337 362 363 369 372
 438 462 522 531 532 547 572 614 649
10 29 52 103 116 117 150 210 231 243 249 260 300 334 336 361 364
 439 460 521 537 569 573 586 623 649
16 30 51 123 154 157 174 180 207 217 268 278 304 343 374 400 406
 429 471 476 533 539 543 564 609 649
14 50 61 79 87 109 134 205 221 267 280 284 314 329 379 383 396
 411 454 524 548 566 571 599 605 649
13 34 57 100 124 153 164 206 223 244 272 279 303 375 401 405 418
 449 457 463 470 501 530 540 619 649
15 26 59 88 130 133 152 208 222 266 281 299 308 315 330 352 378
 395 489 523 525 553 565 582 621 649
2 45 68 97 108 112 132 195 214 263 285 296 307 332 420 423 436
 441 459 477 480 495 496 536 617 649
4 35 65 81 92 94 105 230 246 258 261 297 324 347 360 387 430
 431 456 484 498 577 587 592 607 649
1 64 71 80 89 95 165 179 216 257 262 293 331 346 348 359 388
 432 478 483 499 510 538 578 624 649
3 40 54 78 98 107 167 201 212 215 259 295 333 365 391 421 422
 440 458 472 481 505 583 584 618 649
17 50 60 75 81 85 163 185 219 224 259 299 340 345 361 382 436
 444 463 515 539 549 559 578 614 648
20 39 73 116 133 139 147 190 220 248 257 283 314 316 374 404 423
 449 451 458 487 506 532 587 610 648
19 46 52 83 134 146 174 204 226 247 258 293 315 369 375 402 403
 422 450 459 467 492 580 596 608 648
18 30 65 76 80 99 167 218 225 235 249 264 320 344 362 381 426
 445 464 523 540 550 558 599 617 648
3 34 71 82 117 136 172 184 189 192 205 232 332 349 360 393 419
 442 491 511 564 565 591 597 604 648
2 70 74 106 137 160 171 193 200 231 234 272 309 333 359 372 392
 443 466 476 489 490 566 592 601 648
1 35 56 102 113 152 153 181 182 199 233 236 319 329 343 439 441
 446 497 505 546 574 593 595 603 648
4 45 72 84 100 101 154 183 194 198 213 282 330 366 411 438 440
 447 460 478 517 541 545 594 612 648
0 48 54 86 121 122 173 191 266 267 268 298 323 367 368 387 388
 448 469 512 521 522 536 598 619 648
0 32 74 110 111 128 139 242 254 255 256 264 321 322 377 402 446
 447 468 507 508 529 549 597 616 649
3 31 32 83 116 124 158 182 200 267 274 292 311 335 347 386 395
 420 514 533 550 551 578 588 612 629
4 28 64 114 141 156 166 184 199 203 231 245 317 322 383 404 422
 437 464 495 515 525 543 572 619 629
3 28 67 99 102 105 121 188 238 242 279 289 308 337 374 398 403
 436 465 510 545 560 566 586 611 628
2 31 69 79 101 122 167 229 230 270 278 290 336 340 348 375 397
 404 461 526 529 546 565 581 602 628
1 58 60 112 136 148 154 186 204 212 228 280 311 317 376 377 427
 435 457 485 490 522 523 587 623 628
4 36 50 125 128 137 153 180 187 227 291 293 310 318 365 409 428
 434 487 491 496 521 544 550 621 628
2 60 65 96 123 131 159 183 233 244 266 294 310 316 346 369 396
 421 465 468 513 552 569 585 604 629
1 40 57 115 130 140 168 185 198 232 235 268 318 321 403 415 423
 433 461 482 524 535 573 577 601 629
19 38 49 75 91 106 122 239 246 262 265 291 330 350 357 377 419
 441 458 479 540 548 563 586 609 629
17 27 55 82 108 126 160 244 246 249 257 267 321 325 354 414 425
 429 475 493 505 525 541 557 608 628
20 33 42 91 103 124 145 181 219 247 268 282 305 359 383 390 391
 393 468 498 528 568 579 582 617 628
20 59 69 76 121 128 160 202 223 240 261 271 328 329 349 351 358
 440 459 488 516 538 539 554 623 629
19 32 66 104 123 130 132 218 248 259 273 284 306 328 360 389 392
 408 460 473 499 502 527 574 619 628
17 34 41 80 93 134 151 197 213 222 263 289 341 371 391 400 407
 435 451 504 521 529 574 592 613 629
18 45 56 107 127 155 164 197 220 258 266 269 309 322 326 353 419
 424 455 494 524 533 537 538 614 628
18 44 71 81 132 133 142 221 241 242 282 290 334 342 370 401 410
 434 450 475 476 497 500 522 618 629
13 38 61 81 84 86 143 179 193 245 288 295 315 316 362 380 400
 420 519 542 554 573 595 597 606 628
14 43 58 101 105 150 152 180 196 211 287 295 309 332 354 367 418
 445 462 467 499 549 579 589 610 629
16 35 42 85 108 139 169 209 212 225 272 288 308 313 327 356 397
 424 460 491 512 561 571 596 624 629
14 46 59 119 135 142 159 189 191 194 210 286 307 341 386 406 443
 446 458 463 464 531 556 577 624 628
15 29 66 82 102 149 157 190 226 264 286 296 333 348 353 368 411
 444 457 474 498 503 544 590 606 629
15 30 64 78 120 131 158 185 209 243 287 297 342 394 405 407 442
 447 459 466 469 506 548 555 603 628
16 72 74 80 83 129 144 192 211 253 265 296 314 319 323 361 401
 421 456 488 520 535 553 572 622 628
13 48 73 79 90 107 170 181 210 224 281 297 312 320 355 398 402
 425 478 490 496 502 562 564 622 629
7 54 70 90 94 150 168 178 182 217 255 283 349 356 363 378 411
 432 477 492 500 513 515 540 613 628
6 43 51 109 115 133 163 177 184 213 239 272 331 344 351 369 387
 439 474 480 509 562 584 588 616 628
5 47 68 92 114 116 134 176 196 240 256 294 345 350 352 388 426
 438 481 497 503 530 561 564 601 628
8 53 70 110 120 125 129 205 216 251 260 278 301 307 315 339 344
 408 505 528 530 545 587 598 614 629
8 39 41 95 106 149 152 183 201 235 241 254 327 355 364 379 431
 437 501 514 536 539 580 591 600 628
5 30 39 100 126 137 138 179 215 247 269 280 360 378 384 436 439
 448 453 486 507 520 526 531 615 629
7 45 51 78 111 119 145 249 250 279 293 298 302 314 338 345 376
 380 489 527 534 546 547 591 607 629
6 25 37 127 136 167 173 214 238 243 248 252 343 359 379 385 399
 438 456 463 492 508 519 557 621 629
10 27 47 86 87 163 172 195 206 217 229 258 319 365 389 412 443
 447 483 523 532 560 568 576 600 629
9 50 52 84 88 112 171 178 207 257 270 273 323 390 413 426 442
 446 455 472 484 501 509 575 611 629
11 55 72 97 148 155 162 177 191 227 259 283 305 324 352 364 375
 381 466 471 510 567 593 597 605 629
12 62 74 89 98 109 161 176 189 208 228 230 306 363 374 382 409
 414 469 470 537 580 594 595 617 629
9 25 44 85 138 147 161 200 205 222 236 275 303 368 402 433 440
 445 471 483 495 563 569 570 607 628
11 26 73 87 98 100 117 199 214 264 277 292 301 346 358 410 415
 417 467 512 547 559 575 592 609 628
10 40 63 139 146 162 166 216 221 271 274 276 304 320 367 399 441
 444 453 470 484 489 504 517 604 628
12 48 71 88 97 151 156 190 198 215 223 260 302 343 347 357 372
 416 454 549 558 576 585 596 620 628
22 52 62 77 141 157 169 206 233 234 251 298 312 324 330 332 373
 385 451 482 507 516 578 599 618 628
24 34 35 76 96 110 174 175 231 252 262 281 366 370 382 412 423
 448 462 472 518 534 551 590 605 628
21 49 65 89 118 140 170 203 207 250 263 299 300 313 329 333 384
 418 450 508 511 532 567 598 612 628
22 33 67 117 144 153 165 204 220 254 276 299 362 366 387 392 394
 406 452 454 477 481 493 570 602 629
23 56 61 94 99 104 174 186 219 234 253 256 300 303 325 331 417
 428 506 517 536 556 565 583 620 629
24 46 54 77 92 95 103 187 218 236 277 285 304 326 340 416 427
 449 511 541 542 553 555 566 616 629
23 29 53 75 111 113 173 195 208 232 237 261 335 371 381 413 422
 449 452 476 478 552 571 589 615 628
21 26 63 113 135 143 154 175 188 201 255 275 361 372 388 393 405
 430 473 480 487 494 581 599 608 629
0 37 57 93 165 171 172 202 224 225 226 285 334 338 339 395 396
 430 479 486 543 583 593 594 610 628
0 36 68 118 146 147 164 192 193 194 237 284 336 337 373 429 431
 432 485 518 558 559 582 584 603 629
19 35 69 99 107 124 166 243 275 280 296 298 301 316 318 341 352
 432 476 493 509 511 549 594 600 646
20 34 47 83 108 109 123 178 234 264 276 295 302 317 340 342 431
 433 478 494 531 586 593 598 621 646
18 31 38 104 129 171 173 176 185 217 277 279 329 332 364 366 402
 435 453 487 498 525 584 585 624 646
17 25 68 103 113 139 172 177 204 278 292 297 330 333 363 380 434
 448 464 465 488 499 501 524 620 646
10 37 45 80 115 131 148 189 247 255 291 299 303 347 355 404 408
 429 472 497 512 516 566 589 606 646
11 40 43 89 106 154 169 210 245 256 270 289 319 338 360 368 370
 449 454 459 513 550 557 582 614 646
9 48 49 81 114 145 164 195 211 213 248 254 304 346 356 386 403
 409 466 486 505 565 590 599 623 646
12 26 60 84 153 170 174 209 249 269 284 290 324 339 349 359 367
 371 458 495 503 514 535 560 616 646
2 39 66 105 115 117 158 240 275 282 288 293 304 312 319 363 371
 377 455 463 525 558 583 598 605 647
1 29 49 123 147 160 167 189 206 242 277 287 305 315 345 424 430
 448 454 496 509 514 517 572 613 647
3 27 30 84 114 128 159 208 239 276 285 298 303 313 348 364 370
 372 492 524 559 574 579 587 622 647
4 26 47 124 146 165 173 207 212 236 241 286 306 314 344 419 425
 436 462 466 513 516 529 573 620 647
24 33 50 111 129 148 169 190 222 229 246 295 337 346 349 399 405
 439 450 464 502 533 536 594 601 647
22 36 40 76 85 132 171 182 213 228 260 297 316 325 353 375 383
 388 508 531 553 560 589 591 609 647
21 61 70 75 83 130 172 183 223 227 243 270 320 326 354 374 387
 391 485 495 497 507 547 590 624 647
23 42 54 106 110 138 170 184 185 221 244 296 336 347 380 406 409
 438 451 467 473 523 538 593 611 647
10 56 73 96 118 137 143 204 211 232 273 289 302 307 352 379 397
 440 469 475 498 540 543 578 616 647
11 51 71 86 91 107 134 203 209 233 237 255 340 392 395 414 423
 445 453 456 501 544 545 556 623 647
9 57 65 78 109 136 144 191 197 231 256 290 301 335 373 378 398
 441 487 499 539 541 568 596 606 647
12 25 58 99 108 133 155 179 210 217 254 291 323 328 393 396 422
 444 482 518 530 546 555 592 612 647
5 50 71 93 110 130 147 188 258 271 272 286 300 311 312 381 421
 437 469 477 519 541 546 579 609 646
8 52 64 86 92 119 137 186 202 222 244 259 374 393 410 411 424
 441 452 461 462 508 558 588 622 646
6 56 66 77 111 146 168 191 201 223 257 287 310 313 334 382 383
 420 520 523 545 563 564 592 602 646
7 28 29 120 136 151 152 175 187 221 288 294 323 331 375 392 425
 440 479 507 532 533 559 577 617 646
7 59 67 81 93 103 174 201 214 251 265 280 309 321 368 389 404
 426 470 478 491 567 585 588 603 647
6 32 60 88 92 101 142 181 192 216 279 283 333 400 412 428 433
 437 459 479 493 512 537 599 615 647
5 48 55 87 102 166 168 193 202 252 278 299 331 332 401 407 413
 427 458 460 468 494 550 580 607 647
8 35 62 80 82 104 163 194 215 250 292 294 322 334 367 390 403
 449 471 477 490 548 554 581 621 647
14 30 70 85 95 96 140 181 214 220 240 246 306 373 376 395 401
 422 474 517 521 576 581 597 611 646
16 27 57 90 117 121 162 190 203 218 228 241 309 315 391 428 438
 446 480 518 526 548 552 578 607 646
13 59 65 82 122 132 161 216 219 227 237 238 314 327 372 427 439
 447 455 467 481 482 543 551 613 646
15 67 74 94 118 125 141 196 215 229 236 239 305 320 335 396 400
 423 460 463 522 538 575 591 608 646
22 63 72 98 142 156 158 179 205 207 252 261 308 321 326 336 345
 369 490 536 540 544 568 574 610 646
24 36 39 101 134 155 160 208 225 250 265 274 307 343 387 398 417
 442 457 468 473 483 515 573 618 646
21 54 58 79 97 116 159 206 226 262 273 282 322 325 337 344 407
 415 456 489 491 539 570 595 615 646
23 32 33 78 100 102 133 180 224 235 251 263 388 397 414 416 419
 443 484 485 492 554 569 572 605 646
4 62 73 88 138 149 167 182 193 197 268 285 351 354 361 377 389
 394 450 510 530 534 556 571 604 646
1 51 53 87 128 135 150 183 192 200 230 281 350 353 362 390 399
 436 451 475 555 567 583 596 619 646
3 42 55 75 112 144 157 194 199 260 266 293 328 379 384 412 430
 445 470 500 506 529 542 562 601 646
2 41 46 76 91 143 165 184 198 242 253 267 365 378 385 413 418
 444 471 502 537 547 561 587 603 646
16 37 52 79 95 151 161 177 188 261 264 269 318 350 366 418 420
 443 505 506 515 522 527 582 604 647
15 41 72 116 122 126 164 178 180 186 199 271 338 359 362 382 402
 408 465 480 511 571 576 577 618 647
13 45 46 94 113 157 162 176 200 235 262 284 308 317 351 410 421
 442 486 521 528 532 549 557 602 647
14 31 64 121 127 139 145 187 198 234 263 281 339 360 361 369 381
 429 457 481 500 563 575 595 600 647
17 44 74 97 100 120 135 218 245 258 268 274 310 327 329 376 385
 432 452 472 503 562 565 586 610 647
18 43 69 90 98 119 125 175 195 219 226 257 311 330 343 384 394
 431 504 535 561 566 569 597 619 647
20 28 68 77 89 150 153 205 225 253 259 266 355 357 386 415 435
 447 474 476 484 519 526 534 608 647
19 34 53 131 149 154 156 196 220 224 238 267 300 324 356 358 434
 446 461 483 489 520 542 584 617 647
0 38 63 112 140 141 152 230 247 248 249 272 341 342 365 411 416
 417 488 510 551 552 564 570 614 647
0 44 61 105 126 127 163 212 231 232 233 283 348 357 358 405 406
 426 496 504 527 528 553 580 612 646
24 49 58 85 117 124 149 178 215 230 266 284 321 331 380 381 385
 443 459 487 497 504 543 545 622 641
22 42 49 78 104 128 143 196 241 258 278 283 323 341 382 395 415
 439 457 478 495 557 558 566 604 640
21 35 40 86 103 144 156 180 200 257 269 279 307 342 377 381 396
 438 474 502 516 559 565 580 613 640
22 32 53 80 112 137 164 177 201 243 268 286 340 349 357 370 396
 398 467 517 525 532 561 595 607 641
24 57 70 79 145 146 154 179 199 239 242 259 327 332 347 353 371
 426 469 488 493 532 556 569 621 640
23 44 57 92 123 129 150 204 213 214 267 288 320 322 372 382 384
 442 458 510 516 544 546 582 600 641
21 52 72 81 99 106 136 176 190 216 236 287 358 365 371 395 397
 429 468 477 524 531 534 562 619 641
23 38 52 90 147 153 163 191 198 240 274 280 308 333 346 354 370
 408 456 494 529 543 555 591 617 640
18 47 50 115 143 145 152 192 223 262 274 285 301 324 368 406 414
 422 460 465 490 506 508 526 613 641
17 31 46 89 114 144 155 181 193 238 241 261 302 367 405 408 411
 423 491 507 509 523 569 583 609 641
19 65 74 88 113 164 169 184 187 202 214 217 311 345 348 355 367
 391 475 506 531 545 570 573 605 640
20 61 65 102 110 156 165 194 195 222 239 273 309 318 361 363 375
 376 453 512 514 555 557 564 618 641
18 28 48 93 109 137 158 183 206 212 216 246 328 361 380 417 423
 446 471 492 503 511 582 589 602 640
20 46 63 87 105 132 170 186 197 208 215 243 310 344 356 366 368
 429 479 501 546 572 578 597 601 640
19 25 48 82 101 111 125 221 240 263 269 272 317 362 364 374 415
 430 472 513 553 556 568 578 603 641
17 39 43 91 129 136 159 182 188 207 234 284 334 352 362 416 422
 447 461 470 496 512 538 590 607 640
14 47 51 89 126 162 167 224 260 273 288 296 303 326 330 349 403
 437 452 468 487 522 551 592 603 640
16 34 60 77 99 122 140 193 195 286 293 297 322 364 378 399 414
 440 454 473 497 528 575 588 610 640
16 66 69 84 109 126 141 182 185 242 252 258 307 346 355 393 445
 449 479 481 485 489 521 567 620 641
15 43 56 93 95 100 121 189 217 250 259 276 316 336 377 413 425
 434 456 495 528 551 596 599 601 641
15 32 71 106 127 161 168 175 194 204 225 295 304 324 325 329 404
 436 509 521 530 547 552 568 622 640
13 36 62 78 127 140 174 183 202 205 257 277 319 347 352 356 392
 444 464 480 522 529 579 586 615 641
14 40 73 83 94 122 128 179 184 251 275 299 334 337 343 412 424
 435 466 501 503 527 541 552 617 641
13 26 33 121 138 141 155 192 213 226 287 294 300 321 340 363 379
 441 472 476 527 550 576 587 624 640
8 51 60 76 139 151 158 191 199 208 270 295 300 389 401 419 432
 438 482 486 496 498 566 570 608 641
6 55 68 96 105 107 154 200 206 219 264 271 323 339 378 404 409
 416 450 452 548 573 574 591 624 641
5 59 70 86 108 148 153 175 207 218 282 297 335 338 348 379 403
 417 451 537 549 563 572 584 604 641
5 45 64 82 96 133 150 228 261 265 268 270 301 313 337 365 392
 402 463 504 514 542 593 599 620 640
7 36 56 114 142 148 172 230 263 264 267 275 315 357 359 394 421
 449 453 460 462 482 539 562 611 640
7 37 63 75 77 159 160 198 203 212 220 296 390 400 402 410 431
 439 469 499 530 550 560 565 605 641
6 30 44 112 134 139 149 227 253 262 277 299 302 309 312 335 336
 393 505 513 554 560 577 594 619 640
8 25 29 115 135 171 174 181 203 229 266 276 314 358 360 407 409
 420 485 510 540 541 549 561 618 640
9 41 64 97 167 168 172 196 210 233 246 247 308 311 314 353 366
 428 470 473 476 554 559 598 616 641
10 54 68 76 83 100 119 190 233 238 254 290 306 318 331 400 430
 442 490 525 563 567 571 579 614 640
9 62 66 75 92 120 165 249 255 271 281 289 305 316 317 343 401
 443 467 491 524 526 536 584 612 640
11 28 42 88 90 132 146 180 232 234 249 254 326 329 350 407 421
 448 463 483 581 587 588 594 606 641
12 31 72 85 102 123 125 201 232 247 256 285 387 410 412 418 425
 432 451 455 464 489 519 548 623 640
12 30 67 87 142 147 173 211 231 255 293 294 325 327 330 351 391
 420 457 461 484 502 511 593 614 641
10 33 34 79 98 113 171 209 248 256 265 298 310 315 354 427 436
 437 471 474 500 538 558 577 612 641
11 27 59 101 124 151 157 185 205 231 248 291 320 376 388 413 424
 431 450 465 477 520 583 595 616 640
4 61 67 107 111 116 152 177 189 218 244 252 372 373 390 397 435
 444 459 483 486 500 535 598 609 640
2 55 58 80 84 98 130 220 221 236 237 251 338 351 386 405 428
 448 498 508 515 564 586 596 600 640
1 37 41 108 110 117 118 176 219 223 245 298 369 389 398 411 434
 445 458 466 484 533 553 581 615 640
1 27 74 91 131 133 170 226 227 260 279 292 304 341 360 373 426
 440 462 494 515 519 536 571 602 641
4 29 54 118 134 163 169 188 228 235 278 281 303 328 342 359 386
 441 455 493 520 547 585 597 610 641
3 69 73 81 97 131 173 178 222 235 250 272 319 339 350 383 406
 427 499 507 517 518 537 544 608 640
3 38 45 103 120 138 166 186 225 229 237 283 306 312 369 388 418
 446 454 475 535 539 590 592 621 641
2 26 71 104 116 119 157 187 197 224 245 280 305 313 387 399 433
 447 488 505 518 540 580 589 611 641
0 35 39 130 135 161 162 244 253 289 290 291 332 333 344 345 383
 394 478 492 533 542 575 576 623 641
0 50 53 94 95 160 166 209 210 211 282 292 374 375 384 385 419
 433 480 481 523 534 574 585 606 640
18 51 57 75 105 147 156 229 251 253 254 292 313 352 359 411 425
 427 459 472 473 521 531 595 604 642
19 29 45 81 89 121 129 199 212 227 252 274 325 378 394 396 433
 443 451 501 558 564 579 581 616 642
17 33 72 76 109 146 152 195 200 243 250 255 312 348 360 415 424
 428 458 522 530 542 543 585 611 642
20 66 67 80 122 135 166 198 217 228 256 272 324 326 379 380 395
 442 450 462 496 505 559 569 615 642
9 37 47 107 130 137 157 182 263 265 279 282 327 331 336 358 367
 382 454 464 552 555 587 597 608 642
12 36 44 83 141 143 167 219 244 261 280 281 304 338 364 407 419
 446 474 477 499 512 532 545 601 642
11 48 52 140 142 144 160 184 196 201 218 262 303 316 339 363 436
 447 485 498 504 533 546 571 621 642
10 26 74 90 92 108 136 183 185 220 278 293 337 357 368 381 383
 418 486 509 551 554 556 574 618 642
4 48 57 80 91 108 174 208 273 275 283 287 311 329 336 399 410
 443 465 474 481 507 542 591 614 643
3 36 72 90 95 110 135 197 206 248 288 299 317 367 396 414 426
 439 459 461 476 498 547 563 620 643
1 31 70 81 107 138 151 196 249 253 276 286 310 328 330 337 442
 449 480 508 512 543 568 580 605 643
2 28 34 94 111 155 163 207 247 260 271 277 318 327 368 394 395
 438 458 475 485 499 595 599 622 643
24 68 74 102 130 158 173 203 210 213 257 280 302 303 324 362 365
 424 467 479 500 528 539 581 604 643
23 41 67 89 101 112 159 190 200 202 209 258 301 304 361 383 425
 448 482 497 527 540 584 597 621 643
21 46 66 85 93 127 133 199 211 244 278 298 335 349 350 428 431
 447 453 454 472 490 510 573 617 643
22 25 26 96 106 126 134 195 198 230 259 279 320 334 351 427 432
 446 491 506 533 572 579 598 606 643
9 38 43 82 83 87 162 187 201 242 266 297 300 359 376 397 406
 423 515 516 530 558 574 594 615 643
10 49 51 77 88 125 161 186 235 252 267 282 309 316 360 398 405
 422 477 488 503 529 559 593 624 643
12 45 65 116 146 160 172 181 185 188 251 295 331 341 356 370 377
 379 452 471 526 544 553 575 619 643
11 58 61 92 128 147 171 175 238 250 268 296 342 355 369 371 378
 419 460 464 470 505 576 578 602 643
6 58 63 94 131 138 172 187 190 231 259 298 307 329 362 401 403
 414 455 478 514 529 561 582 609 642
5 27 35 78 95 155 171 186 223 232 242 284 330 361 386 399 400
 404 467 513 544 562 570 598 617 642
7 46 60 115 128 149 164 188 222 245 257 260 306 320 332 397 417
 448 456 476 481 548 568 593 612 642
8 34 59 85 114 150 173 179 221 233 258 273 305 333 377 398 416
 429 480 506 535 547 550 594 602 642
6 29 59 100 143 156 170 182 225 246 256 293 332 340 374 390 408
 421 466 504 518 522 524 570 600 643
5 44 63 99 144 145 169 178 183 189 224 237 333 343 375 389 415
 420 462 521 525 538 548 587 616 643
7 35 64 84 118 122 123 177 205 226 254 274 312 358 391 401 416
 436 487 523 537 556 557 589 601 643
8 50 55 121 124 132 167 176 184 204 255 269 313 319 357 373 400
 417 478 489 555 569 577 590 610 643
16 28 62 87 96 112 124 210 226 235 283 295 345 371 372 387 408
 434 453 508 538 541 563 565 603 642
14 49 69 110 116 154 163 192 225 236 269 297 302 310 391 392 410
 413 470 482 492 510 525 536 606 642
13 25 56 88 117 123 145 194 209 246 271 296 335 344 365 370 388
 435 461 507 515 566 567 580 610 642
15 39 54 111 132 151 153 193 203 211 224 230 301 311 369 393 412
 426 471 516 517 524 557 586 624 642
24 31 42 126 159 165 168 177 197 214 237 291 300 315 319 342 374
 440 484 490 503 549 591 599 619 642
22 30 50 91 97 102 118 175 189 216 266 290 317 354 356 402 438
 449 488 527 573 583 588 592 600 642
21 38 71 98 101 139 174 178 267 285 289 294 318 328 353 355 373
 439 452 463 466 523 528 572 607 642
23 43 70 77 84 127 158 176 215 264 268 299 314 341 375 430 437
 441 465 475 483 491 502 518 623 642
3 53 64 79 100 104 169 191 204 207 249 275 309 351 409 423 431
 444 468 479 497 519 553 576 613 642
1 65 73 93 106 119 162 180 205 208 240 247 322 323 340 385 405
 420 460 493 500 560 584 590 620 642
2 32 61 82 103 148 170 202 206 213 241 276 308 343 350 422 432
 445 469 487 520 534 575 577 614 642
4 41 68 86 99 120 161 181 239 248 270 277 321 334 349 384 406
 421 457 489 494 578 589 596 605 642
14 33 39 75 86 104 164 216 228 231 264 285 308 347 385 407 434
 440 509 513 535 546 564 567 608 643
16 40 71 114 131 137 152 191 214 219 229 284 326 344 363 402 413
 430 451 457 493 534 554 586 612 643
15 47 62 76 79 103 142 220 227 232 245 272 323 346 384 429 435
 441 473 492 514 545 549 583 607 643
13 53 69 115 136 139 165 180 215 218 233 265 325 345 364 386 411
 412 450 469 494 495 582 592 611 643
17 37 73 78 105 141 153 194 217 221 262 270 306 315 353 372 381
 433 468 511 520 536 561 588 623 643
20 27 52 113 120 149 168 179 192 212 263 290 322 338 352 387 409
 445 463 502 517 551 566 585 609 643
19 30 42 109 119 148 150 193 223 236 289 292 321 339 366 388 437
 444 455 456 496 532 552 565 618 643
18 32 54 117 140 154 166 222 234 261 291 294 305 307 314 348 354
 382 486 501 519 560 562 596 603 643
0 56 60 97 98 129 157 239 240 241 243 281 380 392 393 403 404
 418 483 484 531 541 550 571 613 643
0 40 55 113 125 133 134 234 238 286 287 288 346 347 366 376 389
 390 495 511 526 537 539 540 622 642
20 51 54 101 131 144 164 175 176 232 246 280 312 315 327 334 443
 444 495 508 510 550 574 575 620 644
18 72 73 111 112 160 161 233 245 276 278 284 300 347 378 388 391
 403 462 463 474 479 491 555 600 644
19 40 60 90 93 102 143 177 230 231 277 282 313 314 386 429 442
 445 452 507 530 536 538 576 621 644
17 29 30 77 110 132 162 178 196 202 275 279 346 365 379 387 404
 419 490 535 556 582 595 596 612 644
15 31 65 75 137 148 174 192 210 242 288 298 306 351 383 415 416
 438 477 483 494 501 504 505 610 644
13 27 63 92 97 104 109 211 225 270 286 299 318 358 359 377 422
 448 451 500 533 545 569 591 603 644
16 41 70 98 103 128 173 194 224 244 274 287 317 331 352 357 360
 423 450 455 546 560 570 599 606 644
14 44 45 76 130 136 156 193 201 209 217 226 305 350 409 417 439
 449 465 484 493 529 578 598 622 644
2 47 72 75 93 150 166 215 235 238 257 297 315 329 370 373 393
 409 457 512 527 533 556 570 616 645
4 49 56 79 126 130 144 202 216 255 292 295 364 368 369 376 416
 442 451 463 476 518 560 561 617 645
3 48 63 76 118 148 149 180 214 244 256 258 314 330 334 371 392
 433 509 515 526 528 555 595 624 645
1 30 34 116 125 127 143 237 254 259 270 296 308 363 367 383 417
 443 450 479 516 541 562 585 607 645
22 38 60 108 114 135 167 226 232 236 250 271 301 309 331 347 374
 447 500 501 502 520 521 582 605 645
21 41 42 82 92 107 115 208 217 231 251 284 302 346 375 394 436
 446 488 517 519 522 550 563 610 645
23 50 74 117 119 122 151 181 201 206 225 252 342 351 352 353 403
 429 453 495 499 513 542 587 612 645
24 25 40 109 120 121 164 207 224 233 253 293 341 350 354 372 404
 410 460 477 498 514 523 597 615 645
18 33 64 77 83 136 170 194 230 240 283 289 303 327 389 396 413
 448 480 489 505 544 549 573 609 645
17 45 58 90 137 169 173 205 223 239 264 290 300 304 316 390 395
 412 473 481 510 572 577 580 603 645
19 55 62 94 100 139 159 175 185 192 222 241 326 359 365 398 420
 426 454 474 543 546 589 598 623 645
20 26 57 95 112 158 163 193 196 221 291 298 325 343 360 397 402
 421 452 464 537 545 567 590 613 645
12 34 55 81 152 165 169 186 203 240 268 292 307 320 336 353 421
 447 487 492 509 527 563 566 615 644
11 39 47 78 80 85 170 187 204 239 252 271 337 354 411 420 430
 446 476 482 528 537 565 585 619 644
10 36 64 99 126 151 154 241 251 266 272 285 329 335 345 363 390
 433 456 458 467 502 590 597 602 644
9 42 74 96 127 153 166 179 188 190 250 267 330 340 344 364 389
 410 459 485 564 577 583 589 613 644
5 28 32 79 129 149 172 198 208 219 236 293 316 342 367 373 406
 424 472 480 540 557 567 592 623 644
6 62 71 83 118 150 171 195 199 218 269 291 308 341 368 380 405
 425 461 468 481 517 539 587 605 644
7 48 61 95 117 133 167 185 200 207 237 289 310 322 324 408 412
 441 457 488 531 561 579 594 608 644
8 38 66 89 94 134 145 180 206 220 243 290 311 321 372 413 436
 440 464 512 518 553 562 593 604 644
7 52 68 85 101 104 156 227 242 268 276 281 311 319 344 379 405
 414 458 486 511 538 552 592 606 645
5 51 61 80 113 132 141 190 210 266 274 277 339 377 382 418 431
 440 461 466 491 492 493 568 611 645
6 28 39 81 128 140 157 189 209 229 267 273 338 366 381 391 432
 441 467 490 494 530 553 569 620 645
8 37 71 84 102 103 155 211 228 234 246 275 310 320 345 378 406
 415 459 529 532 551 571 584 619 645
9 29 31 91 98 105 146 183 218 272 280 299 307 322 349 388 400
 434 482 506 534 557 576 593 622 645
12 32 59 96 145 162 171 184 197 212 278 287 312 318 362 384 411
 449 456 483 497 536 559 586 608 645
10 46 53 78 97 106 147 182 203 219 269 288 321 328 348 387 401
 435 462 465 564 575 594 599 621 645
11 54 69 152 161 172 174 179 213 220 279 286 313 317 335 361 385
 408 468 475 484 496 548 558 601 645
21 57 68 87 122 125 155 182 189 212 222 249 304 369 370 385 392
 437 478 498 506 520 549 554 611 644
22 35 46 88 116 121 168 183 221 229 264 265 303 371 376 384 393
 414 466 496 499 519 543 584 614 644
23 26 49 107 120 139 142 223 228 238 247 273 319 332 348 362 396
 431 471 515 521 534 541 588 601 644
24 53 56 84 105 108 119 184 227 235 248 294 333 361 395 402 407
 432 454 470 516 522 526 568 609 644
1 25 50 86 146 157 159 213 215 256 261 283 309 339 355 394 397
 401 473 511 525 547 551 586 617 644
2 37 43 113 124 138 140 191 216 254 258 281 302 325 349 374 426
 435 460 542 544 548 559 572 618 644
3 58 59 106 123 141 163 181 253 255 257 263 301 326 366 375 399
 434 469 486 503 558 571 573 607 644
4 33 69 82 135 147 158 214 234 259 260 262 323 338 356 398 400
 418 453 497 523 524 552 580 616 644
13 35 67 129 133 154 160 178 187 191 195 247 306 336 357 407 437
 445 503 508 524 547 578 583 604 645
16 43 65 134 142 153 168 186 200 248 260 285 305 337 358 380 419
 444 469 472 478 507 525 581 600 645
14 27 36 111 123 138 165 176 188 199 243 282 323 324 333 355 423
 427 504 540 554 565 588 596 614 645
15 44 73 86 89 110 124 177 198 249 265 294 332 356 399 422 428
 430 455 485 531 539 566 574 602 645
0 66 70 87 88 99 131 204 245 261 262 263 340 386 424 425 438
 439 470 471 487 535 579 591 618 645
0 52 67 91 100 114 115 197 205 295 296 297 328 343 381 382 427
 428 475 489 513 514 532 581 624 644
2 49 67 92 151 162 169 179 182 194 232 243 314 339 402 414 417
 434 472 474 494 523 539 579 619 626
1 28 46 84 104 145 161 190 214 255 272 297 336 352 354 396 412
 419 452 504 520 539 550 598 618 627
3 57 62 85 119 134 152 216 217 261 282 296 300 310 357 362 404
 448 466 485 494 502 557 575 616 627
3 50 66 139 155 161 170 183 195 196 231 268 315 331 338 410 416
 435 456 493 516 531 540 581 603 626
2 36 42 77 120 133 173 189 256 262 269 295 311 320 358 361 403
 411 493 501 543 567 574 576 607 627
4 44 60 103 109 160 162 175 215 254 263 298 319 337 353 395 408
 413 461 467 506 519 540 564 624 627
4 30 37 89 90 104 133 192 201 233 267 271 307 371 375 380 424
 427 549 568 570 575 586 590 601 626
1 63 69 78 103 129 134 184 193 264 266 273 324 327 370 374 425
 428 463 477 486 563 576 589 612 626
18 29 35 87 106 148 159 179 224 248 268 271 302 363 373 418 428
 442 481 495 529 545 553 588 608 627
20 31 62 86 93 97 154 252 254 284 287 293 301 303 320 333 419
 439 475 515 552 553 561 577 611 626
19 61 64 85 98 153 160 197 229 235 255 286 302 304 323 332 334
 438 465 551 562 567 582 587 615 626
19 47 67 95 128 136 168 213 219 249 266 270 307 312 333 347 405
 410 453 471 518 571 572 595 610 627
17 26 35 140 150 164 167 190 227 251 256 282 317 328 369 406 413
 420 453 469 479 483 566 591 622 626
17 40 61 88 118 157 158 220 225 242 247 294 301 349 364 409 427
 443 456 462 478 480 546 563 619 627
18 25 70 91 116 141 149 191 202 228 250 288 318 405 412 421 429
 436 454 467 478 484 565 574 616 626
20 25 72 78 94 137 151 218 226 237 267 281 313 332 346 377 406
 437 470 497 509 560 573 581 614 627
14 34 52 102 107 129 132 183 245 250 283 291 304 321 335 351 359
 430 469 523 526 559 561 570 620 627
16 33 48 130 143 159 163 176 187 205 238 249 335 353 377 384 404
 432 459 462 501 517 592 593 618 626
13 32 41 131 146 150 163 203 252 275 285 290 323 330 374 376 381
 417 454 491 498 505 531 538 601 627
13 29 71 96 128 144 158 177 186 217 236 263 354 383 385 403 426
 431 458 473 489 512 526 594 614 626
15 50 63 96 101 108 165 182 191 238 251 277 303 322 350 360 380
 391 476 532 535 558 562 580 623 627
14 42 60 80 100 125 172 178 203 242 248 261 312 325 352 368 372
 441 533 534 555 573 580 584 602 626
16 26 45 86 125 147 149 184 243 246 276 289 329 375 382 386 416
 426 468 482 490 499 500 583 615 627
15 53 68 81 109 117 171 188 244 247 262 283 313 326 343 367 376
 440 482 502 529 550 556 572 600 626
6 33 70 89 97 122 174 188 197 221 232 292 316 345 365 431 445
 446 457 460 486 516 525 555 622 627
8 27 54 112 127 146 156 189 219 265 289 297 346 351 362 395 418
 433 460 476 487 503 507 546 605 626
7 34 43 126 147 157 166 181 204 208 218 290 347 350 361 365 396
 415 455 466 508 536 545 554 624 626
5 37 49 83 98 112 121 180 181 222 231 288 324 344 432 444 447
 449 473 475 524 556 585 591 602 627
7 39 74 79 82 124 143 186 195 233 287 299 326 328 339 370 433
 438 464 484 510 521 584 596 609 627
6 46 57 82 99 110 137 207 220 230 274 295 305 319 330 355 388
 407 495 500 527 559 571 585 623 626
8 68 73 91 123 144 166 185 187 223 230 286 308 309 325 338 371
 439 472 483 492 522 597 599 612 627
5 40 41 84 111 136 142 206 281 291 292 296 306 309 329 340 356
 387 506 510 528 543 558 569 608 626
12 38 54 93 113 115 126 194 196 207 227 264 383 392 398 399 401
 424 459 534 565 569 578 587 600 627
10 55 65 95 101 145 173 215 226 245 253 275 308 342 349 382 392
 446 451 485 496 524 530 588 609 626
12 52 56 75 124 131 135 180 213 221 225 277 337 348 378 389 423
 437 481 488 490 557 597 598 607 626
9 56 59 80 90 139 154 176 193 229 244 260 342 385 387 415 422
 436 479 511 514 527 544 579 605 627
11 38 74 76 105 123 168 216 222 224 269 298 336 379 386 390 394
 422 457 480 491 497 532 541 620 626
9 36 51 79 94 102 106 212 214 223 276 294 341 381 393 408 447
 448 450 525 535 537 542 578 610 626
10 58 66 81 153 156 167 177 192 202 208 234 327 341 384 388 402
 423 513 528 533 541 547 548 611 627
11 53 65 114 127 130 138 178 206 228 274 293 334 366 393 397 400
 425 458 474 488 536 549 566 603 627
23 55 64 76 116 135 140 211 212 239 279 284 315 340 343 355 368
 434 455 477 507 568 592 594 604 627
22 28 44 107 113 122 148 185 211 240 257 285 300 344 360 400 411
 443 468 470 514 518 547 596 621 626
22 43 48 92 110 155 172 199 209 235 253 280 306 348 390 420 429
 440 450 463 487 489 552 586 613 627
24 59 72 87 115 118 138 209 234 241 270 279 311 316 322 357 430
 444 452 492 499 505 521 564 617 626
23 39 45 83 88 114 165 175 210 259 272 278 310 321 358 373 399
 445 498 511 522 548 560 595 613 626
21 32 73 77 108 121 152 237 239 258 260 280 345 359 366 401 409
 442 461 464 471 504 513 583 606 626
24 27 71 75 99 100 141 200 201 240 273 278 314 356 367 369 394
 435 496 508 537 577 582 593 606 627
21 30 69 105 111 164 171 198 204 205 210 241 305 331 389 414 421
 441 451 503 512 515 542 551 621 627
0 31 51 117 142 169 170 236 257 258 259 265 317 318 372 378 379
 407 465 517 530 554 589 590 617 627
0 47 58 119 120 132 174 198 199 200 246 299 363 364 391 397 398
 449 509 519 520 538 544 599 604 626
1 42 45 79 141 158 174 211 218 222 238 271 333 334 357 387 413
 414 487 513 530 531 559 597 600 625
2 54 62 99 114 129 147 177 180 209 223 299 353 360 376 379 410
 446 478 479 504 551 568 573 608 625
4 51 74 93 140 155 159 178 204 219 221 243 308 332 358 388 412
 449 502 505 514 526 558 563 606 625
3 35 44 115 125 146 151 176 202 210 220 273 340 354 359 378 380
 447 457 536 552 567 572 599 609 625
14 53 72 82 88 91 153 212 258 277 289 298 320 331 342 363 404
 420 473 486 508 518 539 569 601 625
15 33 37 85 87 92 154 184 237 257 274 290 309 328 341 364 403
 421 496 507 534 540 595 598 620 625
16 38 47 111 118 133 156 181 183 197 259 275 325 339 348 385 442
 448 467 470 477 550 566 577 623 625
13 60 64 105 110 134 173 182 190 201 276 291 326 338 373 384 415
 443 460 471 475 488 509 565 617 625
5 52 58 109 122 139 143 194 203 214 235 279 305 310 347 349 394
 425 476 483 553 574 583 590 614 625
8 28 40 97 160 165 170 192 217 248 264 280 330 335 369 382 397
 405 455 497 521 542 556 579 607 625
6 34 61 106 121 135 144 215 249 278 282 285 306 311 346 352 402
 424 482 484 515 532 544 589 603 625
7 27 66 96 98 116 169 193 213 216 247 253 329 381 398 406 419
 430 461 495 501 522 549 555 621 625
12 29 63 95 119 130 164 234 239 267 283 297 301 319 435 436 438
 445 450 468 472 491 543 554 602 625
11 32 57 84 94 120 167 188 195 240 265 266 302 383 429 434 439
 444 451 462 490 511 570 580 624 625
10 25 69 75 89 102 142 187 244 268 284 295 312 322 366 395 417
 426 466 480 520 587 591 596 613 625
9 70 73 76 101 113 163 186 189 241 293 296 313 321 324 396 407
 416 453 481 519 533 582 586 619 625
18 39 49 103 108 131 168 199 205 256 281 286 351 365 367 372 375
 400 452 456 485 527 578 594 611 625
17 36 65 104 107 112 117 175 179 198 229 287 350 368 374 386 401
 437 489 492 516 528 571 593 616 625
19 50 59 77 78 126 172 200 228 245 254 294 336 343 344 371 418
 423 494 498 500 510 512 517 622 625
20 41 48 100 127 157 171 227 230 236 255 288 300 307 337 345 370
 422 493 499 523 535 548 588 604 625
24 26 30 81 83 161 166 191 206 232 260 263 355 377 390 392 411
 428 465 538 546 557 561 584 610 625
21 43 67 132 137 145 149 185 225 233 261 292 303 315 317 323 399
 432 458 529 537 541 564 576 605 625
22 55 56 86 136 138 150 208 224 242 262 272 304 314 318 391 408
 431 459 464 503 575 581 585 612 625
23 31 68 80 128 152 162 207 226 231 246 269 316 356 389 393 427
 433 454 463 469 545 547 562 618 625
0 46 71 90 123 124 148 196 250 251 252 270 327 361 362 409 440
 441 474 506 524 525 560 592 615 625
77 82 85 86 90 100 105 106 109 112 113 116 118 128 129 130 131
 142 145 151 155 165 166 167 174 650
75 80 87 94 97 101 103 107 110 114 119 121 123 126 133 136 140
 143 146 149 153 158 161 169 171 650
78 79 83 84 89 91 92 93 96 99 117 125 132 135 138 139 148
 152 156 157 160 163 164 168 173 650
76 81 88 95 98 102 104 108 111 115 120 122 124 127 134 137 141
 144 147 150 154 159 162 170 172 650
175 181 190 191 196 205 212 213 217 230 234 235 237 242 243 244 245
 265 269 271 273 285 292 293 299 650
179 180 185 189 195 197 201 202 203 204 236 238 246 253 260 264 270
 272 274 281 282 283 284 294 298 650
178 184 188 194 200 208 211 216 220 223 226 229 233 241 249 252 256
 259 263 268 277 280 288 291 297 650
177 183 187 193 199 207 210 215 219 222 225 228 232 240 248 251 255
 258 262 267 276 279 287 290 296 650
176 182 186 192 198 206 209 214 218 221 224 227 231 239 247 250 254
 257 261 266 275 278 286 289 295 650
26 27 29 32 34 37 38 39 40 42 44 46 48 50 51 56 58
 62 64 65 67 68 69 70 72 650
25 28 30 31 33 35 36 41 43 45 47 49 52 53 54 55 57
 59 60 61 63 66 71 73 74 650
0 1 2 3 4 5 6 7 8 9 10 11 12 13 14 15 16
 17 18 19 20 21 22 23 24 650
