625 626 627 628 629 630 631 632 633 634 635 636 637 638 639 640 641
 642 643 644 645 646 647 648 649 650
0 1 2 12 13 41 42 43 55 56 111 112 122 123 124 410 411
 421 422 429 605 606 617 618 619 650
9 10 11 17 18 51 52 53 54 60 119 120 121 128 129 418 419
 420 427 428 614 615 616 623 624 650
7 8 15 16 19 46 47 48 49 50 114 115 116 117 118 415 416
 417 425 426 611 612 613 621 622 650
3 4 5 6 14 44 45 57 58 59 113 125 126 127 130 412 413
 414 423 424 607 608 609 610 620 650
6 7 10 12 182 185 197 198 199 200 210 211 223 224 234 235 236
 237 244 245 260 261 262 263 264 634
13 14 15 17 182 195 196 206 207 208 221 222 231 232 233 243 255
 256 257 258 272 273 282 283 284 632
2 4 8 11 182 193 194 203 204 205 218 219 220 229 230 242 252
 253 254 259 270 271 279 280 281 633
1 3 18 19 182 189 190 191 192 202 214 215 216 217 228 241 248
 249 250 251 267 268 269 277 278 631
0 5 9 16 182 186 187 188 201 209 212 213 225 226 227 238 239
 240 246 247 265 266 274 275 276 630
115 123 127 128 131 210 218 225 228 231 360 361 362 369 384 385 386
 387 388 389 505 506 517 518 519 649
112 118 119 125 131 213 217 222 224 230 368 380 381 382 383 398 399
 400 407 408 515 516 527 528 529 645
111 116 121 130 131 212 216 220 223 233 367 376 377 378 379 394 395
 396 397 406 512 513 514 525 526 646
113 114 120 124 131 211 215 221 227 229 365 366 373 374 375 392 393
 404 405 409 509 510 511 523 524 647
117 122 126 129 131 214 219 226 232 234 363 364 370 371 372 390 391
 401 402 403 507 508 520 521 522 648
40 47 55 58 60 132 133 145 146 147 185 186 189 195 203 295 296
 304 305 308 507 509 517 525 527 639
40 44 46 54 56 142 143 144 154 155 192 200 201 205 208 286 288
 297 302 307 506 511 522 526 529 635
40 41 49 51 59 139 140 141 152 153 188 194 199 202 207 287 292
 294 303 309 505 510 514 521 528 638
40 42 45 50 52 136 137 138 150 151 191 198 204 206 209 291 293
 299 301 306 508 513 516 519 524 636
40 43 48 53 57 134 135 148 149 156 187 190 193 196 197 285 289
 290 298 300 512 515 518 520 523 637
86 87 98 99 100 158 161 165 170 181 190 194 195 198 201 388 390
 394 405 408 480 481 492 493 494 650
96 97 107 108 109 164 166 168 171 173 187 191 199 203 208 387 391
 395 400 404 490 491 502 503 504 650
93 94 95 105 106 159 172 176 177 179 188 189 193 200 206 386 397
 402 407 409 487 488 489 500 501 650
90 91 92 103 104 157 162 163 178 180 185 196 202 205 209 385 392
 399 403 406 484 485 486 498 499 650
88 89 101 102 110 160 167 169 174 175 186 192 197 204 207 389 393
 396 398 401 482 483 495 496 497 650
40 114 122 125 128 158 163 166 174 179 237 246 248 256 259 310 311
 312 313 325 335 346 347 348 349 646
40 118 124 129 130 157 170 173 175 177 240 245 250 252 258 323 324
 331 332 333 343 344 345 357 358 649
40 113 117 121 123 159 162 165 167 168 235 242 247 251 255 321 322
 328 329 330 341 342 355 356 359 645
40 112 116 120 127 160 164 172 180 181 236 238 241 243 253 317 318
 319 320 327 338 339 340 353 354 648
40 111 115 119 126 161 169 171 176 178 239 244 249 254 257 314 315
 316 326 334 336 337 350 351 352 647
93 98 101 103 107 131 240 241 242 244 256 285 286 293 294 295 431
 435 438 443 454 605 611 614 620 628
89 92 100 106 109 131 245 247 248 253 257 290 291 292 307 308 434
 437 442 448 453 610 613 616 619 629
87 88 91 105 108 131 235 238 249 258 259 287 288 289 305 306 432
 433 436 440 445 609 612 618 624 626
95 97 99 104 110 131 236 246 250 254 255 300 301 302 303 304 430
 441 444 450 451 606 608 615 622 625
86 90 94 96 102 131 237 239 243 251 252 296 297 298 299 309 439
 446 447 449 452 607 617 621 623 627
46 51 55 57 131 163 167 170 171 172 260 265 269 273 279 455 456
 463 464 479 583 584 595 597 602 636
43 50 54 59 131 160 165 173 178 179 261 268 275 281 282 461 462
 476 477 478 582 592 594 603 604 639
42 49 53 58 131 159 161 166 175 180 263 267 271 274 284 458 459
 460 474 475 585 591 596 598 600 635
45 48 56 60 131 158 162 164 169 177 264 266 270 272 278 457 470
 471 472 473 580 588 593 599 601 638
41 44 47 52 131 157 168 174 176 181 262 276 277 280 283 465 466
 467 468 469 581 586 587 589 590 637
50 51 56 58 182 310 314 327 328 331 385 390 396 400 409 432 443
 449 451 453 535 542 548 550 553 637
48 52 55 59 182 313 320 330 333 334 389 395 403 405 407 436 438
 446 448 450 530 533 536 541 544 635
42 47 54 57 182 312 316 319 324 329 386 391 393 394 399 434 441
 445 447 454 538 540 543 546 549 638
41 45 46 53 182 318 322 325 326 332 387 392 397 401 408 431 433
 437 439 444 534 537 539 545 554 639
43 44 49 60 182 311 315 317 321 323 388 398 402 404 406 430 435
 440 442 452 531 532 547 551 552 636
3 9 12 15 183 287 293 296 300 307 338 346 350 355 357 387 394
 398 403 409 581 592 596 599 602 633
2 6 16 18 183 286 289 292 299 304 340 349 352 358 359 385 393
 395 402 408 590 591 593 594 597 632
1 5 8 17 183 288 291 295 298 303 337 339 342 345 348 388 391
 392 396 407 583 585 587 601 604 634
0 7 11 14 183 285 302 306 308 309 335 336 341 344 354 389 390
 397 399 404 580 586 595 598 603 631
4 10 13 19 183 290 294 297 301 305 343 347 351 353 356 386 400
 401 405 406 582 584 588 589 600 630
165 171 174 177 180 182 294 298 304 306 307 363 369 375 378 380 421
 423 425 427 559 564 572 578 579 641
157 161 164 167 179 182 289 293 297 303 308 365 368 372 379 384 414
 420 422 426 556 560 561 568 570 644
158 168 172 175 178 182 287 290 295 299 302 361 366 371 376 383 413
 417 419 429 558 566 569 576 577 642
159 163 169 173 181 182 285 288 292 296 301 362 370 373 377 382 411
 412 416 418 555 563 565 573 575 640
160 162 166 170 176 182 286 291 300 305 309 360 364 367 374 381 410
 415 424 428 557 562 567 571 574 643
20 21 22 23 24 25 26 27 28 29 30 31 32 33 34 35 36
 37 38 39 40 131 182 183 184 650
132 142 148 150 152 260 270 274 277 282 345 346 351 354 359 360 365
 370 376 380 442 443 444 445 446 650
135 141 147 151 155 264 269 276 281 284 336 339 349 356 357 362 367
 372 375 383 438 439 440 441 453 650
138 140 146 149 154 263 266 268 273 280 335 340 342 343 350 369 371
 374 379 382 436 437 451 452 454 650
137 144 145 153 156 262 267 272 275 279 344 348 352 353 355 361 364
 368 373 378 433 434 435 449 450 650
133 134 136 139 143 261 265 271 278 283 337 338 341 347 358 363 366
 377 381 384 430 431 432 447 448 650
40 210 217 226 229 233 416 420 423 429 433 438 442 447 451 486 493
 495 500 503 580 581 582 583 591 643
40 216 227 230 231 234 411 419 424 425 432 435 437 441 446 485 490
 492 497 501 590 600 601 602 603 644
40 211 213 220 228 232 414 415 418 421 431 445 450 452 453 481 484
 487 496 502 589 597 598 599 604 642
40 215 219 222 223 225 412 417 422 428 440 444 448 449 454 483 488
 491 494 498 587 588 594 595 596 641
40 212 214 218 221 224 410 413 426 427 430 434 436 439 443 480 482
 489 499 504 584 585 586 592 593 640
64 74 78 79 83 87 102 104 106 107 117 119 124 127 136 146 152
 155 156 182 584 587 591 599 603 646
61 62 71 77 80 90 99 101 105 109 115 120 122 130 132 135 137
 139 154 182 580 585 589 594 602 645
65 67 68 70 75 86 89 95 103 108 116 123 125 129 133 142 149
 151 153 182 581 593 595 600 604 647
63 73 81 82 85 88 92 94 97 98 111 113 118 128 138 141 143
 145 148 182 582 586 596 597 601 648
66 69 72 76 84 91 93 96 100 110 112 114 121 126 134 140 144
 147 150 182 583 588 590 592 598 649
235 240 243 248 254 505 508 523 525 529 530 538 539 547 550 555 561
 567 572 576 581 585 588 597 603 650
244 246 251 253 258 509 513 518 522 528 532 537 541 542 546 556 558
 564 565 574 580 584 590 596 604 650
237 238 242 250 257 506 507 510 512 516 533 540 548 551 554 557 559
 563 566 570 582 587 593 598 602 650
239 241 245 255 259 511 514 519 520 527 534 535 543 544 552 560 562
 569 573 578 583 586 594 599 600 650
236 247 249 252 256 515 517 521 524 526 531 536 545 549 553 568 571
 575 577 579 589 591 592 595 601 650
133 135 138 144 152 184 243 244 247 250 259 389 392 394 400 402 416
 422 424 427 455 458 461 465 470 642
139 145 149 150 155 184 238 245 251 254 256 388 395 399 401 409 412
 419 421 426 460 464 469 473 478 643
136 147 148 153 154 184 235 241 246 252 257 387 390 393 406 407 414
 425 428 429 459 463 468 472 477 640
134 137 141 142 146 184 236 239 242 248 258 385 391 397 398 405 410
 417 418 423 457 467 475 476 479 644
132 140 143 151 156 184 237 240 249 253 255 386 396 403 404 408 411
 413 415 420 456 462 466 471 474 641
134 145 151 152 154 157 158 159 160 171 183 215 220 224 226 231 530
 531 542 543 554 606 607 613 614 626
135 143 146 150 153 168 169 170 179 180 183 210 213 216 219 221 539
 540 541 552 553 608 611 618 623 629
133 137 140 148 155 166 167 177 178 181 183 211 214 225 230 233 535
 536 537 538 551 609 615 619 621 628
132 136 141 144 149 163 164 165 175 176 183 212 222 228 229 234 532
 533 534 549 550 612 616 617 620 625
138 139 142 147 156 161 162 172 173 174 183 217 218 223 227 232 544
 545 546 547 548 605 610 622 624 627
40 61 72 73 74 75 263 269 270 275 283 385 394 401 404 407 555
 556 557 569 579 605 608 616 621 626
40 70 71 82 83 84 264 265 267 280 282 389 391 406 408 409 565
 566 567 568 578 607 611 619 624 625
40 68 69 79 80 81 260 268 271 272 276 388 393 397 400 403 561
 562 563 564 577 609 614 617 622 629
40 67 76 77 78 85 262 273 274 278 281 387 396 399 402 405 559
 560 574 575 576 613 615 618 620 627
40 62 63 64 65 66 261 266 277 279 284 386 390 392 395 398 558
 570 571 572 573 606 610 612 623 628
116 124 126 128 183 187 195 200 202 204 435 436 444 447 453 459 462
 465 473 479 555 570 574 577 578 645
114 119 123 130 183 186 190 199 205 206 433 441 443 448 452 455 457
 468 474 478 557 564 568 573 576 648
118 121 122 127 183 185 191 193 201 207 431 434 440 446 451 456 461
 469 472 475 558 560 563 567 579 647
111 117 120 125 183 188 192 196 198 203 432 439 442 450 454 458 464
 467 471 477 556 562 566 572 575 649
112 113 115 129 183 189 194 197 208 209 430 437 438 445 449 460 463
 466 470 476 559 561 565 569 571 646
62 67 72 79 82 131 189 196 199 201 204 335 339 351 355 358 412
 415 427 429 539 542 544 549 551 644
66 71 75 78 81 131 188 191 195 197 205 336 338 343 348 359 410
 414 416 419 531 534 538 541 548 641
65 74 80 84 85 131 185 187 192 194 206 337 340 344 346 356 411
 423 426 428 533 537 543 547 553 642
64 69 70 73 77 131 186 193 198 202 208 341 345 349 350 353 413
 418 422 425 536 546 550 552 554 643
61 63 68 76 83 131 190 200 203 207 209 342 347 352 354 357 417
 420 421 424 530 532 535 540 545 640
42 44 48 51 65 71 73 76 79 183 238 244 248 252 255 362 364
 366 379 380 484 494 495 501 504 639
45 49 54 55 63 70 72 78 80 183 237 241 247 254 258 370 374
 378 383 384 480 483 485 500 502 637
43 46 52 58 66 68 74 77 82 183 236 240 251 257 259 369 372
 373 376 381 481 482 486 488 490 638
41 50 57 60 61 64 67 81 84 183 235 239 250 253 256 361 363
 365 367 382 489 492 496 498 503 635
47 53 56 59 62 69 75 83 85 183 242 243 245 246 249 360 368
 371 375 377 487 491 493 497 499 636
184 197 201 202 203 206 310 317 329 332 334 362 365 371 378 381 580
 587 592 597 600 606 609 611 616 627
184 187 189 198 205 207 316 320 323 325 328 360 363 373 379 383 583
 589 593 596 603 605 607 612 615 629
184 185 188 190 204 208 313 321 324 326 327 366 367 368 369 370 586
 588 591 602 604 608 613 617 624 628
184 186 191 194 196 200 312 315 318 330 331 364 375 376 382 384 582
 585 590 595 599 619 620 622 623 626
184 192 193 195 199 209 311 314 319 322 333 361 372 374 377 380 581
 584 594 598 601 610 614 618 621 625
115 121 124 125 184 264 271 273 275 277 285 299 303 305 307 480 487
 490 495 498 535 541 547 549 554 648
118 120 123 126 184 262 265 268 270 284 286 287 298 301 308 481 483
 499 501 503 532 536 539 543 548 646
111 114 127 129 184 263 276 278 279 282 288 290 293 304 309 486 489
 494 497 502 530 534 546 551 553 645
113 116 119 122 184 260 266 267 281 283 289 291 294 296 302 485 488
 493 496 504 533 538 542 545 552 649
112 117 128 130 184 261 269 272 274 280 292 295 297 300 306 482 484
 491 492 500 531 537 540 544 550 647
0 4 15 18 131 133 141 150 154 156 310 319 323 326 330 483 484
 489 490 493 555 558 559 562 568 634
1 10 14 16 131 137 143 147 149 152 312 314 320 321 332 481 497
 498 500 504 564 567 569 570 575 633
6 8 9 13 131 139 144 146 148 151 315 325 327 329 333 480 486
 491 496 501 561 566 573 574 579 631
2 3 7 17 131 135 136 140 142 145 311 318 324 328 334 488 492
 495 499 502 557 560 565 572 577 630
5 11 12 19 131 132 134 138 153 155 313 316 317 322 331 482 485
 487 494 503 556 563 571 576 578 632
8 12 14 18 66 67 73 80 83 160 161 163 168 177 184 430 433
 446 453 454 505 507 511 513 515 630
3 11 13 16 61 65 69 78 82 159 164 170 174 178 184 431 436
 441 442 449 509 512 519 521 529 634
2 5 10 15 63 75 77 79 84 162 171 175 179 181 184 437 440
 443 447 450 506 520 524 525 528 631
0 6 17 19 62 70 74 76 81 158 167 173 176 180 184 435 439
 445 448 451 514 516 517 522 523 633
1 4 7 9 64 68 71 72 85 157 165 166 169 172 184 432 434
 438 444 452 508 510 518 526 527 632
89 96 98 104 105 183 263 265 272 277 281 311 316 327 330 332 415
 419 422 423 510 513 517 520 529 640
92 93 99 102 108 183 262 266 269 271 282 310 315 320 322 324 418
 424 426 429 505 512 522 524 527 641
86 91 97 101 106 183 264 268 274 279 283 319 321 325 331 334 413
 416 421 428 511 516 518 521 525 644
88 90 95 100 107 183 260 275 278 280 284 313 314 318 323 329 411
 414 417 427 507 519 523 526 528 643
87 94 103 109 110 183 261 267 270 273 276 312 317 326 328 333 410
 412 420 425 506 508 509 514 515 642
49 52 56 57 88 96 99 103 106 184 211 216 218 222 226 335 337
 353 357 359 557 558 561 575 578 639
41 48 54 58 94 100 101 104 108 184 210 212 215 230 232 336 340
 345 347 355 562 565 570 576 579 636
44 50 53 55 87 89 90 93 97 184 217 220 221 225 234 339 341
 343 346 352 563 568 569 572 574 638
42 46 59 60 91 95 98 102 109 184 213 214 223 229 231 348 350
 354 356 358 556 559 567 573 577 637
43 45 47 51 86 92 105 107 110 184 219 224 227 228 233 338 342
 344 349 351 555 560 564 566 571 635
4 12 16 17 40 90 98 106 108 110 361 370 375 379 381 456 458
 468 473 476 531 533 535 539 546 631
5 7 13 18 40 87 92 95 96 101 362 363 368 374 376 469 470
 474 477 479 541 543 545 550 551 633
1 6 11 15 40 86 88 93 104 109 364 365 369 377 383 463 465
 471 475 478 532 538 544 553 554 630
2 9 14 19 40 97 100 102 103 105 360 366 372 378 382 457 459
 461 464 466 530 537 548 549 552 634
0 3 8 10 40 89 91 94 99 107 367 371 373 380 384 455 460
 462 467 472 534 536 540 542 547 632
61 66 70 79 85 216 224 225 229 232 288 294 299 300 308 314 317
 324 325 330 455 459 469 471 476 650
62 68 73 78 84 221 223 226 228 230 292 293 298 302 305 310 316
 318 321 333 458 466 472 478 479 650
64 75 76 80 82 213 215 218 233 234 286 290 296 303 306 313 315
 319 328 332 456 457 460 465 477 650
65 72 77 81 83 211 212 217 219 231 289 295 301 307 309 311 320
 326 329 331 461 463 467 473 474 650
63 67 69 71 74 210 214 220 222 227 285 287 291 297 304 312 322
 323 327 334 462 464 468 470 475 650
19 39 60 85 110 130 156 181 209 234 259 284 309 334 359 384 409
 429 454 479 504 529 554 579 604 629
19 36 51 72 106 125 154 175 187 210 242 282 306 318 352 367 403
 422 430 469 481 509 538 573 601 627
19 38 54 68 98 127 150 171 188 211 252 283 308 328 349 371 398
 411 433 470 498 512 544 574 585 625
19 37 53 71 108 126 141 162 186 224 253 273 302 311 358 373 394
 421 446 477 500 519 553 561 587 628
19 35 52 64 90 113 133 179 201 223 254 272 285 324 340 380 387
 410 453 474 497 521 532 566 583 626
11 24 56 72 101 117 145 173 190 225 236 273 287 315 349 380 392
 414 447 466 489 513 533 567 600 629
5 26 46 71 93 124 149 168 185 230 249 272 301 319 349 384 390
 427 442 476 496 514 530 557 596 627
11 23 42 68 96 118 135 176 202 227 235 282 307 325 340 384 396
 412 450 457 493 507 531 569 584 628
5 21 48 64 88 112 137 163 200 220 251 282 294 326 358 371 404
 428 441 458 480 517 548 560 581 629
11 33 55 64 95 115 140 158 192 212 245 283 293 327 359 373 391
 424 440 459 484 515 539 564 582 627
5 34 47 68 104 122 143 161 199 229 241 273 290 323 359 367 389
 418 449 473 501 516 537 572 592 626
5 28 50 72 86 111 152 177 197 218 248 284 305 330 340 373 399
 420 431 468 491 522 552 577 602 625
11 29 41 71 92 116 136 167 189 213 237 284 300 333 352 371 388
 423 443 461 490 511 546 575 588 626
5 32 49 85 109 123 147 160 198 219 250 283 297 310 352 380 397
 419 436 456 486 523 549 565 599 628
11 30 43 85 87 114 142 180 191 226 244 272 296 329 358 367 407
 413 437 464 483 505 535 570 589 625
12 20 57 68 105 121 146 178 194 215 246 284 291 320 358 380 401
 416 435 471 502 506 550 568 586 627
12 25 58 72 97 120 151 170 193 228 239 272 288 312 359 371 406
 426 448 465 495 528 545 559 603 628
12 31 59 64 100 129 148 174 205 216 238 273 295 321 352 384 400
 415 439 475 488 524 543 555 580 625
12 27 45 71 102 128 144 159 203 217 240 283 303 314 340 367 405
 425 445 478 499 520 551 558 595 629
12 22 44 85 103 119 139 164 204 214 247 282 298 332 349 373 386
 417 451 463 492 525 541 562 598 626
15 39 52 61 89 126 145 165 205 213 241 264 289 312 345 366 397
 411 451 458 491 505 551 571 584 627
17 24 43 83 89 115 144 166 198 216 252 266 304 319 356 365 403
 412 431 479 500 528 548 576 586 626
18 23 56 78 108 115 147 179 196 220 240 260 309 317 342 366 401
 423 434 465 492 516 536 573 596 625
17 23 41 73 107 114 151 172 185 214 254 274 289 330 343 377 398
 424 449 477 481 506 549 578 580 629
18 24 41 65 110 118 137 171 195 229 247 263 285 313 339 360 406
 413 432 478 488 522 540 561 599 627
17 29 55 67 91 118 139 169 200 215 242 276 299 310 353 369 394
 414 442 474 504 520 537 571 603 625
18 29 43 69 90 117 143 175 206 218 238 264 308 316 348 382 405
 424 444 463 502 514 542 579 581 628
15 38 51 78 99 113 142 166 193 212 249 261 299 332 339 382 389
 421 435 468 486 507 543 556 588 629
15 36 53 65 94 127 140 169 203 227 250 260 286 321 348 372 399
 429 448 476 480 513 550 578 589 626
18 33 42 82 106 114 149 181 207 219 239 261 302 322 345 378 400
 414 438 471 499 517 547 574 602 626
17 33 56 80 94 116 146 165 197 217 259 265 292 323 351 364 387
 413 441 469 498 524 530 556 598 628
15 37 60 69 107 125 135 157 204 225 251 263 292 320 337 378 390
 410 445 456 501 511 545 576 582 625
18 30 55 61 98 116 152 162 208 230 246 262 306 331 337 372 386
 412 452 475 495 523 534 566 592 629
15 35 54 82 91 130 136 172 194 226 248 262 304 314 342 360 404
 422 439 473 496 515 541 563 600 628
17 30 42 66 99 117 148 157 199 228 253 275 286 326 347 383 409
 423 436 470 497 525 552 563 595 627
13 25 57 77 107 128 147 165 188 230 245 267 299 334 354 379 392
 415 430 457 483 522 553 563 581 626
13 20 59 84 94 120 149 157 201 218 244 269 304 311 341 370 396
 417 433 459 490 516 538 571 599 629
13 27 58 63 89 119 137 172 187 219 235 278 286 324 335 375 388
 416 446 466 484 514 554 556 592 625
13 31 44 75 99 121 152 169 209 229 237 268 289 318 344 381 391
 425 453 464 489 517 544 576 596 628
13 22 45 79 91 129 143 166 186 220 236 277 292 328 336 361 407
 426 454 461 493 523 532 578 602 627
16 39 51 70 88 127 144 161 196 215 245 281 301 322 346 363 407
 410 452 466 490 525 540 577 580 628
10 24 55 81 102 114 153 164 201 232 249 280 291 328 357 376 399
 423 430 458 501 518 554 555 594 628
4 26 49 69 95 111 146 173 209 228 256 262 307 328 339 366 408
 428 446 455 482 520 538 570 580 626
10 23 43 62 97 116 155 159 209 222 248 270 295 324 350 363 389
 414 433 456 480 510 553 562 590 627
14 26 47 74 94 112 154 166 202 223 247 279 289 315 357 363 405
 419 443 471 495 519 539 563 604 625
4 21 47 82 101 123 144 180 188 214 258 260 300 311 337 382 395
 420 453 472 494 524 554 569 603 627
14 21 46 76 89 111 156 157 189 210 246 270 299 329 338 374 400
 418 440 478 492 521 533 578 585 628
1 25 59 81 108 119 135 181 200 226 255 279 308 323 346 374 385
 425 431 460 482 513 549 566 588 627
0 20 58 78 93 129 138 163 190 233 253 264 297 329 337 360 398
 425 450 469 504 510 539 577 594 626
0 25 45 65 109 121 155 161 189 221 259 262 294 327 345 382 403
 417 447 477 497 518 531 557 597 625
1 20 44 62 106 128 140 162 198 213 258 281 285 326 338 376 393
 426 449 455 503 507 530 579 600 625
2 25 44 83 96 129 141 158 206 223 241 275 300 322 351 369 399
 416 432 456 496 509 536 570 585 629
2 20 45 73 95 119 154 180 195 234 251 276 287 331 347 365 389
 415 434 476 491 512 547 575 583 628
16 38 60 62 86 126 148 168 206 217 236 271 294 313 357 374 396
 422 434 464 484 506 534 565 603 626
16 36 52 81 93 130 146 160 208 214 237 270 290 316 355 362 392
 421 432 459 493 528 547 560 595 625
14 34 49 62 91 124 133 165 191 224 239 280 286 327 346 362 401
 420 450 463 488 512 546 576 601 629
10 29 42 74 103 115 134 174 188 233 250 281 288 318 355 374 390
 413 446 473 491 527 532 568 597 629
10 33 41 76 105 117 138 170 186 231 241 271 298 334 346 368 404
 412 453 476 486 526 538 558 593 625
4 34 50 78 92 112 139 158 187 216 255 263 296 334 345 372 393
 427 433 467 487 506 532 567 595 628
4 28 46 65 87 122 148 176 186 215 243 264 293 324 342 378 385
 419 430 462 503 528 544 575 598 629
14 28 48 81 99 123 150 172 192 234 240 281 292 325 350 368 406
 427 447 475 502 509 535 571 587 626
16 35 53 76 104 125 139 177 195 228 235 279 297 317 350 376 391
 411 438 461 483 524 542 557 586 629
16 37 54 74 109 113 151 163 207 216 244 280 305 331 338 368 388
 429 444 457 489 520 536 572 598 627
10 30 56 70 100 118 132 178 187 221 251 279 303 311 338 362 397
 424 454 468 496 508 544 559 591 626
14 32 50 70 107 122 141 169 190 211 238 271 304 333 355 376 386
 428 437 465 499 529 531 556 583 627
1 27 57 74 110 129 145 179 199 212 243 271 306 330 350 362 408
 417 442 472 485 511 548 574 589 628
2 27 59 67 101 121 156 176 208 211 248 265 296 317 343 383 390
 426 444 458 486 519 540 564 601 626
2 31 58 80 87 128 150 167 196 224 250 266 307 316 353 377 404
 417 438 468 501 521 534 567 604 627
0 31 57 82 86 119 132 160 202 232 242 263 301 333 348 366 387
 426 440 470 500 526 535 572 590 629
0 27 44 69 88 120 153 177 191 231 254 261 290 325 342 372 394
 415 443 479 498 527 533 565 591 627
1 31 45 76 98 120 142 175 185 225 257 280 309 310 355 363 395
 416 441 462 487 515 552 561 584 626
4 32 48 61 96 124 151 167 201 217 257 261 287 318 348 360 402
 418 454 460 485 525 553 564 586 625
0 22 59 61 104 128 134 168 192 222 252 260 305 315 339 378 409
 416 437 474 481 508 546 560 593 628
2 22 57 66 92 120 133 173 207 210 249 274 293 313 356 364 397
 425 452 473 480 529 542 569 587 625
1 22 58 70 90 121 136 171 197 227 256 270 302 319 357 368 402
 415 436 467 494 505 537 573 582 629
8 39 53 79 101 113 153 158 185 233 239 269 307 323 354 381 386
 422 436 478 502 508 548 575 590 625
6 21 49 75 102 122 145 178 206 227 253 277 288 331 341 379 387
 427 438 479 481 515 540 562 588 625
6 26 50 63 105 123 140 164 196 226 252 267 295 313 336 381 394
 418 444 469 497 511 547 559 584 629
3 21 50 80 110 124 153 162 193 222 244 274 308 320 347 369 391
 419 439 466 493 526 551 573 597 626
3 26 48 67 106 122 138 171 205 221 236 275 309 332 356 377 388
 420 445 459 483 527 550 566 590 628
3 28 49 83 98 112 132 179 204 233 235 276 302 314 343 364 392
 418 448 464 490 518 543 579 593 627
8 36 54 77 95 126 138 167 199 222 238 277 296 310 344 375 406
 410 431 471 492 518 530 569 591 629
8 38 52 84 87 125 132 173 200 231 247 278 300 319 336 379 401
 429 449 475 499 510 552 564 597 628
6 28 47 77 100 124 142 159 207 213 254 269 298 317 335 361 403
 428 432 470 504 513 534 568 582 628
3 34 46 73 90 123 134 181 203 232 245 266 306 312 351 383 396
 428 435 461 489 510 541 561 591 625
6 34 48 84 103 111 136 170 208 225 259 268 303 322 354 375 398
 419 434 474 500 507 542 555 589 627
8 35 60 75 92 127 134 176 198 221 240 267 287 330 335 370 400
 421 441 463 495 526 537 570 594 627
8 37 51 63 96 130 155 180 197 232 246 268 293 326 341 361 405
 411 442 465 488 527 549 567 593 626
3 32 47 66 108 111 155 175 194 231 237 265 285 321 353 365 407
 427 451 457 484 508 545 574 594 629
6 32 46 79 97 112 135 174 195 212 242 278 291 316 344 370 409
 420 452 477 498 505 536 558 600 626
7 39 54 66 102 125 137 170 202 218 255 276 295 327 351 377 402
 421 437 472 503 523 533 568 596 626
9 23 55 84 109 117 141 177 205 210 243 277 301 314 335 381 393
 413 435 460 494 512 545 560 604 626
9 24 42 77 88 116 156 168 194 224 256 268 297 332 336 370 385
 424 448 472 487 509 551 572 583 625
7 36 60 83 105 113 149 174 191 220 257 274 303 333 353 383 385
 411 447 455 494 522 539 562 592 628
9 33 43 75 93 118 154 161 204 211 255 278 305 312 354 361 395
 423 439 455 485 521 550 565 587 629
7 38 53 73 100 130 152 164 189 219 256 265 288 315 356 369 393
 410 450 462 485 516 535 558 581 627
9 29 56 63 104 114 133 160 193 234 257 269 294 321 344 379 408
 412 445 467 503 519 541 577 585 627
7 37 52 67 97 127 147 178 192 229 258 266 298 329 347 364 408
 422 443 460 487 514 531 555 602 629
7 35 51 80 103 126 143 159 190 230 243 275 291 325 343 365 395
 429 440 467 482 517 546 559 599 625
9 30 41 79 86 115 150 163 203 223 258 267 290 320 341 375 402
 414 451 462 482 529 543 557 601 628
13 24 49 64 108 130 150 176 185 217 242 275 298 312 338 372 389
 437 471 494 511 542 577 597 615 640
13 23 46 85 106 126 133 158 197 228 252 276 303 320 355 382 404
 443 475 485 513 540 572 594 624 643
13 29 48 68 110 113 154 173 198 214 253 265 295 314 346 378 399
 440 465 487 505 534 557 591 623 644
13 33 50 71 98 125 156 180 199 215 254 266 288 321 357 360 397
 447 463 482 507 536 560 590 616 642
13 30 47 72 90 127 141 167 200 216 259 274 291 332 350 366 390
 450 478 503 515 547 565 593 614 641
18 39 44 63 100 122 136 173 188 224 242 272 305 320 350 365 396
 441 460 486 518 539 578 595 621 642
16 21 55 83 92 121 154 181 199 218 250 272 298 325 336 366 398
 445 462 488 508 553 556 600 620 643
16 26 41 80 96 119 133 175 198 220 248 273 288 329 354 372 409
 435 472 499 518 544 571 582 608 641
16 28 56 66 95 128 156 171 185 219 241 282 291 333 341 382 394
 439 460 495 510 532 576 589 609 644
16 34 42 67 87 120 141 179 197 230 251 283 295 315 344 360 403
 451 455 502 526 554 578 588 610 640
18 38 57 75 97 124 140 180 186 223 259 282 297 314 355 383 388
 431 467 501 508 533 571 580 613 640
18 36 58 84 102 123 135 158 209 211 254 273 294 332 338 364 407
 442 462 491 526 546 563 586 612 644
16 32 43 73 101 129 150 162 200 229 249 284 303 327 335 378 387
 448 467 492 527 538 563 584 607 642
18 35 59 79 105 111 142 167 187 234 253 283 301 312 357 369 392
 449 472 480 527 531 576 598 611 643
18 37 45 77 103 112 145 176 201 210 252 284 290 321 346 377 391
 436 455 496 510 535 556 603 622 641
17 39 59 71 86 112 143 171 193 225 250 262 293 329 335 376 401
 453 457 485 509 547 562 591 612 640
14 20 52 72 92 115 142 164 186 230 235 268 294 323 348 377 409
 439 456 494 520 540 574 591 606 642
14 25 54 71 87 118 140 174 209 219 236 269 290 330 337 365 387
 435 458 487 525 542 573 593 617 643
17 38 58 64 109 111 149 162 204 226 241 260 287 325 344 362 405
 430 461 487 529 540 568 590 621 641
17 36 45 68 88 124 147 181 205 212 248 263 300 315 341 368 386
 446 464 503 521 542 559 594 611 642
17 35 57 85 93 122 152 175 203 213 251 261 307 327 336 374 406
 433 466 494 519 536 555 593 622 644
17 37 44 72 104 123 137 179 194 227 249 264 296 333 354 363 400
 454 459 482 512 534 558 597 613 643
14 27 51 85 95 117 135 178 201 220 237 267 305 319 345 369 398
 448 473 503 524 534 561 590 605 640
14 31 60 68 101 114 136 159 187 218 245 277 297 326 339 364 394
 451 476 485 528 536 566 597 618 641
14 22 53 64 96 116 145 170 188 229 244 278 301 310 342 383 403
 445 468 482 506 547 579 594 619 644
11 39 45 74 99 111 133 168 200 232 238 267 298 311 343 360 393
 438 456 498 528 550 573 592 613 644
8 21 42 81 90 129 140 165 187 215 257 262 305 317 349 377 389
 443 464 500 529 545 558 599 608 644
6 25 51 69 98 115 149 160 205 217 247 284 296 324 347 376 404
 450 472 489 508 537 578 587 618 644
8 26 43 76 108 128 136 169 201 214 243 263 294 331 359 383 397
 450 466 498 509 543 568 602 610 643
12 24 48 82 107 126 142 179 209 231 250 279 305 327 341 383 393
 452 469 493 514 537 575 585 616 641
4 25 60 74 100 116 138 175 196 211 249 276 286 325 341 380 391
 449 478 500 505 541 560 602 606 640
12 23 49 61 94 125 136 181 186 221 249 281 290 329 344 369 395
 444 470 484 522 548 567 583 614 644
2 23 47 70 93 113 139 170 192 226 236 284 306 326 348 379 400
 446 462 498 518 551 576 599 616 640
4 20 53 81 103 117 132 171 207 223 248 266 299 327 344 384 407
 441 465 481 511 551 565 592 618 643
2 24 50 76 109 127 148 159 202 212 237 272 302 323 337 375 401
 454 455 481 527 541 571 581 624 644
6 20 54 65 90 114 152 168 204 228 240 273 300 334 353 363 397
 440 460 493 527 548 556 601 619 640
8 34 56 74 98 121 135 172 186 228 258 261 301 313 352 365 399
 437 459 504 521 551 562 581 607 641
11 38 59 76 107 123 154 163 197 221 239 277 291 324 353 372 408
 432 473 500 525 551 579 596 622 642
11 36 57 62 89 112 141 161 185 231 240 268 288 328 347 378 402
 444 468 504 524 541 566 599 621 643
12 29 47 78 89 130 140 171 201 222 251 271 301 325 354 364 385
 438 477 489 523 552 570 601 624 642
2 33 48 74 86 130 144 178 191 213 235 273 308 310 339 370 386
 430 467 497 510 545 578 596 614 643
12 33 46 69 99 127 145 162 187 233 248 280 294 333 336 365 402
 432 474 483 516 549 569 604 623 640
2 29 46 62 88 125 146 164 190 227 244 283 309 330 345 361 406
 453 460 500 508 543 563 592 615 641
8 28 41 70 106 120 145 166 209 217 255 260 297 316 358 369 390
 440 457 497 512 541 555 592 620 642
8 32 55 62 110 119 142 157 188 216 256 264 290 322 340 364 404
 447 461 481 519 550 559 596 609 640
11 35 44 70 94 124 150 160 199 233 246 278 295 334 356 382 385
 434 458 481 520 545 561 602 612 641
6 31 52 78 110 116 143 177 203 215 239 282 287 311 356 368 390
 437 455 484 518 549 563 585 605 643
4 31 51 62 102 118 134 179 208 234 241 274 304 329 336 373 388
 436 471 498 513 545 557 581 619 642
11 37 58 81 91 122 156 177 198 222 247 269 303 318 351 366 395
 452 476 497 506 543 574 581 611 640
4 27 52 70 105 114 155 162 195 210 250 275 292 315 354 371 396
 431 463 504 515 543 572 596 617 644
2 30 49 81 104 126 151 174 189 225 245 282 285 319 342 381 405
 433 472 504 526 550 556 602 623 642
6 27 53 61 106 118 147 163 194 214 238 272 293 328 351 374 389
 447 467 490 526 552 576 604 606 641
12 30 50 65 91 113 135 175 188 232 241 270 297 315 335 377 408
 434 479 490 517 530 564 587 615 643
6 22 60 82 108 117 137 161 193 216 246 283 307 318 343 362 399
 443 462 483 510 530 571 583 617 642
4 22 54 76 97 115 153 181 206 224 251 265 289 333 335 367 392
 442 475 497 507 550 577 599 605 641
7 26 56 82 109 129 134 167 195 227 254 268 299 320 346 367 386
 433 458 484 528 552 579 587 620 640
7 21 43 65 104 120 138 158 208 213 242 267 292 314 357 384 401
 446 468 489 525 549 574 583 609 641
7 34 55 69 86 128 155 176 207 226 253 278 289 332 355 380 406
 454 476 490 524 548 573 585 608 642
7 28 42 61 93 119 153 173 196 212 259 277 304 321 338 371 405
 453 456 483 506 537 561 601 607 643
7 32 41 78 88 121 132 180 206 225 252 269 286 312 350 373 400
 430 473 493 520 530 566 604 610 644
10 39 57 69 87 123 139 166 189 229 257 275 302 331 340 370 398
 439 465 484 513 530 560 601 611 641
3 25 52 63 86 117 154 169 185 212 256 281 303 317 358 360 400
 433 479 501 523 546 569 598 619 641
3 20 60 77 104 118 150 166 197 226 243 280 288 322 352 366 386
 453 477 480 514 533 564 595 605 644
10 36 44 78 101 111 151 165 202 219 243 266 308 313 358 361 409
 445 475 490 515 537 557 583 622 640
10 38 45 82 96 122 146 157 192 230 255 274 285 317 352 375 394
 448 463 489 505 548 577 604 612 643
10 35 58 61 95 112 148 169 191 218 258 265 309 322 349 379 403
 435 478 493 511 549 572 587 613 642
10 37 59 65 92 124 144 172 190 220 256 276 306 316 359 381 387
 451 471 483 507 552 565 585 621 644
3 27 54 79 93 116 141 157 198 227 257 279 298 313 359 382 401
 430 474 491 517 535 567 580 618 642
3 31 53 84 88 115 133 172 199 213 255 270 291 331 349 378 405
 454 469 486 522 531 570 603 617 640
3 22 51 75 109 114 156 165 200 225 258 271 295 316 340 372 406
 446 470 496 516 539 575 586 606 643
19 26 55 75 107 120 143 174 194 222 235 266 300 326 345 362 402
 434 478 486 513 535 577 598 607 644
19 21 56 77 91 119 149 170 203 233 237 275 293 330 339 363 393
 444 475 501 505 531 565 586 610 642
15 26 42 64 97 121 139 160 190 210 240 280 308 311 351 375 407
 449 479 485 522 534 575 593 609 642
15 21 41 72 103 128 146 161 191 234 238 279 302 324 356 381 396
 442 470 487 523 536 564 594 607 640
0 24 47 80 97 125 152 172 205 211 257 267 293 322 358 362 396
 436 476 492 520 532 579 588 623 643
1 24 46 75 96 113 132 177 196 219 238 262 292 334 347 367 398
 451 459 480 519 546 568 603 614 642
0 23 48 66 105 127 143 165 204 223 256 269 296 331 352 374 391
 442 468 499 528 554 561 600 615 642
1 23 50 79 95 130 134 161 207 230 247 264 286 311 353 371 387
 445 464 486 509 533 555 586 623 641
15 28 55 85 105 129 144 168 202 211 239 270 285 318 347 379 388
 441 477 482 516 542 567 591 610 641
15 34 43 71 100 119 151 177 192 223 246 271 309 328 353 370 392
 436 469 503 517 540 569 597 620 644
19 28 43 79 94 121 137 164 205 231 245 274 287 310 337 374 408
 438 465 496 507 546 572 595 608 640
1 29 49 84 101 127 138 168 195 220 246 261 289 324 351 373 403
 439 457 501 529 535 559 595 616 643
19 34 41 63 99 129 147 159 204 221 244 265 307 319 348 376 385
 452 471 491 515 533 560 603 609 643
1 33 47 63 87 126 153 163 208 218 240 263 299 318 356 380 409
 448 461 496 512 531 562 580 615 644
0 33 49 67 100 113 137 157 203 234 243 268 300 316 349 376 407
 431 473 495 506 553 573 584 624 641
0 29 50 73 102 126 149 166 194 210 258 278 307 317 359 368 392
 441 456 488 525 544 566 589 614 640
15 32 56 68 102 120 148 163 189 224 247 281 306 334 343 361 391
 431 474 494 514 547 570 590 608 643
19 32 42 84 89 128 152 178 193 232 236 276 296 323 342 368 395
 432 463 480 511 539 557 580 620 641
0 30 46 83 103 130 147 169 193 224 255 277 287 313 340 363 388
 449 458 502 524 538 574 582 616 644
1 30 48 77 92 125 155 160 206 229 239 260 304 328 343 384 394
 435 466 491 521 539 558 598 624 640
5 20 51 83 91 116 148 173 192 221 254 263 308 312 355 381 402
 438 457 492 519 554 558 589 617 641
5 25 53 67 99 114 146 167 202 231 252 264 306 314 338 370 395
 434 466 488 529 532 562 582 605 642
5 27 60 66 94 115 151 180 190 222 242 262 302 332 346 379 393
 432 461 502 521 544 555 584 619 643
5 31 54 73 89 117 139 176 191 233 259 260 285 320 357 361 408
 452 459 499 509 553 559 588 606 644
5 22 52 80 107 118 144 158 189 232 253 261 309 321 350 375 385
 444 464 495 512 538 568 600 618 640
9 39 58 67 98 124 134 164 206 216 237 279 292 326 342 380 389
 440 477 499 522 538 569 589 622 643
9 36 59 73 110 122 155 170 196 217 235 280 299 319 337 373 397
 443 470 502 517 532 570 600 613 641
9 38 44 80 108 112 138 178 207 228 245 270 304 330 348 367 390
 447 474 488 523 554 575 584 611 644
9 37 57 83 90 111 153 159 195 214 236 281 286 310 345 384 404
 437 469 495 516 544 564 588 612 642
9 35 45 66 106 123 132 174 208 215 244 271 289 323 339 371 399
 450 479 492 514 553 567 582 621 640
182 340 341 348 351 357 455 466 473 475 477 483 486 487 492 504 508
 511 512 517 528 608 612 614 619 627
182 336 342 346 353 358 456 459 467 470 478 481 485 489 491 495 507
 514 518 524 529 610 611 615 617 626
182 337 343 349 354 355 460 461 468 471 479 480 484 488 497 503 505
 509 516 520 526 607 616 618 622 628
182 335 338 345 352 356 464 465 472 474 476 482 493 498 501 502 510
 515 519 522 525 606 620 621 624 629
182 339 344 347 350 359 457 458 462 463 469 490 494 496 499 500 506
 513 521 523 527 605 609 613 623 625
14 39 55 77 108 148 180 204 227 248 261 303 316 356 371 408 416
 449 469 489 526 532 557 599 614 649
9 25 46 70 101 152 179 191 222 253 263 298 328 352 377 405 429
 441 473 484 507 547 571 586 609 649
9 20 50 74 96 143 181 189 231 242 260 303 324 349 364 406 421
 436 458 483 515 534 576 580 610 647
14 38 56 79 90 151 176 194 213 250 263 295 322 347 373 395 425
 442 479 483 518 538 560 592 624 648
14 36 41 75 98 144 173 193 226 251 264 291 317 351 384 393 417
 436 474 484 527 553 572 602 615 646
9 31 47 81 95 137 162 190 221 252 261 288 334 340 383 401 422
 442 456 490 505 542 578 598 620 646
9 27 49 76 92 149 171 192 232 259 264 295 318 358 365 386 410
 449 468 493 513 536 563 603 608 645
14 37 43 84 106 139 167 203 212 241 262 288 313 343 380 385 415
 441 470 493 508 554 577 596 623 647
14 35 42 63 110 146 158 205 225 249 260 298 331 353 367 402 426
 431 477 490 510 544 565 581 616 645
9 22 48 62 87 147 175 202 233 254 262 291 311 359 369 400 411
 431 476 489 511 540 556 595 607 648
15 24 44 74 95 147 170 197 215 253 274 294 316 335 384 395 418
 433 461 499 508 535 566 601 617 645
12 26 51 81 101 147 157 206 213 259 278 302 330 353 360 391 412
 437 462 480 512 532 572 591 621 647
12 21 60 70 87 143 172 207 212 252 268 285 310 351 372 392 423
 450 460 491 519 538 557 590 613 645
15 23 45 81 87 149 178 199 216 242 265 297 313 354 373 402 428
 453 466 495 527 546 579 585 606 649
15 33 58 62 92 152 174 200 214 252 275 301 317 341 367 408 419
 454 457 502 518 533 561 583 618 647
15 29 59 70 96 137 159 185 228 259 266 290 331 336 380 393 420
 430 464 492 526 539 574 587 605 648
12 28 54 62 96 149 169 195 225 253 267 306 323 356 366 407 424
 443 467 486 521 554 560 597 622 646
12 34 52 76 95 152 166 196 227 242 269 308 326 343 378 388 413
 447 472 496 529 553 565 594 612 648
15 30 57 76 101 143 164 198 217 254 276 305 322 344 371 385 427
 446 459 488 510 531 573 604 619 646
12 32 53 74 92 137 165 208 226 254 277 309 319 347 382 396 414
 440 455 501 509 544 577 593 611 649
16 24 57 71 94 155 158 204 234 258 277 308 318 342 377 400 428
 450 474 486 505 552 559 592 605 647
8 23 57 65 100 154 162 191 225 237 283 304 332 351 368 409 418
 438 458 482 514 532 577 603 618 648
8 24 58 69 105 141 181 192 213 244 282 299 321 343 363 387 420
 434 473 485 523 544 557 595 606 646
16 23 59 72 99 138 180 203 224 257 278 285 328 345 364 386 419
 440 479 496 511 537 568 581 617 646
0 26 53 77 110 151 178 200 218 241 283 292 324 355 365 400 423
 452 464 494 507 541 567 601 612 646
0 21 52 79 98 139 159 197 219 249 273 304 318 346 383 406 424
 434 457 503 511 550 570 604 621 649
16 29 58 85 107 153 176 205 223 255 268 306 311 339 365 401 418
 447 470 480 515 530 558 602 619 649
8 33 59 78 103 150 175 189 227 236 272 289 314 347 362 394 428
 452 456 503 522 554 572 586 619 645
0 28 51 84 108 146 174 198 229 251 272 286 334 357 377 386 414
 444 461 485 515 551 569 585 613 648
16 33 44 68 91 132 167 193 210 256 267 309 324 337 383 405 427
 437 477 491 513 548 555 599 606 648
0 34 54 75 106 148 164 185 220 250 284 299 311 350 364 405 412
 432 466 482 505 545 564 583 611 645
8 29 45 61 97 156 179 202 226 245 273 286 320 356 376 398 427
 432 468 494 517 538 565 598 617 647
8 30 44 82 102 133 171 190 212 235 284 292 312 353 374 403 419
 444 476 487 516 553 560 580 605 649
16 30 45 64 89 134 173 194 211 243 269 302 334 348 369 406 420
 443 469 501 507 549 562 596 618 645
0 32 60 63 90 144 170 199 230 248 282 289 328 338 369 401 413
 438 459 487 513 543 575 587 622 647
6 39 42 72 107 132 162 192 220 243 265 290 310 357 382 388 425
 433 476 488 521 541 570 586 615 647
3 39 43 81 96 152 163 186 210 254 283 286 333 339 379 390 417
 434 471 487 524 537 559 600 624 645
11 20 46 63 108 139 165 206 211 250 274 290 314 339 368 403 410
 454 472 495 517 552 555 590 607 646
10 20 47 67 109 136 158 193 217 238 282 286 330 336 378 392 411
 452 479 482 521 535 561 596 608 649
11 25 49 79 110 148 172 208 210 251 266 305 332 348 363 394 411
 453 467 499 516 530 568 594 620 647
1 21 51 61 100 133 176 204 231 236 266 297 333 359 375 399 413
 433 477 502 520 547 563 596 611 646
13 21 53 66 86 136 179 192 211 247 280 287 316 345 367 385 412
 435 456 504 527 530 559 580 622 648
10 25 50 66 88 142 176 203 214 246 273 292 319 344 366 388 422
 438 474 485 512 539 579 599 607 645
7 24 59 63 106 151 161 186 233 251 270 300 310 340 366 391 427
 435 463 498 529 534 563 589 618 649
7 23 44 77 98 146 163 187 232 250 271 287 319 359 378 407 420
 439 478 497 519 542 571 588 619 647
13 26 54 83 88 135 162 189 234 239 271 293 317 348 380 395 413
 451 468 481 510 537 555 595 613 649
1 26 52 65 102 141 180 193 233 245 265 305 325 352 370 404 414
 454 470 492 506 542 576 592 622 645
7 29 57 79 108 144 177 209 221 241 280 296 326 349 360 396 419
 448 475 481 521 547 556 582 606 645
1 34 53 82 105 150 173 205 222 237 276 294 329 340 361 390 424
 430 479 495 525 536 556 599 613 647
7 33 45 84 90 148 160 188 222 249 279 307 330 358 372 388 418
 451 465 504 509 540 576 600 605 646
3 36 56 76 87 137 168 188 223 253 284 304 325 345 381 389 426
 452 463 485 520 549 555 582 614 647
1 28 60 78 97 154 167 194 232 244 275 290 327 349 381 397 412
 446 474 499 524 540 578 581 612 649
13 34 60 80 93 142 171 202 210 238 281 300 331 342 373 408 414
 448 458 497 508 549 558 586 621 646
6 38 41 85 91 155 179 190 218 257 266 301 323 338 378 391 415
 446 458 495 509 550 569 595 614 645
13 28 52 73 109 140 175 190 224 246 279 296 322 339 384 402 423
 445 473 498 526 548 562 603 611 647
3 38 42 70 92 147 177 201 234 242 273 289 327 337 361 404 416
 444 478 482 528 530 562 589 623 646
6 36 43 64 99 153 171 189 230 258 276 297 330 346 366 396 416
 454 473 499 519 545 567 598 616 648
10 27 46 80 104 140 173 204 216 239 284 289 310 341 360 407 421
 434 470 494 509 531 566 581 620 648
10 31 48 83 93 145 180 194 228 247 283 299 323 335 372 396 410
 444 477 503 529 546 573 602 609 647
11 27 48 75 90 146 166 207 224 241 276 301 321 337 376 409 422
 433 462 492 522 549 559 597 610 649
7 30 58 75 110 139 168 201 231 248 281 293 323 352 382 392 428
 445 471 500 512 536 578 584 617 648
13 32 51 67 104 145 181 191 223 240 270 307 313 337 371 393 424
 439 476 500 518 552 568 598 612 645
11 31 50 77 106 144 157 195 223 249 265 294 312 342 362 398 429
 446 460 502 523 537 562 593 608 648
1 32 54 69 103 156 158 203 221 235 274 301 315 358 379 389 423
 453 469 488 528 534 571 602 621 648
6 35 56 71 89 138 181 202 229 256 274 305 326 355 372 407 417
 430 456 502 512 543 564 603 623 649
6 37 55 68 94 134 175 191 219 255 275 294 319 350 360 392 426
 453 468 492 529 551 575 580 624 646
3 35 55 74 101 149 161 209 224 252 282 292 329 348 375 397 415
 432 465 503 506 552 558 588 615 648
3 37 41 62 95 143 160 187 211 259 272 299 315 342 370 399 425
 438 475 494 525 548 568 584 616 649
10 22 49 73 86 135 167 205 215 240 272 304 326 354 382 391 429
 432 469 487 519 533 574 592 610 646
11 22 47 84 98 151 169 196 234 248 275 297 320 345 374 387 421
 430 455 488 514 548 558 591 609 645
17 20 48 69 97 133 161 188 219 237 277 306 317 357 373 385 429
 437 478 496 526 543 567 584 620 645
17 25 47 61 102 150 177 187 220 244 268 302 313 355 384 408 410
 440 463 486 510 550 575 600 610 648
17 31 49 65 105 156 163 201 230 236 278 308 322 350 367 393 421
 443 465 491 508 541 569 582 607 649
17 27 50 82 103 154 168 186 229 245 269 309 316 338 380 402 411
 450 475 480 518 545 570 588 609 646
17 22 46 78 100 141 160 209 218 235 267 285 331 346 371 395 422
 447 471 501 527 551 564 589 608 647
5 39 56 65 97 150 157 207 214 235 271 296 318 336 369 405 415
 435 455 500 515 546 566 594 616 646
4 39 41 83 109 142 178 197 222 240 278 306 321 349 374 394 426
 450 459 501 517 542 563 583 623 648
18 25 48 85 89 132 159 199 227 258 280 293 315 353 381 390 421
 439 461 498 506 538 577 583 608 646
18 20 49 71 107 134 170 200 212 257 270 296 325 356 361 399 422
 451 466 497 524 544 572 604 609 648
2 21 54 85 99 134 177 186 217 256 263 291 321 354 362 403 414
 449 465 490 514 539 566 584 612 647
2 26 60 72 89 155 163 188 215 255 261 298 314 344 376 387 424
 436 475 493 516 546 561 589 611 648
2 28 53 68 107 138 160 201 216 258 262 303 312 336 363 409 413
 442 463 484 517 533 573 588 621 645
2 34 51 64 94 132 168 209 214 257 264 288 320 335 368 394 423
 431 478 483 523 531 574 600 622 649
5 36 55 82 100 156 166 206 228 244 281 287 324 354 377 401 425
 451 467 498 511 531 561 593 623 645
4 38 55 66 104 135 159 198 233 238 268 309 312 358 368 387 417
 443 466 496 522 547 578 601 616 647
5 38 43 61 103 141 172 195 215 237 280 307 334 341 364 400 426
 445 472 497 513 539 573 591 615 649
4 36 42 80 86 145 164 200 221 246 269 285 314 359 363 398 415
 437 461 486 514 536 576 587 624 649
18 31 46 72 94 153 178 198 226 256 271 300 327 343 375 389 411
 445 457 504 525 532 560 587 610 645
18 27 47 64 91 138 164 197 225 255 281 307 333 347 370 397 429
 435 464 481 528 553 557 585 607 647
4 37 56 73 93 136 174 199 231 239 267 308 332 340 376 403 416
 440 464 480 523 540 571 604 615 645
2 32 52 71 91 153 161 187 228 243 260 295 332 341 374 398 412
 441 471 489 522 535 579 582 613 646
5 35 41 69 102 154 165 196 216 236 270 293 311 344 383 386 416
 448 460 504 507 535 574 597 624 647
5 37 42 78 105 133 169 208 217 245 279 300 328 335 365 406 417
 439 462 481 505 533 579 590 614 648
4 35 43 67 88 140 170 185 232 247 277 302 320 352 362 409 425
 447 457 491 516 534 556 585 614 646
18 22 50 68 99 155 174 185 213 243 279 287 329 351 379 404 410
 448 459 500 520 554 565 601 620 649
19 23 58 83 86 140 157 208 229 238 261 291 315 346 361 397 427
 441 472 483 520 541 575 597 605 645
19 24 45 67 93 135 165 207 218 246 260 288 333 350 381 404 419
 449 467 484 525 543 570 591 619 648
19 33 57 73 104 142 169 206 220 247 262 295 325 338 375 390 420
 436 460 490 528 551 567 594 617 649
19 29 44 66 109 145 172 196 230 239 263 303 329 357 370 389 428
 431 462 493 524 550 564 593 618 646
19 30 59 80 88 136 166 195 219 240 264 298 327 355 379 399 418
 442 455 489 506 545 569 590 606 647
18 26 70 104 130 148 165 203 231 244 276 291 318 335 373 398 426
 447 456 487 521 548 569 588 618 635
18 21 62 93 127 151 166 205 232 235 265 303 334 344 380 394 417
 437 473 482 509 552 575 582 617 637
18 34 81 109 125 144 169 194 233 236 274 298 324 341 371 409 415
 440 468 485 519 530 570 584 605 639
18 28 74 88 126 139 157 193 221 237 266 295 328 354 367 387 416
 450 476 494 529 549 564 600 619 636
18 32 76 86 113 146 172 204 222 245 275 288 311 336 384 403 425
 443 458 503 512 537 567 589 606 638
7 25 76 94 122 133 162 194 216 240 282 301 316 339 361 398 414
 436 464 491 511 554 564 591 616 637
7 20 70 99 112 156 175 205 214 239 283 305 313 342 375 387 412
 442 461 501 513 553 570 597 614 638
4 23 75 91 128 137 160 189 212 244 273 298 322 357 365 390 411
 448 469 502 529 552 566 591 622 638
4 24 84 99 119 143 163 191 227 245 284 295 317 355 369 397 422
 445 477 495 521 530 574 593 621 637
4 33 79 89 120 147 168 190 226 237 282 303 331 350 377 399 410
 435 470 488 519 537 579 597 612 635
4 29 77 94 129 152 161 192 225 235 272 291 313 338 383 404 421
 451 479 499 512 549 573 590 611 639
7 27 62 107 111 150 181 193 215 247 273 297 331 348 381 403 423
 441 459 496 505 532 569 593 624 639
7 31 74 91 123 141 171 204 217 246 272 290 317 345 379 409 424
 431 466 480 507 538 575 594 623 635
4 30 63 107 121 149 177 202 213 236 283 288 316 346 364 389 429
 439 474 492 509 548 561 594 613 636
7 22 81 89 124 154 179 203 228 238 284 294 322 337 370 394 413
 449 457 486 515 544 567 590 615 636
2 39 78 90 118 149 172 198 231 246 277 294 315 355 367 391 420
 448 470 482 511 553 555 598 609 639
16 25 75 105 112 136 157 190 232 254 260 307 310 356 373 389 413
 454 475 503 514 551 574 601 623 639
16 20 79 100 123 145 169 202 222 259 261 293 319 343 367 404 423
 446 463 487 522 545 566 585 615 637
2 38 69 106 116 137 169 199 232 240 269 305 329 346 384 392 419
 451 477 494 515 532 559 586 607 635
2 36 61 108 114 143 157 197 233 247 267 301 327 350 380 388 428
 439 479 487 507 544 558 603 620 638
2 37 82 110 115 152 165 185 221 238 278 297 325 357 371 407 418
 435 474 503 513 538 562 595 610 637
2 35 65 98 117 147 166 200 222 239 268 290 333 338 373 396 427
 445 469 485 505 554 568 580 608 636
16 31 63 103 124 135 166 192 231 253 262 296 330 351 371 397 414
 430 478 494 516 550 579 583 624 638
16 27 84 97 122 142 165 189 233 252 263 287 326 353 384 399 424
 453 471 482 523 541 573 587 614 636
16 22 77 102 111 140 172 191 221 242 264 300 323 347 380 390 412
 433 465 485 517 543 561 604 616 635
1 39 73 91 115 146 159 201 211 253 282 300 313 344 372 400 419
 447 468 483 514 545 572 593 620 636
12 39 84 104 116 154 176 190 219 258 274 299 328 348 362 404 427
 431 464 497 527 536 561 582 610 638
9 26 61 91 127 142 158 199 219 251 284 285 316 343 368 396 425
 430 465 500 524 533 562 597 619 639
17 21 84 95 113 155 164 202 224 240 271 290 312 352 360 390 416
 452 467 483 513 544 579 602 618 639
17 26 79 92 126 132 170 191 211 246 281 297 321 340 378 389 417
 432 460 489 515 554 573 581 605 638
8 20 85 86 124 137 174 196 210 241 265 302 328 350 372 395 424
 445 474 489 528 531 563 588 616 639
9 21 78 94 126 135 173 185 229 248 283 306 322 353 376 388 415
 454 463 497 528 535 568 593 606 635
8 25 64 93 123 143 178 195 224 248 274 309 318 357 378 393 412
 451 470 490 520 533 556 589 624 636
5 24 62 98 129 136 178 203 210 255 269 289 325 353 382 409 410
 446 465 483 526 547 564 598 613 638
5 23 76 90 119 145 174 193 211 258 268 292 327 356 360 394 429
 430 471 490 508 534 570 595 611 635
3 24 68 100 128 139 180 208 220 239 264 301 330 344 374 402 429
 443 456 497 515 538 556 587 612 639
3 23 64 103 120 144 167 206 219 246 263 305 323 336 376 408 421
 447 476 504 505 544 563 601 613 637
9 34 65 107 130 145 167 198 218 249 282 302 317 347 374 407 416
 453 475 498 520 539 559 590 617 638
1 36 66 107 116 139 178 186 234 252 272 307 322 335 360 405 420
 440 458 489 516 543 565 597 608 637
9 28 69 89 113 136 180 200 230 250 273 309 313 351 362 391 426
 433 471 481 525 531 558 594 605 637
17 34 77 96 127 153 174 190 234 247 270 305 314 358 382 397 426
 438 462 484 511 538 566 596 606 636
17 28 63 101 125 134 178 189 223 238 280 301 332 359 372 404 425
 434 455 493 505 553 574 599 617 635
12 38 63 93 115 156 167 191 229 243 276 292 311 345 363 399 428
 436 457 481 526 542 566 600 608 639
12 36 79 109 118 133 180 192 218 256 275 289 334 342 376 390 418
 441 466 500 510 534 574 588 607 636
1 38 67 94 117 144 174 187 224 254 284 293 331 354 366 406 418
 437 456 493 517 541 557 594 609 638
5 33 70 110 128 135 164 194 223 257 277 286 329 343 366 403 421
 433 475 489 527 542 575 603 621 636
3 29 72 105 119 148 158 207 229 240 262 297 319 341 362 395 410
 437 458 498 507 553 578 604 622 636
3 33 85 102 121 151 173 195 230 238 260 290 326 335 363 385 422
 450 468 500 511 532 571 585 611 638
5 29 81 106 121 142 170 204 224 243 267 304 315 347 372 387 411
 454 478 484 510 536 569 580 612 637
12 35 77 86 114 141 173 189 220 255 266 286 318 337 368 389 419
 442 459 498 508 540 579 584 609 637
17 32 75 87 130 138 159 192 210 239 279 294 320 349 366 399 415
 444 472 490 507 532 561 592 619 637
9 32 82 99 125 140 176 197 220 241 272 308 331 356 363 392 417
 446 478 504 506 546 555 591 618 636
1 37 80 89 114 148 170 209 223 242 283 287 317 336 382 386 427
 450 473 490 522 550 560 591 607 639
8 27 68 109 112 152 170 206 234 249 266 285 311 355 366 385 414
 439 469 483 525 546 578 582 615 635
12 37 75 88 117 150 158 202 230 257 265 304 324 339 374 397 420
 449 461 504 518 547 573 589 620 635
1 35 83 99 118 151 164 188 210 259 273 296 316 341 378 401 428
 443 476 484 523 551 577 590 610 635
8 31 71 104 111 147 164 207 211 251 275 306 324 346 382 402 413
 448 479 493 506 539 571 600 614 637
3 30 71 97 129 146 176 196 218 247 261 294 310 354 368 393 411
 440 473 481 513 554 576 583 621 635
5 30 74 108 120 140 159 205 234 256 278 299 333 351 378 398 422
 453 463 493 518 540 567 586 622 639
8 22 72 88 122 149 159 208 223 250 276 308 334 338 360 408 423
 435 477 484 524 535 576 584 623 638
10 21 68 106 130 141 168 196 225 254 278 296 327 348 365 408 425
 436 461 495 522 543 571 598 605 636
10 26 85 90 125 150 161 208 212 253 269 287 333 342 364 393 416
 431 457 488 517 551 578 603 606 637
10 28 71 110 127 133 163 206 226 242 268 307 315 345 383 395 415
 449 459 492 523 545 556 586 618 638
10 34 72 108 113 156 160 195 213 252 277 293 325 337 369 402 417
 441 464 499 514 550 563 580 619 635
10 32 64 98 126 154 177 207 227 259 267 300 329 339 377 385 426
 442 466 502 516 541 576 595 617 639
0 39 68 92 117 140 179 195 217 244 270 288 332 353 375 395 428
 430 475 496 519 549 576 602 607 637
13 39 62 103 114 138 177 194 212 251 260 308 319 352 383 387 418
 432 462 495 520 531 567 587 608 635
13 38 74 105 118 153 160 203 225 248 264 302 326 359 377 403 427
 452 460 492 524 546 570 583 620 637
13 36 70 97 117 134 163 204 213 249 262 309 323 340 365 394 419
 438 472 488 506 535 564 585 610 639
0 36 85 96 115 136 162 207 215 236 279 295 312 343 370 408 427
 453 478 501 512 552 556 581 609 635
0 38 71 95 114 145 175 208 216 235 281 298 320 351 381 385 420
 454 465 480 521 537 563 599 610 636
0 35 72 87 116 135 171 206 214 245 280 303 321 347 361 393 418
 446 471 486 529 548 571 596 620 639
13 37 76 102 116 132 161 205 226 250 261 285 330 349 369 409 428
 434 467 502 528 539 569 601 609 636
0 37 64 101 118 142 181 196 228 237 271 291 314 356 379 402 419
 433 463 491 509 530 578 592 608 638
13 35 81 100 115 155 168 193 227 241 263 306 310 358 364 398 420
 444 455 499 525 533 575 604 607 638
15 20 66 98 122 153 167 209 220 245 278 298 315 340 362 400 413
 444 467 500 509 549 557 603 624 635
15 25 80 106 111 134 180 201 229 235 277 295 333 349 368 401 424
 452 462 504 519 548 565 595 615 638
6 23 80 92 129 156 169 188 231 251 280 302 312 339 380 405 422
 431 459 503 525 535 557 592 612 636
6 24 73 87 121 133 157 187 222 241 281 309 314 348 371 386 421
 442 457 482 524 539 565 602 622 635
6 29 83 95 120 150 165 186 232 248 279 285 332 337 367 400 429
 436 466 485 506 531 560 596 621 638
6 33 66 101 119 141 166 201 221 250 270 306 320 342 384 406 411
 449 464 487 520 546 577 581 613 639
15 31 67 90 112 155 173 186 219 244 267 303 325 359 374 386 423
 432 472 481 512 530 577 586 616 636
15 27 73 108 124 132 158 188 218 236 268 291 329 352 363 406 412
 438 455 497 529 537 560 598 623 637
6 30 67 96 128 154 172 209 233 249 271 308 321 345 373 401 410
 441 461 494 528 533 572 599 611 637
15 22 83 110 123 138 176 187 230 237 269 288 327 358 376 405 414
 434 460 498 521 552 572 580 614 639
11 21 73 105 125 147 171 209 216 243 261 286 323 355 370 405 426
 451 474 496 518 534 577 587 619 638
11 26 66 103 113 152 181 187 217 258 264 304 310 350 361 401 415
 448 477 501 526 540 560 585 617 636
19 25 82 95 124 139 163 198 225 243 270 289 321 336 364 396 423
 437 468 502 527 540 558 592 614 635
19 20 61 87 111 144 160 185 227 255 271 292 332 335 383 391 414
 443 473 488 518 536 559 581 623 636
14 24 78 86 120 134 162 199 214 259 276 307 324 352 379 407 411
 444 460 496 517 550 558 582 611 636
14 23 82 104 121 153 175 200 217 253 266 293 334 349 370 388 410
 432 455 491 523 543 559 589 621 639
11 28 67 102 130 143 162 188 228 257 263 289 319 346 375 400 417
 435 469 480 508 536 565 583 606 639
11 34 83 97 126 137 175 201 215 256 260 292 330 338 379 386 425
 439 470 486 527 547 557 604 618 637
14 29 65 93 128 132 181 197 216 254 275 287 328 358 375 391 422
 452 472 486 516 545 562 584 613 635
14 33 61 88 129 155 171 198 228 242 274 296 311 340 381 392 429
 434 462 501 514 541 568 588 622 637
19 31 69 92 122 151 168 197 212 258 279 286 314 354 369 407 412
 447 458 492 510 547 568 599 615 639
11 32 80 100 127 149 179 186 214 255 262 299 326 357 381 406 416
 445 479 491 510 542 572 601 605 635
19 27 78 96 123 148 161 200 213 256 280 304 320 344 377 392 413
 440 476 495 508 542 562 602 616 638
14 30 69 109 119 138 179 185 215 252 265 300 318 359 361 396 421
 438 467 480 522 551 555 600 612 638
19 22 65 101 112 146 177 199 226 257 281 299 312 341 365 388 424
 450 456 499 526 534 555 596 624 637
25 56 84 92 130 153 166 204 215 238 283 285 329 350 383 402 420
 446 476 481 517 534 572 584 622 634
20 42 75 101 126 155 172 203 216 247 272 309 333 346 369 408 418
 430 468 498 523 542 560 582 612 634
27 41 77 87 113 134 169 205 228 246 282 308 327 357 364 395 427
 454 456 500 516 547 577 600 621 634
31 55 79 96 125 138 165 193 214 240 284 302 315 338 365 385 428
 433 473 497 514 540 565 589 613 634
22 43 63 95 127 132 157 194 217 239 273 306 325 355 377 393 419
 453 458 504 522 536 557 588 611 634
23 54 67 110 111 132 166 190 213 245 272 294 318 341 372 385 416
 436 463 501 524 547 558 587 607 633
24 51 66 90 124 138 169 189 226 235 283 290 311 354 378 408 426
 441 475 491 506 536 562 604 620 633
21 59 74 97 114 132 169 198 230 241 284 307 332 342 361 402 410
 447 469 484 512 542 561 595 624 630
26 45 62 100 117 153 172 197 229 250 282 296 312 337 379 385 421
 440 474 490 529 536 574 586 614 630
29 53 80 98 123 155 157 191 212 236 282 305 334 335 366 402 425
 449 471 496 528 540 555 583 610 633
33 52 83 108 122 134 172 202 225 244 284 297 328 344 382 393 415
 442 478 480 525 534 559 601 608 633
34 57 70 102 115 138 157 200 219 248 272 287 321 339 381 395 411
 443 477 493 509 534 579 598 615 630
28 58 76 103 118 155 165 199 220 249 283 300 320 348 370 393 422
 437 479 489 519 547 566 580 623 630
30 60 73 106 112 153 165 192 227 237 273 301 324 336 360 395 417
 431 465 486 520 542 568 585 609 633
32 44 81 105 116 134 166 185 218 251 273 293 314 345 375 408 429
 450 470 483 521 540 573 603 616 630
39 49 82 93 120 155 169 187 223 252 273 291 330 347 368 385 413
 445 461 492 507 534 564 581 606 631
36 50 69 104 129 132 172 201 224 259 283 298 326 356 374 395 414
 435 457 495 505 540 575 596 619 631
38 47 65 88 119 134 165 209 210 253 272 303 310 343 376 402 412
 439 459 502 511 536 567 602 605 631
35 48 78 109 128 153 157 186 211 242 284 288 319 351 363 408 424
 451 464 488 513 547 569 592 617 631
37 46 61 86 121 138 166 188 234 254 282 295 323 353 362 393 423
 448 466 499 515 542 570 599 618 631
25 41 68 90 126 156 164 192 233 242 261 304 331 335 362 407 419
 445 455 480 524 552 567 596 613 630
20 56 64 110 125 141 159 191 232 252 262 289 316 354 374 388 427
 448 462 486 525 537 569 602 611 630
21 57 63 109 116 150 174 201 228 255 264 309 315 343 373 407 422
 432 476 499 507 537 576 591 614 633
21 58 71 96 117 142 160 194 221 245 276 289 313 350 378 386 429
 431 455 498 516 532 555 601 615 631
26 44 84 86 118 156 159 186 216 257 260 306 327 347 371 392 410
 438 473 502 505 549 556 594 615 633
26 59 68 87 115 145 177 204 232 237 274 286 322 338 382 406 422
 441 467 504 523 553 558 583 616 631
34 58 79 88 114 154 178 188 217 243 262 285 333 356 384 391 421
 444 456 492 513 552 571 593 616 633
34 45 85 101 116 140 163 193 231 235 275 304 316 357 366 400 410
 442 460 481 522 544 568 587 623 631
28 45 75 104 115 141 170 187 214 256 261 308 329 353 380 396 429
 452 458 488 511 530 563 590 624 633
28 44 64 92 114 135 161 203 222 236 265 299 331 355 360 401 411
 436 472 500 514 538 559 604 614 631
32 57 72 95 118 136 168 205 233 244 266 292 317 346 372 405 421
 449 462 497 517 554 562 585 624 631
27 43 72 98 130 133 174 202 221 253 260 299 322 336 368 391 428
 451 460 501 506 530 575 599 612 630
31 42 85 108 127 154 170 189 222 254 264 292 313 341 376 392 420
 435 467 496 520 548 564 592 621 630
32 59 77 93 117 133 164 209 215 258 263 302 325 351 367 388 411
 434 468 495 515 548 578 597 623 633
22 55 71 106 113 150 178 190 231 259 263 286 317 344 363 396 418
 439 472 491 528 549 570 581 622 630
39 46 64 105 128 151 175 199 221 247 268 304 317 337 364 399 414
 446 467 493 512 535 565 588 605 633
38 48 72 102 129 139 181 185 222 246 267 286 316 342 365 397 413
 453 455 490 519 531 572 582 618 633
36 47 71 103 121 148 179 198 232 239 278 292 331 339 369 404 424
 433 460 483 529 533 577 584 606 633
35 49 68 97 119 144 162 197 231 238 269 299 313 345 377 390 423
 454 462 489 509 539 560 589 619 633
37 50 85 100 120 146 171 200 233 240 277 289 322 348 383 389 412
 430 472 484 521 546 557 600 617 633
39 50 75 94 119 147 167 208 228 236 280 285 325 358 378 403 424
 442 473 494 510 543 558 585 618 630
39 47 76 106 129 135 160 191 230 256 266 287 314 341 373 406 423
 444 474 480 506 544 556 597 617 634
24 53 70 91 111 154 174 206 230 240 261 296 320 359 364 388 417
 453 470 503 510 549 560 584 608 631
23 51 74 89 122 150 164 195 218 239 262 300 321 358 383 392 425
 454 474 487 526 530 565 582 609 631
24 52 85 104 112 149 167 188 221 248 271 286 331 351 361 394 425
 440 462 502 507 545 573 580 607 634
23 60 71 88 123 152 173 201 233 241 279 299 316 347 375 403 426
 437 467 488 515 550 574 598 608 634
20 43 80 102 113 147 176 199 225 256 279 301 318 345 371 394 420
 432 475 484 529 541 578 593 613 631
26 57 78 98 114 137 176 192 224 238 270 303 323 341 369 403 429
 453 461 491 525 545 565 600 623 632
25 55 73 103 127 137 173 197 213 257 271 297 311 342 367 409 427
 444 471 493 521 543 576 590 612 631
20 55 76 88 130 151 179 187 229 236 267 307 321 351 382 390 419
 431 470 499 505 546 562 587 621 632
25 42 62 104 113 144 171 186 218 237 278 287 320 343 372 397 428
 442 469 492 515 535 555 604 611 632
21 45 69 108 118 152 167 190 223 239 281 295 319 335 364 409 411
 430 459 486 506 541 572 589 616 632
29 54 64 86 122 147 180 187 231 249 270 292 322 343 381 409 417
 450 455 495 513 551 561 586 620 634
33 54 81 107 112 133 159 196 229 246 264 287 332 352 369 396 426
 446 479 494 508 552 557 589 610 631
33 53 72 109 124 143 176 209 232 251 281 304 313 353 379 398 416
 443 472 492 505 543 566 595 609 634
38 49 77 89 121 143 158 196 214 244 279 306 333 340 360 409 414
 441 476 503 527 545 555 587 617 630
36 48 63 91 120 152 176 195 216 245 271 302 329 349 382 387 423
 449 456 482 508 551 568 604 605 630
36 49 74 90 128 142 177 190 229 255 265 293 320 336 371 400 412
 434 477 496 525 554 571 590 618 634
29 60 76 99 124 141 178 208 219 247 260 293 312 340 377 407 415
 433 469 482 518 548 572 600 607 631
38 46 81 110 120 136 161 202 220 258 275 296 321 335 380 386 424
 438 469 491 520 553 576 593 619 634
34 44 61 110 117 149 180 189 211 240 279 291 310 336 377 387 422
 446 457 480 528 543 577 582 624 632
28 59 82 90 116 147 158 191 210 247 271 288 326 344 365 398 421
 454 466 501 520 550 557 584 615 632
37 48 70 98 119 140 168 189 218 243 274 307 312 344 367 401 414
 432 479 486 524 532 563 594 606 634
30 52 62 94 123 156 170 207 220 238 263 307 314 349 365 391 416
 430 477 485 527 537 577 588 620 631
30 51 68 93 111 137 158 186 222 250 280 289 317 356 370 387 415
 447 460 499 511 541 579 603 610 634
31 41 66 97 130 149 158 200 227 243 281 305 328 337 380 403 418
 434 463 483 519 551 556 591 611 631
27 56 81 86 127 139 175 209 230 244 277 300 312 356 378 404 418
 436 477 488 507 539 568 583 613 632
35 46 84 107 129 137 180 207 217 237 281 308 315 359 366 394 412
 436 468 487 518 550 562 601 606 630
35 50 62 108 121 145 163 192 219 257 276 300 332 354 384 405 413
 452 470 501 528 538 578 591 605 634
31 43 70 109 126 146 181 188 220 235 269 293 332 347 360 399 427
 449 474 495 511 533 558 601 622 632
37 47 79 99 128 149 173 206 215 235 270 309 327 352 372 398 413
 431 458 485 526 541 559 583 619 630
32 58 65 106 115 143 173 202 234 246 280 298 330 354 383 394 410
 433 464 496 524 551 560 588 614 632
27 42 83 100 125 143 167 185 226 258 270 294 334 339 373 387 419
 452 465 489 512 550 571 594 622 631
22 41 74 93 125 148 162 201 219 245 268 296 314 353 366 389 420
 441 479 502 513 531 559 585 612 632
22 56 67 105 126 152 180 198 212 255 280 290 324 348 384 398 428
 438 478 490 509 545 563 597 621 631
24 54 61 92 123 146 175 193 223 243 278 303 326 346 373 390 415
 438 464 504 516 531 578 590 609 630
23 53 63 102 112 142 168 198 215 259 275 308 333 337 362 406 415
 451 473 489 521 538 564 602 620 632
23 52 69 101 124 148 171 194 234 255 267 288 310 338 367 399 417
 452 461 500 517 539 556 593 610 630
24 60 79 103 122 140 160 200 228 254 265 306 329 345 368 405 416
 439 468 490 512 553 569 596 610 632
29 51 82 87 112 151 162 203 211 256 277 298 323 350 384 397 416
 434 459 497 522 533 576 594 608 630
29 52 75 100 111 135 163 199 217 252 274 302 327 342 363 386 426
 435 476 483 509 554 567 599 609 632
33 51 77 97 123 136 177 185 216 253 276 285 315 348 374 401 417
 445 458 493 529 544 570 592 607 632
33 60 65 96 111 139 179 205 224 258 269 291 319 355 371 389 425
 444 466 481 523 535 563 591 620 630
30 54 84 105 124 145 161 197 214 242 266 309 325 339 376 400 425
 448 456 484 519 532 575 581 608 632
30 53 78 95 122 144 181 204 210 257 268 295 330 357 380 404 426
 432 457 498 514 546 571 597 607 630
39 48 80 95 121 141 174 203 226 249 263 297 324 338 361 392 412
 443 463 481 516 552 574 603 619 632
36 46 67 92 119 150 159 194 225 241 261 305 311 357 379 391 413
 450 465 497 523 548 579 580 617 632
38 50 83 101 128 133 170 205 227 251 262 290 318 350 370 407 423
 440 471 504 514 549 561 598 606 632
37 49 66 87 129 154 164 193 213 248 260 301 334 355 375 396 424
 447 478 498 517 537 566 586 605 632
35 47 73 96 120 156 178 204 212 250 264 294 328 346 381 388 414
 437 475 500 522 530 573 595 618 632
20 41 82 89 127 135 177 208 224 249 275 295 310 359 379 405 428
 447 464 485 508 532 573 598 622 633
25 43 78 91 125 145 168 207 234 250 265 291 326 340 375 386 418
 443 459 494 526 544 561 580 621 633
26 58 73 99 116 144 179 207 225 242 277 290 334 358 374 399 411
 439 463 503 508 531 564 599 624 634
21 44 67 107 115 148 175 195 226 259 269 301 328 340 368 397 421
 448 471 485 510 546 567 592 623 634
28 57 80 91 117 151 181 208 227 252 278 294 311 352 376 389 410
 451 478 487 527 539 570 596 616 634
34 59 66 89 118 146 162 206 212 254 267 297 318 349 363 404 429
 445 465 494 518 535 575 602 614 634
31 56 61 107 113 140 161 206 210 248 276 298 319 358 370 406 419
 450 461 482 527 554 574 595 612 633
27 55 65 99 126 136 160 196 223 251 274 288 323 349 361 400 420
 437 457 487 510 538 579 586 611 633
32 45 83 94 114 139 171 196 213 253 268 305 324 359 362 390 422
 435 475 482 526 533 569 581 615 634
22 42 69 94 130 142 163 195 211 241 266 303 330 352 381 401 427
 440 466 503 518 553 566 603 613 633
