625 626 627 628 629 630 631 632 633 634 635 636 637 638 639 640 641
 642 643 644 645 646 647 648 649 650
25 33 34 35 36 196 197 198 199 200 336 337 338 346 347 356 357
 358 366 367 376 377 378 382 395 625
32 41 42 43 44 207 208 209 213 214 343 344 345 354 355 363 364
 365 373 374 381 391 392 393 394 625
29 30 31 39 40 204 205 206 211 212 342 350 351 352 353 360 361
 362 372 375 380 387 388 389 390 625
26 27 28 37 38 201 202 203 210 215 339 340 341 348 349 359 368
 369 370 371 379 383 384 385 386 625
5 8 11 14 16 120 196 201 211 213 216 217 228 229 240 241 242
 243 244 252 266 277 278 279 280 639
4 6 13 18 23 120 200 203 209 212 235 236 237 238 239 251 261
 262 263 264 275 276 288 289 290 636
0 1 7 10 20 120 199 206 208 210 223 224 225 226 227 248 249
 250 260 265 272 273 274 286 287 638
2 12 17 19 22 120 198 205 214 215 220 221 222 233 234 247 256
 257 258 259 269 270 271 284 285 637
3 9 15 21 24 120 197 202 204 207 218 219 230 231 232 245 246
 253 254 255 267 268 281 282 283 640
59 60 61 62 63 70 71 72 73 83 222 225 230 238 240 404 407
 408 411 412 421 422 431 432 433 625
56 57 58 67 68 79 80 81 82 93 216 221 223 231 239 396 405
 410 413 415 428 429 430 444 445 625
54 55 65 66 69 76 77 78 91 92 217 219 224 233 237 397 401
 402 406 409 425 426 427 442 443 625
50 51 52 53 64 75 88 89 90 94 220 226 229 232 235 399 400
 414 416 418 424 438 439 440 441 625
45 46 47 48 49 74 84 85 86 87 218 227 228 234 236 398 403
 417 419 420 423 434 435 436 437 625
45 59 64 65 67 247 249 252 255 261 376 386 390 392 446 472 485
 486 487 496 497 509 510 511 512 633
49 53 55 63 68 242 253 259 260 263 380 384 393 395 446 484 492
 493 494 495 505 506 507 508 520 632
48 52 58 62 66 241 246 250 257 262 381 382 385 387 446 480 481
 482 483 491 502 503 504 519 521 635
47 51 54 57 61 244 254 256 264 265 378 383 388 394 446 477 478
 479 489 490 501 515 516 517 518 631
46 50 56 60 69 243 245 248 251 258 377 379 389 391 446 473 474
 475 476 488 498 499 500 513 514 634
120 146 147 159 160 161 340 342 345 347 421 434 438 442 444 497 498
 501 502 505 549 552 555 557 561 645
120 157 158 167 168 169 338 339 351 355 427 430 433 437 441 500 508
 512 518 521 547 551 558 564 567 644
120 154 155 156 165 166 337 349 352 354 422 424 426 429 436 504 507
 511 514 517 550 559 568 570 571 643
120 152 153 163 164 170 344 346 348 353 428 432 435 440 443 499 503
 506 510 516 556 560 563 565 566 642
120 148 149 150 151 162 336 341 343 350 423 425 431 439 445 509 513
 515 519 520 548 553 554 562 569 641
95 105 106 107 108 271 274 276 277 282 497 514 516 520 521 578 583
 588 592 595 600 610 611 612 613 625
104 115 116 117 118 266 268 270 273 275 499 501 507 512 519 575 586
 587 591 596 609 621 622 623 624 625
103 112 113 114 119 267 269 272 279 289 500 503 505 511 515 576 593
 594 597 598 606 607 608 619 620 625
100 101 102 110 111 280 283 284 287 290 498 504 506 509 518 577 579
 581 584 590 603 604 605 617 618 625
96 97 98 99 109 278 281 285 286 288 502 508 510 513 517 580 582
 585 589 599 601 602 614 615 616 625
76 83 84 88 93 105 109 110 112 115 120 121 122 129 130 145 291
 294 296 299 312 382 384 390 391 631
73 82 87 90 92 99 102 108 114 118 120 127 128 142 143 144 293
 295 301 304 315 377 380 383 392 635
72 78 81 86 89 98 101 107 117 119 120 125 126 139 140 141 292
 297 305 309 314 376 385 388 393 634
71 80 85 91 94 97 100 106 113 116 120 123 124 136 137 138 300
 302 306 310 311 378 381 386 389 632
70 74 75 77 79 95 96 103 104 111 120 131 132 133 134 135 298
 303 307 308 313 379 387 394 395 633
74 81 83 90 91 199 201 212 214 446 452 459 464 465 467 547 548
 559 560 561 575 576 577 578 599 640
70 78 87 93 94 200 204 210 213 446 447 451 454 458 461 556 557
 558 569 570 587 588 589 590 598 637
71 77 82 86 88 198 202 209 211 446 453 460 463 468 471 554 555
 566 567 568 583 584 585 586 597 638
73 76 79 85 89 197 203 205 208 446 448 450 455 456 469 552 553
 564 565 571 581 582 594 595 596 639
72 75 80 84 92 196 206 207 215 446 449 457 462 466 470 549 550
 551 562 563 579 580 591 592 593 636
272 275 277 281 284 376 383 387 391 421 423 427 429 440 449 454 464
 468 469 523 526 535 539 546 573 632
268 274 280 285 289 380 382 386 394 425 428 433 436 438 448 451 467
 470 471 530 532 537 540 544 573 634
271 273 279 283 288 378 379 390 393 424 432 437 442 445 450 458 459
 463 466 522 527 538 541 543 573 635
267 270 276 278 287 385 389 392 395 426 431 435 441 444 453 456 461
 462 465 524 528 531 534 542 573 631
266 269 282 286 290 377 381 384 388 422 430 434 439 443 447 452 455
 457 460 525 529 533 536 545 573 633
26 33 39 41 241 248 253 256 261 291 292 293 302 303 427 432 436
 439 444 572 579 583 587 594 599 627
31 36 38 43 244 250 251 255 259 300 301 312 313 314 426 433 434
 440 445 572 578 582 586 590 593 630
28 30 35 42 246 252 258 260 264 297 298 299 311 315 421 424 425
 430 435 572 577 589 592 596 597 629
25 37 40 44 243 249 254 257 263 295 296 308 309 310 429 431 437
 438 443 572 576 581 585 588 591 628
27 29 32 34 242 245 247 262 265 294 304 305 306 307 422 423 428
 441 442 572 575 580 584 595 598 626
46 53 61 66 67 120 183 186 187 190 195 356 364 368 372 522 532
 533 534 535 576 580 583 590 596 646
49 52 57 60 65 120 172 173 179 189 194 358 362 369 373 531 543
 544 545 546 577 585 587 593 595 650
48 54 56 63 64 120 174 178 180 182 184 357 363 371 375 526 527
 528 529 530 575 579 582 588 597 649
45 51 62 68 69 120 171 175 177 181 192 359 360 365 367 525 539
 540 541 542 578 584 589 591 594 648
47 50 55 58 59 120 176 185 188 191 193 361 366 370 374 523 524
 536 537 538 581 586 592 598 599 647
108 109 111 113 117 244 245 257 260 261 358 359 361 364 400 403 406
 410 411 555 558 560 562 571 573 649
95 98 110 114 116 241 255 258 263 265 357 370 372 373 399 402 407
 413 419 550 561 565 567 569 573 648
97 101 103 105 118 243 247 250 253 264 362 363 367 368 396 404 409
 416 420 547 552 554 563 570 573 647
99 100 104 107 112 248 252 254 259 262 365 366 369 375 398 401 405
 408 414 548 549 556 564 568 573 646
96 102 106 115 119 242 246 249 251 256 356 360 371 374 397 412 415
 417 418 551 553 557 559 566 573 650
70 82 84 89 91 148 154 159 163 167 269 273 276 280 281 357 360
 364 369 473 477 480 492 496 572 647
72 77 85 90 93 151 161 166 169 170 270 277 283 286 289 359 363
 366 372 483 484 487 488 490 572 650
79 83 86 92 94 147 150 156 158 164 266 267 274 284 288 361 367
 371 373 476 482 486 489 495 572 646
73 74 78 80 88 153 155 160 162 168 275 279 282 285 287 358 368
 374 375 472 475 479 481 494 572 648
71 75 76 81 87 146 149 152 157 165 268 271 272 278 290 356 362
 365 370 474 478 485 491 493 572 649
2 6 14 20 21 297 302 304 308 312 475 478 482 487 492 522 523
 528 540 545 547 549 566 569 571 625
1 9 11 13 17 293 296 307 311 314 481 488 489 493 496 526 534
 536 541 544 548 551 555 565 570 625
4 10 15 16 19 292 295 299 306 313 472 476 477 484 491 524 525
 527 532 546 553 558 561 563 568 625
0 5 18 22 24 291 298 301 305 310 474 480 486 490 494 530 531
 533 538 539 550 554 557 560 564 625
3 7 8 12 23 294 300 303 309 315 473 479 483 485 495 529 535
 537 542 543 552 556 559 562 567 625
123 127 129 131 140 197 212 213 215 396 397 398 399 411 505 510 514
 518 519 526 532 538 542 545 572 638
135 138 139 142 145 196 205 209 210 408 409 410 418 419 497 499 504
 508 515 523 525 530 534 543 572 640
121 125 128 132 136 200 202 206 214 405 406 407 416 417 498 503 512
 517 520 528 533 537 541 546 572 639
130 133 137 141 143 199 203 207 211 402 403 404 414 415 501 506 511
 513 521 527 531 535 536 540 572 637
122 124 126 134 144 198 201 204 208 400 401 412 413 420 500 502 507
 509 516 522 524 529 539 544 572 636
219 222 223 229 236 299 301 302 307 309 356 359 373 375 447 448 462
 463 464 498 508 511 516 519 574 647
221 224 228 232 238 291 306 308 314 315 357 361 365 368 459 460 461
 469 470 500 501 504 510 520 574 650
217 225 231 234 235 295 303 305 311 312 367 369 372 374 456 457 458
 467 468 499 505 509 517 521 574 649
216 220 227 230 237 292 296 298 300 304 358 360 363 370 454 455 465
 466 471 502 506 512 514 515 574 646
218 226 233 239 240 293 294 297 310 313 362 364 366 371 449 450 451
 452 453 497 503 507 513 518 574 648
34 37 39 43 120 402 405 411 418 420 451 455 459 462 468 475 477
 483 486 493 600 604 607 614 623 629
28 36 40 41 120 399 401 404 410 417 447 453 466 467 469 474 479
 482 484 496 601 605 613 619 622 626
25 29 38 42 120 398 400 407 409 415 450 457 461 464 471 476 481
 485 490 492 608 612 615 617 621 627
26 31 32 35 120 397 403 408 413 416 448 449 458 460 465 473 487
 489 491 494 602 610 618 620 624 628
27 30 33 44 120 396 406 412 414 419 452 454 456 463 470 472 478
 480 488 495 603 606 609 611 616 630
1 14 19 23 24 121 123 134 139 143 360 366 368 373 421 426 428
 437 439 446 607 610 616 617 622 649
0 4 8 17 21 122 125 127 133 138 358 365 371 372 422 427 435
 438 445 446 600 609 615 618 619 647
3 13 16 20 22 126 130 131 136 142 364 367 370 375 423 424 433
 443 444 446 602 604 606 613 621 650
5 6 9 10 12 132 137 140 144 145 357 359 362 374 430 431 436
 440 442 446 601 603 612 620 623 646
2 7 11 15 18 124 128 129 135 141 356 361 363 369 425 429 432
 434 441 446 605 608 611 614 624 648
0 12 13 14 15 29 35 37 41 72 74 76 82 94 171 180 187
 188 194 497 500 506 517 519 573 630
10 11 21 22 23 28 31 34 44 73 75 86 91 93 174 186 189
 191 192 501 503 508 509 514 573 627
8 9 18 19 20 27 36 39 42 77 80 83 87 89 176 177 179
 183 184 498 507 510 515 521 573 628
6 7 16 17 24 25 26 30 43 70 81 85 88 92 172 175 178
 190 193 499 502 511 518 520 573 626
1 2 3 4 5 32 33 38 40 71 78 79 84 90 173 181 182
 185 195 504 505 512 513 516 573 629
47 60 64 66 68 147 149 155 163 169 197 210 211 214 299 303 304
 310 314 573 600 601 606 617 624 636
49 50 54 62 67 151 153 158 159 165 199 204 209 215 293 298 306
 309 312 573 608 613 616 618 623 639
46 51 58 63 65 146 148 156 168 170 200 201 205 207 292 294 301
 308 311 573 602 605 607 609 612 638
45 52 55 56 61 150 152 160 166 167 198 203 206 213 296 302 305
 313 315 573 604 611 615 620 622 640
48 53 57 59 69 154 157 161 162 164 196 202 208 212 291 295 297
 300 307 573 603 610 614 619 621 637
71 74 89 92 93 243 255 256 260 262 339 346 350 354 522 525 526
 531 537 574 601 607 611 618 621 645
75 78 82 83 85 242 250 254 258 261 338 345 349 353 529 534 538
 540 546 574 609 613 614 617 620 641
72 79 87 88 91 251 252 253 257 265 341 344 347 352 523 527 533
 542 544 574 605 606 610 615 623 644
73 77 81 84 94 241 245 249 259 264 337 340 343 351 524 530 535
 541 545 574 600 602 603 608 622 642
70 76 80 86 90 244 246 247 248 263 336 342 348 355 528 532 536
 539 543 574 604 612 616 619 624 643
96 107 110 113 118 175 179 182 186 188 196 203 204 214 421 436 441
 443 445 476 479 480 487 493 574 638
101 104 106 109 114 172 176 180 192 195 198 207 210 212 423 426 430
 432 438 473 478 481 484 486 574 639
99 105 111 116 119 174 177 185 190 194 199 202 205 213 429 433 435
 439 442 477 482 485 488 494 574 636
98 100 103 108 115 181 184 187 189 193 197 201 206 209 422 425 437
 440 444 475 490 491 495 496 574 637
95 97 102 112 117 171 173 178 183 191 200 208 211 215 424 427 428
 431 434 472 474 483 489 492 574 640
127 134 136 141 145 223 228 230 233 235 337 339 342 344 475 480 484
 485 489 573 576 579 586 589 595 641
121 124 133 140 142 217 222 227 232 239 341 345 346 351 476 478 483
 494 496 573 577 582 583 591 598 643
126 129 132 138 143 216 219 226 234 238 336 340 353 354 479 486 488
 491 492 573 584 588 593 596 599 644
123 125 130 135 144 218 221 225 229 237 338 343 348 352 472 473 482
 490 493 573 578 580 581 587 597 645
122 128 131 137 139 220 224 231 236 240 347 349 350 355 474 477 481
 487 495 573 575 585 590 592 594 642
30 34 38 41 96 101 108 112 116 150 155 157 159 170 224 229 230
 234 239 446 527 534 537 539 545 628
31 33 37 42 99 103 106 110 117 147 151 152 154 168 222 226 228
 231 237 446 522 530 536 542 546 626
27 35 40 43 97 107 111 114 115 149 153 156 161 167 219 221 227
 235 240 446 523 529 531 532 541 627
25 28 32 39 95 100 109 118 119 148 160 164 165 169 217 218 220
 223 238 446 525 528 535 538 544 630
26 29 36 44 98 102 104 105 113 146 158 162 163 166 216 225 232
 233 236 446 524 526 533 540 543 629
122 135 136 140 143 151 156 157 160 163 171 172 184 185 186 242 248
 255 257 264 452 458 462 469 471 625
123 126 128 133 145 146 150 153 154 169 182 183 192 193 194 241 247
 251 254 260 447 450 465 468 470 625
121 131 138 141 144 147 162 165 167 170 179 180 181 190 191 244 249
 253 258 262 451 456 460 464 466 625
124 127 130 132 139 148 152 155 158 161 177 178 188 189 195 245 250
 252 256 263 449 455 461 463 467 625
125 129 134 137 142 149 159 164 166 168 173 174 175 176 187 243 246
 259 261 265 448 453 454 457 459 625
1 12 16 18 21 146 151 155 164 167 377 385 390 394 409 411 413
 414 417 574 590 591 595 597 599 632
5 15 17 20 23 149 154 158 160 170 382 383 389 393 397 400 404
 405 419 574 578 579 585 596 598 633
4 7 9 14 22 150 161 163 165 168 376 379 380 381 399 406 408
 415 420 574 576 582 584 587 592 631
0 3 6 11 19 147 148 153 157 166 386 388 391 395 396 401 403
 407 418 574 577 580 586 588 594 635
2 8 10 13 24 152 156 159 162 169 378 384 387 392 398 402 410
 412 416 574 575 581 583 589 593 634
26 34 40 42 45 53 54 58 60 121 126 127 135 137 273 278 282
 284 289 551 554 556 561 571 574 630
35 38 39 44 49 51 56 59 66 129 133 136 139 144 268 269 277
 287 288 549 553 560 567 570 574 626
28 29 33 43 48 50 61 65 68 124 125 131 143 145 267 271 275
 280 286 548 550 552 558 566 574 628
30 32 36 37 46 55 57 62 64 128 130 134 138 140 270 274 279
 281 290 547 557 562 565 568 574 627
25 27 31 41 47 52 63 67 69 122 123 132 141 142 266 272 276
 283 285 555 559 563 564 569 574 629
3 10 14 17 18 46 52 54 59 68 102 103 107 109 116 339 343
 347 353 447 449 456 459 471 572 643
5 7 13 19 21 48 51 55 60 67 97 104 108 110 119 337 345
 348 350 453 455 458 464 470 572 644
1 6 8 15 22 45 50 57 63 66 95 99 101 113 115 336 344
 349 351 448 452 461 466 468 572 645
0 2 9 16 23 49 58 61 64 69 98 106 111 112 118 340 346
 352 355 451 457 463 465 469 572 641
4 11 12 20 24 47 53 56 62 65 96 100 105 114 117 338 341
 342 354 450 454 460 462 467 572 642
173 184 188 190 192 223 232 234 237 240 376 384 389 394 549 554 558
 559 565 572 601 604 608 609 610 635
176 178 181 186 194 227 229 231 233 238 381 383 390 395 551 552 560
 568 569 572 606 612 614 618 622 634
175 180 183 185 189 217 221 226 230 236 377 386 387 393 548 557 563
 567 571 572 600 605 616 620 621 631
172 177 182 187 191 219 220 225 228 239 379 382 388 392 547 550 553
 555 556 572 603 607 613 615 624 632
171 174 179 193 195 216 218 222 224 235 378 380 385 391 561 562 564
 566 570 572 602 611 617 619 623 633
178 179 185 187 192 268 276 279 284 286 293 299 300 305 308 336 339
 345 352 397 407 410 414 420 446 642
175 184 191 194 195 266 271 281 287 289 294 295 298 302 314 342 343
 346 349 399 403 405 409 412 446 644
171 176 182 189 190 270 272 280 282 288 291 304 309 311 313 337 341
 353 355 401 411 415 416 419 446 645
173 177 180 186 193 269 274 275 278 283 292 307 310 312 315 338 340
 344 350 398 404 406 413 418 446 643
172 174 181 183 188 267 273 277 285 290 296 297 301 303 306 347 348
 351 354 396 400 402 408 417 446 641
24 44 69 94 119 145 170 195 215 240 265 290 315 335 375 395 420
 445 471 496 521 546 571 599 624 645
9 29 47 75 115 139 151 182 200 223 243 284 315 332 364 386 402
 432 456 494 502 545 568 578 619 644
22 36 47 92 110 137 160 195 209 229 253 286 297 325 369 387 411
 428 465 485 500 541 553 588 609 643
13 26 69 87 101 134 167 182 205 226 255 277 299 334 358 381 405
 431 467 495 501 538 566 580 608 643
3 31 66 80 108 135 165 175 200 227 252 270 305 326 373 384 404
 438 450 477 500 526 566 599 603 641
22 30 61 74 109 141 146 177 197 237 248 277 295 328 373 386 416
 445 453 492 504 529 551 598 623 642
19 29 52 91 114 133 168 185 197 238 249 278 297 331 363 384 405
 436 463 489 499 539 562 590 613 645
17 44 67 76 95 143 155 182 201 227 262 281 297 321 361 378 418
 433 457 484 498 542 554 587 620 642
20 33 59 94 95 140 153 190 214 236 243 283 294 318 369 380 410
 426 455 491 501 539 551 597 615 641
15 42 59 93 111 142 146 172 215 229 250 275 305 320 360 378 401
 436 460 495 513 528 565 576 600 644
13 42 56 91 107 122 158 193 202 234 244 286 304 321 362 395 399
 432 448 472 504 535 557 591 607 641
23 36 67 85 103 126 148 173 213 230 248 271 299 322 371 380 402
 441 460 481 517 523 560 591 603 645
10 36 69 70 117 127 165 185 214 239 241 267 311 329 368 390 418
 423 448 490 506 529 549 585 611 644
14 26 47 80 112 128 156 181 212 222 250 268 298 317 357 393 418
 443 453 488 509 535 558 595 615 645
0 26 52 83 108 140 149 195 204 228 251 269 311 323 366 394 402
 429 466 472 508 528 552 584 621 642
14 40 57 70 110 125 155 191 198 232 251 272 293 316 363 386 398
 442 462 495 521 525 560 596 602 641
16 44 63 82 100 125 150 185 210 235 245 270 298 320 362 382 402
 434 464 479 510 522 551 594 610 643
8 33 56 74 119 128 161 175 207 225 257 276 306 322 370 390 401
 440 451 489 508 545 554 596 617 643
11 37 66 84 102 125 170 193 212 220 248 282 306 334 367 394 410
 421 463 485 507 531 569 582 620 644
19 33 66 72 118 130 167 172 209 216 254 272 307 329 371 389 399
 434 459 494 509 537 571 589 612 642
12 26 63 77 116 130 153 173 206 231 244 288 297 333 356 392 420
 438 469 480 514 525 548 598 617 644
17 35 64 80 96 141 166 192 209 217 245 273 291 330 370 380 398
 431 452 482 516 546 552 590 607 644
16 38 68 75 97 121 148 184 212 233 265 283 309 319 358 392 408
 436 468 482 500 536 557 596 611 642
1 31 49 89 116 127 160 193 196 221 246 290 294 332 363 379 401
 431 464 486 517 540 558 583 606 642
11 30 48 94 118 132 163 183 198 231 261 287 309 332 365 384 397
 433 466 490 513 523 561 595 607 643
13 34 50 79 98 144 168 183 213 219 250 270 310 330 369 390 403
 421 471 478 520 525 559 579 619 642
2 27 46 82 119 133 151 191 206 230 252 275 291 317 367 381 400
 426 448 493 518 543 561 588 601 642
4 25 54 73 115 124 170 171 213 231 260 269 314 329 370 387 414
 436 453 486 498 543 547 580 610 641
18 28 53 70 106 122 166 188 205 227 254 279 314 323 367 392 406
 428 464 491 513 545 567 579 623 645
6 44 52 74 118 124 159 181 202 221 242 274 299 324 372 376 411
 426 450 474 515 536 556 579 602 644
21 36 63 88 106 135 169 181 208 234 261 280 315 318 370 388 405
 442 449 476 519 531 570 576 616 642
19 43 62 79 102 137 169 186 201 226 263 268 291 320 375 376 409
 435 466 473 517 545 555 598 611 641
15 26 67 89 96 138 161 185 211 237 259 287 315 319 367 391 411
 437 447 478 503 544 550 575 612 641
18 29 63 86 97 144 154 195 199 217 257 282 299 328 365 379 418
 444 454 487 518 537 565 593 622 641
20 29 67 73 111 129 152 181 196 220 254 289 311 316 373 385 420
 427 452 473 520 527 557 586 601 643
2 41 50 85 117 130 149 179 201 223 264 282 295 324 360 395 408
 442 470 486 503 526 567 590 615 643
3 41 48 70 99 138 156 176 215 217 260 289 296 327 362 376 413
 441 463 475 501 533 553 578 617 642
23 32 45 83 96 144 151 187 202 233 241 272 314 327 375 378 396
 438 455 492 499 531 558 592 605 643
4 27 57 94 109 144 152 186 205 224 246 280 303 319 366 393 407
 434 465 475 511 526 554 591 613 644
21 37 49 79 113 145 157 190 211 238 256 273 305 317 366 392 399
 425 454 481 498 529 563 578 602 643
9 33 51 82 109 138 149 193 208 233 263 266 305 330 368 387 417
 433 462 487 514 527 556 577 608 645
23 37 59 78 104 124 150 175 205 223 253 278 304 333 357 391 417
 424 452 490 521 532 555 593 618 642
8 43 46 71 98 121 160 174 210 237 254 269 293 327 361 395 415
 424 467 487 519 539 563 595 603 644
20 43 64 84 104 127 164 191 203 231 257 277 292 324 362 378 407
 425 447 494 500 534 559 584 616 645
22 37 51 71 105 143 159 178 206 218 241 289 307 323 358 393 401
 430 456 476 510 523 559 590 624 641
18 33 49 76 100 134 156 178 213 232 249 285 304 325 359 388 404
 445 468 473 503 534 561 592 621 644
6 38 48 93 114 126 160 179 205 225 245 266 310 317 356 394 416
 427 459 496 506 542 568 592 616 641
7 35 57 87 112 123 158 174 214 238 242 282 292 322 359 387 409
 438 456 496 513 522 550 586 604 642
7 39 54 79 105 140 167 187 196 234 245 275 301 326 365 386 412
 424 465 484 503 536 569 585 617 645
4 31 51 77 112 126 164 172 199 240 258 281 304 331 374 386 410
 437 461 493 519 533 552 579 611 643
2 31 56 83 101 137 148 190 197 235 260 279 307 316 365 383 417
 443 471 483 497 524 550 587 616 644
8 29 69 93 107 136 147 173 198 218 263 273 298 326 374 383 411
 439 470 491 511 534 547 582 605 642
3 27 62 76 118 139 154 174 211 239 258 286 302 333 358 394 398
 440 458 486 520 524 551 576 605 645
5 41 65 88 103 128 167 177 210 238 246 284 309 335 372 378 403
 428 452 493 514 524 549 582 621 641
0 42 66 75 114 123 162 178 203 230 259 280 294 335 361 376 417
 444 458 488 516 525 547 585 623 643
10 32 60 80 101 129 154 171 203 232 256 266 301 320 372 395 406
 437 451 485 502 523 548 597 613 642
14 42 51 86 115 132 166 190 210 239 255 271 306 324 375 377 404
 427 465 480 505 544 562 581 614 642
7 44 47 72 109 131 157 173 203 219 247 279 311 327 360 377 405
 440 461 482 507 530 561 583 618 641
11 36 52 81 99 121 164 182 207 224 256 275 298 330 359 389 420
 422 458 492 497 532 567 581 606 641
16 39 53 78 113 128 149 171 198 230 262 286 312 331 373 379 396
 435 449 496 501 530 559 581 612 644
17 38 65 86 111 137 165 183 206 232 242 276 295 334 366 391 413
 432 455 479 519 530 547 589 606 645
7 38 61 91 115 127 169 176 204 216 262 285 308 333 367 393 403
 439 462 474 497 546 565 597 603 643
16 35 55 83 116 132 162 186 207 223 247 289 293 329 369 388 400
 437 454 474 504 542 566 582 600 645
6 35 62 89 108 122 146 191 213 218 265 284 303 318 368 389 415
 443 463 484 512 530 548 593 614 643
21 30 68 72 100 142 158 179 200 226 241 269 296 316 374 379 403
 426 469 485 516 532 554 575 614 645
0 34 48 78 102 129 151 177 214 235 244 281 308 325 370 389 408
 430 450 495 511 544 563 583 622 645
1 27 55 74 100 129 147 192 204 229 264 271 292 334 357 392 415
 433 449 483 499 533 571 585 619 641
8 28 60 92 117 132 146 187 212 221 249 281 312 333 366 381 419
 441 471 494 516 527 570 594 604 641
12 40 55 81 106 143 170 174 197 236 250 266 291 326 364 379 407
 441 468 472 515 544 549 589 618 643
10 37 56 90 98 131 155 172 204 217 261 284 294 319 356 381 404
 435 470 492 515 541 564 586 610 645
6 39 58 71 102 134 161 180 199 229 247 267 314 316 364 384 419
 425 458 479 514 546 564 591 615 642
10 30 50 76 119 123 166 184 196 222 253 288 308 331 364 383 413
 434 467 481 512 531 556 584 600 641
5 31 59 87 96 121 169 178 198 219 264 274 306 328 364 385 399
 429 457 475 506 543 548 594 609 645
21 32 53 87 116 139 168 180 215 216 248 276 313 324 361 382 412
 443 468 490 511 541 552 577 601 641
2 25 60 75 107 143 150 180 209 228 246 287 300 318 359 390 396
 427 467 477 507 533 565 598 602 645
12 42 49 73 97 141 163 175 201 224 251 267 307 327 372 382 410
 439 449 478 512 538 568 588 604 645
0 40 62 85 99 131 150 189 196 233 255 276 292 328 374 384 400
 428 459 478 498 535 570 597 624 644
24 38 50 73 107 135 164 177 211 236 247 272 296 323 357 381 397
 444 451 484 517 522 562 577 609 644
24 35 46 77 101 142 163 189 208 220 262 278 302 325 371 390 407
 429 470 479 505 536 558 578 623 641
12 34 68 84 113 133 152 176 209 240 255 274 295 322 368 388 397
 424 464 488 502 528 564 587 605 641
14 34 61 90 105 136 154 179 207 227 259 290 309 318 371 387 413
 425 461 472 499 538 555 594 601 644
3 25 58 86 114 145 155 187 208 222 264 277 313 322 369 389 406
 439 466 493 510 540 557 575 618 644
1 41 68 92 106 140 161 183 203 218 258 278 308 321 375 382 416
 422 454 477 509 543 560 586 608 644
1 25 53 93 97 131 159 194 214 237 252 268 301 330 371 388 419
 432 469 475 521 524 562 584 620 643
5 25 45 91 111 125 157 188 207 226 258 288 312 325 368 380 412
 444 447 483 515 526 568 595 624 642
5 27 64 72 95 136 168 189 212 234 260 267 293 323 356 391 409
 445 460 477 502 540 556 581 622 643
11 32 58 77 108 136 152 194 210 236 253 285 312 321 360 376 414
 431 459 476 518 529 550 596 619 645
15 40 64 92 103 145 159 186 200 225 244 285 302 331 365 385 415
 423 455 488 507 538 567 577 610 642
19 28 58 88 99 141 158 171 206 219 243 290 300 319 357 394 412
 423 450 487 505 534 560 587 600 643
20 28 45 81 103 123 163 180 204 240 263 270 301 317 358 391 414
 442 457 489 504 537 553 583 614 644
13 40 46 88 117 124 157 192 199 216 259 283 303 332 373 383 409
 422 451 480 510 528 553 592 620 645
15 34 65 71 104 139 147 184 208 221 251 279 296 329 359 380 416
 435 457 480 518 535 569 599 613 643
18 43 55 90 113 126 165 189 202 222 243 287 303 335 360 382 398
 430 469 489 497 527 569 580 609 642
9 43 57 78 105 135 148 192 215 228 249 288 302 321 372 377 400
 421 453 491 506 537 564 575 606 643
24 39 60 84 98 138 153 188 200 224 242 271 313 328 363 383 414
 430 448 482 509 542 555 576 621 643
23 30 65 82 95 122 162 176 199 228 256 268 310 326 363 385 408
 440 447 476 505 541 571 580 604 644
22 32 54 89 112 133 147 188 201 225 261 283 300 335 362 377 419
 429 462 481 520 532 566 589 622 644
4 41 61 81 110 134 153 184 202 220 252 273 310 320 361 377 397
 423 456 483 508 540 570 593 612 645
17 39 45 90 104 130 156 194 197 239 265 280 300 332 374 385 406
 421 460 474 508 522 563 588 608 641
9 28 54 85 110 142 162 194 211 235 257 274 313 334 356 393 396
 422 461 473 512 539 549 599 607 642
17 27 66 79 110 126 159 171 207 236 249 279 315 328 346 362 408
 439 467 490 514 528 558 586 614 632
9 44 68 88 108 126 156 180 196 237 256 272 306 333 342 369 407
 435 448 483 513 538 547 590 622 633
18 25 48 71 101 130 168 191 204 233 242 273 315 321 341 373 410
 440 465 488 517 532 549 594 600 633
22 33 46 83 111 127 166 180 211 224 264 268 309 321 348 374 405
 441 450 496 502 525 569 593 610 632
23 26 62 74 115 125 152 179 208 217 247 283 301 331 337 361 399
 430 471 477 513 534 549 588 606 632
15 31 53 79 119 143 153 179 210 233 261 277 311 325 343 357 398
 422 463 474 502 537 547 591 604 631
12 31 54 71 95 125 156 177 203 216 253 287 299 330 355 366 400
 423 470 496 499 545 557 576 614 635
14 31 58 84 100 131 149 183 202 225 256 288 315 329 345 358 409
 441 452 484 511 539 565 588 623 634
4 35 69 88 104 143 148 183 204 222 244 274 305 327 349 363 419
 444 459 485 503 545 551 581 601 632
15 38 58 70 109 140 162 174 209 226 252 271 304 332 338 372 420
 443 470 489 498 531 559 594 622 632
13 38 54 81 100 128 166 186 208 228 258 267 294 328 336 360 411
 438 463 494 521 523 563 587 601 633
20 44 50 70 116 121 161 171 197 228 261 285 305 334 350 371 409
 430 465 493 516 535 568 593 605 635
19 44 61 92 101 135 149 188 199 231 241 276 294 317 353 359 398
 424 460 475 512 544 557 582 619 632
9 25 50 84 96 128 147 189 205 216 265 289 297 320 339 365 404
 426 458 472 519 529 560 583 604 632
12 36 58 91 119 129 150 172 211 227 263 283 293 324 349 365 416
 421 456 475 516 530 558 580 621 633
24 27 51 78 106 127 157 194 209 225 243 270 299 316 347 361 413
 436 466 492 503 535 548 582 604 633
21 33 62 80 107 121 163 187 205 229 260 288 295 335 340 363 402
 423 461 474 518 544 559 586 620 633
1 35 52 85 98 145 165 177 212 231 259 279 304 320 348 364 412
 427 462 476 501 537 554 588 605 633
5 42 69 74 113 130 150 174 200 220 249 268 314 319 353 369 413
 422 462 484 518 523 552 583 616 635
12 38 60 85 118 134 158 191 207 237 260 280 305 331 347 375 418
 429 452 491 510 541 569 583 619 631
16 29 51 80 103 140 169 191 202 224 259 276 296 325 344 356 419
 421 467 486 513 529 571 587 618 635
16 27 56 71 99 135 170 187 214 232 263 274 297 332 337 360 403
 427 447 481 509 538 552 593 623 631
17 32 56 75 106 145 163 179 199 219 252 289 292 333 351 368 411
 434 453 495 517 539 569 581 621 635
11 33 64 87 97 126 162 188 206 239 246 269 308 320 349 373 411
 442 471 484 499 535 564 578 618 631
5 30 63 75 98 127 147 171 202 227 247 275 302 322 354 366 410
 443 459 473 521 544 553 590 608 631
1 30 47 91 104 126 152 187 215 235 242 267 291 318 343 358 404
 429 451 487 498 525 567 582 612 635
3 30 69 73 105 137 151 188 210 221 262 280 292 330 345 356 399
 437 468 489 507 528 560 593 615 633
21 26 46 94 114 131 154 177 209 223 242 285 314 326 336 362 401
 421 457 483 512 527 560 581 611 631
21 41 64 71 115 144 148 172 196 236 259 286 298 334 353 368 406
 429 450 489 521 542 561 598 604 634
22 41 55 84 114 139 169 175 199 232 244 275 311 319 352 371 396
 431 471 491 498 522 556 595 614 633
10 41 62 78 111 136 164 178 197 216 251 271 315 317 351 369 419
 438 464 487 507 536 554 580 607 631
23 41 46 79 97 129 165 193 198 225 255 280 297 323 342 359 414
 443 461 494 515 546 551 575 600 635
18 40 61 94 96 139 162 172 201 218 260 270 312 322 345 357 405
 427 448 485 514 536 563 584 606 635
14 36 60 93 95 144 157 175 206 235 254 285 292 335 341 364 397
 435 463 486 504 536 552 575 608 632
24 29 59 89 99 130 165 186 210 234 251 266 308 322 355 358 396
 425 453 483 516 541 561 579 620 632
0 38 53 92 95 130 163 192 213 222 246 275 306 316 337 362 405
 437 456 487 515 529 555 599 605 634
6 27 49 90 103 121 150 188 208 216 257 281 311 326 338 375 397
 432 453 485 501 525 550 590 600 634
20 25 61 79 108 138 151 174 212 232 247 278 299 335 349 374 401
 434 449 480 506 541 567 587 607 634
24 32 66 86 103 124 146 176 196 235 258 273 293 319 350 359 405
 433 469 472 506 545 559 588 615 631
5 28 52 77 105 139 156 193 214 230 261 273 295 316 336 375 415
 434 451 478 500 542 565 580 618 632
2 30 67 86 102 121 168 194 203 240 245 286 303 329 344 357 401
 438 462 491 515 538 570 578 621 632
10 26 57 72 97 143 147 176 213 220 245 276 312 332 346 375 417
 425 450 493 504 539 567 576 609 633
20 37 48 75 112 141 169 195 213 221 255 288 293 326 347 360 406
 422 448 479 499 524 554 577 612 632
18 37 50 91 108 132 160 182 208 240 259 268 292 316 346 372 396
 423 460 482 511 543 551 589 617 631
0 31 60 90 109 124 167 184 215 236 241 268 297 322 344 367 415
 442 454 479 520 534 568 581 607 633
1 42 67 94 105 128 157 191 197 217 263 269 313 333 352 359 408
 423 459 479 502 531 566 579 609 634
6 29 56 87 110 138 164 192 201 230 250 285 309 329 343 366 406
 424 469 477 505 531 551 583 624 633
11 39 46 92 115 123 155 173 202 226 257 289 305 318 355 357 408
 445 464 478 506 524 552 589 613 633
7 34 56 76 103 142 153 185 212 218 256 280 314 324 340 373 400
 431 466 487 521 533 568 589 609 632
8 44 48 81 96 137 167 194 200 222 248 283 304 323 352 368 400
 425 449 486 505 525 565 586 613 631
21 39 57 85 111 141 159 182 210 222 263 278 294 329 354 367 397
 440 471 472 500 533 548 592 622 635
15 43 60 77 100 122 168 195 196 239 247 274 309 317 352 370 417
 439 456 492 501 526 560 589 620 635
19 25 65 90 116 140 152 192 211 225 262 282 298 327 340 364 417
 445 448 495 500 523 570 579 614 631
7 32 49 93 99 125 162 183 197 240 264 284 302 323 353 370 418
 426 467 480 500 527 555 591 612 633
23 33 57 77 114 137 146 171 204 234 252 287 296 324 339 364 418
 422 464 482 520 538 563 582 624 634
8 37 61 86 116 142 148 181 214 219 251 287 291 331 338 362 414
 428 458 484 502 526 571 592 608 633
9 40 48 76 116 133 158 175 210 220 264 279 301 318 344 366 411
 444 460 492 509 546 559 580 611 634
5 35 47 70 102 124 164 179 206 237 255 270 294 321 340 365 396
 439 468 481 508 527 571 576 613 634
13 31 45 78 118 145 161 176 201 232 248 269 298 318 354 356 407
 428 456 482 518 527 562 585 600 632
19 40 50 82 112 136 146 190 203 217 246 274 314 325 354 358 420
 432 449 490 508 542 569 575 603 633
0 36 45 73 100 139 159 190 212 219 257 266 303 321 339 363 413
 424 470 493 513 546 566 598 612 631
3 42 47 82 98 134 170 192 196 238 257 287 312 323 351 371 416
 442 455 474 511 532 548 587 611 632
17 29 49 77 117 128 148 174 203 229 255 272 310 318 345 367 412
 430 466 475 504 532 556 599 610 631
7 29 66 83 106 134 160 189 215 239 244 283 295 330 354 357 414
 435 447 493 512 523 554 594 602 634
7 27 59 84 117 137 155 180 213 233 254 290 298 331 336 372 416
 444 469 476 508 544 566 578 607 635
18 44 65 85 112 127 153 187 198 226 253 266 307 319 351 370 415
 421 458 477 504 528 562 578 601 634
16 34 66 94 117 122 161 182 206 238 253 271 301 327 339 374 398
 429 453 473 515 540 565 577 616 633
8 25 68 78 112 134 154 186 206 236 245 284 311 324 348 363 399
 433 460 478 497 531 553 599 623 635
6 32 51 73 117 131 158 184 198 227 246 278 291 334 352 369 402
 445 447 488 497 537 563 576 617 632
16 32 59 91 110 143 166 177 200 221 260 282 303 317 342 371 420
 440 466 478 519 534 564 585 608 634
12 43 45 80 109 142 147 182 199 230 242 290 308 323 350 369 399
 427 463 490 503 524 570 596 610 634
4 28 67 83 98 136 167 175 208 229 256 282 308 332 347 362 398
 426 468 488 506 530 562 598 624 635
2 28 47 89 113 144 153 178 207 239 248 278 296 326 337 372 409
 433 459 495 519 546 557 584 610 633
10 33 55 89 115 135 158 194 212 230 258 277 310 327 341 365 420
 428 457 479 511 528 555 590 602 635
2 35 63 81 105 131 160 176 211 226 251 281 306 335 339 373 406
 436 455 490 509 534 556 591 619 635
3 35 67 92 113 125 169 184 205 228 250 290 307 324 341 374 414
 432 451 492 514 539 561 585 622 631
4 42 63 76 102 140 159 189 198 223 254 277 300 317 350 368 403
 441 451 482 499 541 550 599 606 633
14 38 45 88 119 138 146 189 214 231 264 286 307 326 346 361 402
 431 454 473 507 532 564 579 613 635
23 39 55 70 107 142 157 195 201 231 249 284 306 330 344 358 416
 434 450 488 519 540 550 597 601 631
6 34 59 82 106 141 156 173 204 220 241 286 313 335 348 365 409
 437 467 494 498 526 562 596 606 631
14 43 53 83 118 141 152 185 200 234 265 281 310 334 351 359 401
 444 470 481 514 543 553 597 618 633
11 41 57 90 107 133 160 190 200 233 250 267 299 333 350 370 412
 437 457 473 510 530 571 584 623 632
8 40 65 72 108 129 163 178 202 223 258 290 313 330 343 367 418
 436 465 481 501 522 564 598 616 632
20 40 68 74 101 144 166 193 215 238 252 281 300 329 355 356 402
 439 458 476 503 530 555 595 609 631
2 42 52 72 104 138 155 186 199 218 243 288 301 334 342 370 397
 428 468 496 520 529 558 594 603 631
13 36 53 86 109 133 170 178 204 221 243 272 302 320 340 374 408
 425 452 477 512 542 550 595 617 635
15 36 54 75 118 136 155 193 205 240 249 276 291 327 348 373 403
 430 454 483 505 522 548 584 615 634
17 34 51 74 99 123 167 195 211 223 261 267 312 320 341 363 407
 443 469 491 507 543 557 592 603 634
1 28 69 80 102 133 149 172 213 234 253 289 309 328 338 361 407
 440 455 480 497 522 568 575 602 631
4 30 52 93 113 135 154 180 201 219 265 271 293 325 355 367 417
 431 455 494 510 535 549 586 617 634
11 26 55 82 111 145 168 184 214 218 262 272 300 328 347 372 404
 424 461 486 516 545 553 591 616 634
19 37 68 73 96 122 165 173 207 235 250 277 302 332 336 361 419
 442 465 496 518 533 556 597 621 634
10 39 64 81 114 122 150 181 215 237 243 282 307 325 345 366 403
 433 461 480 517 543 566 596 605 632
0 43 54 87 119 132 154 173 197 229 262 270 296 319 342 368 410
 432 452 476 509 540 567 592 602 632
22 26 64 76 107 124 151 183 207 238 265 266 313 316 338 360 410
 435 464 475 505 537 570 585 603 635
22 39 62 88 97 132 170 185 203 228 254 273 304 322 343 356 413
 426 457 495 497 526 558 577 619 634
13 43 58 89 95 123 151 181 198 224 245 279 295 333 353 371 404
 436 454 485 508 533 549 577 624 631
3 28 63 87 104 129 161 190 209 224 241 284 310 331 346 360 400
 445 462 472 517 536 547 595 620 634
9 37 65 93 101 123 164 185 209 227 244 269 303 328 337 375 412
 441 449 474 520 540 561 596 615 635
24 34 49 72 110 132 149 181 205 217 248 275 300 321 349 364 415
 438 447 489 510 524 547 597 611 635
120 316 317 318 319 320 321 322 323 324 325 326 327 328 329 330 331
 332 333 334 335 446 572 573 574 625
24 31 61 82 97 140 158 182 229 249 289 303 324 336 370 391 406
 435 459 481 507 525 549 595 605 637
9 41 56 73 95 121 146 195 226 242 270 300 331 348 367 388 398
 425 459 480 511 523 558 585 618 636
22 27 53 81 108 145 158 173 217 255 287 308 329 353 363 378 417
 421 451 473 519 536 568 594 615 636
13 25 64 83 99 139 146 173 227 253 280 306 317 343 372 379 397
 430 462 479 503 539 571 586 611 637
3 44 45 89 97 128 168 172 223 244 271 291 316 340 366 387 397
 422 467 476 506 534 569 597 623 636
22 43 69 82 103 129 155 179 236 260 278 306 332 341 366 388 412
 438 458 482 512 535 565 579 612 640
19 41 59 86 100 127 163 182 237 265 279 312 326 349 356 387 400
 430 451 488 520 531 552 591 602 640
17 31 48 72 115 134 146 185 224 263 282 302 335 338 369 392 396
 424 451 476 515 535 560 584 601 639
15 39 52 86 112 131 151 175 216 260 290 310 321 337 368 392 407
 442 467 473 516 523 551 582 609 637
13 39 47 73 116 125 154 172 233 252 274 308 335 346 359 391 415
 441 466 491 505 529 554 590 616 640
20 38 46 76 113 132 147 172 235 241 282 315 330 352 363 376 412
 428 453 477 508 538 548 591 618 637
14 32 50 92 104 122 167 174 230 263 287 311 328 340 356 388 410
 436 450 483 510 546 554 578 606 637
10 27 58 85 96 125 163 195 238 244 268 296 318 350 373 377 401
 424 468 494 497 542 547 579 608 637
23 27 60 88 116 131 166 182 218 250 269 295 325 351 365 376 410
 425 462 489 506 522 557 599 612 639
14 25 62 77 106 129 162 182 221 248 267 305 319 344 362 383 403
 424 455 496 508 537 561 590 609 636
0 25 46 80 110 144 158 185 240 261 271 307 333 354 360 385 416
 425 468 484 501 545 556 582 606 640
11 35 50 71 109 127 154 175 234 249 283 313 317 345 375 385 402
 428 469 495 515 533 547 587 612 636
13 28 66 71 111 140 150 179 231 265 285 291 322 342 363 377 418
 437 449 492 511 524 556 578 609 639
11 43 67 72 106 144 150 177 232 264 273 294 331 339 358 387 419
 443 448 474 505 528 568 599 617 637
18 34 47 81 111 138 148 171 225 246 277 293 333 344 375 384 399
 426 470 476 512 522 552 585 620 637
16 31 50 74 114 138 163 173 239 254 284 291 321 347 359 393 412
 425 455 485 521 528 570 580 622 638
16 33 54 86 104 123 157 179 220 250 281 315 323 354 372 384 415
 431 448 475 497 541 560 598 605 636
17 37 69 83 100 135 153 191 216 246 286 301 322 350 364 376 416
 436 461 478 505 527 567 595 622 636
4 26 68 86 99 129 160 188 230 249 270 307 318 352 364 378 409
 440 470 474 521 529 569 577 607 639
19 38 57 74 98 142 151 178 240 253 273 311 318 342 365 382 406
 441 447 486 514 535 566 581 620 636
2 36 59 76 108 125 167 192 231 242 289 310 319 354 375 379 419
 439 461 489 502 535 563 577 623 638
8 38 62 94 104 141 168 193 227 256 289 299 325 353 364 377 396
 442 469 493 509 528 550 585 610 640
12 25 57 89 103 136 166 195 219 241 275 304 334 345 361 384 408
 435 451 474 509 527 551 578 616 638
1 44 58 83 107 138 154 178 220 255 275 303 331 341 356 380 403
 442 453 490 500 545 563 589 604 639
23 40 66 89 105 132 164 180 222 242 286 311 320 347 370 392 403
 445 470 475 518 539 568 587 608 640
19 30 53 84 103 144 156 174 223 251 283 305 321 346 370 381 411
 427 461 479 497 540 548 585 624 639
6 31 68 76 111 128 162 195 234 243 273 292 327 337 371 381 414
 421 462 490 510 544 567 598 613 640
21 27 45 92 112 124 162 185 220 251 277 309 330 342 364 395 404
 430 459 491 517 530 565 587 617 638
3 29 55 88 95 127 159 179 240 248 288 314 320 338 359 381 417
 429 465 478 509 530 563 596 607 637
4 36 66 74 116 145 156 191 226 245 278 309 323 345 360 383 396
 432 457 487 520 544 564 597 604 637
20 41 51 91 118 135 162 173 222 245 290 314 328 339 366 390 415
 435 468 495 502 532 550 588 620 639
2 29 57 92 100 126 170 177 227 261 268 313 327 347 368 391 399
 431 458 480 508 536 559 597 600 639
15 25 55 87 117 133 163 181 235 256 286 294 323 355 375 386 413
 421 459 482 514 534 554 593 603 639
18 41 66 93 119 137 158 181 228 247 281 313 332 340 358 380 407
 424 462 478 499 529 548 581 610 638
22 35 48 79 100 121 152 172 230 243 276 314 333 355 372 383 418
 442 447 472 507 540 562 599 608 638
21 35 61 78 95 137 147 193 239 257 272 301 319 343 360 384 420
 441 467 488 510 543 568 579 621 639
23 35 68 90 119 135 168 178 224 254 266 312 334 354 362 386 411
 423 466 480 498 524 565 583 615 637
10 40 51 87 113 141 160 187 231 247 280 298 321 338 371 391 408
 426 463 483 520 545 565 599 621 636
8 30 54 90 106 139 149 191 238 255 285 307 320 337 369 391 420
 444 450 482 506 533 558 591 620 638
6 33 60 91 105 142 170 183 223 255 279 298 319 355 361 385 398
 438 449 493 517 529 553 584 622 637
7 42 46 90 96 145 164 171 221 253 276 310 316 349 358 388 402
 433 463 491 509 526 549 598 622 639
14 39 67 91 101 145 147 178 236 246 270 295 327 338 370 394 400
 422 469 494 513 541 556 593 611 638
0 39 63 93 96 143 152 193 232 258 279 309 324 347 369 381 409
 423 453 489 512 532 571 578 603 636
7 37 63 89 118 121 149 192 236 252 267 313 325 342 374 378 413
 427 471 488 504 545 560 580 613 637
20 30 58 78 110 133 167 189 218 259 266 306 327 336 359 392 418
 432 471 474 517 526 552 576 610 636
8 41 49 75 109 126 166 185 231 262 274 301 316 341 357 389 409
 421 455 472 518 541 566 576 624 637
18 38 64 82 105 123 152 175 219 248 284 297 329 350 374 395 419
 422 466 483 501 544 558 576 602 639
5 29 62 81 109 135 155 183 235 253 269 300 324 346 371 392 401
 437 448 488 501 546 569 592 604 638
9 38 55 72 102 122 154 190 221 261 278 298 322 351 373 378 414
 423 467 475 503 525 552 588 624 638
3 36 56 94 112 143 149 189 237 247 273 308 334 344 372 385 412
 436 464 494 518 525 555 592 614 639
2 44 53 77 115 140 147 175 238 250 280 293 328 348 358 389 413
 423 447 485 517 527 564 592 607 640
4 44 60 87 111 130 151 193 217 259 267 302 326 339 357 388 416
 428 466 481 497 539 559 596 614 638
0 28 51 79 107 128 155 176 237 242 283 302 329 351 364 382 420
 431 460 485 499 526 561 593 616 637
12 32 48 88 98 123 149 186 239 249 277 298 316 339 367 380 401
 432 461 477 498 536 571 593 609 640
7 31 65 94 107 130 166 181 230 257 278 293 320 346 368 394 419
 430 468 492 498 538 553 575 619 636
16 37 67 87 109 137 156 189 225 258 275 314 318 351 363 395 397
 439 450 480 516 537 549 584 619 640
16 42 62 84 101 124 160 194 219 261 272 308 326 348 366 380 418
 445 456 489 514 533 567 575 601 637
21 43 52 76 117 136 170 176 225 252 284 307 328 349 357 380 396
 437 465 479 513 525 557 583 608 636
7 33 58 75 113 122 159 177 217 251 270 297 334 343 375 383 407
 437 460 486 506 532 570 595 601 640
6 37 47 77 119 127 167 186 232 260 271 300 330 353 373 382 408
 444 457 472 513 539 570 575 605 639
8 34 67 88 114 140 164 188 233 260 268 302 334 355 360 379 404
 434 456 490 504 546 548 588 602 636
17 33 53 73 98 132 150 176 218 244 290 299 317 344 360 386 409
 429 458 483 500 531 549 575 613 638
11 27 54 70 101 143 146 181 223 259 288 310 322 352 374 382 399
 435 455 487 500 546 562 583 621 640
1 36 51 72 96 124 153 174 228 262 284 295 317 355 362 384 406
 444 471 473 511 538 569 596 600 640
10 35 65 84 118 126 151 190 229 263 285 300 323 344 361 379 405
 422 453 478 521 526 557 594 617 640
21 40 56 77 102 123 165 188 228 265 275 299 327 346 369 393 416
 433 452 486 502 534 562 594 612 637
0 32 65 81 113 142 161 191 234 254 288 299 332 348 357 387 404
 439 471 475 507 542 551 590 611 639
12 39 69 75 108 124 168 190 225 264 281 296 320 336 371 393 398
 428 447 487 504 531 561 586 606 639
6 42 64 78 116 143 165 187 240 256 283 296 328 341 367 387 405
 434 470 473 508 524 560 595 619 638
10 43 63 74 110 139 157 183 233 246 289 304 326 340 367 389 414
 429 460 496 516 538 562 587 615 639
2 26 48 91 103 139 165 171 229 254 274 294 330 351 374 377 407
 445 454 484 510 531 555 596 604 636
5 44 54 80 114 134 152 190 218 251 286 292 332 349 367 390 408
 441 469 492 519 537 555 577 600 637
12 28 59 90 115 138 159 183 228 245 272 292 325 352 373 395 405
 443 458 481 518 540 554 582 611 636
11 40 49 83 104 142 169 171 237 245 271 297 335 336 368 381 413
 440 456 477 511 537 557 579 615 638
14 28 49 78 114 130 170 184 226 247 276 303 330 350 365 378 411
 429 448 476 502 533 551 586 603 640
15 32 61 85 102 132 156 192 224 243 269 297 326 341 358 390 399
 444 464 493 521 530 556 586 616 636
13 32 68 70 105 141 153 189 229 257 268 315 331 349 366 389 417
 427 457 486 515 522 561 582 603 638
20 34 63 92 107 134 165 194 216 264 269 291 319 345 372 386 417
 440 463 481 513 542 558 581 624 640
24 37 52 80 95 126 161 174 233 264 280 312 329 352 365 377 403
 432 464 495 512 534 553 598 601 638
24 33 45 93 102 141 155 184 238 259 274 311 333 345 362 379 400
 443 465 477 519 523 567 580 619 639
19 34 69 85 115 128 160 180 232 252 288 303 323 343 362 385 410
 433 454 492 516 536 550 576 618 638
3 26 61 75 117 144 164 194 234 263 279 306 325 350 363 382 415
 426 452 496 498 523 564 589 600 638
1 26 65 73 110 136 169 180 239 243 281 305 322 353 365 395 400
 434 463 482 515 532 559 592 623 637
5 26 50 93 106 133 148 187 224 257 290 304 329 342 373 376 398
 433 456 479 507 541 563 597 614 640
5 36 49 82 101 131 161 186 222 265 282 296 333 343 361 386 414
 427 450 491 499 528 559 589 607 636
1 29 46 70 118 137 150 184 219 256 277 312 335 337 370 393 410
 438 460 472 503 542 564 577 614 636
15 28 56 84 97 134 157 177 222 262 266 293 318 353 374 376 402
 438 465 490 520 543 571 590 606 638
22 40 59 80 98 122 148 194 226 262 267 315 324 337 359 394 397
 434 454 493 499 527 547 583 617 639
18 30 60 79 99 136 161 192 220 244 272 294 324 338 368 393 402
 436 457 496 519 524 566 588 618 640
23 43 47 94 99 133 159 184 216 258 282 305 316 348 356 390 406
 431 449 484 504 544 547 594 621 638
24 42 55 79 112 125 148 180 227 241 285 295 332 339 356 389 411
 440 452 487 501 543 570 584 613 636
9 30 45 71 117 129 153 186 217 250 276 304 335 347 371 394 405
 439 464 484 500 543 550 581 602 637
4 29 64 85 119 121 157 176 221 241 287 301 321 336 369 394 404
 443 449 495 514 522 555 589 623 640
17 42 57 71 108 131 169 188 235 248 266 309 331 340 357 390 420
 426 454 494 503 540 553 580 605 640
9 34 52 70 97 130 169 187 236 258 287 292 317 354 361 383 401
 445 452 485 505 530 566 591 610 639
24 28 64 74 108 137 154 185 198 216 250 288 294 327 344 388 408
 427 456 493 498 532 569 591 608 650
9 35 53 91 99 134 155 181 203 225 241 271 309 326 350 391 410
 434 471 486 518 528 563 598 609 650
22 42 65 70 119 144 149 182 212 216 245 274 302 318 347 384 414
 437 469 483 517 534 563 586 618 648
3 34 57 83 119 124 163 193 203 226 243 285 298 328 352 392 419
 427 460 484 519 541 549 590 612 649
13 30 49 80 115 143 164 195 214 225 254 278 313 319 339 376 400
 442 460 483 514 530 569 594 605 647
22 25 49 94 102 135 167 176 202 239 250 279 292 331 342 391 402
 422 470 487 516 542 548 596 601 649
19 35 54 93 117 138 150 195 202 236 248 280 308 316 351 392 404
 440 457 493 502 538 559 595 606 648
13 27 65 75 102 138 160 175 197 222 241 273 312 324 355 388 420
 429 461 484 513 537 560 597 610 646
17 28 55 94 101 121 151 173 196 225 251 268 304 324 354 387 403
 444 463 477 510 529 564 576 612 648
20 32 52 82 115 137 157 178 205 237 244 267 309 322 346 379 398
 421 470 484 509 533 570 599 600 648
15 27 68 91 98 130 164 190 198 228 248 289 301 335 345 387 418
 431 450 479 512 545 570 592 618 649
10 42 61 88 100 133 161 173 205 236 242 281 293 330 337 385 396
 443 466 486 500 537 569 578 624 649
23 42 48 92 109 136 153 181 211 232 265 270 292 329 336 379 412
 429 467 493 497 545 564 590 620 647
14 33 63 85 108 133 164 186 215 219 262 273 314 332 352 391 416
 430 467 485 515 524 557 585 604 648
0 30 59 77 97 145 160 181 207 216 263 284 314 334 341 377 398
 441 448 477 503 522 559 587 613 649
14 30 56 89 111 124 169 173 209 233 249 282 301 323 349 382 407
 423 458 493 501 542 563 599 619 646
17 41 58 87 105 124 147 186 212 240 254 287 305 325 337 379 402
 440 448 492 512 525 562 597 616 650
18 31 62 92 98 133 157 180 214 223 245 280 296 334 349 378 420
 439 453 472 505 523 556 596 612 650
11 25 51 76 98 137 161 179 215 230 251 274 303 326 353 392 405
 423 452 494 504 522 558 597 622 647
11 29 45 79 116 122 149 178 209 222 260 281 292 319 348 377 416
 426 451 479 521 538 549 576 603 650
13 44 57 84 106 132 165 184 211 230 260 284 301 325 338 385 401
 439 459 487 499 532 552 598 615 648
1 34 64 77 109 125 158 190 201 222 254 276 315 326 342 381 396
 436 458 474 506 523 553 593 621 648
16 40 52 73 119 134 147 183 209 234 248 268 294 333 341 378 406
 430 461 487 506 526 550 578 614 647
16 28 57 76 96 127 168 181 199 236 255 269 305 335 343 389 416
 432 470 483 507 523 555 588 617 646
8 32 47 76 97 135 150 190 204 226 259 275 295 329 347 385 407
 430 463 496 514 540 560 579 607 650
2 39 68 94 110 127 146 174 208 219 244 276 298 323 341 376 404
 437 452 481 499 537 568 580 620 650
19 32 63 94 111 126 155 175 212 228 255 286 296 330 338 383 415
 425 456 474 503 543 549 583 623 647
12 30 66 87 107 131 148 185 208 232 243 289 312 317 348 378 415
 422 465 486 508 546 555 579 622 648
4 43 59 75 101 128 158 187 211 218 248 285 311 330 346 384 413
 442 464 480 515 542 571 588 622 650
21 42 50 81 118 129 156 195 206 233 262 279 303 322 338 386 419
 431 447 477 506 539 555 582 610 650
23 38 63 80 117 145 167 188 197 220 243 274 293 321 343 387 401
 435 458 478 511 533 561 584 614 650
3 37 60 81 115 133 162 177 198 229 265 276 311 321 354 380 409
 434 469 487 503 538 558 579 616 646
20 35 60 86 106 128 159 185 201 233 253 275 296 332 353 394 399
 445 461 483 511 525 564 580 603 649
18 35 45 75 110 140 170 173 210 216 256 267 295 331 352 381 401
 433 450 475 520 535 555 575 616 647
19 26 56 78 109 132 159 191 196 227 264 267 310 335 355 380 414
 422 468 485 519 522 565 578 605 650
6 28 46 72 112 135 152 182 197 233 244 287 306 320 345 380 413
 439 454 486 521 541 559 585 621 647
2 37 45 70 114 136 158 183 196 224 262 283 299 320 343 388 415
 440 453 494 514 544 552 599 609 649
4 39 50 72 103 137 162 192 214 227 255 266 315 333 348 382 401
 429 463 492 518 534 557 595 602 649
15 30 51 83 114 125 165 182 213 236 257 273 300 333 340 395 409
 428 449 475 509 536 564 583 601 650
7 41 45 77 98 143 154 191 205 235 243 268 306 329 338 384 411
 445 449 481 516 528 557 577 606 646
7 36 68 71 114 132 151 194 201 220 246 288 305 328 351 391 398
 443 451 472 501 534 571 579 610 647
22 29 60 78 96 123 156 190 208 231 252 290 293 334 340 382 403
 440 459 484 515 528 567 591 611 647
21 29 58 90 101 132 153 175 213 237 258 274 291 323 339 378 408
 434 462 496 507 535 553 585 606 649
10 38 67 77 99 124 149 180 200 218 257 279 291 335 354 388 399
 421 465 495 499 540 551 595 604 647
23 29 54 84 108 141 161 172 214 226 246 279 302 317 341 395 413
 433 468 474 510 525 570 581 609 646
2 34 62 87 95 145 166 172 202 237 249 266 311 332 350 393 414
 444 449 479 500 532 560 582 617 647
4 34 55 80 118 131 146 178 210 228 257 283 297 316 353 391 412
 439 448 496 517 531 567 578 608 646
6 40 67 75 100 130 154 176 214 224 253 277 305 323 340 377 412
 435 471 489 519 543 558 582 607 648
9 32 67 74 107 127 170 172 206 222 251 280 310 325 336 384 409
 424 454 482 501 524 567 594 614 649
3 39 65 74 106 121 158 186 213 235 259 272 297 317 349 377 410
 431 470 490 502 527 565 584 624 647
8 26 59 79 118 123 170 189 199 235 246 271 296 321 345 388 406
 423 462 492 500 530 568 590 601 648
5 37 53 85 107 129 146 184 199 239 245 285 315 327 355 387 407
 426 466 489 509 525 566 587 606 647
0 27 50 86 105 134 169 172 200 231 256 278 300 327 343 380 411
 443 464 496 504 527 549 596 620 648
14 27 48 73 113 140 148 193 199 237 253 284 313 320 354 390 405
 438 457 474 516 534 567 589 624 650
18 32 69 72 114 121 159 193 211 231 250 271 308 318 337 386 400
 435 452 479 508 526 553 587 604 646
20 26 49 71 119 122 155 192 200 219 258 280 295 320 344 387 396
 441 459 490 497 536 562 582 622 646
8 35 58 73 103 130 157 182 215 232 261 286 310 328 342 393 417
 426 464 477 499 544 569 584 611 646
16 41 60 89 102 145 152 174 204 227 257 288 307 330 336 386 405
 426 460 490 505 535 547 592 609 648
6 41 53 80 104 125 151 189 211 219 249 269 294 322 347 383 420
 433 465 476 504 538 565 589 611 649
21 25 59 74 105 126 149 184 203 224 244 270 293 332 351 381 418
 428 463 473 505 546 550 589 605 646
8 31 55 85 105 144 155 171 209 220 265 267 308 317 340 376 405
 432 447 480 513 532 551 577 621 649
11 42 68 85 95 139 167 185 204 225 247 290 291 325 346 383 406
 438 453 475 519 527 559 593 602 646
16 36 65 79 115 141 154 188 215 218 264 287 304 316 350 381 407
 438 459 488 508 539 556 583 620 649
17 40 47 93 118 140 168 177 208 230 241 288 306 319 349 395 414
 425 464 473 497 533 566 593 604 649
0 44 55 71 103 141 164 183 205 239 252 282 312 318 336 383 399
 436 462 473 502 541 558 575 617 650
7 40 69 86 95 138 152 184 207 229 261 269 304 317 339 382 396
 421 450 494 517 524 548 590 623 650
1 39 48 82 117 135 166 189 207 240 251 285 299 319 340 378 399
 443 456 485 520 539 547 598 618 646
12 33 67 70 112 139 160 192 202 235 265 278 301 328 353 381 403
 425 466 476 507 526 547 581 600 650
7 28 62 82 116 126 147 195 200 232 259 277 307 321 355 390 397
 436 452 475 515 531 563 581 615 649
10 25 66 82 104 121 153 177 201 234 255 290 302 316 352 393 411
 441 454 489 513 530 552 592 619 650
6 36 61 84 107 123 168 171 210 217 258 268 307 332 342 392 400
 429 455 495 503 527 554 599 618 650
21 38 47 83 103 143 161 194 198 217 249 290 292 320 355 389 410
 424 448 480 520 526 556 580 623 648
10 29 53 71 112 142 167 193 207 228 264 270 303 333 349 376 397
 445 455 482 498 544 560 588 616 648
5 34 46 89 100 143 162 175 215 231 263 272 299 331 351 394 406
 432 465 482 497 529 570 586 615 650
12 27 61 93 104 128 165 178 196 226 261 282 314 321 344 389 402
 437 471 482 505 539 553 577 602 647
0 33 47 88 101 136 165 174 201 221 245 289 313 331 350 392 397
 421 447 492 521 543 565 591 614 646
2 43 51 93 116 134 163 188 212 217 253 272 315 322 336 385 403
 422 450 472 498 530 551 585 613 646
24 41 54 83 113 131 168 192 206 221 263 277 304 318 346 385 418
 434 458 485 513 544 568 596 603 647
20 31 57 88 102 139 150 187 207 217 262 271 310 323 348 395 411
 436 469 488 512 529 561 589 608 647
19 31 64 70 113 129 170 194 208 218 242 275 309 333 339 377 402
 444 467 478 504 541 554 592 615 646
11 38 69 89 110 131 156 187 199 238 254 270 302 324 344 380 417
 430 449 472 502 543 554 598 600 649
24 40 63 91 109 128 151 179 213 239 256 287 307 334 348 376 419
 424 457 491 500 540 552 586 600 646
14 44 64 79 117 142 160 177 204 224 258 289 300 322 337 384 417
 432 468 491 518 531 548 580 612 647
12 44 46 78 99 122 169 179 212 229 246 273 313 329 346 386 404
 444 455 489 520 523 550 584 608 649
1 37 54 88 111 144 163 176 200 230 247 266 297 324 345 389 398
 445 467 491 508 535 550 594 611 650
13 33 52 92 96 129 148 191 210 240 247 282 300 326 351 393 413
 435 469 490 498 540 568 576 623 649
5 39 61 76 99 126 163 191 209 221 250 283 311 334 339 395 417
 438 454 476 511 545 562 575 610 648
15 33 69 81 116 144 169 189 203 227 242 284 312 316 342 394 408
 424 453 481 510 533 562 588 607 647
1 43 56 86 108 130 162 171 205 238 241 283 298 325 347 386 397
 441 457 478 507 546 556 576 601 647
5 43 66 73 112 138 166 194 204 223 256 276 297 318 338 379 416
 423 471 495 510 536 561 591 605 649
3 43 49 91 96 140 146 180 206 220 261 266 299 329 337 383 408
 428 461 488 521 522 554 581 619 648
15 44 62 90 110 123 148 176 206 234 264 278 314 330 347 379 410
 427 451 494 511 529 566 595 621 646
23 25 56 72 113 127 156 183 210 229 259 281 291 328 350 394 420
 442 456 491 512 536 566 577 613 648
24 36 48 90 111 122 147 187 203 223 252 269 306 331 353 393 409
 431 468 478 514 537 551 587 602 648
22 38 52 87 106 125 153 171 196 223 263 281 303 327 345 390 404
 425 460 488 518 524 571 575 607 646
9 26 66 90 100 141 157 174 198 240 260 275 308 324 343 390 419
 428 455 476 517 542 557 593 613 647
18 26 51 84 95 142 150 186 197 221 252 286 309 327 354 389 412
 442 451 481 506 546 547 586 619 649
4 37 58 92 97 139 166 179 197 234 242 272 298 335 344 390 400
 433 447 473 501 528 548 583 603 648
9 31 46 81 104 136 159 188 213 238 247 286 295 319 341 382 418
 427 466 495 516 531 571 597 617 648
17 36 50 78 97 142 152 180 202 238 260 277 294 326 352 394 415
 437 462 480 509 545 561 594 624 646
24 58 76 104 144 160 173 214 228 260 276 309 320 351 367 386 399
 422 449 488 515 527 566 590 614 627
9 62 86 113 143 167 173 212 224 252 285 294 316 345 370 395 416
 429 447 490 499 522 553 579 600 630
3 50 77 110 141 150 178 212 225 242 269 301 332 355 368 378 405
 435 454 491 497 544 571 591 601 627
22 56 85 104 140 154 181 200 240 246 272 312 330 339 361 392 409
 439 463 479 506 544 561 580 600 628
13 61 77 113 121 155 185 215 223 246 266 292 323 347 365 380 419
 440 450 473 509 531 547 588 614 626
22 58 72 116 128 164 184 204 235 249 280 299 326 354 368 395 398
 427 455 478 513 543 555 578 620 626
19 46 75 105 125 161 181 204 239 260 266 304 328 344 369 378 397
 431 469 481 511 530 567 599 604 630
17 60 82 113 139 164 181 213 226 264 283 308 327 342 356 384 401
 423 465 472 521 537 550 582 623 627
13 62 93 103 127 149 190 207 220 242 287 297 327 352 357 386 406
 434 468 476 516 543 564 599 622 628
20 54 72 99 145 148 175 198 239 242 268 303 325 340 361 381 416
 437 464 472 514 531 565 590 619 629
15 46 73 106 126 167 178 214 217 265 288 298 324 350 366 384 396
 440 462 485 504 540 555 587 619 628
23 51 81 102 130 147 185 196 219 260 285 313 318 349 372 381 398
 432 454 496 500 528 554 595 623 628
10 49 92 105 138 168 182 198 235 252 283 314 322 348 360 394 407
 444 452 474 519 535 571 598 614 628
14 65 87 98 135 159 195 203 220 260 283 291 333 336 374 389 396
 433 464 489 503 529 568 591 600 626
0 68 89 104 137 170 182 202 217 264 285 293 317 338 373 390 412
 434 461 491 514 523 562 576 604 626
14 66 81 97 127 151 192 205 218 261 274 296 331 355 369 395 412
 440 460 479 498 527 550 598 621 629
16 46 93 108 139 153 176 203 222 249 267 300 334 338 365 387 399
 442 452 492 517 544 554 579 624 629
11 63 78 103 138 158 172 203 221 265 268 295 323 337 364 390 398
 439 465 483 498 539 566 592 601 630
11 60 74 112 140 165 176 205 219 263 286 315 316 343 371 378 400
 444 468 480 512 540 563 590 610 626
1 61 87 103 122 170 175 211 233 245 288 300 316 354 369 376 418
 430 470 494 519 528 561 581 613 627
16 45 72 105 133 165 195 208 237 246 285 310 324 353 357 383 410
 441 458 495 498 545 548 586 607 627
17 61 89 114 129 157 189 200 228 253 274 298 329 348 375 381 410
 442 468 487 513 524 559 591 617 630
4 46 91 95 141 149 194 196 232 250 284 296 322 340 375 392 411
 430 458 490 507 537 566 594 616 626
18 56 88 118 125 147 194 215 224 255 278 311 317 336 364 387 408
 437 455 484 516 540 559 598 603 627
2 54 74 97 122 164 189 210 232 241 290 305 333 338 364 380 405
 421 466 488 511 542 553 586 612 628
13 63 90 112 137 163 177 196 218 249 271 305 329 341 361 394 396
 426 447 475 502 546 567 596 618 627
12 50 83 102 126 157 181 210 218 252 276 302 319 337 363 387 406
 445 457 494 501 532 565 585 607 626
8 53 82 110 124 165 172 197 224 247 288 292 318 339 375 394 403
 431 457 488 503 523 557 578 622 629
19 45 76 106 131 164 193 200 229 245 287 293 322 341 372 393 408
 429 471 480 501 529 547 593 601 629
6 54 94 98 129 169 185 207 222 252 272 295 321 350 358 379 417
 428 460 480 507 534 552 578 604 627
21 66 70 98 128 152 173 199 221 264 266 300 325 341 375 391 400
 436 456 484 497 538 551 584 607 628
23 50 87 100 140 155 194 207 221 244 273 307 335 353 367 384 407
 427 453 487 502 530 553 576 611 629
18 57 73 104 145 149 185 206 229 258 283 306 326 355 371 376 403
 443 467 492 502 542 570 583 607 630
20 55 93 98 124 156 182 211 234 246 276 307 331 343 368 377 408
 438 466 485 518 546 560 594 623 630
2 66 88 96 142 154 184 213 225 263 267 292 321 353 366 386 420
 430 464 474 501 541 562 595 618 630
3 51 85 101 122 152 183 214 216 249 275 293 335 342 357 379 411
 425 457 482 508 531 568 598 610 630
15 48 80 105 127 150 173 201 238 258 272 303 334 346 364 388 414
 426 471 487 508 541 557 581 623 626
4 45 82 107 132 169 174 215 225 253 279 294 334 337 373 389 418
 425 469 478 502 536 560 590 621 628
19 47 71 107 145 162 189 213 224 261 281 301 324 352 367 379 413
 438 452 483 506 528 551 596 608 626
6 55 86 96 136 149 177 215 226 254 280 301 333 346 363 390 410
 422 456 481 500 535 561 587 610 629
23 52 71 110 128 163 190 215 227 245 277 308 319 338 374 388 409
 444 448 486 507 527 548 589 619 630
21 69 84 99 140 166 178 201 235 247 287 310 333 347 373 387 415
 432 460 493 515 537 558 596 613 630
22 67 90 117 134 162 193 210 219 242 288 296 317 346 365 389 407
 436 449 477 521 545 552 597 605 630
7 52 78 100 144 146 188 211 222 255 289 291 332 344 371 395 410
 423 457 477 514 541 547 596 616 628
4 48 89 106 142 155 190 206 216 247 268 312 328 343 359 395 402
 421 452 489 500 538 556 585 605 627
2 65 80 99 132 157 193 204 236 265 277 314 331 345 371 382 411
 424 456 473 506 525 554 576 622 627
10 48 83 95 128 170 188 209 219 259 278 305 324 342 358 386 415
 439 469 473 518 522 570 591 606 629
8 64 91 102 131 153 195 205 230 264 272 305 332 354 359 382 413
 437 453 476 520 536 549 587 614 630
7 50 80 111 139 170 186 198 237 241 281 299 318 341 362 392 417
 422 459 489 505 540 564 588 621 630
5 56 92 116 141 151 176 208 236 254 271 303 320 352 358 384 418
 421 461 496 503 532 547 584 602 630
3 53 72 111 123 160 191 201 236 256 274 304 319 336 365 390 402
 430 453 480 499 546 570 582 608 628
20 69 90 97 125 146 186 209 230 256 279 313 321 351 357 384 403
 429 456 486 519 544 556 592 617 626
18 58 74 117 143 169 190 196 230 265 269 302 330 348 362 391 397
 438 461 495 509 541 568 582 613 629
14 55 75 99 137 153 172 208 238 245 269 299 321 342 367 385 419
 445 451 490 512 526 559 583 605 628
0 57 91 117 121 156 175 209 218 247 277 315 320 353 356 379 414
 433 455 481 505 524 569 579 601 628
9 60 94 103 125 160 178 199 234 262 277 291 329 349 360 392 413
 443 450 478 508 532 562 586 605 629
8 52 84 111 143 158 192 208 239 253 270 314 335 350 356 386 408
 443 454 475 517 538 561 597 612 626
17 62 91 112 144 161 184 210 231 243 275 313 323 336 373 388 417
 441 470 485 506 538 571 583 602 629
21 54 82 96 130 160 183 212 227 243 271 311 331 344 359 376 407
 439 451 495 504 524 564 593 624 626
7 64 73 101 133 156 179 202 228 263 271 312 319 347 364 389 401
 428 454 490 519 525 551 599 620 629
16 47 90 95 129 158 180 205 231 251 273 302 328 345 368 376 401
 422 471 493 503 531 562 589 603 628
7 53 74 102 136 148 182 209 231 258 266 296 335 352 366 385 404
 442 448 478 510 539 558 593 600 627
11 59 88 113 134 151 195 197 227 258 276 301 329 340 362 393 415
 427 470 482 517 525 556 575 604 628
6 65 83 97 133 155 174 196 231 248 270 315 325 339 360 393 399
 423 451 491 516 533 555 581 608 630
16 48 77 107 144 159 192 197 226 256 290 311 322 349 361 391 404
 428 462 494 512 543 569 576 615 630
8 51 70 100 145 151 180 203 234 250 282 297 319 346 373 380 397
 429 459 474 512 524 555 580 606 627
0 67 84 116 135 146 179 198 238 243 267 304 330 349 375 393 406
 440 467 483 518 536 553 589 610 627
1 60 76 114 141 148 186 202 216 261 270 306 323 346 374 387 420
 424 447 495 518 530 549 578 615 628
12 51 92 111 121 154 189 204 238 248 279 310 332 343 370 376 396
 434 448 484 521 534 566 575 615 629
10 47 79 106 130 146 175 202 240 262 269 309 334 336 363 380 400
 427 458 475 510 534 550 577 622 630
10 45 94 108 134 148 179 211 221 254 275 297 328 355 370 382 409
 432 462 488 505 533 559 582 618 626
5 68 83 117 123 159 172 205 232 262 287 313 326 344 370 377 420
 425 463 487 517 535 551 588 619 627
6 69 79 109 139 163 194 206 228 259 282 293 331 354 370 378 404
 441 464 483 509 532 557 597 609 628
21 65 89 109 134 150 171 214 240 250 289 306 321 352 356 383 398
 444 466 494 499 536 567 588 603 629
2 55 73 109 123 161 187 200 216 255 273 309 325 349 362 394 418
 435 460 476 521 539 548 579 606 626
0 56 70 115 126 168 186 211 220 253 290 295 326 345 359 378 419
 426 449 482 510 537 548 595 608 629
12 64 86 110 135 161 193 213 223 262 268 311 335 351 358 383 412
 426 459 492 513 533 563 594 613 628
24 57 75 116 129 167 183 201 237 257 286 314 317 337 374 380 404
 423 463 476 497 528 556 594 618 629
11 61 80 119 130 159 180 208 235 255 284 304 327 351 366 379 409
 436 447 491 520 542 560 585 609 629
5 57 86 118 122 153 180 197 225 259 289 308 330 341 360 381 402
 424 449 485 498 534 558 599 611 626
24 68 87 115 136 150 191 199 222 261 279 297 330 340 372 394 401
 441 455 473 504 526 563 585 612 630
3 64 93 100 132 167 171 199 233 251 278 295 318 348 361 393 420
 421 448 481 515 545 550 583 609 626
1 62 75 119 142 156 188 198 236 244 282 310 329 339 372 391 405
 425 465 492 510 527 552 587 603 626
19 49 81 95 124 154 187 210 230 244 289 315 334 347 374 390 416
 443 462 482 513 526 564 584 609 627
20 66 85 109 143 168 188 202 229 251 284 298 333 337 365 388 413
 431 451 496 505 543 563 575 611 627
1 59 81 112 132 168 179 209 232 257 280 302 327 350 367 383 402
 435 450 484 514 529 557 580 624 630
12 52 79 101 127 162 184 200 217 254 286 306 318 340 360 391 419
 433 453 493 511 522 560 592 624 627
5 58 94 115 142 165 192 203 233 248 281 307 317 347 363 388 411
 435 467 472 520 522 567 593 617 628
14 69 71 96 126 158 176 197 223 257 275 294 325 348 372 392 414
 434 466 477 520 530 570 577 620 627
15 49 88 107 137 152 191 212 223 241 270 308 328 354 371 377 406
 433 458 496 515 539 552 580 617 629
13 59 85 114 135 147 174 206 217 256 281 309 316 344 368 382 414
 445 465 474 507 545 558 584 612 629
15 47 78 108 121 166 183 199 220 263 280 307 322 339 362 381 412
 445 469 486 499 542 549 597 602 627
23 53 76 101 138 169 177 206 240 257 267 298 332 345 369 377 415
 436 459 472 516 526 569 586 602 626
24 67 71 118 133 166 171 212 226 244 284 292 326 343 369 382 417
 442 461 475 508 529 565 592 606 628
22 68 77 118 138 157 187 213 227 251 282 294 320 350 357 385 400
 432 467 489 511 546 549 581 616 629
4 49 70 108 123 147 177 207 233 243 286 291 324 351 356 385 405
 424 471 479 509 523 565 575 620 630
9 63 79 114 124 166 191 214 229 248 290 312 327 353 358 385 397
 437 470 477 497 535 554 589 621 626
18 67 78 115 131 163 174 207 234 241 274 300 320 342 366 383 416
 431 463 493 500 525 571 577 615 626
17 63 84 119 136 162 187 204 237 250 278 303 316 355 359 377 399
 428 450 486 501 523 568 577 611 628
9 59 92 119 131 152 171 201 239 259 273 299 323 338 363 389 403
 438 468 479 504 533 569 595 616 627
