625 626 627 628 629 630 631 632 633 634 635 636 637 638 639 640 641
 642 643 644 645 646 647 648 649 650
0 35 37 38 41 42 138 142 145 376 385 391 396 397 468 471 475
 479 481 549 551 554 557 561 624 650
3 25 26 27 30 32 140 143 147 379 380 388 393 395 467 470 473
 482 483 545 547 553 562 564 621 650
3 6 9 14 16 22 137 148 149 377 384 387 390 398 455 458 460
 461 463 536 537 538 539 541 624 649
2 24 28 29 31 33 139 144 149 378 381 382 383 392 466 472 474
 476 484 548 552 555 560 563 622 650
1 34 36 39 40 43 141 146 148 400 401 402 403 404 465 469 477
 478 480 546 550 556 558 559 623 650
0 4 11 13 15 23 136 144 146 375 386 389 394 399 447 448 449
 450 454 525 527 528 530 531 621 649
2 7 8 12 19 20 135 143 145 366 369 370 372 373 456 457 459
 462 464 526 529 532 533 534 623 649
1 5 10 17 18 21 134 142 147 365 367 368 371 374 445 446 451
 452 453 535 540 542 543 544 622 649
109 110 111 112 113 114 115 118 119 120 124 126 127 128 133 138 139
 140 141 566 567 568 571 574 585 649
104 105 106 107 108 116 117 121 122 123 125 129 130 131 132 134 135
 136 137 565 569 570 572 573 585 650
142 143 144 148 155 156 157 158 159 185 186 187 188 189 190 192 193
 194 197 585 597 598 600 602 604 648
145 146 147 149 150 151 152 153 154 180 181 182 183 184 191 195 196
 198 199 585 596 599 601 603 605 647
0 1 2 3 200 201 202 203 204 575 576 577 578 579 580 581 582
 583 584 585 606 607 608 609 610 626
127 165 168 172 173 193 202 246 266 272 280 286 292 295 319 329 330
 340 342 446 454 459 461 603 613 650
128 160 170 174 176 194 204 245 265 270 284 287 293 297 309 328 332
 339 343 450 451 455 462 599 616 650
126 164 166 171 175 192 203 248 268 273 281 291 294 296 301 327 331
 341 344 449 453 456 460 601 618 650
131 162 164 174 179 196 202 256 263 271 277 304 311 314 323 348 356
 358 361 471 474 480 482 598 619 649
129 163 169 171 173 195 204 251 261 267 278 303 312 315 320 346 359
 360 364 466 473 478 479 602 615 649
132 172 175 176 177 198 200 257 269 274 276 313 316 317 322 345 347
 349 351 470 477 481 484 604 617 649
130 165 167 170 178 199 203 249 262 264 275 302 310 318 321 350 357
 362 363 465 475 476 483 600 614 649
124 161 162 163 167 190 200 250 253 255 260 285 288 289 308 326 333
 334 338 445 447 457 458 596 612 650
125 160 161 166 168 191 201 247 252 254 258 300 305 306 307 352 353
 354 355 467 468 469 472 597 611 649
133 169 177 178 179 197 201 259 279 282 283 290 298 299 324 325 335
 336 337 448 452 463 464 605 620 650
18 40 47 72 87 122 143 153 166 200 226 239 277 284 295 310 336
 378 390 442 479 501 530 571 595 628
19 28 47 79 98 120 146 155 169 202 210 220 249 253 309 322 354
 374 385 410 460 500 562 570 590 629
17 39 57 68 99 115 149 158 178 200 214 228 251 266 291 323 355
 373 395 405 450 502 561 569 590 645
6 27 60 77 89 118 145 157 168 200 227 233 264 270 298 312 356
 392 394 417 453 490 558 570 594 640
16 26 51 75 102 117 144 150 161 204 210 228 264 280 301 313 335
 369 376 443 480 499 542 567 595 644
11 37 51 69 91 118 147 156 179 203 208 239 245 257 292 315 352
 398 403 412 457 496 563 573 590 642
7 29 53 82 103 115 146 157 166 204 209 232 246 274 311 324 357
 371 397 419 458 492 564 573 592 631
22 30 56 73 90 114 145 159 177 204 226 231 256 268 285 302 353
 382 399 411 446 489 559 572 590 641
4 38 52 81 86 114 147 157 161 202 212 240 261 273 290 310 347
 377 404 416 462 486 560 569 589 636
12 31 57 78 88 123 142 151 160 202 208 231 274 281 288 312 337
 375 400 441 483 495 541 568 595 634
18 34 63 70 102 114 149 155 173 201 211 229 248 269 297 321 358
 370 380 406 447 495 554 573 594 643
20 31 49 67 101 119 146 159 172 203 219 244 278 282 300 308 361
 367 376 424 455 488 553 569 594 628
19 29 63 66 93 116 142 150 162 203 207 233 247 265 290 316 340
 399 401 440 473 493 538 571 591 645
14 32 45 71 95 121 144 154 179 200 219 229 267 268 307 309 342
 372 397 437 465 486 543 568 591 637
14 26 61 65 93 119 145 158 170 202 238 241 259 276 296 305 359
 378 389 421 445 494 556 573 588 646
23 41 46 74 87 115 147 159 176 201 215 225 272 275 288 304 364
 387 401 415 456 499 555 570 588 637
10 43 44 80 85 123 143 154 169 203 225 238 266 269 285 306 339
 377 392 429 471 492 531 567 587 630
22 27 46 67 100 116 144 153 171 202 205 224 252 255 321 324 332
 373 396 435 477 497 540 574 587 642
4 41 60 83 98 123 148 153 164 204 211 244 257 283 289 318 329
 365 395 431 472 494 532 566 591 638
16 25 58 80 88 120 145 156 164 201 221 230 255 267 295 316 362
 381 386 413 451 504 550 569 592 639
21 39 49 73 86 117 143 151 174 201 222 227 250 262 296 315 330
 383 384 434 481 500 528 574 591 631
15 42 45 78 85 120 147 158 165 204 207 222 254 260 294 317 348
 390 402 420 464 497 552 565 594 633
10 40 59 64 100 119 149 156 162 204 218 243 262 279 286 307 351
 366 379 408 449 491 549 570 589 634
9 30 48 79 96 123 144 152 165 201 209 237 270 276 308 323 341
 366 391 433 478 496 544 571 586 636
20 33 54 74 84 122 142 154 178 204 216 221 253 263 292 305 331
 394 404 439 470 503 539 574 586 643
21 43 54 76 95 118 149 159 175 202 206 237 258 284 289 303 350
 369 393 409 448 493 551 565 592 635
15 37 61 68 103 122 148 150 163 201 213 235 271 273 286 322 328
 367 393 432 476 489 533 568 587 640
13 35 48 66 92 119 147 155 171 200 216 242 271 283 293 306 363
 384 400 422 459 498 548 572 592 644
12 24 50 71 97 118 146 158 167 201 217 236 263 265 301 320 349
 365 396 423 461 501 545 572 589 630
5 36 62 83 96 120 149 157 160 203 213 224 250 277 299 313 360
 372 388 407 454 503 557 572 588 632
6 25 52 82 99 122 144 151 176 203 217 243 256 259 303 319 338
 370 385 427 469 498 535 566 593 633
8 28 59 69 89 121 142 153 175 201 212 234 246 278 293 302 333
 389 402 425 482 502 537 567 593 632
17 36 50 65 92 116 143 152 172 204 223 240 248 258 298 304 334
 381 398 428 475 485 527 568 593 629
13 42 55 70 94 117 148 154 177 202 218 236 245 275 291 300 326
 371 388 426 466 490 526 571 593 639
7 24 62 81 90 117 142 152 173 200 215 241 249 282 294 314 343
 386 403 438 467 491 536 566 587 635
5 34 53 77 91 121 143 150 167 202 230 242 251 279 287 317 344
 382 387 430 468 488 525 566 586 627
11 38 58 64 101 116 148 151 170 200 206 232 254 272 299 320 327
 374 380 436 474 487 529 567 586 641
8 33 44 75 94 114 146 156 174 200 205 235 247 281 318 319 346
 368 391 414 463 485 547 565 588 627
9 32 55 72 84 115 145 155 163 203 223 234 252 280 287 314 345
 375 383 418 452 487 546 565 589 638
23 35 56 76 97 121 148 152 168 203 214 220 260 261 297 311 325
 368 379 444 484 504 534 574 595 646
13 24 58 76 87 132 141 196 204 234 238 250 290 342 373 385 406
 432 453 496 505 541 553 600 611 627
21 42 53 80 100 131 140 191 200 217 244 280 297 337 389 401 411
 428 460 503 519 533 563 600 615 636
10 26 56 82 88 128 135 193 200 213 236 278 321 348 387 404 418
 440 472 496 517 528 551 605 618 629
9 29 49 69 98 126 136 194 200 230 240 275 305 360 369 379 423
 432 471 495 511 540 559 603 620 633
10 41 50 72 102 129 140 199 202 219 235 270 299 331 399 403 413
 434 458 502 513 534 548 604 611 633
8 38 48 68 91 124 134 193 204 217 224 269 300 356 375 378 415
 434 465 504 520 538 562 601 620 635
14 31 47 81 97 127 136 192 204 225 227 271 316 350 370 388 414
 436 468 502 519 544 546 605 612 642
20 35 51 83 87 126 134 190 202 209 229 262 320 345 386 392 420
 428 469 489 524 537 547 605 616 645
8 32 62 74 101 132 138 191 202 211 243 260 301 336 381 384 412
 440 450 492 506 544 559 602 614 640
14 34 46 75 88 131 139 198 203 216 222 246 298 326 374 395 423
 433 462 489 523 530 549 602 611 635
15 36 59 73 99 128 137 192 202 215 233 267 306 357 368 376 406
 433 470 501 514 529 563 596 620 638
12 30 59 81 103 125 138 196 203 206 228 283 309 330 378 387 420
 439 447 485 508 540 558 604 615 639
17 38 47 73 95 132 140 195 203 209 236 255 286 343 394 402 421
 430 463 495 507 532 555 597 619 644
7 41 45 64 86 128 134 197 203 205 237 251 322 353 381 389 422
 442 480 490 522 541 545 603 612 643
13 40 57 77 102 124 137 194 203 212 221 276 304 346 365 397 409
 435 467 500 506 533 552 605 613 641
6 24 44 66 103 124 136 197 202 222 223 257 302 355 366 380 424
 444 479 503 507 542 550 599 618 637
11 29 56 68 85 130 141 198 202 221 227 248 293 338 372 391 408
 431 452 499 512 536 545 597 615 628
16 39 48 82 89 125 139 195 202 207 239 282 285 328 365 379 414
 437 456 487 521 527 557 600 617 643
7 26 54 66 98 129 138 198 201 214 224 245 319 334 390 392 416
 441 449 488 514 543 546 600 619 641
17 32 60 75 93 124 135 192 201 218 220 274 303 363 377 403 411
 439 474 497 505 525 557 603 616 628
22 33 53 78 101 128 136 190 201 238 239 261 314 351 372 395 410
 426 475 493 513 535 558 601 613 644
23 28 61 83 86 125 141 199 200 223 231 279 292 341 370 376 409
 426 451 497 510 538 564 602 619 630
5 35 44 65 99 130 140 196 201 210 232 268 289 340 375 404 417
 442 455 491 511 526 552 602 617 642
23 39 63 80 95 133 137 190 204 208 241 252 310 349 374 391 407
 427 482 488 508 526 548 603 618 640
18 37 49 77 96 125 140 198 204 205 220 259 291 333 386 400 418
 429 461 493 509 529 560 598 614 637
19 27 57 69 94 131 138 199 204 213 229 272 308 344 377 383 422
 438 448 501 518 535 550 597 617 646
4 31 55 64 91 131 141 195 201 226 233 266 294 332 369 397 407
 444 445 498 515 539 547 604 614 629
6 40 45 67 90 132 139 199 201 208 240 253 287 327 368 388 419
 443 459 494 520 531 551 598 615 645
11 43 62 72 100 126 137 193 201 216 231 264 317 361 371 385 405
 437 473 485 516 532 560 599 612 646
19 42 52 76 92 127 134 194 201 219 228 277 318 359 382 394 412
 429 477 487 523 536 564 596 618 634
4 34 54 65 96 127 137 197 200 207 234 256 315 354 367 396 408
 443 483 492 518 534 555 601 616 639
18 30 58 71 84 133 135 194 202 214 244 247 313 364 398 402 417
 438 476 498 510 531 549 601 612 631
16 28 50 74 94 133 136 193 203 226 242 254 312 358 373 393 419
 431 481 491 509 543 556 596 616 636
21 27 61 79 90 127 135 190 203 211 232 263 307 347 390 400 413
 425 466 499 515 527 561 599 620 627
15 33 60 70 92 129 141 191 203 230 241 284 288 335 366 396 405
 436 446 486 517 537 562 598 617 631
20 25 63 78 97 130 138 195 200 218 237 273 324 339 382 398 415
 425 454 500 516 542 556 598 611 638
5 25 55 67 89 126 135 197 204 206 235 249 323 352 384 401 421
 441 484 486 512 530 554 596 613 630
22 36 51 79 84 129 139 196 200 212 225 265 296 329 371 393 424
 427 464 504 522 525 554 597 614 634
12 37 46 70 85 133 134 192 200 210 243 258 311 362 383 399 416
 430 478 494 521 539 553 599 613 632
9 43 52 71 93 130 139 191 204 215 242 281 295 325 367 380 410
 435 457 490 524 528 561 604 619 632
6 38 70 84 125 128 152 158 169 250 274 295 318 344 361 369 401
 408 425 489 506 543 548 610 621 642
20 43 77 103 132 133 152 155 161 268 275 315 319 332 348 389 395
 413 436 501 512 538 557 609 622 634
7 36 80 94 125 127 153 159 179 261 270 301 317 338 363 375 380
 421 432 500 517 539 549 606 622 645
12 39 72 98 128 130 150 156 171 254 259 304 308 342 347 388 394
 411 444 492 510 537 554 607 622 635
13 32 82 86 129 133 153 156 160 253 269 294 323 340 350 367 382
 423 428 499 507 529 558 610 624 646
10 33 81 96 131 133 150 158 168 245 267 289 302 327 345 384 385
 415 435 495 522 527 564 606 623 628
23 30 75 91 127 132 151 158 162 258 282 293 321 331 360 371 392
 410 442 486 509 533 550 607 624 638
11 25 79 92 128 131 154 159 173 262 281 290 313 333 355 365 378
 419 430 497 511 534 546 609 624 640
17 24 69 100 127 130 154 155 164 260 276 299 312 328 353 376 387
 416 427 493 520 530 547 610 623 631
19 34 73 101 124 129 154 158 176 271 280 310 324 341 352 379 386
 417 431 485 515 541 551 608 622 632
14 42 83 89 130 133 151 159 166 263 266 287 322 334 346 366 403
 406 440 504 518 540 560 608 621 644
18 28 78 99 126 129 152 159 170 252 283 286 316 326 356 377 397
 412 443 503 521 528 545 607 623 627
15 26 67 87 124 130 152 157 175 251 265 292 307 337 358 374 383
 414 429 498 513 532 559 606 624 639
22 41 68 93 126 132 154 156 167 278 284 298 311 330 354 370 400
 407 438 487 514 542 552 606 621 636
5 29 74 95 124 125 151 156 177 264 273 297 314 329 359 390 396
 422 433 502 524 531 553 609 623 629
8 40 65 97 126 131 151 157 165 255 257 306 309 335 364 393 399
 418 426 488 505 536 561 610 622 643
16 37 76 90 124 131 153 155 172 247 279 296 320 339 357 372 404
 405 441 490 508 544 555 607 621 633
4 27 71 85 125 126 150 155 178 246 277 288 303 343 351 368 381
 424 434 496 519 526 556 608 624 641
9 35 64 88 127 129 150 157 174 248 249 285 300 336 349 373 402
 409 439 494 516 535 563 609 621 637
21 31 66 102 128 132 153 157 163 256 272 291 305 325 362 391 398
 420 437 491 523 525 562 608 623 630
0 135 139 147 148 301 302 305 308 309 312 314 316 319 324 405 406
 407 408 409 428 429 430 434 442 625
3 134 141 144 145 286 289 291 297 299 304 306 310 315 317 410 414
 419 423 424 425 438 439 440 441 625
2 137 140 142 146 285 287 295 296 298 303 307 313 321 323 412 415
 416 420 422 426 431 432 436 444 625
1 136 138 143 149 288 290 292 293 294 300 311 318 320 322 411 413
 417 418 421 427 433 435 437 443 625
123 150 200 350 353 361 364 406 412 419 421 449 452 461 462 508 513
 515 524 550 552 557 562 574 593 648
121 151 204 345 354 358 363 405 413 416 424 445 454 456 463 506 510
 511 523 545 551 558 563 571 587 648
122 152 202 346 351 352 362 407 411 422 423 447 453 455 464 509 516
 517 520 546 555 561 564 567 591 648
117 153 203 348 349 355 359 408 410 415 417 448 451 458 459 505 514
 519 521 547 554 559 560 568 586 648
116 154 201 347 356 357 360 409 414 418 420 446 450 457 460 507 512
 518 522 548 549 553 556 566 595 648
114 158 203 329 332 333 336 428 432 437 441 468 470 474 478 510 513
 518 520 526 528 536 542 570 592 647
119 157 201 326 331 339 342 427 430 431 438 479 480 483 484 506 517
 519 524 527 529 538 540 565 590 647
118 155 204 327 330 337 338 426 433 440 442 467 471 476 477 507 515
 516 521 525 534 537 543 569 588 647
120 159 200 328 335 340 344 434 435 439 444 466 469 475 482 509 512
 514 523 531 532 541 544 573 589 647
115 156 202 325 334 341 343 425 429 436 443 465 472 473 481 505 508
 511 522 530 533 535 539 572 594 647
45 49 60 63 127 131 152 156 206 210 212 224 231 236 238 242 450
 452 456 458 469 470 476 479 608 625
48 53 54 58 126 130 153 158 208 213 219 220 223 225 233 243 446
 447 462 463 466 467 480 481 609 625
47 51 56 57 125 133 154 157 211 215 217 222 230 234 235 237 445
 449 455 459 473 474 475 477 607 625
44 46 61 62 128 129 151 155 207 209 218 221 226 228 240 244 448
 453 457 461 465 468 482 484 606 625
50 52 55 59 124 132 150 159 205 214 216 227 229 232 239 241 451
 454 460 464 471 472 478 483 610 625
585 586 587 588 589 590 591 592 593 594 595 611 612 613 614 615 616
 617 618 619 620 621 622 623 624 625
0 67 71 75 79 82 134 140 149 221 231 233 234 241 254 257 261
 271 275 330 334 336 339 344 623 648
0 84 88 89 90 93 137 141 143 205 209 210 217 219 245 260 272
 273 283 350 351 355 358 360 622 647
3 85 86 87 91 92 136 139 142 206 211 213 214 218 255 259 268
 270 280 346 349 354 357 361 623 647
2 95 96 99 100 102 134 138 148 223 226 227 230 238 246 253 265
 281 282 347 348 352 363 364 621 647
1 66 69 74 78 81 137 139 145 220 232 235 236 244 251 258 262
 269 277 332 335 338 341 342 621 648
1 94 97 98 101 103 135 140 144 207 208 212 215 216 248 250 266
 279 284 345 353 356 359 362 624 647
3 64 68 70 76 83 135 138 146 222 225 239 240 242 252 256 264
 267 276 331 333 337 340 343 622 648
2 65 72 73 77 80 136 141 147 224 228 229 237 243 247 249 263
 274 278 325 326 327 328 329 624 648
7 13 16 21 85 93 97 99 110 287 292 299 308 472 477 479 482
 485 486 489 495 570 601 609 614 648
4 9 10 12 87 90 95 101 111 291 293 298 319 468 473 476 480
 497 500 503 504 573 596 610 617 648
5 8 14 23 84 92 98 102 113 285 286 294 324 469 474 481 483
 490 493 496 501 569 599 606 615 648
11 17 19 22 86 89 96 103 112 288 295 297 301 465 466 470 471
 488 491 494 498 565 605 607 611 648
6 15 18 20 88 91 94 100 109 289 290 296 309 467 475 478 484
 487 492 499 502 572 603 608 619 648
25 28 36 42 66 68 75 77 106 307 310 314 320 446 448 455 456
 492 494 495 496 574 604 610 612 647
30 33 34 38 67 69 72 83 104 303 306 311 316 445 450 461 464
 490 491 499 500 568 600 609 618 647
24 27 37 43 64 73 78 82 107 304 305 313 318 447 452 459 460
 486 488 502 504 571 602 606 616 647
29 32 39 41 65 76 79 81 105 300 312 317 321 449 451 457 463
 489 498 501 503 567 598 608 613 647
26 31 35 40 70 71 74 80 108 302 315 322 323 453 454 458 462
 485 487 493 497 566 597 607 620 647
38 62 75 113 143 164 214 237 252 265 302 342 359 367 400 419 426
 447 512 539 563 570 605 608 617 633
4 47 88 108 149 176 223 242 247 268 308 335 359 371 403 420 425
 471 520 529 545 574 600 606 613 640
29 52 72 111 148 173 208 222 255 258 323 339 351 376 389 417 439
 456 518 543 562 572 605 606 614 627
36 60 78 109 144 167 226 234 247 272 322 331 361 379 384 416 429
 451 507 526 561 573 605 609 615 635
14 54 91 104 146 163 215 231 262 283 297 327 347 373 381 417 429
 482 517 542 557 571 597 610 613 633
19 61 100 107 147 166 214 236 250 267 298 339 350 375 391 424 443
 474 509 537 559 566 604 609 613 643
5 51 97 108 145 173 205 243 253 254 293 337 361 377 395 409 432
 465 514 527 555 571 604 608 618 631
11 49 93 105 149 161 225 226 263 270 324 342 345 368 402 422 441
 475 521 533 562 566 602 610 618 639
20 55 99 106 147 174 211 220 276 279 295 334 360 396 399 419 437
 476 519 541 558 567 597 606 618 635
27 53 76 110 142 176 210 235 248 254 315 326 363 366 378 407 437
 461 522 531 559 569 605 610 619 638
7 56 102 108 147 167 206 244 252 266 296 336 351 385 394 414 433
 466 511 538 550 568 598 610 616 632
40 58 66 110 144 169 227 231 263 273 300 343 357 387 395 412 428
 445 509 534 554 565 603 606 617 632
16 63 86 105 146 170 216 234 260 277 291 329 364 366 392 411 430
 467 512 535 551 568 604 606 620 642
15 53 84 104 149 179 227 240 249 255 319 341 353 365 400 415 440
 479 523 526 553 567 604 607 616 646
8 60 95 105 147 169 213 232 248 256 287 330 355 376 386 423 435
 484 513 539 556 571 600 607 612 634
18 46 103 107 145 162 219 237 261 281 292 343 349 384 388 405 431
 469 518 525 552 567 600 610 620 629
35 63 67 109 143 177 213 228 246 267 305 338 356 365 403 410 436
 449 510 541 555 565 599 610 614 636
34 55 81 111 144 166 221 238 260 278 318 337 349 393 398 422 434
 446 511 529 557 570 599 607 619 645
33 51 73 112 148 175 207 242 259 277 321 334 355 375 397 413 438
 462 516 544 553 570 603 610 615 630
17 48 101 104 145 160 210 229 246 275 290 331 346 390 393 408 444
 477 508 528 563 566 598 606 612 630
37 59 71 111 143 170 211 224 253 256 312 341 345 371 401 414 444
 448 517 536 552 569 603 609 611 644
23 50 89 106 149 171 222 238 274 280 309 338 362 367 404 412 438
 468 522 532 547 571 598 609 620 641
39 61 74 113 144 172 230 233 245 249 311 333 346 377 380 420 442
 452 519 532 551 572 601 610 611 634
13 44 90 107 149 165 230 239 259 278 301 332 356 374 401 416 439
 481 524 534 564 568 597 608 612 638
28 48 80 110 148 162 215 240 251 268 313 330 350 394 396 418 441
 464 506 535 547 573 599 608 611 628
32 47 68 112 142 165 205 244 261 279 304 327 352 369 392 406 427
 458 523 528 556 572 599 609 617 639
42 57 79 112 143 163 206 243 264 282 316 332 353 368 404 423 431
 454 505 537 548 573 601 606 619 637
24 45 77 109 148 160 216 225 262 280 303 336 358 391 399 421 425
 457 514 540 564 569 601 607 617 629
21 52 94 106 145 178 209 224 257 265 294 333 354 379 387 406 436
 480 516 531 548 568 602 607 613 628
12 58 96 104 147 172 218 235 264 284 285 344 358 389 397 410 427
 472 507 536 546 574 602 608 620 645
9 62 85 107 146 177 212 233 251 272 289 328 352 370 378 413 428
 483 505 543 549 574 598 607 618 644
43 56 69 112 144 174 223 241 274 283 320 340 354 388 390 415 430
 453 513 533 549 569 596 608 614 643
30 49 70 109 142 171 217 232 257 266 310 328 348 372 381 409 443
 463 524 525 546 570 596 606 611 646
22 59 92 106 146 168 208 221 269 273 299 326 348 369 383 421 442
 473 510 544 561 566 600 608 616 637
10 45 98 105 145 175 217 228 271 282 288 340 357 380 398 407 426
 478 506 530 560 574 597 609 616 627
26 50 64 111 142 179 209 220 250 275 306 329 347 370 382 405 435
 455 521 530 550 565 601 608 615 640
41 54 82 110 143 168 218 229 276 281 314 335 362 374 402 424 432
 450 515 538 560 572 596 607 615 642
31 46 65 113 148 178 212 239 269 270 307 344 360 385 386 411 440
 459 508 542 545 565 596 609 619 631
6 57 87 108 146 164 207 241 245 258 286 325 363 372 382 418 434
 470 515 540 554 567 602 609 612 636
25 44 83 113 142 161 219 236 271 284 317 325 364 373 383 408 433
 460 520 527 558 573 603 607 614 641
31 32 36 37 126 181 222 228 236 241 289 293 295 324 346 347 353
 358 531 534 535 538 570 586 600 626
7 11 14 18 132 187 207 210 213 230 300 302 303 304 329 337 339
 341 547 548 558 561 574 589 596 626
27 33 35 39 124 182 225 231 237 244 286 287 290 301 348 354 360
 362 529 530 536 543 573 593 604 626
5 12 13 22 131 186 209 214 215 223 307 315 316 318 328 331 336
 338 551 556 560 562 567 594 603 626
29 30 40 42 128 184 220 229 234 242 288 296 299 319 349 350 352
 356 527 532 539 542 569 587 602 626
6 10 19 23 130 185 205 211 212 226 305 317 320 323 326 330 335
 343 546 553 557 563 568 592 601 626
26 28 38 43 127 180 221 235 239 243 294 297 298 308 345 355 357
 364 525 526 540 541 572 591 598 626
8 9 15 21 125 189 216 218 219 238 310 311 312 313 327 332 334
 340 545 550 554 555 566 590 605 626
24 25 34 41 133 183 224 232 233 240 285 291 292 309 351 359 361
 363 528 533 537 544 565 595 597 626
4 16 17 20 129 188 206 208 217 227 306 314 321 322 325 333 342
 344 549 552 559 564 571 588 599 626
0 19 62 78 91 133 171 180 227 276 284 307 329 368 380 418 439
 458 480 489 511 555 569 593 600 630
0 24 49 68 94 129 168 187 243 268 277 287 347 398 401 410 433
 445 483 497 508 532 567 592 605 643
0 28 53 70 97 132 164 189 228 262 270 285 352 390 404 424 435
 452 473 498 518 529 568 588 603 635
0 20 59 66 85 127 176 181 230 250 252 323 327 365 393 411 438
 463 465 490 513 560 573 595 602 629
0 31 44 76 98 125 170 186 229 251 255 298 348 384 403 419 427
 446 470 499 516 533 571 589 601 632
0 29 50 83 101 131 163 185 237 259 269 295 363 387 402 414 443
 453 467 486 514 526 574 590 599 634
0 8 63 81 87 128 179 182 223 264 266 303 326 367 379 413 441
 460 477 494 509 552 572 586 597 631
3 34 59 79 95 130 161 186 244 245 274 294 356 381 399 405 432
 459 479 487 509 535 574 588 605 630
3 17 53 72 90 133 170 182 212 271 281 300 338 369 396 420 429
 454 484 496 514 550 570 591 602 643
3 18 44 73 89 127 163 183 208 265 275 311 335 372 385 422 428
 449 472 497 506 556 569 586 604 635
3 40 54 75 99 125 171 187 236 249 272 290 345 382 389 407 431
 457 471 504 513 544 568 594 599 631
3 10 49 65 84 124 164 184 215 246 254 322 332 370 391 412 430
 448 466 486 516 558 572 595 600 645
3 43 57 67 96 129 179 185 232 247 260 293 362 378 394 406 426
 456 481 489 519 542 566 589 603 629
3 36 63 82 100 132 165 188 235 263 283 288 359 383 386 409 444
 462 468 490 511 543 567 590 601 628
3 5 47 80 93 128 168 181 216 257 282 320 341 373 397 416 434
 447 476 499 518 559 565 593 598 634
3 21 50 77 88 126 177 180 207 253 261 318 342 366 376 415 442
 450 474 498 508 546 573 587 597 632
3 39 62 71 102 131 176 189 220 273 278 292 353 375 392 408 436
 464 475 494 507 540 571 592 596 627
2 25 61 69 84 132 160 185 242 261 266 289 357 374 396 411 434
 449 480 485 521 536 571 594 605 637
2 22 52 75 98 133 172 184 213 260 262 306 343 375 401 409 437
 453 479 502 515 545 573 586 598 639
2 16 45 79 103 126 174 183 214 269 272 310 337 394 403 408 435
 445 468 493 517 553 572 593 602 638
2 14 48 67 94 128 167 180 211 258 273 315 340 386 402 405 427
 452 471 503 505 564 570 595 604 641
2 26 55 78 90 125 162 188 225 248 257 299 346 367 385 417 430
 450 465 501 523 537 574 592 603 636
2 30 60 74 88 130 173 189 239 250 271 291 354 368 397 421 428
 448 477 488 522 538 567 589 599 633
2 32 56 66 89 131 178 187 240 254 284 286 349 371 376 413 429
 447 478 500 524 541 566 588 601 642
2 6 51 71 101 127 166 182 218 251 283 304 333 399 404 407 433
 451 481 495 512 562 565 587 600 646
1 23 55 68 96 128 175 183 210 255 263 312 336 377 382 424 436
 459 467 485 524 549 573 591 600 633
1 41 48 73 85 131 166 188 241 253 264 319 360 373 380 412 425
 455 484 493 510 525 568 589 605 639
1 38 46 77 92 130 174 187 234 267 282 301 351 370 393 420 441
 458 472 503 515 531 571 590 603 646
1 4 56 70 100 124 160 180 219 249 259 316 330 392 398 419 432
 456 482 501 522 561 565 586 602 644
1 15 58 83 102 127 178 184 205 268 274 314 339 378 384 423 444
 457 473 488 521 551 570 593 597 636
1 42 51 65 86 132 169 186 233 252 281 308 358 372 379 415 439
 461 476 502 517 530 566 592 599 641
1 37 52 80 87 129 167 189 231 246 276 309 355 369 388 422 440
 463 474 491 512 527 574 594 601 638
1 13 61 64 95 126 173 182 217 247 270 302 334 383 387 410 431
 464 470 492 523 557 569 595 598 642
1 11 60 76 99 133 162 181 209 278 280 305 344 381 390 414 426
 462 483 500 520 554 572 587 604 637
1 35 45 72 91 125 172 185 221 256 265 324 350 366 395 416 438
 460 466 495 505 528 567 588 596 640
0 7 57 74 92 126 161 184 238 256 279 321 328 374 388 417 425
 461 478 504 507 563 565 591 604 628
0 33 47 64 103 130 177 188 224 258 280 296 364 377 400 423 437
 451 482 496 506 534 566 594 596 645
2 9 46 82 97 124 169 181 206 245 277 317 331 389 400 406 443
 446 475 491 510 547 569 591 597 640
2 27 58 81 93 129 175 186 222 275 279 297 361 365 391 418 442
 454 469 492 520 539 568 590 596 644
0 12 54 69 86 124 165 183 226 248 267 313 325 371 395 421 440
 455 469 487 519 548 570 587 598 627
116 119 328 330 333 341 349 358 362 364 368 369 375 382 385 390 395
 403 486 490 492 503 582 597 605 625
120 123 327 336 342 343 346 355 356 363 370 371 379 383 389 396 398
 404 488 489 493 499 583 596 604 625
118 121 329 331 334 335 348 351 353 357 367 373 377 378 386 388 391
 401 487 495 498 500 580 599 602 625
115 122 326 332 337 344 347 350 354 359 365 372 376 380 384 392 399
 402 485 491 496 504 581 598 603 625
114 117 325 338 339 340 345 352 360 361 366 374 381 387 393 394 397
 400 494 497 501 502 584 600 601 625
23 32 58 70 90 118 122 174 207 224 246 251 306 308 421 431 460
 475 511 542 560 584 604 605 623 634
15 25 56 64 93 115 123 172 212 229 253 277 301 315 417 426 463
 468 509 540 548 582 599 600 623 635
12 43 63 74 99 120 121 163 205 240 257 270 296 300 408 438 446
 474 515 530 564 581 600 605 624 644
18 33 50 80 98 115 117 165 206 233 256 273 293 307 424 430 457
 477 520 541 557 583 602 605 621 646
21 24 47 65 101 114 121 171 213 221 245 264 288 323 419 429 464
 469 521 538 549 582 603 604 621 638
9 41 51 67 92 120 122 162 227 236 266 274 297 302 416 437 448
 467 508 529 556 582 601 602 622 627
16 42 46 71 91 114 123 175 223 232 249 250 286 305 422 427 450
 473 514 534 558 580 598 605 622 628
14 35 52 79 85 116 118 160 226 235 278 279 291 314 415 443 447
 470 506 532 550 583 600 603 622 631
22 38 45 82 87 117 119 178 220 230 247 248 289 312 412 433 454
 482 518 533 546 581 599 604 622 630
10 31 53 73 94 116 120 161 214 234 276 283 292 303 423 442 456
 465 524 536 554 584 598 599 621 640
17 29 44 77 97 119 122 179 211 231 252 272 294 313 410 434 462
 478 522 537 551 580 596 600 621 639
19 36 54 81 102 119 123 177 217 239 254 255 287 311 405 425 453
 476 512 528 547 584 602 603 624 637
5 28 49 72 103 118 123 176 218 241 260 267 290 321 414 428 459
 480 523 539 561 581 597 601 621 641
20 40 62 69 95 115 116 168 210 222 259 271 285 318 406 441 451
 466 517 525 545 580 601 604 624 636
7 39 59 78 96 114 122 164 219 242 275 280 298 320 409 440 445
 484 505 531 562 583 597 599 624 642
11 27 55 83 88 119 121 169 215 228 258 265 310 319 411 432 458
 481 507 544 552 583 598 601 623 643
8 34 57 66 100 117 118 170 209 225 261 268 295 322 407 439 452
 472 510 527 553 582 596 598 624 633
4 30 61 76 89 117 120 167 216 243 269 281 304 324 418 436 455
 479 513 543 563 580 597 603 623 645
13 26 60 68 84 114 116 166 208 237 262 282 309 317 413 444 461
 471 519 535 555 581 596 602 623 632
6 37 48 75 86 115 121 173 238 244 263 284 299 316 420 435 449
 483 516 526 559 584 596 597 622 629
4 25 50 191 194 213 231 251 282 296 311 326 345 390 391 406 439
 459 465 493 507 567 570 575 622 642
8 43 61 196 197 208 229 254 280 291 316 343 360 365 382 416 433
 458 475 498 517 570 574 577 621 628
13 30 53 193 195 211 241 265 277 298 322 327 362 376 377 408 441
 457 469 502 511 565 574 578 622 637
5 24 46 191 193 220 227 256 283 308 310 339 346 369 402 413 426
 449 470 487 522 568 573 577 624 645
15 32 49 197 199 214 221 258 281 285 320 329 356 385 387 407 425
 462 477 491 519 571 573 576 622 644
21 33 48 197 198 226 236 252 260 304 309 344 357 370 403 417 432
 454 473 494 524 567 569 578 624 634
14 37 62 190 199 217 242 248 274 290 323 332 364 379 394 424 442
 446 472 500 514 565 567 577 623 639
6 41 63 191 192 209 239 249 279 293 313 342 348 375 393 423 429
 445 466 485 518 569 574 576 623 641
16 38 54 194 196 205 222 266 278 288 307 341 363 388 399 410 428
 452 484 501 516 566 573 578 623 640
9 42 59 195 197 210 225 247 284 292 321 338 347 386 395 419 434
 453 474 488 506 568 572 575 623 646
12 36 55 193 199 207 237 268 271 297 305 333 351 374 392 412 435
 463 479 499 505 566 569 575 621 631
23 27 44 192 198 206 234 253 262 295 300 328 359 397 398 405 440
 464 480 495 513 566 572 577 622 636
22 35 57 193 198 219 240 250 263 294 303 335 352 380 389 414 430
 451 476 492 508 570 571 579 623 638
7 34 58 190 191 212 228 257 259 286 312 331 350 368 383 415 437
 455 471 497 512 571 572 578 621 629
19 40 56 192 195 216 224 270 275 289 314 337 355 367 381 420 427
 461 481 486 510 567 573 579 621 627
17 31 51 194 199 232 238 267 273 317 319 336 354 366 401 418 431
 447 482 490 521 572 574 579 624 635
20 39 60 194 198 215 243 255 261 299 302 340 358 371 378 422 443
 460 468 496 515 565 568 576 621 630
10 28 52 192 196 230 244 264 272 315 324 334 349 372 400 421 444
 450 467 489 520 565 571 575 624 643
18 29 45 190 195 223 235 245 276 301 306 330 361 373 404 411 436
 448 483 504 523 566 570 576 624 632
11 26 47 190 196 218 233 246 269 287 318 325 353 384 396 409 438
 456 478 503 509 568 569 579 622 633
11 48 74 97 114 129 143 183 234 259 274 289 307 343 348 376 407
 460 476 490 523 540 550 575 613 645
19 49 71 88 115 132 148 183 237 264 279 294 306 338 346 378 416
 446 482 503 513 527 554 578 616 642
22 61 80 102 118 130 142 183 222 277 283 300 319 344 345 379 419
 450 478 486 505 529 555 576 612 629
37 56 74 98 116 127 149 188 209 267 281 287 310 326 361 389 434
 464 467 498 505 542 558 578 617 630
27 45 65 102 122 133 146 188 218 250 261 293 316 341 355 387 441
 446 471 487 524 532 563 575 614 635
23 51 78 103 119 131 143 184 221 249 270 291 303 340 347 396 406
 463 472 487 520 543 559 578 612 632
24 59 75 84 123 126 147 188 226 251 259 297 300 340 362 372 436
 458 477 500 518 527 551 579 619 640
17 59 70 87 120 131 144 183 235 261 282 287 305 329 350 400 417
 457 481 492 516 538 545 577 618 641
18 57 76 86 119 130 144 180 236 246 257 285 314 327 360 401 413
 464 468 485 514 539 562 575 616 640
14 60 73 100 115 125 142 184 240 245 269 308 320 336 362 393 410
 454 480 498 512 534 552 575 618 627
41 61 78 94 121 124 149 186 210 256 282 295 306 327 349 394 428
 462 473 496 512 540 546 579 614 631
40 50 68 86 123 127 145 189 215 245 247 303 324 344 348 374 437
 447 484 503 511 537 553 577 614 644
20 53 79 93 114 125 148 180 224 266 267 293 304 335 349 383 412
 453 483 491 507 530 551 577 612 633
26 46 73 96 121 126 146 189 211 254 266 290 314 338 350 398 439
 451 479 490 520 533 548 576 617 634
30 51 80 99 116 124 146 185 213 275 284 294 312 342 351 384 425
 452 468 494 523 534 560 577 619 643
16 56 72 96 119 132 142 181 225 251 273 309 318 334 356 380 423
 448 469 497 515 526 563 577 613 631
34 49 76 85 122 128 145 185 208 249 283 301 307 334 364 371 435
 454 474 502 507 538 547 579 617 636
38 55 66 97 123 133 149 185 219 246 264 296 304 328 354 386 442
 457 470 497 517 535 559 576 615 627
6 55 65 95 120 129 142 180 242 262 272 301 311 339 353 395 414
 447 477 496 510 533 560 578 620 628
43 53 83 92 117 124 145 188 207 272 278 309 323 336 347 368 427
 449 476 495 509 539 545 576 611 642
15 46 81 98 118 132 143 180 231 247 280 299 323 333 363 397 408
 455 466 504 524 535 556 579 618 643
32 52 77 100 123 128 146 186 206 248 271 292 302 335 360 390 438
 445 481 504 521 526 555 578 611 645
28 57 71 90 116 128 147 187 227 269 280 289 311 331 359 366 432
 463 469 488 516 530 557 576 614 639
8 50 82 90 120 130 148 184 228 252 284 290 315 341 361 392 422
 445 470 495 519 525 549 579 613 637
36 44 64 87 121 133 145 187 216 273 274 308 321 330 352 365 443
 450 466 493 519 536 562 578 619 633
25 48 72 95 117 127 146 187 214 257 279 288 305 332 358 377 440
 453 475 489 522 529 552 579 615 632
4 45 66 94 115 130 143 182 241 255 278 297 313 331 352 385 409
 461 474 489 521 544 558 577 620 634
31 63 79 89 122 124 147 189 230 258 268 299 318 343 345 373 426
 461 480 492 514 528 549 578 615 646
21 63 83 91 115 129 144 181 220 254 281 298 302 328 351 404 421
 459 471 501 506 536 553 579 612 639
9 58 77 99 114 131 142 182 239 258 260 322 324 330 359 388 424
 449 465 499 517 532 548 579 616 630
33 62 82 93 121 127 147 185 223 255 262 291 322 337 356 369 431
 455 478 501 508 531 554 575 611 641
35 58 69 103 117 128 149 189 217 252 253 298 317 329 346 399 429
 456 483 486 515 544 556 575 619 628
29 54 67 88 117 133 147 186 238 270 277 286 320 333 353 370 444
 460 465 485 506 525 561 577 617 638
39 47 70 91 116 126 145 186 212 260 263 313 319 339 363 367 433
 448 472 491 513 541 564 575 615 637
7 44 67 84 118 131 148 181 243 248 276 288 310 342 354 382 420
 451 473 502 509 528 557 575 620 644
5 54 64 85 114 132 144 184 244 265 271 295 312 326 355 403 418
 456 475 500 508 537 564 576 620 646
13 52 69 101 120 125 143 181 233 263 268 286 321 337 364 391 405
 458 484 494 522 542 546 576 616 635
12 47 75 89 119 129 148 182 229 250 256 292 317 332 357 381 415
 452 467 493 511 531 561 576 618 636
10 62 68 92 118 125 144 182 232 253 275 296 316 325 358 402 411
 462 479 488 518 541 547 578 613 638
42 60 81 101 122 126 149 187 205 265 276 285 315 325 357 375 430
 459 482 499 510 543 550 577 611 629
120 187 198 208 209 211 238 247 251 264 271 409 411 415 424 486 487
 491 501 528 534 539 540 593 610 650
118 188 195 212 214 219 230 254 256 262 274 406 410 418 422 485 494
 499 503 526 530 538 544 587 606 650
115 186 196 213 216 217 226 249 258 261 276 408 412 413 414 488 490
 495 497 529 531 537 542 591 608 650
114 185 199 210 215 218 227 252 257 277 278 405 420 421 423 492 493
 498 504 527 533 541 543 586 609 650
119 189 191 205 206 207 223 263 267 269 275 407 416 417 419 489 496
 500 502 525 532 535 536 595 607 650
117 181 192 229 231 235 240 259 260 265 266 425 431 435 442 487 488
 496 503 549 555 558 562 592 609 649
122 180 193 225 228 232 234 245 255 279 281 428 433 438 444 486 493
 494 500 545 548 557 559 594 608 649
116 183 197 241 242 243 244 246 250 270 273 426 429 437 439 495 499
 501 504 546 547 551 552 590 607 649
123 182 190 220 221 222 224 268 272 282 284 430 432 440 443 485 490
 498 502 554 556 563 564 589 610 649
121 184 194 233 236 237 239 248 253 280 283 427 434 436 441 489 491
 492 497 550 553 560 561 588 606 649
17 35 55 82 98 114 137 167 187 191 222 270 292 316 327 364 372
 378 425 448 480 509 553 587 608 634
20 32 48 64 102 120 136 175 185 196 231 245 298 310 338 359 368
 401 430 461 472 518 561 587 607 631
7 30 46 68 95 119 136 160 188 199 233 260 295 315 335 345 365
 404 429 460 474 516 554 593 608 627
9 28 56 65 91 117 138 166 183 190 205 271 299 303 342 362 365
 401 405 462 470 507 531 594 606 634
8 27 52 70 96 115 136 162 187 195 221 283 296 317 342 353 374
 403 428 455 476 514 551 595 609 630
18 32 59 83 97 116 139 177 182 193 238 249 288 315 344 355 391
 394 416 455 480 515 533 592 606 633
7 38 50 79 100 121 141 176 182 192 208 277 285 305 340 346 384
 395 418 448 476 524 542 594 607 639
14 24 55 80 86 122 138 172 182 194 209 254 289 321 335 356 368
 400 408 456 473 513 525 590 609 632
19 35 53 75 95 122 141 165 181 197 215 269 296 312 333 361 388
 398 413 450 472 521 540 589 606 641
8 37 47 67 99 123 141 161 183 194 207 262 298 314 331 349 380
 387 411 454 466 522 543 592 608 646
20 41 44 71 96 117 141 171 184 193 212 258 287 316 337 357 379
 390 421 447 474 523 535 590 610 640
13 33 59 65 88 118 134 163 187 199 220 266 313 324 343 361 380
 390 427 456 468 512 559 591 607 636
15 29 62 80 89 114 134 170 188 196 236 279 303 308 331 354 395
 398 435 459 481 515 546 595 610 637
22 40 44 81 91 120 135 176 188 191 237 246 291 320 334 358 376
 394 432 452 483 521 548 591 609 646
10 42 61 67 97 115 137 174 188 198 239 268 290 312 329 363 369
 381 438 447 469 507 562 586 607 632
15 39 51 66 90 121 140 160 183 193 206 276 318 324 326 364 370
 381 410 453 471 518 539 589 609 628
12 42 49 82 102 116 141 179 180 190 216 251 295 302 343 354 377
 393 417 449 484 520 544 588 609 638
5 27 63 68 101 117 139 164 180 194 226 274 292 306 334 350 385
 389 420 463 478 517 534 589 607 637
11 40 52 78 84 117 140 175 182 197 211 267 308 311 328 363 373
 392 423 446 468 508 538 588 608 629
19 26 45 83 99 118 136 173 186 191 234 273 285 304 332 362 371
 400 434 463 484 508 549 586 610 628
21 38 60 71 103 120 137 172 186 199 225 259 293 314 326 352 373
 382 440 449 478 511 547 595 606 643
23 43 48 81 88 116 140 178 181 194 218 256 301 322 329 352 372
 383 419 445 479 514 537 594 610 627
10 25 54 70 103 121 139 170 181 190 227 247 294 304 336 360 375
 376 422 461 477 505 532 590 608 636
14 43 49 66 87 114 135 165 186 195 228 253 299 311 344 351 375
 396 431 451 467 522 563 593 607 640
21 30 57 64 98 122 139 168 183 192 223 278 290 317 339 358 386
 396 412 458 465 512 526 588 610 644
12 25 51 76 100 114 136 178 189 198 241 272 287 306 341 356 367
 402 442 458 466 506 557 591 606 629
17 26 62 76 94 123 139 163 184 197 230 263 293 310 330 351 397
 399 415 460 469 510 529 594 609 642
9 36 53 74 86 118 135 171 185 198 229 282 286 318 339 355 385
 399 436 445 482 520 552 595 608 639
6 39 50 69 85 119 135 161 187 196 224 281 297 322 336 350 386
 397 426 446 473 523 555 586 606 638
22 31 60 72 85 121 138 174 180 197 217 275 286 313 341 359 374
 404 406 457 467 509 527 592 610 645
4 28 63 73 84 119 134 168 186 198 232 284 301 323 337 346 387
 388 437 457 475 505 550 587 609 633
4 36 46 69 93 122 140 173 184 190 214 264 300 309 327 348 366
 382 414 452 481 506 541 592 607 630
16 33 61 77 87 116 138 169 184 192 219 257 297 323 338 353 371
 402 407 459 483 511 528 589 608 635
11 31 54 77 90 115 134 164 185 191 235 250 309 321 340 349 377
 379 433 464 479 510 556 593 606 644
18 41 56 75 101 118 137 169 189 196 242 255 294 305 328 347 366
 383 441 454 465 519 564 593 609 645
6 29 58 73 92 123 138 167 181 193 210 261 291 307 332 345 367
 403 409 464 482 519 530 588 607 643
16 34 47 78 92 115 135 179 189 199 243 265 289 300 330 360 389
 391 444 453 470 524 560 587 610 641
23 24 57 72 93 120 134 177 189 195 244 248 307 319 333 357 384
 393 443 462 471 517 558 586 608 642
13 34 45 74 89 123 140 162 180 192 213 252 319 320 325 347 369
 378 424 451 475 516 536 590 606 631
5 37 58 79 94 119 137 166 185 195 240 280 288 302 325 348 370
 392 439 450 477 513 545 591 610 635
55 56 58 60 61 134 139 143 146 161 165 171 176 179 491 493 495
 502 503 506 508 514 516 518 624 626
44 47 49 50 53 137 138 144 147 160 162 173 175 178 487 489 490
 494 504 505 510 512 515 517 623 626
54 57 59 62 63 136 140 145 148 166 167 169 172 174 486 496 497
 498 499 520 521 522 523 524 622 626
45 46 48 51 52 135 141 142 149 163 164 168 170 177 485 488 492
 500 501 507 509 511 513 519 621 626
0 14 39 56 77 107 120 153 173 197 218 232 265 288 306 331 345
 369 412 476 485 520 535 553 619 636
0 21 25 45 96 111 116 155 167 196 215 239 274 286 300 335 346
 392 431 462 502 510 539 559 618 646
0 5 26 48 100 112 122 159 169 199 212 222 247 291 311 342 349
 381 436 457 495 515 536 558 616 638
0 22 43 58 65 108 115 150 160 192 211 236 282 292 310 333 356
 366 422 484 500 523 543 547 615 633
0 16 40 55 73 104 118 152 178 190 213 244 281 293 317 340 359
 370 416 474 492 522 540 562 611 637
0 18 27 51 95 113 123 158 174 191 216 240 278 299 322 338 357
 382 444 456 491 505 538 546 613 639
0 17 30 52 102 110 121 156 166 198 207 225 249 289 320 332 361
 383 426 459 503 517 541 556 620 640
0 10 32 46 99 109 117 157 172 195 208 242 263 297 318 341 354
 378 432 464 493 512 537 550 612 641
3 15 24 52 74 105 119 153 174 190 210 237 266 298 316 344 352
 371 418 465 495 510 534 557 615 641
3 4 29 48 78 106 118 154 172 192 205 228 250 287 302 336 364
 374 413 469 491 517 533 554 619 646
3 23 31 45 69 107 114 150 169 193 209 243 284 296 314 334 363
 365 417 477 503 512 529 561 611 639
3 19 37 60 97 113 117 159 160 196 221 223 251 319 321 327 351
 402 437 445 492 524 530 548 620 636
3 11 33 46 66 108 120 152 166 194 217 229 279 285 312 330 347
 367 421 480 502 505 526 551 614 638
3 7 35 61 101 112 123 156 178 195 227 234 258 309 313 326 358
 401 435 446 501 520 525 560 618 633
3 20 42 58 98 111 121 157 162 199 226 241 269 301 303 328 355
 400 433 452 485 522 528 555 613 642
2 4 40 49 92 112 121 158 177 196 209 235 252 292 312 339 362
 380 440 460 499 514 535 557 612 635
2 10 37 57 83 106 114 152 176 197 216 233 255 300 301 342 350
 390 410 482 487 511 525 556 615 631
2 21 41 62 70 104 119 150 165 194 208 234 268 320 324 338 355
 377 414 470 504 509 530 558 619 629
2 5 38 59 76 107 115 154 171 190 207 231 270 319 322 335 358
 398 423 467 494 519 528 550 614 628
2 11 39 53 87 109 123 155 168 199 205 236 256 294 316 334 359
 393 439 455 486 506 542 549 620 632
2 17 42 63 64 108 118 153 161 193 215 221 259 309 311 341 360
 384 424 483 489 513 531 546 617 627
2 13 43 50 91 113 122 157 170 198 210 244 267 288 314 330 353
 379 425 463 497 518 544 554 618 645
2 23 36 47 85 111 117 156 163 191 219 232 276 290 302 344 356
 395 441 461 498 516 540 551 616 643
1 12 26 44 79 106 115 153 177 194 227 242 260 286 303 327 361
 386 407 475 486 518 538 563 611 643
1 22 28 62 88 111 122 158 161 195 206 229 257 287 304 340 363
 391 429 449 490 519 534 553 620 631
1 9 24 54 89 113 116 156 176 199 211 228 261 296 306 337 348
 397 430 454 489 509 526 562 612 628
1 6 31 59 93 112 117 155 179 198 213 237 254 285 310 331 364
 396 428 450 504 511 532 564 613 627
1 19 32 50 67 108 114 151 168 190 225 230 283 291 313 328 357
 389 408 479 496 516 539 552 619 635
1 8 25 53 71 107 119 152 163 192 222 226 245 299 321 329 354
 394 409 471 499 508 541 560 617 645
1 14 33 63 90 110 123 157 171 196 214 243 275 295 317 333 352
 376 434 448 487 507 533 545 616 629
0 6 36 61 72 105 114 154 162 194 206 220 246 294 315 337 362
 373 415 472 488 524 544 545 617 644
0 9 34 60 80 106 119 151 175 193 214 235 253 290 304 343 353
 372 420 466 501 521 542 564 614 642
3 13 28 51 81 104 115 151 167 197 219 224 248 295 305 339 348
 368 411 478 493 515 532 549 617 640
3 12 38 56 94 110 122 155 175 191 233 238 262 323 324 329 360
 403 443 451 488 523 527 552 612 637
2 18 35 54 68 105 120 151 179 192 212 241 280 308 318 332 351
 387 419 473 490 507 527 559 611 630
2 15 34 44 86 110 116 159 164 195 217 220 264 293 305 336 345
 388 438 458 496 508 543 561 613 634
1 20 30 47 82 105 118 150 164 197 238 240 272 297 307 326 346
 375 405 481 497 514 536 548 614 632
1 16 29 57 84 109 121 159 165 191 218 224 271 298 315 343 347
 385 442 447 494 513 529 547 618 630
3 8 41 55 103 109 116 158 173 198 230 231 277 307 308 325 350
 404 427 453 500 521 531 563 616 644
1 7 27 49 75 104 120 154 170 193 223 239 273 289 323 325 349
 399 406 468 498 506 537 555 615 634
67 68 80 81 113 121 155 195 250 259 272 281 366 371 390 399 409
 412 417 423 470 472 475 480 616 626
66 71 73 83 109 122 156 196 248 260 270 282 369 374 377 389 405
 415 418 419 466 468 477 483 613 626
72 75 76 78 112 116 157 191 245 253 266 268 365 370 386 387 408
 421 422 424 476 478 481 482 620 626
88 92 95 103 104 114 153 192 251 254 263 276 379 385 392 401 426
 434 438 443 452 454 455 457 614 626
84 86 97 100 106 120 150 190 256 258 275 278 378 380 397 403 429
 431 433 441 450 453 459 463 617 626
85 89 101 102 105 115 152 193 247 257 262 267 382 388 396 400 427
 432 439 442 445 448 460 462 619 626
87 93 94 96 107 118 151 194 249 252 269 271 376 381 395 404 425
 430 437 444 446 449 458 464 615 626
90 91 98 99 108 119 154 197 261 264 274 277 383 391 393 402 428
 435 436 440 447 451 456 461 611 626
65 69 70 82 111 123 159 198 265 273 279 280 368 373 384 394 407
 410 413 420 465 467 474 479 612 626
64 74 77 79 110 117 158 199 246 255 283 284 367 372 375 398 406
 411 414 416 469 471 473 484 618 626
14 40 76 103 111 129 147 164 193 205 233 282 313 338 354 383 411
 425 450 475 495 524 526 582 586 630
10 35 78 89 110 132 146 173 194 223 224 259 310 344 353 393 405
 433 457 474 499 519 539 582 591 639
13 39 67 103 106 127 142 169 191 226 229 264 289 341 351 398 418
 430 462 474 504 514 545 584 588 633
14 28 64 96 105 124 143 178 191 208 236 261 319 328 361 399 420
 438 453 477 499 511 554 580 592 638
13 31 75 96 109 130 145 176 190 206 240 279 311 329 355 402 412
 434 460 473 501 517 543 582 587 643
21 26 69 92 105 133 148 176 195 205 231 249 295 331 356 372 424
 433 447 468 492 505 552 584 589 645
19 38 80 90 105 126 144 163 198 218 242 258 292 336 348 365 406
 444 455 483 502 522 558 582 588 631
19 25 65 87 110 125 149 174 193 208 244 260 302 331 347 397 423
 436 452 478 490 514 525 583 587 644
20 26 72 86 113 131 149 167 192 207 232 283 312 343 352 391 410
 432 446 477 504 506 531 582 593 637
9 31 68 100 104 133 143 173 196 207 220 257 301 326 357 394 422
 425 451 469 486 513 551 583 588 641
20 37 65 89 104 128 144 177 191 214 225 277 294 330 363 374 409
 431 458 473 495 520 550 581 589 627
10 30 66 86 107 126 148 179 191 210 221 274 287 333 359 373 414
 427 454 475 501 515 555 583 594 635
11 36 71 98 104 124 142 174 195 238 243 252 291 335 350 387 413
 442 459 484 489 518 564 582 594 636
17 41 66 88 113 125 146 175 190 226 243 280 315 339 356 388 406
 435 464 476 486 511 536 581 586 646
23 29 71 100 110 129 145 161 197 213 239 266 318 327 358 400 420
 430 455 470 500 505 544 581 593 635
23 34 82 94 108 126 142 172 196 227 237 267 299 332 355 390 411
 429 457 476 494 506 562 580 589 644
12 41 77 84 108 127 144 170 195 213 222 269 290 334 352 368 405
 426 460 482 491 524 559 583 592 628
9 39 83 94 112 132 147 170 192 217 221 246 307 335 361 382 417
 441 447 479 493 522 534 581 587 629
18 38 74 93 111 131 146 160 197 227 228 268 317 334 362 379 409
 427 459 466 496 513 537 584 587 638
18 25 81 85 108 124 148 171 199 209 234 263 298 340 353 369 410
 437 450 481 488 517 563 581 588 634
12 27 80 92 109 132 149 166 197 212 220 245 314 340 364 376 414
 431 445 465 489 516 528 580 586 633
16 24 83 95 108 128 143 162 198 212 235 275 324 327 354 375 412
 439 446 478 498 519 561 584 594 646
5 32 78 87 104 127 148 161 198 217 233 278 296 343 362 366 419
 435 448 471 485 510 548 580 590 643
7 42 72 88 107 124 144 168 196 211 240 262 293 344 364 367 407
 436 463 470 493 521 556 584 590 630
4 43 75 97 105 128 142 166 199 224 230 276 286 338 358 384 417
 428 464 466 487 508 553 583 590 637
8 30 77 85 112 129 149 172 190 215 236 273 305 337 363 385 419
 444 451 480 487 518 530 584 591 642
22 34 64 97 109 125 147 163 194 210 241 281 323 342 357 392 413
 440 448 481 503 520 532 584 593 628
4 33 79 99 113 132 145 179 193 218 222 248 320 328 350 401 422
 429 458 467 488 510 540 584 595 632
16 36 70 101 113 130 147 168 197 209 231 253 303 332 349 378 418
 438 449 471 502 523 533 583 591 627
5 42 69 90 109 129 146 178 192 237 238 255 304 330 345 380 408
 437 462 472 498 509 538 583 595 640
11 24 67 102 111 125 145 165 192 214 242 284 322 326 360 404 415
 428 463 482 492 515 535 580 591 634
17 27 74 91 106 128 148 165 196 219 241 247 285 337 345 370 423
 443 449 479 500 512 560 582 592 632
8 35 73 93 106 133 144 164 199 206 239 251 288 339 347 371 408
 432 461 467 503 523 546 580 594 629
7 32 73 91 111 130 149 169 194 216 235 272 316 333 348 396 424
 426 453 469 494 508 527 581 595 636
6 43 68 98 110 131 147 177 190 219 234 265 321 341 346 381 421
 439 454 468 491 521 529 580 595 631
21 37 81 84 112 130 146 162 193 229 230 270 306 336 359 395 407
 443 456 484 497 507 541 580 593 641
6 33 76 102 106 126 143 160 195 215 232 271 308 329 349 389 416
 440 452 465 497 509 549 581 590 639
15 40 79 101 107 133 142 167 198 223 228 256 297 342 360 377 421
 434 456 472 490 516 547 581 592 642
22 29 70 99 107 127 143 175 199 216 244 254 309 325 346 386 415
 441 445 480 496 507 557 582 589 640
15 28 82 95 112 131 145 171 194 211 225 250 300 325 351 403 416
 442 461 483 485 512 542 583 586 645
49 51 55 62 110 130 192 247 256 261 269 286 288 298 309 365 373
 389 390 548 550 551 564 584 586 647
44 52 56 63 104 126 199 245 250 280 282 304 307 312 322 378 395
 396 402 525 529 539 544 584 592 648
45 47 58 62 106 124 198 266 270 281 283 305 311 315 321 376 382
 393 401 526 527 535 537 583 589 648
45 53 56 59 113 129 194 257 258 263 264 290 291 295 308 370 374
 375 384 547 555 556 557 580 587 647
50 51 54 60 107 128 195 246 260 268 279 300 310 316 323 380 383
 385 400 531 533 536 540 580 588 648
48 49 59 61 108 133 191 248 255 265 272 303 314 317 318 388 392
 397 404 530 534 541 542 582 590 648
46 50 58 63 112 125 197 262 271 276 278 287 289 294 319 371 372
 377 394 559 561 562 563 582 595 647
47 52 54 61 109 131 193 251 252 274 275 285 293 299 301 366 368
 386 398 552 553 554 558 581 591 647
44 48 57 60 111 132 190 249 254 267 277 292 296 297 324 367 369
 387 399 545 546 549 560 583 593 647
46 53 55 57 105 127 196 253 259 273 284 302 306 313 320 379 381
 391 403 528 532 538 543 581 594 648
65 74 75 83 85 90 100 103 167 168 175 179 194 195 528 529 535
 541 546 548 554 562 569 571 577 625
64 71 72 81 89 92 94 99 160 164 165 169 190 198 525 533 538
 542 551 553 555 559 573 574 575 625
67 70 77 78 86 93 95 98 163 166 176 178 193 196 527 534 536
 544 547 549 550 563 567 572 576 625
66 76 80 82 84 91 96 101 161 173 174 177 192 199 530 532 537
 540 545 552 556 561 568 570 578 625
68 69 73 79 87 88 97 102 162 170 171 172 191 197 526 531 539
 543 557 558 560 564 565 566 579 625
9 13 18 19 121 128 161 164 172 178 188 222 231 232 243 392 393
 396 403 407 414 415 421 577 615 647
12 14 15 17 117 126 162 168 169 176 185 224 234 239 244 380 382
 391 404 409 413 419 422 578 614 647
4 5 6 7 116 133 163 165 174 175 189 221 225 229 236 376 378
 379 400 405 410 411 412 579 611 647
24 30 35 36 115 131 161 169 170 175 180 205 208 218 230 367 370
 390 394 431 434 437 440 576 613 648
32 33 42 43 119 125 164 167 173 176 183 209 212 213 227 373 374
 398 399 441 442 443 444 579 620 648
25 31 38 39 118 129 162 165 166 177 184 210 211 216 223 368 372
 387 389 429 432 435 438 577 616 648
26 29 34 37 120 132 168 171 174 178 182 206 215 219 226 365 366
 375 377 425 426 427 428 575 612 648
20 21 22 23 123 124 166 170 173 179 187 228 233 235 242 381 385
 388 402 408 416 418 423 575 617 647
8 10 11 16 122 127 160 167 171 177 186 220 237 240 241 383 395
 397 401 406 417 420 424 576 619 647
27 28 40 41 114 130 160 163 172 179 181 207 214 217 238 369 371
 384 386 430 433 436 439 578 618 648
10 13 14 20 27 29 36 38 108 112 183 189 201 249 251 256 257
 260 280 281 284 508 509 510 521 625
6 11 12 21 28 32 34 35 107 113 184 188 204 247 255 266 273
 275 276 277 282 513 514 517 522 625
5 15 16 19 30 31 41 43 106 111 182 187 200 245 246 248 252
 259 261 262 263 505 506 507 520 625
4 8 18 22 24 26 39 42 104 110 181 185 203 253 258 267 270
 271 272 274 279 511 512 516 524 625
7 9 17 23 25 33 37 40 105 109 180 186 202 250 254 264 265
 268 269 278 283 515 518 519 523 625
44 70 88 105 112 167 182 185 204 214 233 299 314 341 347 389 393
 412 437 459 469 500 540 555 624 628
47 83 84 107 110 172 180 187 201 206 241 291 312 338 348 379 399
 422 435 462 465 492 542 563 624 627
58 78 100 105 113 177 183 187 203 215 229 293 323 334 354 369 404
 414 434 461 479 494 525 564 622 640
45 80 97 104 112 176 184 187 202 226 232 298 318 333 360 367 383
 405 439 449 467 496 538 554 623 644
55 74 102 107 112 164 181 186 200 208 224 290 303 330 357 366 402
 410 429 455 468 489 527 545 622 646
51 77 94 105 111 171 181 188 201 223 244 285 311 343 350 374 378
 408 440 454 470 486 541 561 623 633
50 76 93 104 109 169 183 188 200 211 221 286 302 332 352 375 388
 420 433 456 480 488 535 560 624 631
52 73 103 108 113 165 180 185 200 220 238 287 300 331 358 365 381
 407 441 448 473 499 537 549 623 642
46 72 101 106 110 179 183 186 204 230 236 296 322 340 355 368 392
 409 425 447 483 498 536 557 623 636
49 64 90 106 113 166 181 189 202 213 234 297 316 335 363 394 395
 415 427 457 478 485 543 552 624 630
60 69 96 108 110 163 182 188 202 216 228 294 307 339 349 370 401
 419 442 463 475 504 528 553 622 641
48 65 98 107 109 161 182 189 203 227 235 295 320 337 351 371 382
 406 438 450 482 497 539 551 623 637
53 68 89 108 111 174 184 186 203 218 231 289 305 342 364 380 386
 416 443 464 477 501 544 548 624 629
54 71 87 106 112 173 180 188 203 210 240 317 324 328 356 384 391
 411 426 445 472 502 529 550 621 634
63 75 92 107 111 178 183 185 202 217 225 308 315 327 353 390 397
 418 432 451 484 491 532 558 621 632
57 82 85 104 113 162 182 186 201 205 242 309 310 329 345 376 398
 421 436 453 466 503 534 559 621 635
62 79 86 108 109 175 181 187 204 219 239 306 319 326 362 387 396
 417 444 452 474 495 533 556 621 645
56 81 95 106 109 170 184 185 201 207 243 292 313 344 346 373 400
 424 428 458 471 490 530 562 622 638
61 66 99 104 111 168 180 189 204 212 237 288 321 336 361 372 403
 423 430 460 481 487 531 547 622 639
59 67 91 105 110 160 184 189 200 209 222 301 304 325 359 377 385
 413 431 446 476 493 526 546 621 643
25 29 35 43 46 47 59 60 86 90 94 102 104 158 328 334 337
 342 407 412 418 424 578 586 601 649
4 14 19 21 44 51 58 59 68 72 74 82 109 152 349 353 360
 363 426 430 435 441 576 594 598 650
27 31 34 42 48 50 56 62 84 87 99 103 105 156 327 333 335
 339 409 410 416 421 576 591 603 649
6 8 13 17 46 49 54 56 78 79 80 83 111 150 352 357 358
 359 436 437 438 442 575 589 604 650
12 16 18 23 52 53 60 62 64 65 66 67 112 154 345 346 348
 350 425 432 433 434 579 590 597 650
28 30 37 39 44 45 54 55 92 93 100 101 108 157 329 338 343
 344 406 413 415 423 579 595 605 649
7 10 15 22 47 48 55 63 69 71 76 77 113 151 347 355 361
 362 428 431 439 443 577 588 602 650
26 33 36 41 49 52 57 58 89 91 95 97 107 155 326 336 340
 341 408 411 419 420 577 587 599 649
5 9 11 20 45 50 57 61 70 73 75 81 110 153 351 354 356
 364 427 429 440 444 578 592 600 650
24 32 38 40 51 53 61 63 85 88 96 98 106 159 325 330 331
 332 405 414 417 422 575 593 596 649
21 29 55 75 87 160 212 243 267 283 285 322 341 348 380 394 405
 438 461 475 488 520 534 556 585 642
10 24 60 79 91 178 207 229 252 273 295 311 338 364 388 389 409
 441 455 481 485 523 529 559 585 644
18 31 61 82 92 175 215 224 260 264 287 320 342 352 395 399 408
 439 463 471 500 522 526 550 585 636
12 40 48 83 93 174 230 232 261 280 294 321 326 353 385 398 424
 429 448 470 502 512 543 555 585 640
17 28 58 67 85 173 216 237 245 256 296 318 335 347 375 379 407
 440 458 468 501 524 533 558 585 637
7 43 51 70 89 172 220 226 255 271 290 307 327 359 387 391 423
 434 450 483 503 510 535 552 585 638
20 34 52 68 90 169 223 236 254 270 288 313 329 362 384 397 414
 442 449 482 493 505 540 563 585 646
8 36 45 76 88 166 227 244 259 275 292 323 328 345 377 396 410
 430 447 473 491 515 542 548 585 641
5 33 56 71 86 162 208 228 272 276 298 300 332 363 386 393 406
 425 460 479 492 521 532 546 585 633
13 25 62 73 98 179 205 225 246 258 297 312 344 349 366 404 420
 443 445 476 487 513 538 561 585 628
14 41 53 69 99 177 206 221 247 250 301 310 343 358 367 392 418
 444 459 478 497 516 527 562 585 634
11 30 63 65 94 176 219 222 251 253 286 314 336 357 369 400 416
 435 453 472 504 519 537 557 585 630
4 32 57 80 103 171 210 239 262 265 299 305 334 361 370 402 415
 433 446 484 490 509 536 551 585 627
6 42 47 74 96 170 214 231 248 278 306 324 340 351 365 383 413
 432 457 480 486 508 525 547 585 635
9 38 44 78 102 168 213 241 263 279 309 315 333 350 371 381 411
 431 456 477 498 514 530 553 585 645
23 26 59 77 101 165 217 240 277 281 289 316 339 354 373 403 422
 437 452 466 489 507 539 554 585 631
22 37 50 66 95 164 218 234 249 266 308 317 337 360 368 378 417
 436 462 469 499 506 528 564 585 643
16 35 49 81 100 163 211 233 274 284 304 319 331 355 374 382 421
 426 464 465 496 518 531 545 585 632
15 27 54 72 97 161 209 242 269 282 291 302 330 346 372 401 412
 427 451 474 494 511 541 549 585 629
19 39 46 64 84 167 235 238 257 268 293 303 325 356 376 390 419
 428 454 467 495 517 544 560 585 639
13 37 63 72 135 158 175 184 227 261 272 285 335 354 381 419 433
 455 465 503 540 547 566 583 619 634
16 27 59 98 141 151 173 185 236 268 276 311 336 352 367 415 429
 462 475 503 525 548 565 581 612 645
23 38 49 99 139 153 167 188 229 245 271 313 337 353 366 413 439
 453 473 492 536 556 565 583 613 629
17 43 45 84 138 151 171 189 233 277 279 302 326 349 386 414 432
 455 472 499 534 562 573 584 613 636
15 35 50 96 139 154 166 186 243 257 272 321 343 359 369 411 441
 452 482 500 538 558 569 584 612 627
20 28 46 76 137 156 165 182 213 265 274 291 336 353 380 417 434
 445 471 486 527 546 566 584 615 644
10 39 58 75 136 159 163 180 209 248 277 309 337 352 396 416 425
 459 470 490 538 552 566 580 614 646
11 42 44 95 139 150 172 189 224 261 283 323 331 362 370 418 425
 445 467 501 541 559 570 581 616 631
21 40 46 89 138 154 161 185 241 248 251 316 329 361 375 410 444
 463 476 496 529 564 572 583 616 633
4 35 62 77 135 159 162 183 238 245 254 295 341 357 383 423 427
 463 477 502 542 562 568 581 615 643
12 29 61 91 140 152 164 187 225 253 278 310 335 355 384 406 437
 454 477 490 535 549 565 584 616 641
16 32 44 69 134 158 166 180 215 256 270 290 326 351 400 409 436
 454 476 488 532 554 574 582 615 629
5 39 52 88 138 152 179 188 234 269 284 305 327 357 399 424 431
 461 466 497 533 547 570 582 612 644
6 30 62 97 141 153 178 186 235 267 280 300 334 347 374 422 430
 456 471 493 528 552 573 582 616 634
5 40 60 82 136 155 170 183 219 258 266 301 333 347 391 415 438
 464 473 489 541 563 574 584 619 639
9 26 63 103 141 154 160 187 244 255 256 320 344 363 368 412 442
 464 481 502 527 560 570 580 613 635
14 25 57 101 141 150 175 188 220 252 270 318 330 348 371 416 428
 457 479 491 531 555 572 584 620 643
21 36 56 67 136 158 164 182 210 269 279 319 343 364 397 422 439
 457 483 487 537 560 571 581 611 640
15 38 57 65 135 156 173 181 226 275 283 287 338 349 392 424 437
 460 480 493 544 564 574 580 611 632
9 27 47 66 134 159 167 184 208 259 267 294 329 358 404 408 426
 450 484 485 533 557 567 584 611 631
17 34 61 71 136 157 177 181 205 262 284 308 340 348 385 412 441
 456 467 504 539 548 567 583 615 638
8 29 51 64 137 155 176 180 214 263 282 289 344 362 388 421 429
 446 479 497 528 558 568 583 611 636
7 28 60 87 140 150 177 185 222 263 281 306 332 360 398 408 427
 447 465 487 544 551 569 582 613 646
13 41 47 100 139 152 174 185 228 254 273 303 333 345 372 417 440
 446 483 488 539 550 573 580 620 630
6 26 53 81 134 156 172 183 216 252 268 288 328 360 402 406 431
 448 474 500 534 561 571 583 614 630
19 33 55 85 140 153 170 189 240 274 282 315 342 358 387 409 433
 449 469 504 542 561 572 580 612 640
22 32 54 94 141 152 162 189 232 259 264 322 339 364 365 420 434
 459 468 495 530 563 569 583 618 632
18 43 55 79 136 156 168 184 217 250 251 324 331 363 376 420 440
 462 482 494 536 555 568 582 617 641
12 33 45 68 137 159 161 181 211 246 249 299 339 359 379 418 428
 453 481 498 525 550 571 582 619 642
4 37 53 102 139 151 169 187 237 260 275 307 340 356 373 421 438
 451 470 485 537 546 572 582 618 628
22 25 49 74 134 157 169 182 207 276 280 293 327 350 403 405 444
 447 472 501 526 549 568 580 619 627
7 31 52 83 137 158 171 183 218 247 253 297 330 356 393 413 430
 452 475 496 530 559 567 580 617 637
19 24 48 70 137 157 179 184 206 278 281 286 334 345 395 411 442
 451 468 499 531 556 574 581 614 633
23 42 54 73 135 155 160 182 230 257 273 298 342 361 378 414 435
 458 478 491 535 545 567 582 614 645
11 41 59 80 135 157 178 180 223 260 271 296 332 346 382 410 443
 461 469 495 543 553 571 584 617 635
20 24 56 92 140 151 163 186 239 246 247 317 341 350 377 407 435
 450 480 494 543 554 570 583 620 639
8 31 58 86 140 154 168 188 242 249 265 304 338 351 390 405 443
 448 478 489 540 557 573 581 618 638
10 34 51 93 138 153 165 187 231 250 258 314 328 346 394 419 436
 460 484 498 526 545 569 581 620 637
18 36 48 90 138 150 176 186 221 262 266 312 325 354 389 423 426
 458 474 486 532 553 565 580 618 642
14 30 50 78 134 155 174 181 212 255 264 292 325 355 401 407 432
 449 466 492 529 551 566 581 617 628
14 70 106 140 156 161 223 237 272 277 293 312 357 365 385 439 464
 484 488 515 528 559 579 587 601 645
43 101 109 134 153 162 214 222 249 273 287 312 335 370 397 411 461
 470 496 511 527 548 575 588 597 639
13 71 105 138 159 168 207 235 255 274 296 310 360 370 395 429 452
 480 491 520 537 563 579 586 599 629
23 79 104 138 157 164 216 236 247 259 287 315 351 369 380 428 446
 465 502 521 541 552 576 587 596 628
8 72 108 139 159 178 210 233 250 276 297 320 348 398 400 431 449
 468 486 507 535 564 578 587 603 639
28 102 109 135 154 174 209 233 258 259 288 317 327 367 395 422 454
 479 504 508 536 559 577 589 600 642
20 80 107 139 158 160 205 234 248 264 286 311 347 387 403 426 448
 479 498 511 544 562 579 591 596 641
36 103 110 134 151 178 211 242 245 278 285 316 342 369 391 417 460
 467 497 513 530 555 579 589 598 646
25 91 112 137 153 168 228 238 248 275 308 322 343 399 400 414 464
 474 503 524 543 551 576 589 602 631
42 93 113 136 152 171 208 235 246 256 289 313 336 387 392 405 451
 465 500 515 529 553 578 589 597 643
18 69 106 141 157 167 218 225 254 282 319 323 359 375 381 435 460
 470 489 508 534 551 578 591 599 644
32 92 110 137 150 170 226 237 250 257 311 319 337 386 404 410 456
 466 502 520 540 549 577 594 597 630
15 75 108 138 155 177 208 232 270 278 295 304 350 373 379 430 445
 469 503 522 536 560 575 591 601 630
27 86 111 137 152 177 230 243 266 271 309 320 331 375 402 419 457
 472 493 523 542 554 579 588 600 628
21 78 108 141 156 169 214 240 246 271 301 321 345 378 399 427 455
 467 490 518 532 557 577 586 596 637
16 68 107 140 157 176 229 238 258 283 294 302 361 368 396 440 457
 466 500 510 530 546 575 586 603 634
31 95 110 135 152 167 205 221 277 280 290 306 328 371 380 415 449
 481 494 518 537 558 575 590 602 633
7 65 106 139 155 162 217 231 267 284 291 318 352 377 402 444 454
 481 499 513 540 553 576 586 605 640
26 85 109 137 151 164 223 229 261 284 300 324 333 394 401 423 459
 476 491 522 544 557 578 590 604 627
6 64 104 140 159 171 228 230 260 269 292 314 354 371 391 441 462
 476 501 505 527 556 577 591 605 632
22 83 105 140 155 165 227 243 245 251 290 305 349 367 397 425 456
 474 485 517 531 550 578 595 596 635
35 84 111 136 153 176 207 236 264 281 299 307 330 377 381 406 445
 478 488 512 533 564 577 590 598 635
19 77 104 139 156 175 209 241 256 266 299 300 364 384 404 432 447
 475 497 519 543 545 575 595 599 638
29 96 113 135 153 169 217 241 262 268 292 304 326 368 393 416 450
 468 487 516 541 550 579 594 604 644
40 94 113 134 150 173 206 225 260 274 298 305 341 372 396 413 455
 482 498 507 528 560 576 590 600 638
30 87 113 137 154 163 224 227 254 279 301 318 340 389 403 424 462
 484 495 521 535 561 575 592 598 629
10 74 104 141 155 166 206 222 261 265 308 313 356 382 386 437 463
 483 494 514 533 561 579 593 603 642
39 97 111 134 154 175 213 240 247 283 295 314 332 366 385 421 458
 483 499 509 525 563 578 594 602 641
37 88 110 136 154 165 212 232 252 282 297 303 334 382 384 408 453
 480 501 510 532 562 576 588 604 645
34 98 112 134 152 160 218 239 263 272 296 302 338 373 376 418 463
 473 486 519 531 552 577 592 604 640
38 89 109 136 150 179 215 244 253 276 291 321 339 383 390 407 446
 469 485 505 534 545 579 592 602 634
24 99 112 135 150 166 219 231 255 269 293 315 329 374 379 420 448
 475 490 506 539 546 578 588 598 636
9 76 108 140 158 179 224 226 262 273 288 316 346 374 376 438 459
 472 492 512 525 558 576 593 599 643
5 66 105 141 158 172 211 239 275 281 303 309 353 383 394 443 458
 482 504 516 529 549 575 587 605 636
4 67 107 138 156 170 215 220 263 280 285 317 355 372 393 442 453
 478 495 523 538 548 578 593 605 631
12 73 105 139 157 173 219 221 252 279 289 322 363 390 401 436 450
 471 496 509 542 547 577 593 601 646
17 81 107 141 159 174 213 242 253 257 307 324 362 389 392 433 461
 473 487 506 526 554 576 595 601 633
41 90 112 136 151 161 216 220 265 267 286 323 344 378 398 409 452
 477 492 517 526 547 575 594 600 632
11 82 106 138 158 163 212 244 249 268 298 306 358 366 388 434 451
 477 493 524 539 555 577 595 603 627
33 100 111 135 151 172 210 234 251 270 294 310 325 365 388 412 447
 471 489 514 538 556 576 592 597 637
90 92 96 97 156 180 222 229 233 244 303 305 310 322 371 373 375
 387 506 512 513 521 567 581 619 650
86 88 99 101 155 184 224 225 235 241 302 307 311 317 365 369 394
 398 505 509 518 524 571 580 615 650
87 89 98 100 158 181 221 232 237 242 300 313 314 315 368 370 377
 399 507 508 517 523 568 584 614 650
66 70 72 79 151 188 205 213 215 238 289 292 298 301 379 382 397
 402 508 512 519 520 569 580 616 649
64 69 75 80 152 186 207 211 219 227 287 288 291 324 378 385 393
 404 507 510 514 524 572 581 613 649
84 85 94 95 157 183 220 228 231 239 304 316 320 321 366 367 384
 389 511 514 515 520 566 582 611 650
77 81 82 83 154 189 208 210 214 226 286 293 296 308 380 381 396
 401 505 513 516 523 565 582 620 649
67 73 74 76 150 187 212 217 218 223 294 295 299 309 391 392 395
 400 511 517 518 521 573 583 612 649
91 93 102 103 159 182 234 236 240 243 306 312 318 323 372 374 386
 390 510 516 519 522 574 583 617 650
65 68 71 78 153 185 206 209 216 230 285 290 297 319 376 383 388
 403 506 509 515 522 570 584 618 649
