625 626 627 628 629 630 631 632 633 634 635 636 637 638 639 640 641
 642 643 644 645 646 647 648 649 650
25 26 27 28 29 201 206 210 215 298 299 303 304 305 369 481 485
 486 487 489 526 527 528 529 530 625
20 21 22 23 24 202 205 211 214 292 293 294 295 296 368 491 492
 493 494 495 521 522 523 524 525 625
15 16 17 18 19 203 207 209 213 287 288 289 290 291 367 482 483
 484 488 490 536 537 538 539 540 625
30 31 32 33 34 204 208 212 216 297 300 301 302 306 370 496 497
 498 499 500 531 532 533 534 535 625
130 131 132 133 134 201 207 212 368 416 417 418 419 420 446 447 448
 449 450 596 597 598 599 600 601 648
115 116 117 118 119 204 205 210 367 426 427 428 429 430 441 442 443
 444 445 581 582 583 584 585 602 648
125 126 127 128 129 202 206 209 370 411 412 413 414 415 456 457 458
 459 460 586 588 591 593 594 603 648
120 121 122 123 124 203 208 211 369 421 422 423 424 425 451 452 453
 454 455 587 589 590 592 595 604 648
90 91 92 93 94 202 212 215 342 343 344 345 346 367 476 477 478
 479 480 564 565 567 568 569 604 627
85 86 87 88 89 201 211 213 332 333 334 335 336 370 461 462 463
 464 465 576 577 578 579 580 602 627
75 76 77 78 79 204 209 214 327 328 329 330 331 369 466 471 472
 473 475 561 562 563 566 570 601 627
80 81 82 83 84 203 210 216 337 338 339 340 341 368 467 468 469
 470 474 571 572 573 574 575 603 627
65 66 67 68 69 205 212 213 308 309 310 311 312 369 406 407 408
 409 410 546 547 548 549 550 603 650
60 61 62 63 64 206 211 216 313 314 315 316 317 367 399 401 402
 404 405 556 557 558 559 560 601 650
55 56 57 58 59 208 209 215 318 319 320 321 322 368 396 397 398
 400 403 551 552 553 554 555 602 650
70 71 72 73 74 207 210 214 307 323 324 325 326 370 391 392 393
 394 395 541 542 543 544 545 604 650
135 136 137 138 139 150 151 152 153 154 165 166 167 168 169 170 171
 172 173 174 200 201 202 203 204 650
5 6 7 8 9 10 11 12 13 14 160 161 162 163 164 185 186
 187 188 189 200 205 206 207 208 627
5 28 78 110 118 135 143 241 250 286 288 315 342 364 370 382 408
 424 434 438 518 522 553 575 599 634
8 27 76 111 119 136 142 240 251 285 289 314 344 362 370 381 407
 423 431 440 517 524 554 573 598 633
7 17 92 109 125 135 142 244 259 269 306 326 336 361 368 377 402
 429 435 437 510 527 546 563 590 630
9 26 77 112 115 138 141 238 249 284 291 317 346 366 370 383 406
 421 435 439 516 521 551 571 596 635
7 25 75 114 116 139 140 233 248 283 290 316 345 365 370 385 410
 425 432 436 519 523 552 572 600 637
5 18 93 105 127 138 140 246 260 271 300 324 334 353 368 378 404
 428 433 440 508 528 547 561 589 628
6 29 79 113 117 137 144 234 247 282 287 313 343 363 370 384 409
 422 433 437 520 525 555 574 597 636
9 19 94 107 128 137 143 243 258 268 301 325 333 359 368 373 399
 426 431 436 511 529 549 566 592 631
8 32 87 97 132 138 143 236 264 273 292 320 338 358 369 388 393
 413 432 437 507 536 556 565 581 641
5 34 89 96 134 136 144 239 266 276 294 319 340 356 369 387 392
 412 435 436 512 538 560 567 584 639
7 23 84 102 122 138 144 228 254 280 305 312 331 351 367 372 396
 416 431 438 503 533 542 577 591 647
9 31 86 99 130 139 142 232 262 272 296 322 341 360 369 389 394
 414 433 438 513 540 559 568 583 642
7 30 85 98 133 137 141 235 263 274 295 318 337 357 369 390 395
 415 434 440 514 539 558 569 585 640
5 20 81 104 123 137 142 229 253 279 298 308 328 347 367 379 403
 420 432 439 504 534 544 579 593 645
6 24 83 100 124 139 143 231 256 281 299 309 327 348 367 371 397
 417 435 440 505 535 545 580 594 643
6 15 90 108 126 136 141 242 257 267 302 323 335 355 368 376 401
 427 432 438 506 526 548 562 587 632
6 33 88 95 131 135 140 237 265 275 293 321 339 354 369 386 391
 411 431 439 509 537 557 564 582 638
8 22 82 101 120 135 141 230 255 278 303 310 330 349 367 375 400
 418 433 436 501 531 541 576 586 644
9 21 80 103 121 136 140 227 252 277 304 311 329 350 367 374 398
 419 434 437 502 532 543 578 588 646
8 16 91 106 129 139 144 245 261 270 297 307 332 352 368 380 405
 430 434 439 515 530 550 570 595 629
140 141 142 143 144 145 146 147 148 149 200 209 210 211 212 217 218
 219 220 221 222 223 224 225 226 649
0 1 2 3 4 190 191 192 193 194 200 213 214 215 216 436 437
 438 439 440 610 611 612 613 614 648
175 176 177 178 179 195 196 197 198 199 200 367 368 369 370 615 616
 617 618 619 620 621 622 623 624 626
155 156 157 158 159 180 181 182 183 184 200 431 432 433 434 435 601
 602 603 604 605 606 607 608 609 625
95 96 97 98 99 204 207 211 215 233 234 238 240 241 252 253 254
 255 256 267 268 269 270 271 603 626
110 111 112 113 114 201 205 209 216 232 235 236 237 239 257 258 259
 260 261 277 278 279 280 281 604 626
100 101 102 103 104 202 208 210 213 242 243 244 245 246 247 248 249
 250 251 272 273 274 275 276 601 626
105 106 107 108 109 203 206 212 214 227 228 229 230 231 262 263 264
 265 266 282 283 284 285 286 602 626
7 35 44 47 53 58 64 65 72 136 143 433 439 442 446 455 460
 465 470 475 477 483 489 494 499 626
5 37 41 48 50 55 61 66 73 139 141 431 437 444 450 453 456
 461 471 474 479 485 488 495 496 626
9 38 43 46 54 56 63 68 71 135 144 432 440 441 449 454 459
 464 469 473 476 482 486 492 500 626
6 36 42 49 51 57 62 67 74 138 142 434 436 443 447 452 457
 462 468 472 478 484 487 491 497 626
8 39 40 45 52 59 60 69 70 137 140 435 438 445 448 451 458
 463 466 467 480 481 490 493 498 626
118 122 126 130 154 161 222 287 295 298 301 311 316 321 324 327 336
 340 346 349 352 358 362 606 612 626
117 121 125 132 151 162 224 290 296 297 299 310 317 318 323 331 333
 339 344 347 353 356 364 605 611 626
116 120 128 134 153 164 223 291 292 300 305 308 314 322 326 329 332
 337 342 348 354 355 363 607 610 626
115 123 129 131 150 163 226 289 294 302 304 309 315 320 325 330 334
 341 343 351 357 361 365 609 614 626
119 124 127 133 152 160 225 288 293 303 306 307 312 313 319 328 335
 338 345 350 359 360 366 608 613 626
0 9 97 104 108 114 152 176 218 310 315 321 326 372 380 384 387
 443 450 455 458 561 569 573 580 625
1 6 98 103 106 110 153 177 217 312 317 320 324 377 379 381 389
 445 449 453 460 566 567 572 576 625
4 8 96 100 109 112 154 178 219 308 313 318 325 374 378 385 386
 442 447 454 456 562 568 575 577 625
2 7 99 101 105 113 150 179 221 311 314 319 323 371 373 382 388
 444 448 452 459 564 570 571 579 625
3 5 95 102 107 111 151 175 220 307 309 316 322 375 376 383 390
 441 446 451 457 563 565 574 578 625
58 63 69 74 162 165 220 249 255 257 263 329 336 338 343 371 380
 385 389 431 522 528 534 538 623 648
55 62 65 70 160 167 218 247 254 261 266 327 334 337 344 375 377
 382 386 432 521 529 532 540 621 648
56 60 66 72 164 166 217 251 253 259 262 330 333 340 345 372 378
 383 388 434 525 526 535 537 620 648
57 64 68 73 161 169 219 248 252 260 265 331 335 341 342 373 379
 384 390 435 524 530 531 536 622 648
59 61 67 71 163 168 221 250 256 258 264 328 332 339 346 374 376
 381 387 433 523 527 533 539 624 648
1 54 58 108 120 148 167 182 188 246 259 270 298 309 331 350 370
 447 474 493 513 539 556 564 584 631
0 50 59 107 124 145 165 181 189 244 261 267 305 311 330 347 370
 449 470 491 512 536 557 568 585 628
3 39 65 96 117 149 169 182 189 232 263 275 291 315 345 362 368
 453 473 487 501 533 545 579 588 641
4 51 55 106 122 149 166 183 185 243 260 269 304 310 328 348 370
 448 469 494 509 538 558 565 583 632
0 35 66 99 119 146 168 183 188 237 266 273 287 317 342 365 368
 454 472 481 503 534 541 578 594 640
2 52 56 109 123 146 169 184 186 242 258 271 299 312 329 349 370
 446 468 495 507 540 560 569 582 629
1 37 68 95 116 147 165 184 185 236 262 274 289 313 346 364 368
 452 466 489 504 532 542 580 586 639
3 53 57 105 121 147 168 180 187 245 257 268 303 308 327 351 370
 450 467 492 514 537 559 567 581 630
1 40 61 100 128 145 169 183 187 228 253 277 306 323 334 352 369
 443 477 482 517 522 551 574 600 644
0 42 64 103 127 147 166 182 186 230 254 279 297 325 336 355 369
 441 480 488 520 523 553 571 598 643
4 48 72 111 130 146 165 182 187 234 248 284 293 320 337 356 367
 458 462 500 508 527 549 570 587 634
2 46 73 114 131 147 167 183 189 240 250 282 292 318 340 360 367
 460 463 497 511 528 548 563 595 635
2 41 62 102 129 149 165 180 188 227 256 278 301 326 335 353 369
 442 476 490 518 525 554 572 596 645
3 49 71 110 132 145 166 184 188 233 249 285 295 319 341 354 367
 456 465 498 506 529 550 561 590 636
2 36 69 98 115 148 166 181 187 239 264 272 288 316 344 363 368
 455 471 486 505 531 543 577 593 638
4 38 67 97 118 145 167 180 186 235 265 276 290 314 343 366 368
 451 475 485 502 535 544 576 591 642
3 43 60 104 125 146 167 181 185 231 255 280 302 324 332 359 369
 444 478 483 516 524 552 575 597 646
0 45 74 112 133 148 169 180 185 241 247 283 294 322 339 358 367
 459 461 499 515 526 546 566 589 633
1 47 70 113 134 149 168 181 186 238 251 286 296 321 338 357 367
 457 464 496 510 530 547 562 592 637
4 44 63 101 126 148 168 184 189 229 252 281 300 307 333 361 369
 445 479 484 519 521 555 573 599 647
45 46 47 48 49 203 205 215 352 353 355 359 361 370 386 387 388
 389 390 501 502 503 504 505 601 649
50 51 52 53 54 204 206 213 354 356 357 358 360 368 371 372 374
 375 379 516 517 518 519 520 604 649
40 41 42 43 44 201 208 214 362 363 364 365 366 367 373 376 377
 378 380 507 509 512 513 514 603 649
35 36 37 38 39 202 207 216 347 348 349 350 351 369 381 382 383
 384 385 506 508 510 511 515 602 649
8 26 43 55 83 98 130 145 159 202 258 282 315 331 355 392 429
 452 499 519 537 547 578 613 623 645
5 27 40 57 84 99 132 149 155 202 261 283 313 329 361 391 426
 455 500 516 539 548 576 612 620 643
6 28 41 58 80 97 134 147 157 202 260 284 316 330 359 395 430
 454 498 517 540 546 579 611 624 647
7 29 42 56 82 96 131 148 156 202 257 285 317 328 352 394 428
 451 496 518 536 549 580 610 621 646
6 21 38 70 85 105 128 148 155 204 249 280 310 340 365 405 424
 446 488 504 527 554 568 613 622 641
5 19 46 65 76 100 121 146 156 201 262 270 326 343 358 396 411
 445 491 506 531 558 571 613 624 637
9 15 49 66 75 101 124 147 155 201 265 269 324 344 357 403 413
 442 493 515 533 560 574 610 623 634
8 34 50 63 92 113 118 146 155 203 253 274 322 335 351 406 417
 460 487 509 523 543 561 611 621 631
5 33 51 60 94 114 117 145 157 203 256 272 320 336 350 407 416
 459 489 514 521 541 562 610 622 629
6 30 53 61 91 112 116 149 156 203 254 273 319 333 349 408 419
 458 486 513 524 544 563 614 623 628
9 32 52 64 90 110 119 148 159 203 255 275 318 334 348 410 420
 457 485 512 525 542 570 612 624 630
7 22 39 73 86 108 129 146 157 204 251 277 308 339 366 404 422
 449 484 505 529 553 565 612 623 639
6 16 45 68 78 102 120 145 158 201 264 271 325 345 356 398 415
 444 494 510 534 559 573 612 621 635
9 25 44 59 81 95 133 146 158 202 259 286 314 327 353 393 427
 453 497 520 538 550 577 614 622 644
5 23 35 71 88 106 125 147 159 204 248 281 311 338 363 399 423
 447 490 501 526 551 569 614 621 642
8 17 47 67 77 104 122 148 157 201 263 268 323 342 360 397 412
 441 495 508 532 557 572 614 620 636
9 20 37 74 87 109 127 145 156 204 250 278 309 337 362 401 425
 448 483 503 530 555 567 611 620 638
8 24 36 72 89 107 126 149 158 204 247 279 312 341 364 402 421
 450 482 502 528 552 564 610 624 640
7 31 54 62 93 111 115 147 158 203 252 276 321 332 347 409 418
 456 481 507 522 545 566 613 620 632
7 18 48 69 79 103 123 149 159 201 266 267 307 346 354 400 414
 443 492 511 535 556 575 611 622 633
4 19 20 29 30 77 83 89 92 147 169 181 188 375 380 381 388
 391 398 404 410 414 416 424 427 626
2 15 21 27 34 79 82 86 93 145 168 182 185 372 377 385 390
 393 397 399 408 411 420 421 430 626
3 16 24 25 31 76 84 88 94 148 165 183 186 378 379 382 387
 395 400 401 406 413 419 422 429 626
0 17 22 28 33 75 81 87 90 149 167 184 187 373 374 383 389
 392 396 405 409 415 417 423 428 626
1 18 23 26 32 78 80 85 91 146 166 180 189 371 376 384 386
 394 402 403 407 412 418 425 426 626
27 37 63 89 105 122 159 167 178 205 224 234 272 326 345 357 376
 419 439 468 498 536 553 566 594 644
24 52 68 91 111 134 155 167 177 208 222 228 268 315 328 353 385
 414 437 465 484 526 541 571 585 638
25 38 62 86 107 123 156 166 179 205 225 240 275 324 342 356 380
 417 437 467 499 539 551 562 586 647
18 44 71 84 98 117 156 167 175 206 226 245 277 321 335 348 388
 421 436 466 495 534 546 568 598 634
28 36 60 88 108 121 155 169 175 205 223 233 273 325 346 360 377
 418 440 470 496 538 555 570 591 645
23 50 69 93 110 131 157 169 179 208 224 227 270 313 327 355 383
 413 436 464 483 527 544 573 583 640
19 41 74 81 96 119 155 166 176 206 224 244 281 320 332 349 390
 422 438 475 492 532 547 564 600 635
20 54 65 94 112 132 159 168 175 208 225 231 269 314 330 352 384
 415 438 462 488 528 543 572 582 639
31 47 59 75 102 127 159 169 176 207 226 237 285 308 340 364 371
 430 437 478 486 521 558 576 587 631
33 48 58 78 104 128 156 168 177 207 224 236 283 311 341 366 375
 429 440 480 487 525 560 577 595 632
34 45 57 76 101 125 157 166 175 207 222 232 282 312 337 365 374
 427 439 476 485 522 556 580 592 628
32 46 55 77 103 126 155 165 178 207 225 235 286 309 339 363 372
 428 436 477 481 524 559 579 590 629
30 49 56 79 100 129 158 167 179 207 223 239 284 310 338 362 379
 426 438 479 489 523 557 578 589 630
21 51 66 90 113 133 156 165 176 208 223 230 271 316 331 361 381
 412 439 463 482 529 545 575 581 642
26 39 64 87 106 124 158 168 176 205 222 241 274 323 343 354 378
 416 436 474 500 540 554 563 593 646
17 40 73 82 97 115 159 165 179 206 222 242 279 322 333 350 386
 424 440 472 494 533 550 567 597 637
22 53 67 92 114 130 158 166 178 208 226 229 267 317 329 359 382
 411 440 461 490 530 542 574 584 641
15 43 70 80 99 116 158 169 177 206 225 246 278 318 336 351 387
 423 439 471 491 535 549 565 599 636
16 42 72 83 95 118 157 168 178 206 223 243 280 319 334 347 389
 425 437 473 493 531 548 569 596 633
29 35 61 85 109 120 157 165 177 205 226 238 276 307 344 358 373
 420 438 469 497 537 552 561 588 643
25 49 72 77 102 154 163 224 229 255 277 368 384 408 423 459 463
 496 509 540 556 567 585 607 613 643
30 38 65 88 109 151 163 222 245 260 267 367 389 393 412 452 471
 481 516 525 553 573 600 608 610 631
34 36 66 87 105 152 162 226 244 258 270 367 386 395 414 451 473
 489 520 524 551 572 599 607 612 632
27 46 70 78 101 153 161 226 228 256 279 368 383 410 422 456 462
 499 513 538 557 569 581 608 611 646
31 39 68 85 107 153 160 224 246 257 269 367 388 392 411 455 472
 485 517 523 555 575 596 606 614 629
26 47 71 76 103 151 160 223 231 253 278 368 385 409 424 458 461
 497 514 536 560 564 583 609 612 647
15 52 57 94 113 151 164 226 233 250 284 369 380 402 428 449 474
 494 501 532 544 577 594 606 613 633
33 35 67 89 108 154 164 225 243 261 271 367 390 394 413 453 466
 486 519 522 554 571 597 609 611 630
16 53 59 90 111 152 161 224 241 249 282 369 377 404 426 447 469
 495 503 535 543 579 586 609 610 637
22 42 60 84 97 151 161 225 232 266 274 370 371 398 420 442 479
 482 506 527 547 566 595 607 614 638
23 40 64 81 98 152 163 223 237 262 276 370 375 397 419 444 476
 484 515 528 549 562 590 606 611 641
21 41 63 83 99 154 160 226 235 264 275 370 379 396 418 443 480
 483 508 526 550 563 592 605 610 639
32 37 69 86 106 150 161 223 242 259 268 367 387 391 415 454 475
 487 518 521 552 574 598 605 613 628
24 43 62 82 95 150 164 224 239 263 273 370 374 403 416 445 477
 488 511 530 546 561 587 608 612 642
17 50 58 91 114 153 163 225 238 247 285 369 378 399 427 448 468
 492 504 531 545 578 591 605 612 634
29 48 74 75 100 152 164 222 230 252 280 368 382 407 421 460 464
 498 512 539 559 565 582 605 614 645
18 54 55 92 110 154 162 223 234 251 283 369 373 401 430 446 467
 491 502 533 541 580 593 608 614 635
28 45 73 79 104 150 162 225 227 254 281 368 381 406 425 457 465
 500 507 537 558 568 584 606 610 644
19 51 56 93 112 150 160 222 240 248 286 369 376 405 429 450 470
 493 505 534 542 576 588 607 611 636
20 44 61 80 96 153 162 222 236 265 272 370 372 400 417 441 478
 490 510 529 548 570 589 609 613 640
5 25 54 91 113 126 169 193 196 211 244 264 310 337 366 389 397
 442 472 498 511 537 542 598 609 646
7 34 40 80 95 124 167 193 198 209 229 249 325 342 358 381 401
 450 462 486 501 525 547 583 605 629
7 15 38 89 106 132 165 192 196 210 237 253 315 327 359 374 407
 457 480 495 513 531 555 589 607 635
9 28 51 92 111 129 168 192 197 211 246 263 312 340 363 386 400
 444 466 499 506 536 544 600 605 643
5 31 44 83 97 120 166 192 195 209 227 247 323 346 357 385 405
 449 463 487 503 524 549 582 608 630
5 16 36 86 109 133 167 194 197 210 236 252 317 330 355 371 410
 458 477 492 509 533 554 592 606 636
6 26 52 93 114 125 165 194 198 211 243 266 308 341 362 388 396
 441 475 496 515 539 543 599 608 644
9 17 39 88 105 134 166 190 198 210 235 256 313 331 352 375 408
 460 479 491 507 534 552 587 609 633
7 27 50 90 112 128 166 191 199 211 245 265 309 338 364 387 398
 445 473 497 508 540 541 597 606 645
7 21 49 76 104 118 169 190 197 212 238 261 320 333 348 376 392
 454 474 490 520 528 559 586 608 638
8 30 42 81 99 121 165 191 197 209 228 250 324 345 354 384 399
 446 464 485 505 521 546 584 609 632
5 24 45 75 103 115 168 191 198 212 234 259 318 335 349 380 394
 452 469 483 517 529 557 591 607 641
6 23 48 77 101 119 167 192 199 212 233 258 322 336 347 378 393
 455 467 482 518 530 558 588 609 639
8 20 46 79 102 116 166 194 196 212 241 257 321 334 350 373 395
 453 470 484 516 527 560 594 605 642
9 22 47 78 100 117 165 193 195 212 240 260 319 332 351 377 391
 451 468 488 519 526 556 593 606 640
8 19 37 85 108 131 168 193 199 210 232 254 316 329 353 379 409
 459 478 494 512 535 551 590 608 634
8 29 53 94 110 127 167 190 195 211 242 262 311 339 365 390 403
 443 471 500 510 538 545 596 607 647
6 32 43 84 96 123 168 190 196 209 230 248 326 344 360 383 404
 448 461 489 502 522 550 585 606 631
6 18 35 87 107 130 169 191 195 210 239 255 314 328 361 372 406
 456 476 493 514 532 553 595 605 637
9 33 41 82 98 122 169 194 199 209 231 251 307 343 356 382 402
 447 465 481 504 523 548 581 607 628
6 146 159 228 236 238 246 290 294 301 303 374 380 382 390 463 470
 473 479 583 590 593 598 610 620 650
8 147 156 229 234 235 243 288 296 302 305 371 377 383 387 465 472
 474 476 582 588 589 600 612 622 650
7 145 155 227 239 240 242 291 293 297 298 375 378 384 389 461 466
 469 478 581 592 594 599 614 624 650
5 148 158 231 232 233 245 287 292 304 306 372 373 381 386 464 468
 475 480 585 586 587 596 611 623 650
9 149 157 230 237 241 244 289 295 299 300 376 379 385 388 462 467
 471 477 584 591 595 597 613 621 650
159 166 177 223 250 252 261 263 287 293 299 302 393 396 404 406 436
 442 450 451 459 504 510 513 517 627
155 168 179 226 247 255 260 262 290 295 305 306 392 398 401 407 439
 441 447 453 458 505 507 511 518 627
158 165 175 224 251 254 258 265 288 294 298 300 394 397 405 410 437
 443 448 454 460 501 506 514 516 627
157 167 176 225 248 253 257 264 291 296 301 304 391 400 402 408 440
 445 446 452 456 503 512 515 520 627
156 169 178 222 249 256 259 266 289 292 297 303 395 399 403 409 438
 444 449 455 457 502 508 509 519 627
8 58 62 66 71 169 192 198 267 272 280 286 290 293 300 304 415
 420 422 426 563 567 571 580 606 649
7 55 60 68 74 168 194 195 270 275 279 284 288 292 299 301 412
 419 423 427 561 568 574 576 609 649
5 56 64 67 70 165 190 199 269 273 277 282 291 295 302 303 414
 417 425 430 564 566 573 577 605 649
6 59 63 65 73 166 193 197 268 276 278 283 289 296 298 306 413
 416 421 428 569 570 575 578 607 649
9 57 61 69 72 167 191 196 271 274 281 285 287 294 297 305 411
 418 424 429 562 565 572 579 608 649
17 20 27 31 35 43 48 52 118 121 129 133 189 217 249 254 260
 264 436 562 564 574 580 607 616 650
16 23 29 34 39 41 47 51 116 123 126 132 187 218 250 255 259
 265 440 566 568 571 578 608 619 650
18 21 25 33 37 42 46 53 115 124 125 134 188 219 247 253 258
 263 438 565 570 573 576 606 617 650
19 24 28 32 38 40 49 50 117 120 127 130 185 221 251 252 257
 266 439 563 569 572 577 609 615 650
15 22 26 30 36 44 45 54 119 122 128 131 186 220 248 256 261
 262 437 561 567 575 579 605 618 650
20 36 64 95 125 141 160 179 180 192 201 228 251 287 320 329 387
 408 428 469 498 519 545 568 595 631
17 49 55 113 123 143 161 175 180 191 204 246 262 293 317 332 385
 395 416 480 486 512 548 573 588 644
28 44 70 102 132 141 164 178 182 191 203 240 258 306 311 343 379
 404 412 472 492 515 552 580 583 638
21 39 61 97 127 144 164 175 181 194 201 229 248 289 318 327 389
 406 426 468 499 518 541 564 590 632
18 45 56 111 121 141 163 176 181 193 204 243 265 292 313 336 382
 392 420 477 487 513 550 572 594 647
26 41 72 104 133 144 161 179 183 193 203 233 257 300 309 344 374
 399 414 466 491 510 553 576 582 641
19 47 57 114 124 144 162 177 182 192 204 242 264 295 314 334 383
 394 419 479 481 509 546 575 586 645
29 43 73 103 134 142 163 175 184 192 203 241 261 301 310 345 371
 401 411 475 493 508 551 577 581 640
22 37 62 96 126 140 163 177 183 191 201 231 249 288 322 331 388
 407 430 470 500 520 544 569 592 630
15 48 59 110 120 142 160 178 183 194 204 245 263 294 316 333 384
 391 417 476 489 507 547 571 591 646
27 42 71 100 130 140 162 176 180 194 203 238 259 302 312 342 375
 405 413 471 494 511 555 579 585 639
23 38 60 99 129 143 162 178 184 193 201 230 247 291 321 328 390
 410 429 474 497 517 543 567 587 628
16 46 58 112 122 140 164 179 184 190 204 244 266 296 315 335 381
 393 418 478 485 514 549 574 593 643
31 51 69 108 119 144 163 178 180 190 202 236 253 299 324 337 373
 398 421 465 488 501 557 563 599 637
33 52 65 106 116 142 162 179 181 191 202 235 252 303 325 340 376
 397 422 461 482 503 556 561 596 634
34 54 67 107 117 141 161 177 184 194 202 237 254 304 326 338 378
 403 424 463 483 505 559 570 600 633
25 40 74 101 131 143 160 177 181 190 203 234 260 297 308 346 372
 402 415 473 495 506 554 578 584 642
24 35 63 98 128 142 161 176 182 190 201 227 250 290 319 330 386
 409 427 467 496 516 542 565 589 629
32 53 66 109 118 140 160 175 182 193 202 239 256 305 323 341 380
 400 423 464 484 504 558 566 597 635
30 50 68 105 115 143 164 176 183 192 202 232 255 298 307 339 377
 396 425 462 490 502 560 562 598 636
28 66 116 144 154 159 186 195 214 232 249 268 320 335 347 375 402
 411 448 477 497 505 539 573 589 646
25 65 119 141 153 157 185 198 214 239 250 271 321 333 351 371 405
 414 447 480 500 502 536 574 590 645
24 57 122 141 152 156 189 195 216 246 253 286 325 344 354 389 410
 430 459 475 490 507 527 578 597 639
17 64 126 144 151 156 185 197 215 227 258 272 308 338 365 382 391
 418 453 462 493 517 535 561 585 635
29 67 115 140 151 155 189 196 214 236 251 270 319 336 348 379 399
 415 450 476 499 503 540 575 587 644
27 69 117 143 152 158 188 197 214 235 248 269 322 334 349 374 401
 412 449 478 496 504 537 571 595 647
19 63 125 140 153 158 187 195 215 230 261 273 309 340 366 384 395
 420 452 465 495 518 533 562 583 633
30 72 134 140 152 159 185 199 213 240 264 278 317 327 361 373 403
 422 441 474 487 506 522 568 591 629
20 55 124 140 150 157 186 197 216 245 255 285 326 346 356 390 409
 426 460 472 482 513 526 577 599 641
15 62 127 143 154 157 189 199 215 228 259 274 310 341 363 381 392
 419 451 461 492 516 534 570 582 637
34 73 130 143 153 156 186 196 213 233 263 280 313 330 353 376 398
 423 443 469 481 515 521 564 593 630
16 60 128 141 150 159 188 196 215 229 260 276 312 339 362 385 394
 417 455 464 491 520 532 563 581 634
21 56 120 143 151 159 187 198 216 244 254 283 324 343 360 387 407
 427 456 466 484 509 530 579 596 640
26 68 118 142 150 156 187 199 214 237 247 267 318 332 350 372 404
 413 446 479 498 501 538 572 592 643
31 71 131 141 154 155 187 197 213 241 266 279 314 331 359 380 397
 425 445 468 489 510 525 565 588 628
33 74 132 144 150 158 189 198 213 238 262 277 316 328 355 377 400
 424 442 467 485 508 524 569 594 631
22 59 123 144 153 155 188 199 216 243 252 284 323 345 358 386 408
 429 457 471 483 514 528 580 598 642
18 61 129 142 152 155 186 198 215 231 257 275 311 337 364 383 393
 416 454 463 494 519 531 566 584 636
32 70 133 142 151 157 188 195 213 234 265 281 315 329 352 378 396
 421 444 470 486 511 523 567 586 632
23 58 121 142 154 158 185 196 216 242 256 282 307 342 357 388 406
 428 458 473 488 512 529 576 600 638
0 13 18 47 62 89 120 197 202 222 233 262 281 302 318 366 379
 408 431 448 473 527 543 574 581 629
0 12 24 39 55 79 125 199 203 226 236 249 271 298 314 360 376
 391 434 442 464 531 549 567 600 647
4 10 23 37 57 75 128 197 203 225 239 251 267 299 315 358 377
 395 433 441 463 534 550 564 596 646
4 14 15 46 64 88 123 195 202 224 238 264 280 306 322 362 371
 409 434 450 466 529 541 572 584 628
4 13 31 53 73 80 117 199 201 223 244 255 286 294 312 352 383
 399 432 452 480 539 554 561 594 638
4 11 28 42 68 93 133 196 204 226 231 261 272 291 323 349 387
 403 431 460 467 525 556 578 590 637
3 14 32 54 74 82 116 197 201 226 243 253 282 293 311 353 381
 405 435 455 479 540 553 562 591 640
3 13 29 44 69 90 130 198 204 225 228 260 273 289 326 347 386
 397 434 459 474 523 560 576 592 635
3 12 17 45 63 85 124 196 202 223 240 266 277 301 320 364 372
 410 433 447 471 530 544 571 582 632
3 11 21 36 58 77 129 195 203 222 237 250 269 305 313 356 373
 394 432 445 461 535 547 569 598 644
2 14 20 38 59 78 126 198 203 223 232 248 270 303 317 357 378
 392 431 443 465 532 546 565 597 643
2 11 16 49 61 87 121 199 202 225 234 263 279 300 321 365 375
 407 435 449 475 526 542 575 583 631
1 10 19 48 60 86 122 198 202 226 241 265 278 297 319 363 374
 406 432 446 472 528 545 573 585 630
1 14 25 43 66 92 132 199 204 222 227 257 276 288 325 348 390
 396 433 458 468 521 557 579 595 633
1 13 22 35 56 76 127 196 203 224 235 247 268 304 316 354 380
 393 435 444 462 533 548 568 599 645
0 10 27 41 65 91 131 195 204 223 229 258 274 290 324 350 388
 400 435 457 469 522 559 577 587 636
0 11 30 51 70 84 118 198 201 224 242 252 285 292 309 359 385
 402 433 453 476 537 551 570 593 639
2 10 33 50 71 83 119 196 201 222 246 254 284 296 308 361 384
 401 434 451 477 538 552 566 586 641
1 12 34 52 72 81 115 195 201 225 245 256 283 295 310 355 382
 404 431 454 478 536 555 563 588 642
2 12 26 40 67 94 134 197 204 224 230 259 275 287 307 351 389
 398 432 456 470 524 558 580 589 634
2 9 23 45 55 89 118 151 177 219 229 257 273 306 330 354 405
 422 478 489 508 539 545 598 603 637
4 5 22 49 58 85 116 150 176 217 228 258 275 297 327 360 401
 421 476 481 510 536 543 597 603 633
2 6 17 37 60 76 132 154 176 220 245 252 286 305 334 366 403
 414 469 499 501 523 549 584 604 640
3 6 20 47 56 86 115 152 178 221 227 261 274 300 331 358 402
 423 480 485 511 538 541 600 603 634
1 7 24 46 59 87 119 154 175 218 230 260 272 302 329 356 399
 424 479 487 515 537 544 596 603 636
3 8 18 38 64 75 133 150 177 218 244 256 284 298 333 363 398
 411 468 496 503 522 548 583 604 639
4 7 32 41 71 94 121 152 177 220 232 247 271 289 340 355 408
 417 472 493 516 530 557 593 602 644
0 7 19 36 61 78 134 151 178 217 246 255 282 304 335 362 397
 413 467 500 504 521 550 582 604 642
1 5 15 39 63 77 130 152 179 219 243 254 285 299 332 365 400
 415 470 497 502 525 546 581 604 638
0 5 26 53 69 82 129 154 177 221 240 265 280 296 345 348 395
 427 462 482 507 532 555 590 601 631
1 9 29 50 65 84 125 150 178 220 233 264 279 293 342 349 392
 430 463 484 514 535 554 589 601 632
2 8 25 51 68 80 128 152 175 217 238 266 281 295 343 347 391
 428 461 483 513 533 553 587 601 630
3 7 28 52 67 83 126 153 176 219 234 262 278 294 344 350 393
 426 464 488 509 534 551 595 601 628
4 6 27 54 66 81 127 151 179 218 241 263 277 292 346 351 394
 429 465 490 512 531 552 592 601 629
0 6 31 40 72 92 122 150 175 219 235 250 270 291 338 353 407
 420 471 492 519 529 560 586 602 646
0 8 21 48 57 88 117 153 179 220 231 259 276 301 328 357 404
 425 477 486 506 540 542 599 603 635
1 8 33 44 73 93 123 151 176 221 239 249 269 287 337 359 410
 419 473 491 518 526 559 591 602 643
2 5 30 43 74 90 124 153 178 218 237 251 268 290 341 352 406
 418 466 494 520 527 556 588 602 647
3 9 34 42 70 91 120 154 179 217 236 248 267 288 339 361 409
 416 475 495 517 528 558 594 602 645
4 9 16 35 62 79 131 153 175 221 242 253 283 303 336 364 396
 412 474 498 505 524 547 585 604 641
20 51 85 103 130 164 167 215 220 237 283 288 323 351 399 422 435
 442 473 496 507 550 573 586 624 628
23 54 87 104 134 160 165 215 221 232 285 290 325 349 404 421 434
 445 471 499 509 548 574 594 622 630
22 50 88 102 133 162 168 215 219 239 282 289 324 348 402 424 432
 443 475 498 513 549 571 588 620 629
15 41 76 107 115 162 167 216 217 241 273 293 308 352 398 412 433
 448 464 487 519 542 569 590 622 643
28 35 82 113 124 163 166 213 220 228 270 300 318 362 391 429 432
 458 478 495 502 559 566 596 622 639
16 43 75 108 117 160 166 216 219 238 274 292 311 361 397 414 431
 446 462 481 518 544 567 589 624 644
26 37 84 111 120 162 169 213 218 229 269 301 319 365 393 428 434
 460 480 492 505 557 562 597 624 642
29 38 81 114 122 160 168 213 217 227 271 302 322 364 395 426 435
 456 477 491 501 556 570 598 623 638
27 36 80 110 123 164 165 213 219 231 268 297 321 366 392 427 433
 459 479 493 503 558 563 600 621 641
32 47 93 99 128 163 167 214 219 244 279 303 316 356 406 416 434
 453 469 490 506 555 580 582 623 633
31 49 91 98 125 164 168 214 218 242 278 304 313 358 410 417 431
 451 470 482 508 553 579 584 622 635
33 45 92 96 127 161 165 214 217 245 280 299 314 357 408 418 432
 455 474 484 511 551 578 583 624 636
34 46 90 97 129 160 169 214 220 243 281 298 317 354 407 419 433
 452 467 488 510 552 577 585 620 634
25 39 83 112 121 161 167 213 221 230 267 306 320 363 394 430 431
 457 476 494 504 560 561 599 620 640
24 53 86 101 132 163 169 215 217 235 284 287 326 350 405 425 431
 441 466 497 512 547 575 593 621 632
17 42 78 106 119 164 169 216 221 234 276 295 309 353 400 411 432
 450 463 489 516 543 568 592 623 647
18 40 77 109 116 161 168 216 220 240 272 294 310 359 396 413 434
 449 465 485 520 545 564 587 621 645
19 44 79 105 118 163 165 216 218 233 275 296 312 355 403 415 435
 447 461 486 517 541 565 595 620 646
30 48 94 95 126 162 166 214 221 246 277 305 315 360 409 420 435
 454 468 483 515 554 576 581 621 637
21 52 89 100 131 161 166 215 218 236 286 291 307 347 401 423 433
 444 472 500 514 546 572 591 623 631
39 44 46 50 138 180 197 217 231 234 237 242 310 316 319 325 414
 420 423 429 522 530 532 539 610 627
38 42 47 52 139 183 199 220 229 239 241 246 311 313 320 326 415
 418 421 427 524 529 533 537 611 627
36 40 48 53 135 184 196 218 227 232 238 243 309 314 318 324 412
 416 422 430 523 526 534 536 613 627
35 41 49 54 137 181 198 219 230 236 240 245 312 315 322 323 411
 419 425 428 521 527 535 538 612 627
37 43 45 51 136 182 195 221 228 233 235 244 307 308 317 321 413
 417 424 426 525 528 531 540 614 627
10 29 54 72 88 101 129 138 145 176 216 266 268 288 318 329 376
 417 453 480 504 524 546 583 606 637
10 17 36 59 84 112 130 136 147 177 214 253 275 300 310 343 390
 425 444 464 518 529 556 594 608 629
10 21 45 62 94 98 116 135 146 178 213 260 285 298 323 338 383
 414 450 475 512 533 555 595 609 643
10 32 44 68 76 108 124 137 149 179 215 250 280 294 317 336 375
 430 456 468 508 537 543 600 607 642
14 27 51 73 87 102 125 137 148 177 216 262 267 291 319 327 380
 418 454 477 502 523 547 582 609 634
14 18 39 58 81 113 131 139 145 178 214 252 273 301 312 344 387
 424 441 462 516 526 558 586 607 630
13 16 38 57 82 110 134 137 146 176 214 254 272 306 309 346 388
 423 442 461 519 528 557 588 605 632
13 33 40 66 79 107 121 138 148 178 215 248 278 295 315 332 371
 427 460 469 510 540 544 598 608 639
13 20 49 63 93 97 119 139 149 177 213 259 282 305 325 339 382
 412 446 466 514 531 551 587 606 646
12 15 37 56 83 114 133 138 149 175 214 255 276 297 311 342 386
 422 445 465 517 527 559 593 609 631
12 28 53 74 89 103 128 139 146 179 216 264 269 289 321 331 378
 420 451 476 501 521 548 585 608 636
12 23 46 61 92 95 117 136 148 176 213 261 284 303 324 341 385
 415 448 472 507 535 553 592 607 645
11 25 52 71 85 104 127 136 149 178 216 265 270 287 322 330 377
 416 452 479 505 522 549 581 605 635
11 34 43 69 78 109 122 139 147 176 215 247 277 293 314 333 379
 428 457 470 506 539 541 596 609 641
11 19 35 55 80 111 132 135 148 179 214 256 274 302 308 345 389
 421 443 463 520 530 560 591 606 628
14 30 41 67 75 106 120 136 146 175 215 249 279 296 313 334 372
 429 459 467 511 536 545 599 606 638
13 26 50 70 86 100 126 135 147 175 216 263 271 290 320 328 373
 419 455 478 503 525 550 584 607 633
12 31 42 65 77 105 123 135 145 177 215 251 281 292 316 335 374
 426 458 474 515 538 542 597 605 640
11 22 48 64 91 99 115 137 145 175 213 257 286 299 326 340 381
 413 447 473 509 532 552 589 608 647
14 24 47 60 90 96 118 138 147 179 213 258 283 304 307 337 384
 411 449 471 513 534 554 590 605 644
10 25 56 89 97 117 142 168 228 249 293 309 355 373 418 460 471
 490 515 532 558 575 604 612 619 628
10 16 67 81 103 125 143 169 240 257 305 316 357 386 421 448 479
 500 513 525 541 561 602 613 616 639
14 17 69 80 100 127 141 168 233 261 298 315 356 388 422 446 476
 497 509 524 542 566 602 610 617 642
14 22 72 94 105 124 142 169 236 254 302 321 363 385 412 445 469
 485 518 539 550 578 601 611 615 635
14 33 61 77 111 133 143 166 242 266 290 326 351 379 430 452 464
 493 501 528 555 568 603 612 618 646
14 28 57 86 98 119 140 165 229 247 292 310 352 376 416 456 473
 483 510 535 560 571 604 614 616 631
13 27 55 85 95 115 144 169 230 250 296 311 359 378 417 458 475
 484 506 534 556 572 604 610 618 630
13 15 68 84 104 129 140 166 234 258 303 314 358 389 424 447 477
 496 512 521 545 563 602 611 619 640
13 21 74 92 106 123 141 167 232 256 300 319 364 384 413 441 470
 481 517 537 549 577 601 612 616 637
12 29 58 87 99 118 141 166 231 248 294 308 353 377 419 457 466
 482 511 533 557 573 604 613 615 629
12 30 62 76 110 130 144 168 244 265 291 325 350 371 428 455 463
 495 504 526 552 565 603 611 616 644
12 19 66 82 102 126 142 167 238 260 299 313 354 387 425 449 480
 499 514 522 543 570 602 614 618 641
12 20 71 91 108 122 143 165 239 252 306 318 365 383 411 444 467
 487 520 540 547 576 601 610 619 633
11 23 73 90 107 120 140 168 235 253 297 320 362 382 414 442 468
 486 516 538 546 580 601 613 618 636
11 32 63 79 114 134 141 169 245 262 288 324 347 374 429 451 462
 494 503 529 554 564 603 614 619 643
10 24 70 93 109 121 144 166 237 255 301 322 366 381 415 443 474
 489 519 536 548 579 601 614 617 634
13 34 60 75 112 131 142 165 246 264 287 323 348 375 426 453 465
 492 502 530 553 569 603 613 617 647
11 18 65 83 101 128 144 165 241 259 304 317 360 390 423 450 478
 498 507 523 544 562 602 612 615 638
11 26 59 88 96 116 143 167 227 251 295 312 361 380 420 459 472
 488 508 531 559 574 604 611 617 632
10 31 64 78 113 132 140 167 243 263 289 307 349 372 427 454 461
 491 505 527 551 567 603 610 615 645
67 85 99 185 203 218 245 281 293 325 331 362 383 400 427 437 449
 477 498 518 528 560 593 607 617 637
68 87 96 188 203 220 242 277 296 324 330 363 382 397 426 439 450
 480 497 519 527 558 591 608 616 633
66 88 98 189 203 221 243 279 294 326 327 366 385 398 428 438 446
 478 500 517 530 556 586 605 619 636
57 91 109 188 201 221 241 275 302 316 338 347 372 392 422 440 460
 466 488 502 521 549 583 607 618 644
58 93 107 186 201 218 234 274 306 317 340 348 374 391 425 438 459
 471 484 501 524 550 581 609 616 645
55 94 108 187 201 217 240 276 300 313 341 349 371 393 424 439 457
 473 490 503 523 546 585 605 617 646
74 78 111 186 202 219 227 267 287 310 334 360 388 399 417 439 445
 474 486 514 533 552 590 607 619 639
70 77 114 187 202 221 231 270 289 312 333 354 390 401 418 437 442
 469 487 512 534 553 589 606 616 642
71 75 113 185 202 217 229 268 291 309 336 356 386 404 419 438 443
 470 485 507 531 554 595 608 618 640
63 81 102 186 204 221 236 284 304 318 342 352 377 407 414 436 455
 461 493 506 537 545 597 608 617 628
72 79 110 189 202 220 230 269 290 308 335 358 387 405 416 440 444
 468 481 513 532 551 592 609 617 638
62 80 104 187 204 220 235 282 299 319 346 361 378 410 411 438 453
 464 494 515 536 541 598 607 615 631
73 76 112 188 202 218 228 271 288 311 332 357 389 402 420 436 441
 467 489 509 535 555 587 605 615 641
64 82 100 188 204 217 232 283 305 321 344 359 376 406 415 437 452
 463 492 508 538 544 599 609 619 629
61 84 101 185 204 219 237 286 298 320 345 355 380 409 412 440 451
 465 491 511 540 543 596 605 616 630
60 83 103 189 204 218 239 285 303 322 343 353 373 408 413 439 454
 462 495 510 539 542 600 606 618 632
56 90 106 189 201 219 233 272 301 314 339 351 375 395 421 437 458
 472 483 504 522 547 584 608 615 643
69 89 95 186 203 217 244 278 292 323 328 365 384 396 430 440 447
 479 499 516 529 559 588 606 615 634
59 92 105 185 201 220 238 273 297 315 337 350 379 394 423 436 456
 475 482 505 525 548 582 606 619 647
65 86 97 187 203 219 246 280 295 307 329 364 381 403 429 436 448
 476 496 520 526 557 594 609 618 635
24 54 73 106 133 173 178 187 209 238 275 305 336 365 388 408 426
 433 451 478 506 532 560 573 611 645
19 42 69 104 116 170 175 189 211 237 284 306 331 357 382 393 417
 433 456 469 502 526 554 567 612 629
28 39 56 95 122 174 177 188 212 245 279 290 337 361 371 399 413
 433 443 461 512 524 543 562 613 635
34 49 64 111 128 174 178 189 210 231 271 296 346 350 380 396 422
 432 448 471 518 537 546 576 614 640
15 40 65 103 118 173 176 188 211 236 282 300 328 356 383 395 418
 431 459 468 505 530 552 568 614 630
22 51 71 109 134 172 179 189 209 234 273 298 334 364 390 406 427
 431 455 480 515 535 559 572 613 646
31 45 61 114 126 170 179 188 210 230 268 293 343 348 377 403 423
 434 446 473 516 536 547 577 611 639
29 37 59 98 121 173 179 186 212 246 281 291 341 359 372 405 412
 432 442 462 509 522 541 563 612 633
33 47 63 110 129 173 175 185 210 228 267 292 344 349 378 398 425
 435 450 472 520 539 549 579 613 642
23 52 74 105 130 171 175 188 209 240 274 304 333 366 387 409 430
 432 453 477 510 531 557 575 610 643
27 38 58 96 124 172 175 187 212 243 278 287 339 355 379 402 414
 434 444 463 507 521 542 561 614 637
32 48 62 112 125 172 176 186 210 229 270 295 345 351 373 397 424
 433 449 466 517 538 548 578 610 638
20 53 70 107 131 174 176 185 209 233 276 299 335 363 389 407 429
 434 454 479 508 533 556 571 612 644
17 41 68 101 117 171 178 186 211 239 283 302 327 354 381 394 420
 434 458 470 503 528 551 565 613 631
25 36 55 99 120 171 176 189 212 242 280 289 338 352 374 404 411
 435 441 465 514 525 544 566 611 634
18 43 67 102 119 174 179 187 211 232 286 297 330 358 385 391 419
 435 460 474 504 529 555 569 610 632
26 35 57 97 123 170 178 185 212 244 277 288 340 353 375 401 415
 431 445 464 513 523 545 570 610 636
16 44 66 100 115 172 177 185 211 235 285 301 329 360 384 392 416
 432 457 467 501 527 553 564 611 628
30 46 60 113 127 171 177 187 210 227 269 294 342 347 376 400 421
 431 447 475 519 540 550 580 612 641
21 50 72 108 132 170 177 186 209 241 272 303 332 362 386 410 428
 435 452 476 511 534 558 574 614 647
5 47 68 92 98 131 172 180 216 225 230 249 305 333 362 374 393
 422 443 493 540 552 570 594 615 632
5 38 72 80 112 119 173 181 215 226 242 263 301 331 354 377 409
 413 448 484 523 559 580 595 619 644
9 53 60 85 102 123 173 183 214 222 234 261 290 338 355 381 397
 428 456 487 531 546 564 599 615 639
9 40 58 76 106 126 174 180 213 226 239 254 292 345 347 390 404
 417 452 496 527 541 575 582 617 636
9 48 67 93 96 132 171 181 216 223 228 247 298 335 365 371 395
 423 445 494 537 553 563 586 618 629
9 36 73 83 113 116 172 182 215 224 245 266 302 328 358 378 407
 415 446 490 522 557 576 590 616 647
8 35 74 84 114 115 174 184 215 223 246 265 306 327 356 376 408
 414 449 488 525 558 579 592 615 646
8 54 61 86 103 124 171 180 214 224 233 260 291 340 361 382 396
 427 457 489 534 549 569 597 619 638
8 41 56 78 105 125 173 182 213 225 237 252 294 346 348 389 401
 416 455 497 529 544 574 585 618 637
8 49 65 90 95 134 170 183 216 226 227 248 299 336 366 372 394
 424 444 492 539 555 566 593 616 628
7 37 70 81 110 117 170 180 215 222 243 264 300 330 360 380 406
 411 447 482 524 560 578 587 618 643
7 43 57 77 107 127 172 183 213 223 236 256 296 343 349 386 405
 420 453 498 526 543 573 584 619 634
7 51 63 88 100 120 174 181 214 225 241 258 287 341 353 383 403
 430 458 485 532 548 567 598 616 641
6 44 55 75 109 129 170 181 213 224 232 253 295 342 350 387 399
 418 451 500 528 542 571 581 615 633
6 50 64 89 104 121 172 184 214 226 240 259 288 337 352 385 400
 426 459 481 533 547 565 596 618 642
6 46 69 94 99 133 174 182 216 222 229 251 304 332 364 375 392
 425 442 495 536 551 561 591 619 630
5 52 62 87 101 122 170 182 214 223 238 257 289 339 359 384 398
 429 460 486 535 550 568 600 617 640
5 42 59 79 108 128 171 184 213 222 235 255 293 344 351 388 402
 419 454 499 530 545 572 583 616 635
7 45 66 91 97 130 173 184 216 224 231 250 303 334 363 379 391
 421 441 491 538 554 562 588 617 631
6 39 71 82 111 118 171 183 215 225 244 262 297 329 357 373 410
 412 450 483 521 556 577 589 617 645
10 39 43 49 53 141 165 270 272 281 283 328 334 340 342 393 398
 402 409 582 591 592 598 611 618 625
14 35 42 45 50 144 167 269 275 278 286 329 333 341 346 395 397
 404 407 581 587 593 600 613 619 625
13 36 41 46 52 143 168 267 276 277 285 331 336 337 345 391 403
 405 406 583 586 589 597 614 615 625
12 38 44 48 51 140 169 268 274 279 282 330 332 338 344 394 396
 401 408 584 590 594 596 612 617 625
11 37 40 47 54 142 166 271 273 280 284 327 335 339 343 392 399
 400 410 585 588 595 599 610 616 625
75 84 85 92 143 163 179 182 194 271 272 278 282 347 352 354 366
 445 450 454 457 524 526 532 538 650
78 81 89 93 141 162 175 183 190 268 275 280 285 350 358 361 363
 442 449 452 458 523 530 535 540 650
77 80 86 94 144 160 176 184 191 267 273 279 283 348 353 357 362
 444 447 451 460 522 527 531 537 650
76 82 87 91 140 161 178 181 192 269 276 281 284 351 355 360 364
 443 446 453 459 525 529 534 539 650
79 83 88 90 142 164 177 180 193 270 274 277 286 349 356 359 365
 441 448 455 456 521 528 533 536 650
0 16 52 63 80 138 156 163 212 232 251 269 293 323 327 363 390
 424 456 489 511 552 576 584 618 645
0 29 49 68 86 136 159 162 209 243 256 286 306 316 337 351 378
 418 445 495 516 544 564 595 617 641
0 23 44 56 94 139 155 161 210 238 263 278 288 308 334 356 381
 411 452 498 502 556 563 597 616 632
0 34 37 71 77 137 158 164 211 227 260 275 303 320 344 352 371
 429 446 484 513 548 575 591 615 637
4 33 36 70 76 139 159 163 211 230 257 274 298 319 342 353 372
 426 449 483 507 546 574 588 619 635
4 21 43 59 91 138 157 162 210 240 262 279 287 309 335 354 382
 415 455 496 501 560 566 600 615 630
4 25 47 69 87 135 155 164 209 245 254 282 301 317 341 350 376
 420 444 491 517 545 569 589 618 639
3 15 51 61 81 135 159 161 212 239 247 270 296 325 329 366 388
 425 460 481 508 554 580 585 615 647
3 26 46 66 89 137 157 163 209 246 252 283 297 314 338 349 377
 417 443 494 518 542 568 587 616 638
3 22 40 55 93 136 156 164 210 241 264 281 290 312 336 357 384
 414 454 497 504 557 570 596 619 631
2 24 42 58 92 137 159 160 210 233 265 277 289 310 332 358 383
 412 453 500 503 559 562 599 618 628
2 28 48 65 85 138 158 161 209 244 253 285 302 313 339 348 380
 419 441 493 519 541 567 592 619 642
2 19 54 64 84 139 157 164 212 235 249 267 294 324 328 364 386
 423 458 487 510 555 578 581 617 644
1 27 45 67 88 139 156 160 209 242 255 284 300 315 340 347 373
 416 442 492 520 543 565 590 615 640
1 20 41 57 90 135 158 163 210 234 266 280 291 311 333 360 385
 413 451 499 505 558 561 598 617 629
4 18 50 60 82 136 158 160 212 236 250 268 295 326 331 365 389
 422 457 486 515 551 579 582 616 643
3 30 35 73 78 138 155 160 211 229 259 272 299 321 343 355 374
 430 448 482 512 549 572 586 617 633
2 32 39 72 75 135 156 162 211 228 261 276 304 322 346 359 379
 427 447 488 514 547 573 594 616 636
1 31 38 74 79 136 157 161 211 231 258 273 305 318 345 361 375
 428 450 490 509 550 571 593 618 634
1 17 53 62 83 137 155 162 212 237 248 271 292 307 330 362 387
 421 459 485 506 553 577 583 619 646
78 83 87 94 171 179 185 249 253 261 265 312 316 318 326 433 481
 484 492 496 584 587 588 598 614 649
79 84 89 91 170 176 187 251 256 260 263 311 317 322 325 432 483
 485 493 497 582 586 590 599 613 649
76 81 86 92 173 177 189 248 255 258 266 309 313 321 323 434 486
 488 494 498 581 589 591 596 610 649
77 82 85 90 174 175 186 247 252 259 264 308 315 319 324 431 489
 490 491 500 583 594 595 600 611 649
75 80 88 93 172 178 188 250 254 257 262 307 310 314 320 435 482
 487 495 499 585 592 593 597 612 649
5 17 21 29 32 174 183 224 267 274 278 284 312 314 321 325 465
 467 473 478 505 513 515 519 618 648
9 18 24 27 30 170 184 225 270 276 280 282 308 316 320 323 461
 470 472 480 501 509 510 518 619 648
8 15 23 28 31 172 181 222 271 275 277 283 309 317 319 326 462
 469 475 479 504 511 514 520 617 648
7 16 20 26 33 171 182 226 268 273 281 286 310 313 322 324 463
 468 471 476 502 506 512 517 615 648
6 19 22 25 34 173 180 223 269 272 279 285 307 311 315 318 464
 466 474 477 503 507 508 516 616 648
4 95 103 105 114 119 120 129 132 137 156 161 392 397 402 406 464
 470 471 478 522 526 533 540 617 649
3 98 101 108 112 118 123 127 134 139 158 162 391 396 399 407 463
 469 472 477 525 527 532 536 618 649
2 97 100 107 110 116 122 125 133 136 155 163 394 400 404 409 462
 473 474 480 521 530 534 537 615 649
1 99 104 109 111 117 124 126 131 138 159 164 395 398 405 408 461
 467 475 476 523 529 531 538 616 649
0 96 102 106 113 115 121 128 130 135 157 160 393 401 403 410 465
 466 468 479 524 528 535 539 619 649
35 40 46 51 75 83 86 91 96 104 105 110 141 151 158 186 199
 289 293 301 305 543 546 555 556 648
37 44 49 52 78 82 88 92 99 103 107 112 144 152 157 187 196
 290 292 298 302 545 547 554 558 648
36 43 47 50 79 81 85 94 97 101 106 111 140 154 156 188 198
 291 294 299 306 542 548 553 559 648
39 42 48 54 76 80 89 90 98 102 109 114 143 150 155 185 195
 287 296 300 303 544 550 551 557 648
38 41 45 53 77 84 87 93 95 100 108 113 142 153 159 189 197
 288 295 297 304 541 549 552 560 648
29 46 111 139 185 191 223 254 275 295 323 330 366 374 402 413 455
 468 490 534 547 567 599 602 622 631
19 53 106 138 186 194 225 250 277 298 322 344 361 385 392 418 444
 473 498 525 557 580 587 603 622 640
23 43 100 137 186 191 226 266 269 300 316 339 350 389 408 427 450
 465 487 536 554 570 586 604 620 635
33 39 99 136 186 192 223 260 282 288 309 333 358 380 403 421 456
 478 492 527 542 572 585 601 621 644
30 37 97 135 189 190 226 257 283 287 312 332 356 378 397 423 457
 477 493 529 543 571 583 601 622 645
15 50 109 137 187 190 223 249 281 304 321 345 353 382 394 416 441
 472 499 524 556 576 595 603 624 639
25 45 110 138 187 192 226 252 274 296 326 328 362 375 399 412 454
 470 488 535 548 564 597 602 623 629
16 54 105 136 189 191 222 247 278 299 320 342 359 383 391 420 443
 466 496 523 558 577 590 603 623 642
21 40 102 139 189 192 225 265 268 302 317 337 349 388 409 429 447
 464 489 538 553 561 593 604 624 633
24 44 104 135 188 194 223 264 267 297 313 340 351 390 407 428 448
 462 485 540 551 566 588 604 623 637
26 48 113 136 188 190 225 255 272 292 325 327 364 379 405 411 451
 469 484 533 546 569 600 602 620 628
18 52 108 135 185 192 224 248 279 305 319 343 352 381 395 417 442
 471 497 521 559 578 592 603 620 641
22 41 103 138 185 190 222 263 270 306 314 341 347 387 410 426 446
 463 486 537 555 562 594 604 621 634
31 36 96 137 185 193 225 259 284 290 311 334 354 376 396 424 460
 476 495 530 541 573 581 601 623 643
32 35 95 139 187 194 222 258 285 291 310 335 357 377 398 422 459
 480 491 528 544 575 584 601 620 647
34 38 98 138 188 191 224 261 286 289 308 336 360 373 400 425 458
 479 494 526 545 574 582 601 624 646
20 42 101 136 187 193 224 262 271 301 315 338 348 386 406 430 449
 461 481 539 552 563 591 604 622 636
28 47 112 137 189 194 224 256 276 293 324 329 365 372 401 414 452
 474 482 531 550 565 598 602 621 630
17 51 107 139 188 193 226 251 280 303 318 346 355 384 393 419 445
 475 500 522 560 579 589 603 621 638
27 49 114 135 186 193 222 253 273 294 307 331 363 371 404 415 453
 467 483 532 549 568 596 602 624 632
30 59 82 104 132 139 180 195 205 219 266 271 304 336 363 383 401
 460 473 484 517 542 564 592 613 634
33 56 80 101 130 137 183 197 205 218 264 270 305 335 364 385 404
 457 475 488 516 545 567 590 614 633
28 63 94 109 115 136 180 199 207 218 248 280 297 328 354 388 397
 453 463 491 513 547 574 586 612 640
17 71 86 95 128 138 181 195 208 218 257 282 294 345 349 379 407
 442 474 481 502 558 570 599 611 643
21 65 75 111 122 137 180 196 206 221 255 273 288 341 355 378 391
 449 479 497 510 551 580 584 611 629
34 58 84 103 133 135 181 199 205 221 262 268 299 334 362 384 405
 456 472 490 519 544 565 587 610 635
26 62 90 105 117 139 181 196 207 217 250 279 306 329 358 390 400
 454 465 493 509 549 573 591 614 639
32 57 83 102 131 136 184 198 205 217 263 269 298 332 366 382 399
 458 471 482 520 541 568 589 611 637
24 66 78 114 123 136 181 197 206 220 254 274 291 339 352 373 393
 447 476 498 508 555 576 583 613 630
19 70 87 98 129 136 183 196 208 219 259 283 293 346 347 371 408
 441 468 485 501 559 561 597 610 647
23 67 79 112 124 135 183 195 206 217 252 272 289 337 353 380 392
 446 480 496 506 552 579 581 612 631
27 64 92 108 116 138 183 198 207 221 247 281 301 330 356 389 403
 451 464 495 514 550 575 588 613 638
25 61 93 106 118 137 184 195 207 220 251 278 302 331 360 386 398
 455 462 492 512 546 571 594 610 641
16 73 89 99 127 135 180 198 208 220 258 284 295 344 348 372 409
 445 470 487 504 556 562 600 614 646
18 74 88 97 126 137 182 199 208 217 261 285 296 342 351 374 410
 444 469 489 505 560 563 596 613 644
29 60 91 107 119 135 182 197 207 219 249 277 300 327 357 387 396
 452 461 494 507 548 572 593 611 642
31 55 81 100 134 138 182 196 205 220 265 267 303 333 365 381 402
 459 466 483 518 543 569 595 612 636
22 68 77 110 121 139 182 198 206 218 253 276 287 338 361 376 395
 448 478 499 511 554 577 582 610 628
15 72 85 96 125 139 184 197 208 221 260 286 292 343 350 375 406
 443 467 486 503 557 566 598 612 645
20 69 76 113 120 138 184 199 206 219 256 275 290 340 359 377 394
 450 477 500 515 553 578 585 614 632
10 139 148 175 227 234 236 244 351 354 359 362 392 403 404 408 481
 482 494 497 562 569 571 576 605 648
14 135 149 176 231 235 240 246 347 355 358 365 394 398 399 406 484
 489 495 498 567 570 574 577 608 648
12 137 147 178 228 232 241 242 348 356 361 366 393 400 405 407 483
 486 491 496 561 564 572 578 606 648
11 138 146 177 230 233 239 243 350 352 357 364 391 397 401 409 485
 490 492 499 563 568 573 579 607 648
13 136 145 179 229 237 238 245 349 353 360 363 395 396 402 410 487
 488 493 500 565 566 575 580 609 648
0 15 20 25 32 58 60 67 73 98 100 105 111 144 170 349 354
 361 364 583 588 592 596 608 621 627
2 18 22 29 31 57 63 66 70 95 104 106 112 143 171 350 355
 356 362 585 590 591 600 609 624 627
1 16 21 28 30 55 64 69 71 96 101 107 114 142 173 351 353
 358 366 582 587 594 597 607 620 627
4 17 24 26 34 56 61 65 74 99 102 108 110 140 172 347 357
 359 363 581 586 595 598 606 622 627
3 19 23 27 33 59 62 68 72 97 103 109 113 141 174 348 352
 360 365 584 589 593 599 605 623 627
10 26 51 58 79 95 127 155 173 191 219 232 264 276 302 326 333
 352 367 382 410 423 449 467 495 640
10 22 46 74 80 107 118 159 170 192 221 245 259 271 291 313 344
 365 369 379 397 416 458 465 496 632
10 30 40 63 87 111 123 157 172 194 217 233 247 286 303 311 331
 348 368 387 394 411 442 478 488 635
14 23 49 70 83 108 115 156 173 194 220 244 260 268 287 314 345
 364 369 374 400 420 460 461 500 629
14 29 52 55 76 97 128 158 172 193 221 237 263 272 297 324 335
 361 367 383 408 425 447 470 492 639
14 16 37 65 93 104 130 155 174 192 217 230 256 277 294 318 338
 354 370 373 402 427 451 472 486 647
14 34 44 62 85 114 121 159 171 190 219 241 251 284 305 309 328
 349 368 389 391 413 444 480 482 636
13 24 48 71 81 105 116 157 174 193 219 242 261 269 288 317 343
 362 369 372 398 418 457 463 499 631
13 19 39 67 91 101 133 159 172 191 220 227 253 280 292 321 341
 356 370 377 401 428 454 471 489 643
13 32 42 61 88 113 122 158 173 192 218 240 249 283 299 308 330
 350 368 390 392 414 445 476 483 634
12 21 47 73 84 109 119 158 171 191 217 243 257 270 290 315 346
 363 369 375 403 417 459 462 498 628
12 25 50 57 78 96 129 159 174 194 218 235 262 273 300 323 336
 359 367 381 409 421 446 469 493 638
12 18 36 68 90 100 132 157 173 190 221 229 254 278 293 322 340
 357 370 380 399 429 453 475 481 646
12 33 43 64 86 112 120 155 170 193 220 234 250 285 304 312 327
 347 368 388 395 412 443 479 490 637
11 20 45 72 82 106 117 155 172 190 218 246 258 267 289 316 342
 366 369 371 396 419 456 464 497 630
11 31 41 60 89 110 124 156 174 191 221 238 248 282 298 310 329
 351 368 386 393 415 441 477 484 633
10 15 35 69 92 102 134 156 171 193 218 231 252 279 295 320 339
 360 370 378 405 426 452 473 485 644
11 27 53 56 75 98 126 157 171 192 220 236 266 275 306 325 332
 353 367 384 406 424 448 474 491 642
11 17 38 66 94 103 131 158 170 194 219 228 255 281 296 319 337
 358 370 376 404 430 455 466 487 645
13 28 54 59 77 99 125 156 170 190 217 239 265 274 301 307 334
 355 367 385 407 422 450 468 494 641
30 39 57 93 103 148 154 193 206 238 258 293 326 330 364 407 417
 432 444 465 503 538 574 595 615 642
28 46 62 84 106 145 152 193 208 236 255 287 308 333 357 394 427
 435 446 471 508 523 564 588 618 633
21 44 67 87 110 147 150 193 207 246 266 299 322 345 352 402 422
 431 458 469 516 531 562 585 619 645
31 37 58 90 101 146 151 194 206 240 261 295 325 328 363 408 416
 435 443 464 502 537 572 589 619 641
29 45 64 80 105 149 154 194 208 239 253 290 309 332 360 393 429
 431 449 472 506 521 569 586 616 634
24 41 69 85 112 145 151 192 207 243 262 303 321 342 361 404 423
 432 460 468 520 533 570 584 616 646
27 47 61 83 107 146 150 190 208 232 252 288 310 336 354 395 428
 432 447 466 515 525 567 591 617 635
33 38 55 91 102 147 152 190 206 233 259 294 323 329 362 406 420
 433 445 462 505 536 575 592 616 640
22 43 65 89 113 148 152 194 207 242 265 305 320 346 353 399 425
 434 456 467 517 534 563 583 617 643
17 54 70 79 96 146 152 192 205 229 250 297 316 341 348 398 413
 431 452 477 514 526 576 596 615 628
23 42 66 86 111 149 153 190 207 245 264 298 318 343 359 401 424
 435 459 470 519 532 561 582 615 644
18 51 72 76 99 147 153 194 205 227 249 306 315 339 349 397 415
 432 451 479 512 530 577 597 618 631
34 35 59 94 100 149 150 192 206 234 257 292 324 331 366 410 418
 434 441 461 504 540 573 590 618 638
26 49 60 81 109 148 153 192 208 235 254 289 311 335 356 391 430
 433 450 473 511 522 565 594 619 637
19 52 73 75 95 145 154 190 205 231 247 300 317 338 351 400 412
 434 455 476 513 527 579 598 619 632
15 53 71 78 97 148 150 191 205 230 251 301 313 337 347 396 414
 435 453 478 509 528 578 600 616 629
16 50 74 77 98 149 151 193 205 228 248 302 314 340 350 403 411
 433 454 480 507 529 580 599 617 630
25 48 63 82 108 147 151 191 208 237 256 291 312 334 358 392 426
 434 448 475 510 524 568 593 615 636
20 40 68 88 114 146 154 191 207 244 263 304 319 344 355 405 421
 433 457 474 518 535 566 581 618 647
32 36 56 92 104 145 153 191 206 241 260 296 307 327 365 409 419
 431 442 463 501 539 571 587 617 639
10 38 61 90 104 115 154 182 209 262 269 292 312 353 371 391 422
 436 470 498 514 530 578 599 621 633
10 52 66 77 96 120 150 180 210 261 282 306 321 364 389 399 419
 440 462 483 506 523 565 593 622 647
10 47 55 82 105 133 153 184 211 248 277 287 325 347 380 407 413
 438 476 487 516 535 563 584 624 638
14 40 71 89 112 129 153 182 212 255 274 299 316 360 382 403 428
 437 475 491 503 537 573 592 622 632
13 51 65 78 98 124 154 184 210 257 284 297 322 365 387 404 420
 437 464 490 511 524 564 591 620 644
13 45 58 83 109 132 152 183 211 251 279 291 324 351 376 409 411
 436 479 486 518 532 570 585 622 642
13 43 72 87 114 128 151 180 212 252 275 298 313 357 381 400 430
 438 472 495 505 538 571 590 621 628
12 49 59 80 106 131 151 182 211 247 280 288 326 349 373 406 414
 440 477 485 519 534 562 581 620 639
12 41 70 88 111 127 150 184 212 253 272 305 317 358 384 397 427
 436 473 494 502 539 575 595 623 630
11 39 62 92 100 119 151 184 209 264 268 294 311 355 372 395 425
 439 469 496 513 528 576 597 622 634
11 44 74 86 113 125 154 183 212 254 276 303 315 354 383 398 426
 440 471 493 504 536 572 587 624 629
10 42 73 85 110 126 152 181 212 256 273 304 314 356 385 396 429
 439 466 492 501 540 574 589 620 631
14 53 68 79 99 122 151 181 210 259 285 300 320 366 386 401 417
 436 463 488 515 522 569 588 624 645
14 36 63 91 103 117 150 183 209 265 271 295 308 359 375 393 423
 438 474 499 512 527 580 596 620 637
14 48 56 84 107 134 154 180 211 250 281 289 323 350 377 410 415
 439 478 481 520 531 561 583 623 641
13 37 64 94 102 118 153 181 209 266 270 293 310 361 374 394 421
 440 467 497 507 526 579 600 623 636
12 35 60 93 101 116 152 180 209 263 267 296 309 352 379 392 424
 437 468 500 509 529 577 598 624 635
12 54 69 75 97 121 153 183 210 258 286 302 319 362 390 402 416
 439 461 484 508 525 568 586 621 643
11 50 67 76 95 123 152 182 210 260 283 301 318 363 388 405 418
 438 465 482 510 521 567 594 623 646
11 46 57 81 108 130 150 181 211 249 278 290 307 348 378 408 412
 437 480 489 517 533 566 582 621 640
34 53 55 88 104 119 200 228 252 278 291 316 343 364 388 394 415
 449 468 493 511 527 550 562 589 643
33 54 57 85 100 118 200 227 255 279 289 317 345 363 387 393 414
 448 470 495 515 529 547 563 587 647
32 51 59 89 101 115 200 231 254 277 290 313 342 362 389 395 411
 446 474 492 510 526 549 561 595 645
31 50 56 87 103 116 200 229 256 280 287 315 344 366 390 391 412
 447 467 494 506 528 546 570 592 644
30 52 58 86 102 117 200 230 253 281 288 314 346 365 386 392 413
 450 469 491 508 530 548 566 590 646
29 40 62 78 108 133 200 245 258 269 296 320 340 354 385 406 423
 441 479 483 502 531 542 579 594 628
28 43 61 76 105 131 200 243 259 267 295 322 338 356 384 410 421
 442 480 484 503 532 545 576 593 629
27 44 60 77 106 134 200 244 257 271 293 318 341 358 382 409 425
 443 476 488 505 533 544 578 586 631
26 42 63 75 107 132 200 242 260 270 294 321 337 360 381 408 422
 444 477 490 504 535 541 577 588 630
25 41 64 79 109 130 200 246 261 268 292 319 339 357 383 407 424
 445 478 482 501 534 543 580 591 632
15 47 74 91 95 121 200 235 266 272 298 312 330 348 373 404 429
 456 463 500 518 523 551 573 597 641
24 37 67 80 113 129 200 241 248 285 306 324 333 355 375 396 420
 455 473 481 514 538 556 568 582 635
23 36 65 82 114 127 200 234 249 286 301 323 332 361 379 398 417
 454 466 485 513 537 560 565 585 633
22 38 69 83 111 125 200 238 250 283 300 325 335 352 372 403 419
 453 472 489 512 540 558 564 581 636
21 35 68 81 112 126 200 233 251 282 297 326 334 359 371 400 416
 451 471 487 507 539 557 567 583 634
19 45 71 90 99 123 200 236 263 276 305 310 327 350 378 402 430
 460 462 496 519 524 553 574 596 638
18 49 73 94 96 122 200 237 264 274 303 309 329 347 377 405 427
 458 464 499 517 525 552 571 599 642
17 46 72 93 98 120 200 232 265 273 299 311 328 351 380 401 426
 457 461 498 520 521 554 575 600 639
16 48 70 92 97 124 200 239 262 275 304 308 331 349 376 399 428
 459 465 497 516 522 555 572 598 640
20 39 66 84 110 128 200 240 247 284 302 307 336 353 374 397 418
 452 475 486 509 536 559 569 584 637
24 51 64 77 97 131 146 162 171 196 245 278 300 311 345 377 392
 438 456 486 504 539 574 592 602 633
17 44 57 89 111 116 145 160 173 199 230 270 304 324 339 371 406
 438 454 496 511 525 569 593 601 641
28 37 72 91 100 123 148 160 171 198 237 282 296 314 336 390 398
 436 449 490 516 533 561 581 603 632
22 52 61 79 98 132 147 160 174 197 244 280 301 309 342 378 394
 439 459 487 502 538 573 587 602 637
18 41 59 86 114 118 148 164 172 196 228 269 299 325 338 375 409
 439 452 500 506 524 567 588 601 640
26 38 73 92 101 121 149 164 174 195 236 285 293 316 334 387 397
 438 447 483 520 534 566 585 603 629
23 53 63 76 96 133 145 164 170 198 246 279 302 310 346 373 391
 437 457 481 505 540 572 595 602 634
29 36 71 93 102 124 146 161 170 199 235 283 292 315 333 389 400
 439 448 488 517 532 562 584 603 630
32 45 65 81 107 129 147 164 171 199 238 272 287 319 331 385 401
 440 443 495 509 527 576 599 604 646
31 46 67 82 109 128 149 162 173 198 233 274 288 320 327 384 404
 439 444 493 512 526 578 598 604 647
34 48 68 83 106 127 148 163 170 197 240 273 290 321 329 383 402
 438 442 491 514 529 579 597 604 644
21 54 60 78 95 130 149 163 172 199 242 281 306 308 344 380 395
 436 460 485 503 536 571 589 602 636
16 40 56 85 113 119 147 162 170 195 231 267 298 326 341 374 408
 436 453 499 508 521 565 591 601 638
25 35 70 90 103 122 145 162 172 197 232 284 294 313 332 388 403
 440 450 484 518 531 563 582 603 631
19 43 58 88 110 115 149 161 171 197 229 271 303 323 337 372 407
 437 451 497 515 523 568 594 601 639
20 50 62 75 99 134 148 161 173 195 243 277 297 312 343 376 393
 440 458 489 501 537 575 590 602 635
27 39 74 94 104 120 147 163 173 196 239 286 295 317 335 386 396
 437 446 482 519 535 570 583 603 628
30 47 66 80 108 125 145 161 174 196 234 275 289 322 328 382 405
 436 445 492 507 528 577 596 604 643
33 49 69 84 105 126 146 160 172 195 241 276 291 318 330 381 399
 437 441 494 513 530 580 600 604 645
15 42 55 87 112 117 146 163 174 198 227 268 305 307 340 379 410
 440 455 498 510 522 564 586 601 642
0 46 85 132 142 172 206 239 248 268 300 312 346 382 398 430 451
 474 483 509 525 545 562 609 623 644
0 43 93 126 143 173 205 245 253 284 289 319 329 375 394 422 447
 463 485 510 533 558 572 605 622 638
4 39 78 115 142 170 208 233 266 278 305 324 338 390 405 419 459
 477 495 520 537 548 580 605 624 631
4 40 90 125 144 171 205 246 256 285 288 321 330 379 393 425 446
 461 487 511 532 559 571 607 623 640
3 41 92 128 140 170 205 242 254 286 287 318 328 371 392 421 449
 462 489 515 531 556 573 609 620 642
3 48 87 131 144 173 206 235 251 271 306 310 342 385 403 427 452
 470 490 513 521 543 566 606 624 643
2 44 91 127 142 174 205 243 255 283 291 320 331 374 395 424 450
 464 481 506 535 557 574 606 621 639
2 53 81 120 144 172 207 231 260 274 293 315 336 376 410 413 445
 472 496 502 529 551 568 605 620 633
2 35 77 117 140 173 208 241 262 280 298 325 337 387 402 417 457
 479 492 517 536 550 576 608 623 632
1 51 82 121 143 170 207 229 261 275 294 314 335 378 409 414 441
 471 498 503 527 552 569 606 623 635
1 49 89 133 140 171 206 232 250 267 301 308 343 383 397 429 455
 469 488 507 524 541 570 605 621 647
1 36 75 118 144 174 208 240 263 281 303 326 339 388 401 420 456
 480 494 516 540 549 578 609 622 628
0 54 83 123 140 174 207 228 257 272 295 313 333 377 406 412 444
 475 497 501 530 554 565 607 624 634
4 52 84 124 141 173 207 227 259 273 296 316 332 373 407 411 443
 473 499 504 528 553 567 609 621 636
4 45 86 134 143 174 206 237 249 270 302 311 344 384 400 428 453
 468 482 514 523 542 563 608 620 645
3 50 80 122 142 171 207 230 258 276 292 317 334 380 408 415 442
 466 500 505 526 555 564 608 622 637
3 37 79 119 143 172 208 238 265 279 304 323 340 389 404 418 458
 476 491 519 539 546 577 607 621 629
2 47 88 130 141 170 206 236 247 269 297 309 345 381 396 426 454
 467 484 512 522 544 561 607 622 646
1 42 94 129 141 172 205 244 252 282 290 322 327 372 391 423 448
 465 486 508 534 560 575 608 624 641
0 38 76 116 141 171 208 234 264 277 299 307 341 386 399 416 460
 478 493 518 538 547 579 606 620 630
147 161 172 198 251 255 261 264 350 353 354 365 412 417 421 429 438
 461 468 473 477 544 549 555 558 625
149 160 170 196 249 252 258 262 351 352 356 363 413 420 425 427 440
 463 474 475 478 541 546 553 557 625
145 163 171 195 248 254 259 263 348 358 359 364 414 418 422 428 439
 464 467 472 479 543 548 554 560 625
146 164 173 197 247 256 257 265 347 360 361 362 415 419 424 430 436
 465 469 471 480 542 547 551 556 625
148 162 174 199 250 253 260 266 349 355 357 366 411 416 423 426 437
 462 466 470 476 545 550 552 559 625
59 64 66 74 76 83 85 93 117 122 129 134 135 187 191 225 229
 233 236 242 502 511 513 516 621 625
55 63 67 72 78 84 86 90 116 121 127 131 137 188 192 222 231
 238 239 244 501 507 515 517 622 625
56 62 69 73 77 81 88 91 118 124 128 132 136 185 194 226 230
 232 234 246 503 510 514 519 624 625
57 60 65 71 79 80 87 92 115 120 126 133 139 186 190 224 228
 237 240 243 504 508 512 518 623 625
58 61 68 70 75 82 89 94 119 123 125 130 138 189 193 223 227
 235 241 245 505 506 509 520 620 625
10 18 20 28 34 151 183 230 235 238 242 327 332 341 345 437 445
 447 455 459 542 549 554 557 623 649
14 19 21 26 31 152 184 228 234 239 245 330 336 339 342 440 442
 448 453 457 544 548 552 556 621 649
13 17 23 25 30 150 182 231 236 241 243 329 335 340 344 439 443
 449 451 456 541 547 555 559 624 649
11 15 24 29 33 153 180 229 232 240 244 331 334 338 346 436 444
 446 454 458 543 550 553 558 620 649
12 16 22 27 32 154 181 227 233 237 246 328 333 337 343 438 441
 450 452 460 545 546 551 560 622 649
115 122 127 132 146 153 193 267 275 281 282 373 375 385 387 434 482
 489 493 496 544 546 554 559 616 627
117 123 128 133 147 154 192 270 273 278 285 372 376 382 389 435 484
 485 494 500 543 547 552 557 617 627
119 121 126 134 145 150 194 269 274 280 283 379 380 383 386 433 486
 490 495 497 545 549 553 556 615 627
116 124 129 130 148 151 190 271 276 279 286 374 377 384 388 431 483
 487 492 498 541 548 551 558 618 627
118 120 125 131 149 152 191 268 272 277 284 371 378 381 390 432 481
 488 491 499 542 550 555 560 619 627
4 12 98 104 107 113 198 222 329 334 339 345 413 418 423 430 435
 488 489 492 497 503 506 513 518 650
3 10 99 100 106 114 199 224 330 335 337 346 412 420 424 428 431
 484 486 493 499 502 507 510 520 650
2 13 96 103 108 111 195 226 327 333 338 342 415 416 425 429 433
 482 485 491 498 504 509 515 516 650
1 11 97 102 105 112 197 223 328 336 341 344 411 417 422 427 434
 481 483 495 500 501 511 512 519 650
0 14 95 101 109 110 196 225 331 332 340 343 414 419 421 426 432
 487 490 494 496 505 508 514 517 650
10 158 174 190 220 503 509 511 517 521 526 531 539 544 547 553 560
 568 570 572 580 581 588 590 597 626
14 157 170 191 218 504 506 507 519 525 530 533 538 543 549 551 559
 563 564 575 576 585 589 594 598 626
12 156 172 192 219 505 510 512 516 523 528 532 537 541 550 554 556
 566 569 574 579 583 587 591 599 626
13 155 171 194 221 501 508 513 520 522 529 535 536 542 546 552 558
 562 567 573 578 582 593 595 596 626
11 159 173 193 217 502 514 515 518 524 527 534 540 545 548 555 557
 561 565 571 577 584 586 592 600 626
