625 626 627 628 629 630 631 632 633 634 635 636 637 638 639 640 641
 642 643 644 645 646 647 648 649 650
0 1 2 3 4 5 6 7 8 9 10 11 12 13 14 15 16
 17 18 19 20 21 22 23 24 650
119 126 128 129 140 162 313 317 322 325 334 340 341 348 353 532 539
 542 546 549 554 557 561 569 622 650
116 117 123 127 144 166 314 319 320 323 327 331 343 347 351 534 537
 547 548 552 556 562 568 574 620 650
112 113 121 124 143 165 321 328 329 333 337 338 352 354 357 531 535
 538 545 550 553 560 566 567 618 650
111 115 118 125 142 163 315 316 324 330 332 342 344 345 356 533 536
 544 551 558 563 565 570 572 621 650
110 114 120 122 141 164 318 326 335 336 339 346 349 350 355 530 540
 541 543 555 559 564 571 573 619 650
45 52 54 57 58 147 185 191 200 202 212 215 220 229 376 394 400
 406 409 410 425 451 456 460 601 650
36 40 41 60 69 148 175 179 182 188 189 192 208 222 380 408 419
 427 434 440 445 448 455 458 606 650
32 37 47 49 67 146 177 180 190 198 207 230 239 240 384 392 405
 407 414 426 438 439 454 461 602 650
31 43 50 51 56 153 184 193 194 196 209 224 225 232 383 388 396
 397 402 423 428 429 444 457 608 650
30 33 42 46 61 145 169 181 201 205 217 228 231 233 379 399 411
 415 418 433 441 446 450 463 607 650
25 29 44 53 65 149 172 195 210 214 216 218 227 234 382 390 393
 422 424 430 432 437 442 459 603 650
28 35 55 63 68 150 170 178 183 199 203 206 221 235 378 387 398
 401 412 421 431 447 449 465 604 650
27 34 48 59 64 151 171 173 187 204 213 219 223 238 381 385 389
 391 403 404 413 453 462 464 609 650
26 38 39 62 66 152 174 176 186 197 211 226 236 237 377 386 395
 416 417 420 435 436 443 452 605 650
83 96 103 108 109 159 244 255 258 266 270 271 272 284 307 470 473
 482 486 500 502 518 524 593 613 650
77 78 81 87 95 161 250 276 279 283 286 288 291 302 308 469 479
 491 493 494 506 516 525 600 610 650
76 85 92 94 104 158 248 257 264 265 269 295 298 300 304 474 476
 478 481 509 512 513 523 599 612 650
74 79 90 93 105 154 241 252 253 263 268 274 299 303 306 468 487
 510 511 519 522 527 529 596 611 650
73 98 100 102 106 156 254 261 275 277 281 287 296 301 310 467 471
 480 483 490 496 497 505 598 616 650
72 86 91 99 101 157 247 260 267 273 278 282 285 294 305 466 472
 485 498 501 514 515 517 595 614 650
71 75 84 89 97 155 245 249 256 262 280 289 290 292 311 475 477
 484 503 504 520 526 528 597 615 650
70 80 82 88 107 160 242 243 246 251 259 293 297 309 312 488 489
 492 495 499 507 508 521 594 617 650
135 136 137 138 139 167 367 368 369 370 371 372 373 374 375 584 585
 586 587 588 589 590 591 592 624 650
130 131 132 133 134 168 358 359 360 361 362 363 364 365 366 575 576
 577 578 579 580 581 582 583 623 650
1 106 108 117 141 160 198 204 262 265 288 305 348 354 375 386 430
 433 451 455 465 522 563 579 608 633
4 90 101 127 140 158 203 209 216 220 277 297 311 356 362 404 407
 433 452 458 493 524 571 590 618 628
4 73 103 129 142 151 182 214 229 240 280 285 302 337 375 397 420
 431 441 492 529 568 573 581 612 637
3 69 105 109 144 150 196 200 233 240 278 279 324 339 348 452 459
 476 484 497 508 567 577 585 609 634
4 69 91 125 141 167 225 239 266 275 276 312 320 357 365 401 403
 406 418 437 443 513 519 569 615 625
3 68 128 139 141 149 197 201 202 263 281 282 290 302 347 385 434
 444 454 523 524 558 566 578 617 627
2 67 69 104 143 152 181 234 238 253 256 285 301 330 331 398 456
 499 506 524 540 554 583 588 608 630
1 66 92 99 142 148 194 203 219 283 303 323 334 339 357 424 426
 460 463 482 483 504 583 591 617 641
2 64 68 89 144 159 177 231 237 267 304 312 356 366 373 396 422
 427 451 480 525 542 553 573 611 641
0 63 127 138 143 147 175 180 228 281 295 299 308 349 366 430 453
 457 501 502 504 508 569 570 605 637
0 61 88 129 144 154 193 207 218 282 284 291 301 357 369 400 436
 440 464 465 477 478 565 571 623 626
1 58 72 131 144 151 195 199 211 217 239 254 298 350 352 429 458
 502 516 521 526 527 558 588 622 644
4 57 106 107 143 166 201 224 226 227 235 255 279 294 304 419 464
 503 527 532 555 572 582 591 602 635
1 55 107 134 140 157 181 222 270 289 338 344 347 355 371 405 406
 428 432 436 453 512 525 529 616 634
0 54 105 139 142 153 208 226 264 271 305 312 321 346 353 399 407
 421 432 462 505 506 526 580 620 639
0 46 124 134 141 162 176 179 200 210 238 283 293 296 356 423 449
 461 481 515 520 527 568 586 613 631
3 33 45 60 140 161 180 238 303 310 312 332 350 354 370 402 431
 435 442 500 503 509 517 556 623 642
2 32 71 108 140 153 178 182 202 223 236 300 349 357 361 450 459
 494 495 496 498 527 552 592 621 646
2 31 59 134 142 155 174 227 228 239 268 278 310 333 351 425 465
 491 507 518 523 539 564 590 606 632
3 30 56 66 143 146 212 213 221 257 280 284 355 356 363 437 479
 505 514 521 522 557 574 587 606 646
0 25 91 95 136 156 173 206 217 251 268 316 323 340 380 386 394
 396 405 503 524 531 541 577 612 646
2 88 90 111 113 151 180 201 222 225 250 305 322 326 376 390 416
 470 475 481 483 547 577 587 604 636
1 83 87 104 135 145 172 176 178 185 190 209 242 278 381 434 503
 505 530 545 562 565 569 581 611 636
2 82 84 91 130 158 198 200 274 281 315 328 336 369 381 387 388
 411 419 420 432 479 482 534 622 642
4 80 83 97 123 148 169 180 210 306 333 348 361 371 383 391 395
 398 466 478 479 480 541 558 601 639
0 71 72 73 113 159 169 170 184 227 265 324 335 370 377 404 406
 434 438 488 511 534 557 583 610 647
4 59 74 120 135 149 170 192 245 271 273 313 331 363 379 426 429
 436 451 469 471 481 508 531 621 642
0 57 96 126 130 145 182 247 256 275 314 326 344 367 378 385 395
 414 429 442 476 489 491 522 618 641
3 51 85 108 111 155 176 188 241 259 301 308 334 372 378 404 410
 418 432 466 531 537 573 576 602 644
3 50 72 87 114 162 177 187 246 253 275 333 342 368 376 387 393
 433 436 448 473 504 552 580 612 635
1 45 47 124 137 155 192 252 255 285 295 297 318 322 377 385 396
 399 401 479 497 536 552 575 603 626
4 44 85 86 112 162 183 194 213 250 256 327 346 370 384 386 409
 411 440 496 502 507 536 578 611 634
0 44 56 89 132 160 189 203 211 252 278 302 328 371 376 392 413
 415 467 474 500 532 537 540 621 625
3 42 73 116 135 147 194 204 243 267 269 336 338 359 380 398 407
 417 470 477 491 527 544 549 603 625
0 42 43 81 115 155 197 253 254 257 272 320 362 373 381 390 426
 431 455 472 495 535 546 555 601 634
4 41 71 81 92 163 171 181 190 199 247 251 263 284 376 388 430
 435 497 549 553 564 576 584 620 631
0 41 53 90 114 146 185 248 262 270 279 315 319 337 379 402 403
 417 447 466 496 542 575 588 617 632
2 40 46 74 75 163 193 221 243 244 277 279 317 375 384 385 406
 424 472 474 541 545 556 580 605 644
4 39 49 70 72 147 218 241 249 270 283 316 318 360 381 421 427
 450 467 476 538 539 556 587 608 627
1 38 82 112 116 163 177 196 201 266 299 325 363 367 382 394 404
 408 431 467 478 498 506 520 619 632
2 37 54 78 86 145 170 175 216 241 266 296 339 347 383 389 435
 477 521 532 535 551 575 589 612 633
3 37 46 76 80 157 173 178 186 262 271 314 329 373 382 388 400
 458 483 519 536 539 540 582 610 637
2 36 55 73 110 154 176 224 257 288 292 323 341 360 382 392 399
 403 409 473 508 517 558 584 618 643
0 36 39 76 117 167 181 219 242 277 280 307 322 350 383 387 422
 425 468 469 498 544 567 578 602 629
1 35 84 102 118 162 180 202 226 258 268 269 291 343 379 389 397
 427 437 472 488 540 576 585 618 629
1 34 40 103 132 154 174 212 248 281 313 314 316 370 383 390 407
 418 449 484 494 499 543 553 614 635
1 25 33 94 110 165 223 241 244 280 282 320 330 359 376 412 414
 419 452 457 471 507 542 586 610 639
4 33 89 111 138 164 178 200 207 248 254 317 323 338 377 389 393
 444 468 485 486 489 506 579 606 640
0 33 34 38 79 150 188 229 246 249 255 267 331 361 384 428 437
 483 493 523 530 533 550 584 622 633
3 32 93 110 112 156 174 242 249 264 285 345 362 369 379 391 406
 423 430 445 486 516 532 548 604 641
1 31 75 78 127 164 183 186 215 247 253 321 358 369 380 403 446
 459 480 481 492 500 533 557 602 627
4 31 32 52 61 160 173 195 208 257 303 325 330 368 378 470 484
 490 515 525 530 534 566 575 605 629
2 30 118 119 122 157 172 189 191 196 254 255 263 319 378 386 391
 407 469 492 504 513 538 586 623 647
1 30 70 77 105 158 171 182 197 287 335 351 365 368 384 398 400
 402 422 475 485 531 532 570 613 643
3 29 79 99 107 164 169 179 193 220 298 337 366 367 381 386 392
 401 471 475 494 518 551 554 620 629
2 29 60 77 131 162 203 204 242 245 284 320 321 374 377 394 428
 454 466 476 487 490 543 572 607 637
4 28 115 121 131 154 172 177 205 261 264 289 293 349 380 385 402
 416 425 482 514 537 554 585 610 633
2 28 45 70 92 166 179 184 187 214 282 329 358 372 379 395 405
 468 484 493 502 505 546 563 619 625
3 25 28 31 98 159 175 181 191 260 286 313 315 318 384 413 443
 478 487 495 526 568 579 591 618 636
3 27 58 100 125 154 198 228 251 256 294 300 358 371 377 397 408
 421 424 469 530 535 542 547 613 628
4 27 30 117 130 161 174 179 202 246 272 321 324 334 382 396 412
 439 474 477 501 510 559 588 616 636
1 27 29 71 139 146 175 243 261 273 276 304 327 332 378 415 420
 423 468 473 539 550 571 577 601 630
2 26 43 101 106 146 199 252 258 259 283 313 324 367 380 393 400
 441 453 509 530 548 560 578 615 639
3 26 35 48 88 165 182 195 245 265 276 317 319 364 383 399 405
 456 467 482 501 533 555 590 611 631
0 26 32 131 135 166 171 244 250 260 274 290 332 339 382 397 401
 410 433 480 499 512 538 561 606 638
2 109 114 133 138 149 171 188 194 217 264 294 297 314 354 412 443
 461 467 528 529 557 565 600 601 629
2 99 120 121 123 160 185 197 233 275 280 286 299 340 370 421 423
 439 458 464 512 533 576 593 603 640
2 81 93 117 137 147 183 207 210 271 298 325 335 344 364 397 413
 418 448 452 503 514 550 598 617 645
4 78 88 110 132 150 184 191 219 258 290 298 310 340 373 408 417
 432 461 522 545 552 570 595 607 630
3 75 96 121 136 151 189 216 226 232 283 295 320 325 361 411 438
 447 451 468 499 564 565 595 616 643
0 75 94 107 125 149 177 191 199 233 236 287 327 329 334 389 445
 470 479 517 543 581 590 596 608 645
0 67 82 98 122 148 202 205 213 225 235 245 288 358 368 452 486
 509 529 539 551 553 562 595 603 644
0 66 78 100 109 165 172 187 220 222 239 292 304 325 375 398 444
 450 487 536 548 559 576 594 614 642
1 64 80 114 115 152 170 200 224 228 249 277 302 364 372 439 440
 442 470 487 513 560 561 595 620 646
3 62 95 123 134 158 183 208 218 224 229 244 252 261 326 389 426
 498 528 553 563 569 588 594 607 647
4 60 62 64 98 145 196 243 262 268 282 295 352 353 355 387 390
 392 410 533 548 583 592 600 613 645
4 58 76 119 136 159 188 221 236 253 291 309 328 339 359 399 423
 442 453 454 475 562 563 598 614 632
2 56 58 79 83 156 186 192 218 248 289 308 327 353 365 414 431
 433 488 544 559 566 591 595 609 631
3 54 65 113 133 167 190 203 248 255 288 293 330 340 351 420 429
 440 450 453 472 480 510 597 619 645
4 53 55 66 137 153 189 238 242 265 267 281 286 342 343 400 414
 446 518 528 535 561 577 596 619 644
0 52 64 101 104 161 194 230 263 289 317 318 333 343 374 408 418
 420 459 471 521 563 582 593 604 643
4 50 84 105 124 157 175 185 217 223 237 288 301 364 367 424 438
 500 523 543 544 546 574 594 604 638
1 49 56 120 129 166 169 188 206 216 238 263 300 315 373 409 416
 486 490 491 501 567 580 594 615 645
1 48 51 91 93 159 208 220 230 233 235 290 293 331 341 393 395
 474 496 535 544 564 587 600 623 637
3 47 77 89 106 153 205 210 219 222 247 274 316 331 352 409 412
 488 513 546 571 581 589 593 605 632
4 47 48 94 109 156 176 193 212 299 305 332 347 358 374 422 447
 448 463 491 495 540 560 597 622 647
1 44 52 63 74 167 187 205 237 259 286 337 345 353 361 388 461
 476 477 517 524 547 555 598 606 647
1 43 68 76 113 156 189 207 214 246 256 279 306 349 360 410 443
 462 515 549 551 574 590 593 607 642
2 42 48 53 57 167 211 246 260 261 291 303 311 348 355 408 438
 449 457 486 531 536 581 599 620 627
3 41 49 63 130 152 184 250 254 266 268 289 297 341 375 422 446
 460 464 515 543 550 562 599 621 639
0 40 47 99 128 152 183 195 241 300 309 310 311 338 365 388 391
 441 451 473 572 574 585 600 619 636
2 25 39 103 124 150 169 230 247 262 269 309 332 363 368 440 444
 460 462 516 537 555 569 596 616 628
3 39 74 115 126 148 207 209 223 227 231 287 305 328 343 394 449
 492 502 512 559 575 584 600 615 630
2 38 63 87 125 148 173 212 232 265 270 290 346 352 362 415 442
 471 485 510 549 568 585 594 602 626
4 38 51 128 133 146 206 231 244 278 296 329 344 350 369 455 456
 462 487 488 494 504 547 599 603 643
1 37 62 90 96 161 210 221 245 294 301 340 342 346 366 425 441
 444 445 495 534 538 584 599 609 625
3 36 59 86 97 163 185 206 211 230 258 304 321 349 365 390 463
 489 493 529 534 561 586 598 608 626
1 36 57 95 111 149 184 240 267 284 296 309 319 333 362 411 413
 421 509 519 554 559 592 597 605 638
0 35 77 85 120 157 174 190 214 215 231 232 243 266 303 419 528
 552 554 558 560 579 587 598 609 628
4 35 40 54 116 155 186 187 198 234 260 287 326 341 366 415 428
 509 511 516 565 567 586 593 617 646
3 34 92 122 127 160 170 234 239 291 307 344 353 360 374 396 416
 419 441 485 496 520 545 596 601 638
2 34 49 102 136 165 205 208 209 215 273 302 334 342 350 401 417
 430 478 489 511 574 582 597 613 634
0 28 93 97 119 151 186 209 259 276 330 336 347 354 363 409 424
 427 439 485 497 518 592 599 607 635
0 27 37 50 55 158 192 201 234 258 345 348 352 359 372 443 460
 490 492 494 514 556 564 597 611 640
1 26 65 69 119 147 193 213 231 251 264 272 292 310 326 387 438
 466 493 566 568 582 589 596 621 640
3 101 118 132 137 145 171 214 235 237 270 292 309 327 357 425 439
 455 457 481 490 506 511 541 622 648
4 67 68 79 95 165 204 211 228 232 259 314 315 322 335 445 459
 460 472 473 505 512 520 589 623 648
0 59 65 70 108 164 196 212 261 269 285 306 341 342 364 411 412
 435 454 458 525 545 547 591 615 648
2 50 94 116 126 161 195 206 213 226 249 293 307 337 371 410 426
 434 446 497 519 570 571 579 614 648
1 41 61 100 121 150 225 227 236 260 271 308 336 356 374 391 392
 456 489 510 528 546 556 578 612 648
3 52 81 82 103 166 172 217 236 273 296 306 311 322 346 403 414
 427 428 465 474 560 570 583 624 640
0 45 51 102 123 163 178 204 216 237 240 294 313 355 360 446 448
 475 482 507 510 513 516 566 624 630
2 44 80 100 128 164 190 229 235 272 276 295 316 343 359 402 404
 436 445 463 515 522 526 567 624 638
1 42 67 97 133 153 173 179 191 218 250 275 307 317 328 435 447
 508 511 514 523 548 572 573 624 628
4 29 43 96 122 152 215 233 269 274 292 308 345 351 354 405 413
 434 449 483 498 521 542 580 624 626
1 86 98 126 138 168 229 232 234 257 274 311 312 324 329 417 448
 450 454 464 469 518 537 541 604 631
2 61 62 85 139 168 219 220 240 251 287 306 318 338 345 429 437
 447 455 500 501 520 561 562 610 635
0 60 83 112 118 168 198 221 223 224 273 286 297 298 351 393 416
 456 463 484 519 549 573 589 616 627
3 53 84 104 129 168 192 199 215 225 272 277 299 323 335 395 415
 461 462 507 525 538 572 592 614 633
4 46 65 87 102 168 197 222 230 252 300 307 319 336 372 394 457
 465 499 517 526 550 551 557 609 641
3 38 40 43 44 55 57 61 64 67 70 71 78 83 90 91 94
 102 117 119 120 124 131 138 142 649
0 29 30 31 48 49 58 62 68 69 74 80 84 86 87 92 103
 106 110 111 116 121 133 137 140 649
1 28 32 39 46 50 53 54 59 60 73 79 81 85 88 89 101
 109 122 123 125 128 130 136 143 649
2 27 33 35 41 47 51 52 65 66 72 76 95 96 97 98 105
 107 112 115 127 129 132 135 141 649
4 25 26 34 36 37 42 45 56 63 75 77 82 93 99 100 104
 108 113 114 118 126 134 139 144 649
24 601 602 603 604 605 606 607 608 609 610 611 612 613 614 615 616
 617 618 619 620 621 622 623 624 649
24 50 76 77 91 140 160 179 199 228 240 241 292 343 346 363 385
 390 417 456 480 486 550 565 591 647
24 45 81 97 116 142 162 170 222 223 232 233 248 261 309 369 392
 422 443 501 522 524 530 538 582 644
24 44 59 75 111 141 165 175 224 231 246 270 274 300 340 374 395
 400 407 431 497 514 516 562 583 629
24 27 28 90 103 144 163 188 215 227 242 275 290 338 353 364 386
 426 450 457 479 509 515 540 589 643
24 26 49 52 117 143 151 178 192 196 247 287 291 293 362 370 432
 463 473 487 523 528 541 542 551 625
24 72 84 85 119 134 164 197 205 206 234 279 297 332 357 383 408
 413 414 451 470 505 510 548 584 637
24 25 68 102 109 112 146 184 236 288 295 303 326 331 371 381 418
 425 458 477 485 492 561 572 580 631
24 48 83 98 113 136 153 183 200 239 259 263 269 280 294 382 415
 436 455 493 543 554 556 570 575 641
24 43 47 53 133 139 158 169 174 204 235 289 301 325 339 376 427
 469 489 502 517 519 533 545 568 646
24 42 51 54 71 137 157 195 258 302 306 323 354 356 358 384 387
 416 445 464 471 476 499 559 569 632
24 36 65 74 125 138 156 220 226 238 250 262 278 335 359 378 428
 439 441 478 482 521 546 552 553 627
24 35 79 100 110 124 152 171 201 207 212 216 286 307 312 380 429
 466 474 504 534 539 563 581 592 634
24 34 55 88 105 121 148 211 272 296 318 327 330 366 375 379 388
 393 410 454 491 498 503 513 557 628
24 30 37 94 95 101 166 185 219 225 243 253 341 344 361 377 430
 440 449 467 518 526 566 573 585 642
24 60 61 87 126 132 167 186 194 202 210 244 254 285 304 315 404
 405 421 475 508 560 564 574 596 633
24 58 64 73 93 96 155 193 203 273 316 319 329 348 349 368 419
 435 437 446 461 506 512 578 594 636
24 46 86 118 129 131 149 190 208 249 265 308 310 328 355 367 396
 398 403 452 460 468 495 547 593 635
24 39 57 63 69 135 159 198 214 217 252 257 317 321 342 347 391
 402 483 494 507 520 571 576 595 645
24 38 41 80 99 122 145 187 218 221 230 264 281 320 322 324 397
 409 500 525 527 531 579 590 597 630
24 32 56 70 106 127 154 181 229 237 245 266 298 333 334 336 434
 442 447 462 472 536 577 586 600 640
24 31 89 107 108 120 150 172 180 213 277 282 283 314 345 365 394
 399 420 448 511 535 549 588 599 638
24 29 66 67 114 128 161 182 209 251 255 260 299 352 360 373 389
 406 411 465 481 484 537 544 598 639
24 33 62 78 104 130 147 173 177 189 284 305 311 313 351 372 401
 423 424 488 496 529 555 558 567 648
24 40 82 92 115 123 168 176 191 256 267 268 271 276 337 350 412
 433 438 444 453 459 490 532 587 626
23 140 141 142 143 144 168 376 377 378 379 380 381 382 383 384 593
 594 595 596 597 598 599 600 624 648
23 71 74 77 88 98 164 173 176 198 216 233 255 264 333 344 427
 431 457 460 561 574 578 588 614 625
23 69 101 108 124 129 163 184 186 195 205 246 281 346 351 359 389
 392 447 469 487 503 512 587 601 641
23 61 68 125 127 134 161 171 196 241 242 248 258 273 328 375 395
 409 438 448 483 526 554 555 603 646
23 25 52 59 67 87 158 189 193 249 266 294 324 327 338 350 399
 416 449 480 522 546 576 592 617 637
23 50 57 92 113 132 155 178 218 231 277 286 325 331 332 336 386
 403 445 454 501 521 529 585 613 639
23 47 55 86 93 123 165 179 217 225 269 279 284 287 353 373 404
 420 425 442 499 504 530 579 621 627
23 44 66 81 118 121 156 169 215 240 244 245 312 314 341 372 387
 408 453 485 523 527 571 575 608 636
23 43 45 72 110 130 148 181 183 236 262 293 299 302 304 317 407
 437 490 518 531 547 565 589 609 638
23 41 54 56 94 111 159 172 197 204 256 303 343 352 364 369 401
 441 461 493 498 508 539 541 616 635
23 39 102 107 116 139 145 192 229 239 250 253 265 340 349 356 388
 412 413 424 466 484 486 560 623 643
23 38 105 106 126 136 147 170 190 238 260 289 319 345 357 358 390
 444 458 473 474 479 507 573 607 629
23 37 48 97 117 128 154 199 214 226 267 297 308 315 326 368 394
 423 450 471 500 513 545 583 606 634
23 36 49 51 122 131 150 174 210 223 251 275 295 311 337 347 400
 415 470 472 506 557 563 591 611 642
23 35 62 70 73 75 167 185 213 222 228 263 271 339 354 362 393
 396 414 478 494 515 537 572 622 630
23 34 60 76 120 133 152 177 220 227 247 252 270 276 323 348 397
 411 477 495 505 566 570 586 604 644
23 33 40 58 85 114 153 237 261 272 278 283 290 322 363 374 398
 405 430 464 492 519 534 551 618 645
23 32 65 91 103 104 162 175 201 219 221 254 259 329 360 371 402
 451 452 491 511 528 533 559 620 626
23 31 46 63 64 95 146 188 202 234 292 298 305 306 320 370 436
 482 489 497 532 538 544 581 619 628
23 30 53 83 100 115 151 194 206 208 274 282 288 309 313 366 406
 435 476 520 540 550 552 590 602 640
23 29 82 89 90 135 157 212 224 230 291 310 330 334 335 361 385
 421 443 446 455 502 548 567 612 631
23 28 78 99 112 137 149 180 182 200 211 243 257 301 307 316 428
 433 462 510 542 562 564 582 615 647
23 27 42 80 109 119 166 203 207 232 268 280 318 342 365 367 432
 434 456 481 496 516 517 553 605 633
23 26 79 84 96 138 160 187 191 209 235 285 296 300 321 355 418
 422 426 440 549 556 558 577 610 632
21 77 80 132 136 142 146 172 181 192 193 267 275 300 341 354 389
 410 452 502 510 520 534 555 604 627
22 75 76 87 90 143 153 170 211 229 251 282 332 341 351 367 391
 418 427 461 482 490 559 579 603 634
19 67 81 84 113 141 150 186 220 241 243 264 313 319 342 371 396
 442 463 464 490 498 502 581 606 643
22 63 85 96 110 142 149 179 196 204 230 253 260 276 277 371 400
 416 450 488 503 553 574 575 622 640
20 56 86 109 135 142 164 177 195 202 251 262 286 301 322 362 395
 419 449 453 511 513 550 556 607 643
20 25 54 96 120 140 154 171 183 225 246 254 265 278 337 372 427
 454 463 479 520 544 548 582 605 630
21 52 75 79 131 140 145 198 206 219 227 269 272 301 302 319 423
 443 448 485 508 536 553 587 619 639
22 49 54 82 83 141 161 193 199 222 227 237 257 285 314 359 413
 468 496 504 531 533 561 585 607 628
19 47 63 83 88 140 166 197 213 215 261 262 267 324 328 360 418
 424 429 445 487 506 564 586 612 629
19 44 58 97 126 143 157 171 176 177 184 208 269 277 318 320 441
 465 486 494 510 533 577 589 617 642
20 42 55 92 98 143 161 172 186 223 240 252 266 290 316 335 423
 440 451 466 489 547 580 590 622 629
20 40 100 130 137 141 146 170 196 215 217 218 219 226 330 333 475
 486 493 495 512 517 537 549 611 637
22 38 53 86 95 144 155 171 180 205 220 271 300 317 330 360 387
 423 434 492 522 543 560 591 616 625
20 35 57 87 122 144 156 181 204 208 241 272 297 329 361 370 392
 420 424 444 481 514 561 570 615 632
19 34 52 62 128 142 159 180 216 242 254 279 292 336 358 367 412
 415 440 512 514 519 531 552 608 631
21 30 43 59 112 144 160 178 222 226 244 276 281 311 318 358 442
 460 461 466 511 544 554 584 612 645
19 29 46 51 94 144 148 170 198 246 250 263 285 316 325 365 417
 425 453 500 505 528 555 592 618 640
21 25 27 40 86 143 167 197 199 200 209 245 264 270 306 325 392
 446 483 488 491 552 563 573 623 638
21 26 73 87 94 141 157 183 216 268 284 322 328 331 345 366 402
 408 439 450 462 484 489 591 601 644
22 26 59 102 132 140 148 177 217 234 243 255 280 308 335 369 409
 444 447 476 515 519 535 563 620 636
21 91 96 100 123 133 147 184 211 223 234 242 262 263 334 384 399
 431 481 525 551 560 571 585 606 635
20 88 95 114 116 119 167 178 179 212 227 273 274 289 295 384 441
 452 462 490 500 535 558 576 608 641
21 70 95 103 118 128 148 186 233 238 257 277 294 349 374 376 401
 429 432 438 477 548 550 579 611 632
20 69 70 79 97 134 149 221 247 288 325 343 345 350 373 377 407
 410 415 457 464 482 496 560 612 636
19 68 71 104 105 122 151 179 270 286 294 310 341 359 369 383 394
 426 433 437 489 536 537 560 605 645
21 67 76 88 126 137 163 169 187 224 278 303 308 347 362 380 412
 420 437 451 496 526 538 543 613 640
20 65 90 110 123 126 159 189 199 205 243 296 354 365 374 381 397
 436 460 484 501 506 523 536 602 646
19 64 79 92 129 139 147 222 236 245 258 275 278 297 330 382 402
 411 449 516 535 541 574 579 602 647
20 63 91 106 128 132 165 169 185 256 264 291 318 351 356 382 426
 428 435 448 468 470 492 592 609 644
20 59 83 99 105 133 162 207 229 236 277 292 315 347 352 378 396
 408 430 446 499 509 555 587 610 625
19 57 76 86 89 100 161 192 233 244 259 268 357 364 368 381 407
 416 428 430 447 557 558 568 619 630
19 56 74 112 119 130 155 185 210 235 240 265 282 350 374 380 389
 443 450 473 483 499 525 570 620 628
19 55 87 108 115 136 149 169 219 237 248 299 311 321 326 384 397
 419 456 497 515 521 539 548 623 625
20 53 58 77 102 127 150 187 244 257 263 293 305 338 367 383 411
 439 443 445 503 539 573 583 621 626
22 52 55 111 122 139 162 209 214 228 244 262 298 331 365 380 435
 438 464 467 479 495 510 567 614 641
21 51 57 62 99 109 151 175 205 248 249 253 312 335 343 382 405
 465 479 490 545 549 578 586 621 628
22 50 70 93 115 133 150 189 198 215 304 322 355 357 370 382 389
 441 466 471 491 524 526 562 605 631
19 48 50 61 65 99 146 191 266 274 302 314 349 353 362 377 398
 427 481 503 507 563 567 584 616 644
20 47 62 113 125 131 157 188 209 281 283 304 307 341 368 379 413
 431 456 459 477 507 522 541 620 640
22 47 60 92 100 138 159 173 185 246 302 326 327 345 363 383 432
 446 452 465 472 527 538 554 615 643
22 45 94 98 121 128 167 174 188 207 224 247 258 319 346 381 398
 424 433 511 520 521 525 577 621 637
22 43 74 104 127 136 157 182 213 218 290 296 312 315 348 377 392
 412 425 463 470 516 550 576 619 635
19 42 60 91 121 127 163 212 214 249 287 288 300 322 339 378 413
 436 444 461 488 518 582 588 611 639
22 41 64 77 109 137 154 186 201 269 311 328 340 350 361 378 393
 406 426 501 505 507 551 568 608 638
19 38 54 98 103 134 165 178 189 194 251 253 298 308 348 379 385
 422 439 517 534 571 572 587 615 638
21 38 46 108 110 135 161 203 215 239 256 287 295 309 315 383 393
 427 464 514 529 546 566 577 620 647
21 37 68 81 129 138 153 212 252 260 292 293 333 350 365 379 386
 404 419 424 470 476 533 562 616 630
22 36 66 89 91 116 151 183 190 191 297 301 306 324 374 379 442
 457 494 512 539 555 566 580 613 633
21 34 44 50 69 98 166 230 265 271 283 297 299 338 369 378 425
 435 472 475 542 558 559 581 607 646
20 33 39 48 71 118 158 232 271 275 279 285 334 366 371 380 390
 409 461 465 487 521 562 566 619 638
20 31 66 73 104 138 166 198 210 231 249 258 276 309 353 376 385
 447 458 498 510 531 543 551 623 634
21 31 60 105 113 117 149 235 251 261 266 317 356 361 372 381 409
 414 417 441 504 512 516 540 614 626
22 29 39 56 61 97 165 268 272 281 293 294 339 344 372 384 403
 451 458 506 509 549 552 581 604 647
22 28 51 80 124 126 156 197 219 265 266 273 291 292 366 376 407
 411 459 529 530 556 572 588 606 645
21 28 41 42 84 120 165 196 210 229 305 310 327 360 368 377 453
 474 494 519 521 524 561 565 602 641
19 27 36 78 85 106 152 193 217 271 293 315 343 355 361 376 431
 454 484 485 511 538 569 590 603 641
21 97 102 114 121 130 159 190 201 213 241 285 298 323 332 353 400
 428 449 455 459 469 590 594 605 625
19 73 82 95 124 133 164 181 209 221 226 239 290 303 327 372 390
 391 400 448 476 501 542 593 621 633
20 61 74 76 81 108 151 174 200 230 234 267 327 340 355 358 401
 402 434 467 504 572 589 594 618 639
21 58 63 71 101 107 162 174 189 240 274 307 326 330 364 373 403
 444 463 478 505 531 556 600 603 633
21 56 64 65 116 122 158 176 180 217 246 247 290 313 357 375 421
 445 456 468 518 572 575 598 610 634
19 49 90 107 109 118 167 182 183 204 231 234 281 323 333 363 410
 423 435 474 526 530 546 595 610 626
21 49 78 89 115 139 156 171 179 185 195 221 232 255 336 348 418
 436 498 507 509 547 583 596 618 637
21 45 48 66 85 90 150 177 218 228 254 273 288 321 344 359 388
 434 499 532 541 568 592 593 615 629
20 44 51 68 82 101 152 173 180 192 261 280 298 319 321 339 406
 450 491 546 565 579 584 596 613 635
22 42 44 62 72 79 146 178 225 238 264 309 334 347 364 375 394
 419 469 480 484 564 570 593 618 626
19 25 41 101 116 131 153 207 228 255 257 276 296 334 345 370 387
 395 451 475 529 540 545 594 609 627
20 41 46 103 117 139 155 191 211 213 216 224 299 342 357 359 405
 476 480 485 488 530 554 600 604 642
22 40 65 88 106 134 145 232 236 240 249 263 286 321 323 368 401
 404 502 514 540 542 544 599 601 642
22 37 103 112 120 125 147 176 181 187 195 203 261 274 279 343 396
 455 475 489 523 557 592 595 623 639
22 35 58 67 108 130 166 175 194 233 242 252 310 325 337 356 390
 436 462 485 513 541 584 597 610 627
21 35 53 61 92 93 164 188 237 250 280 296 324 351 352 371 385
 394 407 473 495 569 582 595 608 642
22 33 73 84 99 117 163 172 208 250 259 270 295 333 358 373 429
 443 449 454 456 532 571 596 609 646
19 33 43 69 75 123 154 187 190 202 273 307 309 335 352 356 386
 432 467 491 561 575 591 599 604 637
19 32 35 45 80 138 158 196 205 211 227 256 283 284 340 347 403
 455 471 544 550 573 580 596 614 636
20 32 34 84 94 115 145 184 203 222 294 306 308 312 317 363 386
 400 473 564 567 568 588 598 603 627
21 32 33 74 83 134 152 191 204 214 225 291 304 316 346 367 387
 458 497 501 535 537 557 597 617 643
22 25 30 71 123 129 152 235 239 248 283 305 329 336 342 362 385
 408 410 428 500 508 589 598 611 629
19 30 39 93 120 132 162 173 199 224 260 295 301 312 338 375 414
 434 459 482 493 547 551 597 601 632
20 29 45 78 129 136 160 176 194 201 270 287 324 331 349 364 387
 391 414 472 519 526 553 599 606 628
19 28 37 102 111 135 160 218 232 238 247 272 304 306 337 351 399
 406 408 452 504 543 578 600 622 646
20 28 30 36 67 107 147 237 268 300 302 320 332 346 348 369 393
 404 429 483 528 545 575 593 614 631
22 27 32 57 68 118 164 210 278 287 289 299 307 313 320 354 388
 399 417 440 493 583 587 594 612 644
20 26 27 60 111 124 153 190 206 233 253 311 314 336 360 375 425
 437 471 478 502 525 532 595 617 647
22 48 81 105 114 131 160 184 192 202 216 221 231 256 316 338 420
 478 483 517 518 548 569 586 602 648
20 43 52 80 85 93 163 175 238 239 245 255 282 323 326 328 417
 421 422 433 494 557 581 585 616 648
21 39 47 82 111 119 154 170 182 194 220 258 286 320 329 355 415
 430 480 503 515 523 580 588 609 648
19 26 31 40 53 72 156 201 203 223 229 230 344 346 354 373 468
 477 479 508 513 554 562 576 613 648
19 59 66 77 110 117 145 188 195 200 225 252 289 329 332 366 421
 438 472 478 492 496 524 549 624 635
21 55 72 104 106 125 155 202 207 208 243 314 337 339 340 363 391
 411 416 422 457 487 493 500 624 631
20 49 50 64 75 112 148 197 214 220 248 259 260 284 310 344 399
 412 469 527 534 540 569 577 624 633
22 46 69 78 107 113 158 206 212 223 245 254 267 303 318 353 395
 397 430 439 473 537 565 578 624 632
19 70 96 114 125 137 168 172 174 175 206 280 291 305 317 331 388
 392 404 460 480 509 527 566 607 634
20 37 38 72 89 121 168 182 193 228 235 242 250 269 303 313 403
 432 497 524 559 563 574 586 601 645
22 31 34 101 119 135 168 169 200 226 241 275 284 288 349 352 405
 422 431 445 474 528 536 547 617 630
21 29 36 54 124 127 168 173 231 236 259 279 282 289 342 370 397
 398 426 467 486 513 522 564 622 636
18 106 115 130 138 144 162 186 216 225 230 251 270 273 280 303 398
 399 410 413 445 494 523 545 619 647
17 97 113 122 138 140 146 195 224 237 242 253 271 282 287 316 401
 408 411 460 474 491 568 576 609 633
17 83 85 107 137 144 165 173 202 203 247 249 296 299 336 341 390
 402 438 441 443 469 563 580 606 630
15 74 94 99 129 143 150 202 217 232 242 276 289 326 360 372 393
 407 413 435 455 480 534 536 613 632
16 66 74 101 102 144 147 179 206 224 248 256 266 322 354 368 391
 415 432 454 495 533 564 581 610 638
16 61 77 96 111 143 148 185 239 249 261 297 313 347 359 373 386
 387 397 459 462 474 511 517 619 631
18 61 66 82 136 140 155 175 184 204 229 247 264 279 307 365 393
 439 449 471 538 540 547 558 611 645
15 53 107 121 126 142 152 175 178 198 284 290 306 350 359 368 396
 409 418 467 472 481 493 548 609 647
18 51 64 110 134 143 160 169 182 190 254 271 274 322 327 342 394
 424 443 447 477 493 509 585 614 627
17 49 60 93 95 142 157 187 200 201 236 256 265 272 313 365 447
 457 480 521 537 545 571 584 603 629
18 48 55 56 60 141 147 174 205 250 255 277 306 309 329 367 426
 459 485 526 534 542 565 576 612 630
15 45 64 86 88 141 156 172 235 253 307 315 334 338 351 363 397
 415 438 458 476 494 528 584 605 639
16 40 73 112 139 140 150 173 190 205 252 291 294 315 320 364 395
 410 422 481 504 518 521 559 608 640
17 39 43 77 121 141 166 180 191 208 221 234 248 251 278 364 404
 446 471 473 477 529 536 592 622 641
16 37 92 109 131 141 152 169 189 213 229 259 273 287 317 369 390
 421 457 503 510 525 544 552 618 632
15 34 51 117 125 140 164 185 189 201 218 245 257 260 268 309 398
 420 461 497 502 560 580 589 610 641
17 33 108 119 133 143 156 216 222 243 260 298 302 324 343 368 388
 395 403 421 425 426 520 543 611 626
15 33 54 80 91 144 149 174 209 213 252 269 286 344 349 375 408
 447 473 475 490 538 546 583 602 631
16 32 69 76 114 142 165 176 218 235 243 258 263 311 366 370 394
 413 429 446 479 485 546 547 616 633
18 29 35 101 113 142 154 191 197 217 238 244 249 295 348 363 388
 448 489 496 525 559 562 589 602 625
17 81 96 99 106 124 158 177 178 188 213 214 268 330 374 383 406
 415 417 508 526 547 559 561 623 627
18 78 84 93 128 135 153 181 213 227 240 246 248 320 366 378 416
 458 460 467 517 541 560 563 613 626
18 72 109 111 117 126 158 173 215 221 237 263 276 310 349 379 392
 428 440 499 520 535 581 591 603 639
15 63 81 90 112 133 145 193 208 238 246 258 280 287 336 377 405
 451 459 513 537 539 558 591 614 638
16 62 65 89 93 124 166 170 202 204 257 270 275 308 350 384 388
 408 463 492 554 565 577 590 614 639
15 60 66 68 75 119 158 181 230 296 305 308 316 337 364 382 429
 464 486 507 511 530 552 585 601 625
17 59 63 72 78 92 154 209 210 233 312 319 322 359 367 384 410
 420 455 486 528 540 566 572 616 646
17 58 94 123 132 139 164 182 227 230 238 259 266 288 311 379 387
 396 483 487 514 538 549 565 605 634
16 56 85 95 121 138 145 199 223 307 310 331 342 348 358 382 406
 407 420 427 475 487 515 555 617 626
17 25 55 80 130 135 151 220 231 261 263 307 308 346 357 377 448
 461 472 484 509 532 533 574 608 632
18 54 68 90 99 132 166 176 223 239 272 317 345 355 368 380 411
 442 469 478 488 497 528 550 608 637
17 53 76 82 110 131 147 197 232 294 331 333 353 356 375 378 389
 405 440 463 494 497 500 511 615 636
15 49 65 71 85 100 160 186 224 267 317 320 339 352 367 379 425
 448 449 462 479 524 529 570 623 636
15 48 67 77 123 135 155 196 206 236 270 281 298 312 345 376 424
 440 441 468 515 557 559 582 618 633
15 47 79 104 116 120 148 184 200 237 244 251 291 342 354 378 390
 403 450 514 526 532 578 590 616 637
16 47 58 78 122 134 163 226 231 260 265 280 306 314 334 381 393
 402 440 490 508 524 550 592 604 625
16 25 46 90 97 106 164 174 187 192 194 284 302 312 360 378 438
 456 498 512 535 562 570 585 622 645
18 41 58 59 104 124 167 180 232 235 241 267 287 302 344 382 386
 482 484 495 548 557 571 580 607 640
16 39 64 84 100 127 149 178 255 303 324 337 341 346 365 376 405
 423 455 478 491 499 514 589 607 644
17 37 51 61 69 73 162 211 215 255 286 289 300 305 363 381 412
 442 468 541 548 553 570 590 617 638
15 36 43 84 109 132 161 216 228 247 261 265 329 330 353 384 391
 394 401 436 527 562 573 587 617 640
16 35 49 59 91 126 153 172 279 298 299 309 330 355 372 377 433
 445 477 483 500 553 568 578 601 643
18 34 46 67 96 116 156 199 282 286 304 311 333 339 364 377 402
 409 432 455 492 510 569 587 621 629
15 32 41 44 87 113 147 226 233 273 301 323 355 365 373 383 385
 412 487 492 509 518 520 563 622 628
18 32 38 75 129 137 159 179 209 234 261 268 288 314 338 376 421
 463 466 513 521 555 570 578 609 642
18 30 63 89 98 131 163 218 220 236 285 340 343 354 372 383 419
 438 462 473 481 491 519 530 617 634
15 30 52 114 124 136 154 203 234 240 250 271 304 310 347 381 395
 445 457 488 498 533 549 579 615 644
17 30 38 45 65 109 153 198 241 245 277 291 327 337 373 380 413
 489 512 515 558 564 569 583 604 635
16 29 34 72 81 83 167 196 290 300 301 326 329 343 356 380 399
 439 447 460 507 529 532 579 605 642
17 28 71 86 114 127 148 193 204 226 252 254 309 340 345 382 414
 418 456 523 525 567 581 587 613 642
16 28 52 94 118 133 155 201 251 267 274 283 321 335 375 383 392
 436 442 458 486 496 569 574 609 630
15 27 92 102 108 128 157 211 220 221 225 249 274 333 370 380 414
 422 506 508 555 565 568 575 607 645
18 27 45 53 69 120 145 226 259 298 316 328 341 362 374 384 444
 465 470 480 498 504 529 574 610 631
16 27 43 79 82 87 159 195 240 277 295 305 340 344 357 379 398
 409 435 528 537 543 582 586 606 627
18 26 71 80 95 125 150 194 214 222 299 301 350 351 353 381 446
 451 454 474 486 514 575 586 618 635
17 26 46 68 115 120 167 175 218 240 269 297 334 352 358 376 391
 428 496 503 506 518 522 534 614 643
18 87 88 91 97 139 152 188 196 203 231 257 313 335 337 358 389
 414 425 430 527 536 556 593 616 638
15 70 98 101 110 139 151 170 177 210 272 279 300 303 314 328 386
 428 446 456 544 569 576 597 606 626
18 62 81 100 107 119 148 195 266 269 278 315 321 331 360 370 385
 400 433 457 461 468 573 597 604 646
15 25 61 72 122 137 166 190 212 222 256 259 277 321 348 366 389
 417 423 431 482 519 523 600 621 643
16 60 71 99 103 135 156 225 228 234 237 293 318 319 325 328 389
 400 412 493 522 558 580 599 602 634
15 55 69 89 96 118 146 173 194 197 227 229 241 293 322 358 433
 478 501 516 543 545 592 598 620 642
16 54 104 110 115 119 146 211 214 233 245 247 250 281 338 361 396
 404 448 465 519 556 591 594 613 629
16 53 75 80 98 117 162 182 184 212 217 241 278 304 336 345 401
 416 426 453 506 566 584 593 623 628
17 50 67 100 111 129 145 174 183 257 273 279 290 318 354 361 394
 422 453 458 482 488 586 596 620 625
18 25 47 70 74 85 161 178 201 208 211 275 292 319 356 369 397
 453 518 543 549 567 583 595 601 633
17 47 57 75 101 103 160 196 223 250 264 315 323 350 366 372 398
 434 436 437 510 535 539 598 607 631
15 46 58 82 105 138 165 183 214 219 255 275 313 332 343 362 392
 416 434 466 477 525 564 599 608 646
18 43 65 73 92 118 165 177 192 200 206 242 260 346 347 361 418
 464 475 500 522 539 588 600 605 628
15 42 59 95 106 131 159 176 182 215 248 282 297 325 346 371 388
 437 439 504 551 556 567 596 604 630
17 40 48 52 89 126 149 181 225 258 295 339 342 351 360 369 386
 431 439 466 505 527 550 594 610 628
15 38 93 111 127 130 167 169 191 192 195 223 243 283 292 294 402
 454 465 505 540 553 561 593 612 634
16 38 42 50 68 107 154 200 208 216 219 262 276 285 351 374 414
 502 509 538 541 557 576 598 621 636
18 37 40 79 127 133 151 172 202 224 233 265 284 318 332 371 387
 417 506 507 515 531 546 598 615 641
18 36 50 52 83 121 164 170 171 243 252 256 281 305 334 373 405
 437 450 452 516 568 572 599 623 632
17 34 54 66 70 87 163 192 207 217 235 262 274 310 320 371 423
 459 470 501 554 573 578 599 618 647
16 33 55 113 116 128 160 171 175 193 210 215 230 236 268 362 469
 476 482 505 536 573 588 595 615 635
17 32 36 62 102 105 155 169 172 194 199 212 246 276 328 344 464
 481 524 542 556 579 589 595 619 637
18 31 57 112 114 123 157 207 219 245 293 300 308 324 359 375 390
 401 415 427 435 505 524 596 622 643
16 31 45 67 125 132 151 197 221 246 269 271 289 296 323 367 419
 430 450 466 561 567 571 600 611 647
15 31 35 37 39 83 163 179 254 264 302 311 331 335 357 374 410
 411 453 517 522 542 577 594 603 635
17 29 88 104 112 117 159 171 186 206 228 229 275 283 306 355 407
 419 444 517 546 575 585 597 621 644
17 27 44 116 134 136 150 185 281 284 285 292 303 317 329 335 416
 427 429 433 495 513 551 600 602 639
16 26 44 105 123 137 161 181 188 198 220 232 254 282 349 363 403
 449 470 488 539 545 572 597 612 641
17 56 84 90 98 125 152 179 190 219 244 267 325 347 349 370 393
 399 465 476 492 516 531 582 601 648
16 51 63 86 120 136 158 186 191 207 222 242 272 288 332 333 385
 437 441 467 484 527 542 583 620 648
18 42 76 102 103 122 149 183 185 193 198 283 289 312 330 352 395
 404 487 501 532 552 577 584 606 648
15 29 57 73 115 134 153 180 187 188 199 262 266 318 340 369 452
 463 469 474 485 499 566 574 611 648
18 39 86 94 105 108 146 187 189 210 228 290 291 297 323 336 406
 429 431 490 533 553 554 582 624 636
16 36 48 70 129 130 157 180 203 227 244 253 264 286 327 352 417
 418 444 451 497 520 530 551 624 646
17 31 41 79 91 118 161 170 176 205 280 304 326 338 348 362 400
 424 454 462 467 499 502 552 624 645
15 28 40 56 62 76 162 171 231 239 285 288 299 319 324 361 432
 460 470 471 489 503 535 571 624 627
17 35 42 64 74 128 168 184 189 239 270 293 301 314 321 332 409
 430 452 475 479 498 530 591 612 640
16 30 41 57 88 108 168 177 183 209 238 292 316 339 353 371 443
 468 471 472 516 523 534 560 603 637
18 28 33 44 49 77 168 212 253 258 262 294 296 325 326 357 391
 396 420 434 508 512 544 590 620 644
15 26 50 78 97 103 168 204 205 207 263 278 295 327 341 356 406
 419 421 442 483 495 531 588 619 629
23 391 410 417 419 429 439 459 463 465 467 468 475 488 509 514 524
 525 535 536 543 568 569 580 584 649
19 393 401 405 409 420 446 457 458 462 466 469 470 495 520 522 523
 532 553 556 559 565 583 585 598 649
21 390 395 396 406 413 433 440 447 454 471 482 492 506 517 527 528
 530 539 567 570 574 576 589 599 649
20 388 389 394 398 416 418 438 442 455 474 505 508 515 516 518 529
 533 538 542 552 571 578 591 597 649
22 386 402 414 415 421 437 448 453 460 477 481 486 487 497 498 499
 534 545 546 558 573 582 590 600 649
16 411 424 425 428 431 434 452 461 464 473 480 489 494 501 513 526
 531 540 548 549 563 575 587 596 649
18 403 407 408 412 422 423 436 441 456 472 476 479 483 502 503 511
 537 551 561 564 566 579 592 594 649
17 385 392 397 432 435 445 449 450 451 478 485 490 493 504 507 519
 544 555 557 560 562 577 588 593 649
15 387 399 400 404 426 427 430 443 444 484 491 496 500 510 512 521
 541 547 550 554 572 581 586 595 649
12 80 89 102 104 141 154 188 223 260 279 321 325 327 362 387 405
 429 435 441 460 518 570 587 603 647
13 67 85 99 115 140 159 192 210 212 226 263 329 351 375 387 403
 457 467 477 489 516 530 577 607 638
13 52 60 70 84 144 146 169 176 183 232 260 307 340 359 385 430
 483 506 513 529 535 559 590 621 635
11 25 51 84 88 142 147 221 252 287 304 314 352 361 374 403 433
 434 435 439 469 486 515 554 619 634
13 25 50 62 138 141 163 182 203 233 267 272 289 291 298 391 409
 499 505 511 539 547 560 575 602 642
12 48 72 120 139 143 163 194 198 248 268 292 296 307 361 400 401
 442 445 452 492 525 537 546 607 636
10 45 83 84 95 143 154 189 195 230 231 275 339 345 375 404 412
 417 428 481 485 495 539 578 620 645
13 42 47 87 130 142 150 171 224 234 245 259 296 343 349 386 406
 458 468 478 500 542 566 587 614 645
11 41 62 67 136 144 164 214 223 258 265 274 277 293 363 418 421
 428 491 504 517 532 536 566 601 636
10 39 44 92 96 144 153 201 243 288 289 306 310 315 362 389 401
 439 448 456 530 531 557 586 614 637
11 39 42 65 78 140 151 188 235 244 256 273 299 333 345 392 396
 400 505 513 534 543 579 585 617 631
10 36 53 64 135 140 165 207 221 233 266 283 285 326 358 386 388
 488 490 510 523 526 537 570 601 635
11 35 43 103 114 143 145 173 210 220 267 288 334 365 369 408 416
 454 468 497 507 512 526 556 621 647
12 35 38 56 81 140 149 259 274 275 304 305 318 323 359 391 425
 438 440 446 484 545 551 588 613 637
10 33 37 106 122 142 167 184 206 220 257 299 327 328 364 385 427
 436 459 466 499 516 528 549 613 636
12 32 78 98 133 144 157 192 197 228 309 326 337 342 374 404 409
 437 449 468 474 482 503 549 608 639
10 31 71 93 136 141 145 177 211 212 244 297 337 343 360 398 432
 440 469 483 501 509 546 572 609 640
13 29 41 93 102 143 158 219 278 286 309 314 317 346 358 396 410
 431 436 438 450 470 558 586 615 633
12 28 58 65 75 142 161 169 173 207 225 281 297 331 355 417 455
 473 476 498 532 560 576 586 611 638
11 28 34 57 74 141 158 190 194 195 228 236 280 341 373 448 466
 488 500 506 538 548 551 577 616 626
13 104 107 111 128 131 156 187 196 252 271 280 288 357 384 417 427
 442 446 449 501 534 564 589 601 628
11 76 83 93 116 125 146 182 205 216 310 318 321 372 376 386 444
 449 464 472 508 525 528 583 622 638
13 75 83 86 122 132 147 188 201 240 276 293 303 342 377 388 422
 462 465 471 512 546 548 588 618 646
11 69 90 95 130 139 160 172 207 237 249 260 269 329 383 409 431
 453 463 471 552 557 564 572 613 644
12 64 76 106 118 123 150 175 195 209 212 250 272 369 377 414 450
 517 520 529 531 554 564 580 617 625
13 63 65 79 117 121 157 194 239 279 311 316 363 369 376 389 395
 399 434 490 495 509 561 573 613 630
13 57 77 125 129 133 165 170 213 230 237 254 295 306 380 423 432
 433 484 498 518 540 556 584 617 636
10 57 60 97 104 137 150 193 197 216 239 274 334 346 379 453 467
 473 492 515 544 547 553 579 610 646
10 56 87 107 123 124 151 215 228 258 260 264 316 317 378 422 452
 454 455 477 496 519 583 584 619 642
13 56 78 80 96 101 167 198 208 236 332 335 338 360 379 390 394
 412 464 497 504 523 554 568 611 644
10 55 59 62 114 129 156 191 198 247 259 303 320 356 383 434 450
 474 475 502 506 550 582 585 603 638
10 54 67 72 74 118 160 188 219 261 284 295 336 365 382 395 444
 446 494 503 542 560 568 590 604 634
10 50 66 80 120 134 159 202 250 287 294 311 319 330 380 392 418
 430 431 462 468 476 545 589 622 626
11 50 58 117 118 135 152 222 264 282 296 303 340 360 384 404 415
 447 459 479 489 518 553 555 615 637
11 49 61 98 104 123 149 203 226 246 292 322 332 364 380 388 406
 485 494 502 522 535 573 586 609 632
11 48 63 115 122 124 161 229 243 278 284 300 323 325 379 414 432
 443 458 475 480 511 578 589 608 635
12 45 62 101 115 117 165 190 193 234 286 290 365 371 378 411 427
 462 483 486 508 527 543 557 612 632
13 45 61 89 103 105 152 206 209 243 265 320 326 333 382 445 453
 461 469 496 514 551 576 591 622 627
12 44 46 47 84 114 151 236 242 257 266 344 348 351 380 410 421
 444 471 493 501 511 553 591 623 630
12 42 70 111 112 136 152 199 202 230 255 278 353 366 383 403 424
 448 490 512 522 528 568 571 610 642
12 41 68 73 83 126 160 174 217 220 245 253 283 332 384 389 432
 457 513 514 547 567 582 592 619 626
10 40 42 49 101 105 164 213 242 304 308 329 331 340 376 397 442
 443 465 482 520 558 575 592 616 647
12 39 52 90 134 137 156 184 213 233 276 300 313 352 382 398 419
 454 472 489 500 504 565 573 620 633
11 38 77 92 97 101 156 175 183 202 227 342 355 375 381 399 429
 461 470 499 519 537 542 567 623 640
13 37 43 58 66 88 149 205 223 268 270 285 336 370 378 448 474
 480 493 520 567 569 572 579 620 643
13 35 36 46 119 137 160 177 225 229 248 290 294 345 381 435 459
 487 491 502 531 571 574 583 616 639
12 34 61 86 107 130 153 176 214 221 295 319 335 354 376 408 426
 480 487 516 524 539 544 585 615 640
10 32 51 119 121 139 161 183 187 217 267 270 277 351 377 390 419
 460 478 508 522 540 551 581 615 631
11 31 82 85 102 129 167 171 189 233 262 316 347 366 377 426 442
 456 473 493 514 527 545 559 604 639
12 29 40 50 95 108 147 235 247 254 280 312 328 347 379 416 461
 478 510 530 536 561 583 590 609 643
10 28 108 116 132 138 152 208 245 263 279 322 344 352 381 400 423
 437 438 463 480 507 517 559 612 628
11 26 33 70 81 86 159 219 224 239 281 289 337 348 378 394 445
 481 510 540 565 574 580 592 603 628
12 25 92 105 119 125 145 180 204 215 224 285 293 311 373 436 447
 467 494 534 550 559 578 593 606 644
10 85 103 126 127 131 146 200 222 235 246 268 286 335 373 391 399
 424 435 471 498 565 566 597 608 625
10 79 86 102 113 115 166 173 174 181 182 196 292 359 374 393 421
 451 461 479 500 569 571 599 617 644
10 65 68 77 94 130 163 209 229 271 301 309 318 348 370 403 405
 415 416 504 527 535 548 595 606 629
11 53 91 105 111 134 166 177 186 193 245 295 302 307 370 391 412
 450 455 460 521 530 549 598 618 630
12 51 55 77 79 103 167 177 226 256 282 310 317 324 336 413 430
 458 463 481 538 562 575 594 601 646
13 49 81 94 134 135 154 173 175 211 235 277 324 353 354 411 437
 444 456 466 475 492 552 593 619 641
11 47 54 64 108 121 162 181 206 218 276 294 335 362 367 417 457
 474 483 484 492 558 562 596 606 642
11 46 66 71 126 133 154 180 185 196 259 272 331 338 346 401 413
 419 422 490 516 563 590 595 612 627
13 44 48 73 108 127 145 179 197 207 251 304 313 330 350 428 460
 479 519 528 538 580 585 595 604 632
12 43 60 63 116 129 164 172 211 219 231 241 271 294 368 406 439
 479 496 499 523 563 577 597 618 631
10 43 46 98 99 111 147 171 227 291 321 341 350 363 371 414 420
 445 447 484 513 524 552 594 611 633
10 41 48 78 82 125 162 169 178 234 249 252 272 282 354 407 425
 429 512 573 574 577 591 598 605 643
13 40 97 110 118 136 166 178 220 228 246 266 301 305 352 402 413
 420 426 476 525 557 578 596 603 631
11 40 45 59 68 96 157 169 250 251 257 336 343 353 357 393 423
 452 467 487 570 581 588 597 602 633
13 39 68 91 98 114 155 195 215 222 238 284 327 361 367 397 407
 463 508 510 532 545 563 599 610 640
10 38 52 69 88 100 157 199 204 210 248 280 332 349 372 396 411
 426 511 518 532 562 580 600 618 627
11 36 79 80 94 112 153 215 234 254 270 313 339 356 368 385 420
 438 465 501 503 547 576 600 607 625
13 34 53 71 106 112 161 191 231 253 269 322 347 365 372 392 421
 429 452 482 515 541 565 594 606 637
12 33 57 59 82 121 146 179 186 203 263 265 301 345 360 397 422
 470 526 541 552 569 589 600 614 634
12 31 54 97 100 131 158 238 240 243 270 291 299 322 329 386 393
 412 418 434 555 574 584 595 621 641
13 31 33 109 124 139 148 199 218 242 256 274 319 341 355 404 416
 439 451 472 494 570 582 598 612 625
12 30 85 91 113 135 148 187 216 229 258 289 314 350 364 392 423
 465 495 497 506 542 572 596 605 627
11 30 72 75 128 138 150 176 192 204 266 286 306 328 330 390 397
 405 425 496 509 571 582 594 620 641
10 29 63 70 76 109 155 190 223 225 226 296 302 313 338 408 409
 433 514 533 534 541 588 596 623 641
11 29 32 55 100 132 163 200 213 232 253 297 305 319 350 395 427
 441 477 523 531 569 591 593 610 645
13 28 64 69 72 82 153 174 185 216 244 287 308 323 371 441 454
 481 522 536 549 550 555 597 623 629
11 27 56 73 131 137 148 178 191 230 241 279 312 326 351 411 430
 436 520 524 533 546 560 599 614 629
12 27 49 88 99 138 155 170 181 189 244 269 288 346 356 394 395
 402 459 519 548 566 581 598 622 635
12 26 67 109 110 127 162 185 208 227 267 306 316 357 372 385 388
 415 431 469 475 521 579 599 616 645
10 26 58 61 112 128 158 170 172 179 262 312 323 342 361 413 457
 472 491 497 529 543 587 593 602 630
13 26 30 54 55 76 164 180 184 249 273 275 315 325 374 424 455
 507 524 527 537 553 581 600 609 626
11 37 44 60 107 110 155 209 217 248 263 275 291 324 358 398 451
 462 482 498 550 561 568 587 605 648
12 36 71 87 96 128 166 200 205 218 287 298 303 363 375 396 407
 443 453 466 507 533 535 540 604 648
10 25 35 89 117 133 148 176 240 253 273 281 300 353 367 402 406
 464 470 493 521 536 538 564 607 648
13 27 38 74 113 123 162 172 247 257 297 302 310 339 366 400 405
 418 419 447 486 526 544 592 608 648
11 87 89 99 119 127 165 174 184 198 199 201 238 261 271 410 437
 440 476 495 529 541 544 575 624 643
12 37 53 74 124 132 159 183 196 222 249 251 320 334 349 420 433
 456 464 485 491 505 509 558 624 629
13 32 92 95 120 126 151 193 241 255 262 281 321 356 364 393 398
 408 415 425 443 488 517 562 624 634
10 30 34 47 73 90 149 175 186 232 256 278 293 298 357 387 394
 486 525 555 556 561 563 576 624 639
12 66 69 93 94 122 168 171 178 261 302 315 333 340 367 390 399
 428 451 477 488 502 515 556 602 628
11 52 106 109 113 120 168 179 211 285 290 308 309 320 344 387 389
 402 407 424 446 478 539 584 611 646
13 51 59 90 100 116 168 181 202 214 264 283 328 348 373 401 414
 440 473 485 503 521 533 543 605 647
10 27 75 81 91 110 168 180 194 218 237 255 265 347 368 410 441
 449 458 487 489 505 554 567 621 632
7 79 98 108 137 142 158 185 199 231 250 273 293 320 360 391 405
 408 442 444 477 540 557 567 605 635
6 78 105 116 118 143 159 174 203 218 225 259 262 300 350 385 405
 411 448 471 515 561 581 584 601 640
5 73 97 111 120 144 161 189 212 219 234 235 236 264 367 388 405
 433 472 487 507 550 569 575 613 627
7 68 70 100 135 143 162 188 191 193 205 265 311 323 344 390 420
 439 498 500 516 519 564 575 609 639
8 62 71 82 132 143 149 187 206 207 215 241 250 348 374 399 402
 458 472 513 518 530 544 568 616 641
6 49 76 124 128 144 145 191 194 245 261 305 335 345 371 393 403
 419 431 493 499 510 518 576 605 646
7 47 50 71 110 144 167 172 221 229 238 268 308 313 321 395 411
 455 467 470 485 512 551 582 617 628
6 46 57 72 93 140 152 172 232 251 258 281 288 327 374 412 426
 462 475 478 533 567 573 575 606 625
8 40 121 125 135 144 158 184 210 253 255 259 292 302 355 394 414
 435 462 463 496 501 539 579 604 629
8 37 41 70 123 140 156 194 200 231 290 295 321 330 367 413 416
 437 465 469 473 511 555 581 614 644
5 36 68 72 123 142 145 186 213 255 274 291 325 338 372 402 430
 456 461 471 474 495 543 577 615 628
7 36 61 101 133 141 159 178 187 232 245 269 299 310 316 410 414
 416 424 479 492 532 550 588 620 634
5 34 65 80 131 143 155 179 183 233 237 258 303 305 315 406 414
 444 467 469 549 562 571 592 612 643
6 32 42 58 90 141 148 206 247 271 286 292 295 324 372 389 420
 422 428 467 507 545 554 574 623 635
8 30 78 79 126 141 155 214 230 242 261 294 323 352 370 388 427
 447 452 453 456 470 478 580 621 638
6 30 50 82 127 142 156 188 190 210 211 269 270 317 326 401 451
 464 484 487 517 535 578 592 610 630
5 29 38 85 118 141 151 181 184 185 207 252 311 353 368 412 445
 480 482 491 508 535 556 582 614 646
5 28 43 100 105 140 167 176 230 249 250 284 298 314 342 389 415
 419 451 492 501 541 566 583 603 632
7 27 89 94 114 140 147 169 186 196 208 214 239 286 296 472 482
 499 522 531 562 572 578 584 604 626
8 27 39 104 133 142 160 183 205 212 266 282 308 319 373 393 428
 438 445 475 497 527 541 561 618 642
8 67 89 92 112 134 167 216 217 272 305 309 341 349 378 397 400
 417 434 471 479 487 533 556 609 635
8 64 66 103 113 130 164 199 208 232 291 300 345 347 384 425 433
 466 467 503 508 519 546 586 603 630
5 62 91 108 112 122 154 192 227 232 296 317 332 373 376 398 439
 446 453 476 493 526 574 581 617 629
7 62 88 118 120 127 153 217 230 256 302 325 329 359 381 406 422
 449 466 473 497 509 510 591 606 633
8 61 75 109 115 116 157 235 238 252 275 298 346 360 383 420 430
 454 460 488 493 531 542 592 606 636
7 59 93 103 107 138 161 184 190 197 218 305 339 361 380 387 415
 456 490 513 520 536 542 574 618 644
8 56 57 105 110 128 163 173 222 234 269 273 283 337 377 387 418
 439 480 495 502 528 562 590 623 633
7 55 74 82 97 109 145 254 260 283 300 351 364 370 376 396 417
 437 445 462 554 563 566 571 602 637
6 53 62 63 94 97 160 181 200 255 273 310 314 357 380 397 404
 454 516 546 551 559 580 587 611 643
6 52 99 102 110 125 153 186 231 235 284 297 348 364 384 390 434
 453 468 491 520 537 538 588 612 642
8 52 73 77 86 119 152 218 223 246 299 314 356 371 379 401 444
 455 482 509 526 545 564 577 602 645
5 25 49 57 66 79 162 243 271 290 328 349 351 358 383 404 441
 455 497 513 517 525 565 588 604 640
5 48 76 101 134 138 148 172 201 215 301 320 336 337 384 396 421
 435 473 484 488 516 522 561 621 645
7 48 54 75 95 102 152 210 242 318 324 357 363 373 378 392 402
 419 433 502 523 529 547 549 614 640
5 47 69 81 102 126 164 191 203 228 270 282 361 375 382 416 423
 462 509 521 528 531 534 544 611 635
6 45 73 74 91 107 146 171 272 308 311 325 342 352 383 416 421
 440 459 523 540 562 579 586 607 641
8 44 54 93 106 129 148 196 221 228 267 307 311 332 381 405 443
 481 489 543 552 566 576 588 610 643
6 41 55 75 85 133 166 195 285 291 312 313 333 349 381 394 415
 439 444 452 483 522 544 589 613 647
5 40 87 93 98 109 160 180 206 214 289 334 356 359 377 400 403
 411 429 498 523 538 555 589 620 630
6 39 40 80 113 129 161 177 185 204 274 296 298 358 378 399 437
 457 485 524 528 548 564 591 621 634
6 36 44 88 103 115 158 202 239 241 260 331 354 367 377 423 446
 447 504 505 525 541 549 582 609 645
8 35 69 99 131 136 161 224 262 306 313 327 336 344 376 404 422
 450 461 486 492 505 523 535 605 626
7 34 35 78 111 123 146 251 277 285 289 328 346 368 382 434 443
 451 457 463 476 518 527 546 623 645
6 33 87 100 101 120 155 182 221 293 306 347 353 369 382 413 417
 438 460 502 513 553 572 577 608 629
5 33 53 56 67 103 157 170 276 287 292 297 321 340 381 410 448
 478 527 547 563 564 578 585 605 641
5 32 82 86 96 117 150 231 238 248 302 318 341 352 380 424 436
 457 475 505 519 572 576 590 601 647
7 31 44 76 99 130 154 204 206 222 255 287 290 342 379 438 452
 506 521 556 560 569 573 592 601 631
8 31 42 88 94 96 162 190 192 220 237 279 281 350 382 391 421
 485 529 537 550 563 583 589 615 646
6 29 37 59 98 119 150 208 237 256 307 323 362 375 376 402 418
 479 488 501 512 527 560 565 619 627
7 29 33 64 125 126 166 183 192 211 240 264 288 336 383 400 495
 504 511 515 524 545 576 587 616 632
7 26 90 121 122 129 155 173 200 266 304 309 343 371 384 412 429
 430 448 494 505 517 544 583 607 627
5 26 64 107 133 136 163 210 225 241 256 257 261 286 379 407 434
 460 465 485 500 552 559 567 622 637
8 74 95 100 117 122 153 169 175 177 197 203 258 285 338 403 410
 442 484 507 565 582 587 599 622 631
6 66 84 108 123 131 167 170 173 193 201 214 253 278 318 407 409
 445 489 509 542 550 570 600 616 631
6 25 64 81 111 132 157 179 198 205 226 229 242 299 339 398 429
 473 496 556 557 566 590 599 615 626
6 61 79 106 114 135 163 180 183 189 197 223 276 329 341 396 425
 432 476 486 521 568 583 597 614 628
8 60 72 80 90 108 165 171 191 226 240 257 289 331 369 396 415
 424 449 491 551 569 578 598 619 640
6 60 65 67 86 139 154 178 184 215 280 283 343 344 366 391 433
 443 470 474 497 531 555 594 622 632
5 59 94 113 127 137 152 194 205 221 240 260 262 272 275 394 427
 432 468 494 530 532 558 594 623 631
5 51 60 74 78 114 166 199 229 269 281 330 357 362 371 386 399
 422 438 489 514 520 539 593 609 636
8 51 53 87 118 138 154 179 213 236 239 243 247 318 364 431 451
 483 512 524 532 534 567 597 607 639
7 49 53 96 113 119 163 176 202 219 228 252 312 327 369 398 428
 458 471 484 514 555 579 600 612 638
5 46 70 104 121 132 153 195 204 220 268 273 324 326 347 431 440
 443 479 486 504 542 584 598 602 638
7 46 52 56 91 92 150 182 207 226 253 261 270 354 366 404 469
 507 543 548 558 561 589 597 603 636
5 42 83 89 110 129 158 175 187 226 251 319 344 363 370 401 425
 454 459 483 510 515 560 600 608 644
7 42 69 85 117 132 156 170 180 209 236 274 284 294 337 385 393
 460 525 526 533 539 586 594 619 643
5 41 45 50 106 119 149 173 239 242 244 300 306 335 366 420 449
 463 477 506 533 537 587 595 618 634
7 41 43 86 128 134 151 198 203 212 237 243 275 331 372 399 459
 478 486 503 538 559 570 596 610 629
7 39 45 87 112 131 164 175 225 263 267 292 314 330 348 426 432
 441 447 464 474 488 590 598 613 646
8 38 59 76 84 139 166 254 284 286 293 316 326 334 354 392 398
 406 441 448 457 459 575 595 611 628
7 37 57 65 84 136 148 171 174 276 282 298 322 338 356 431 446
 487 496 508 530 537 580 593 608 647
5 37 52 71 116 130 165 188 197 277 278 288 312 316 355 391 393
 397 447 481 502 554 591 596 607 626
8 36 58 81 98 120 146 201 204 209 249 317 351 357 366 395 412
 432 499 500 515 536 585 596 612 647
8 34 68 85 97 124 147 172 182 198 225 244 324 340 362 436 446
 468 490 517 521 540 591 600 620 632
6 34 43 89 95 137 162 263 264 266 287 332 337 355 359 395 424
 450 456 458 465 508 534 595 602 636
8 33 50 63 102 137 151 176 227 245 251 315 329 339 365 407 440
 474 498 522 525 548 554 593 601 627
7 32 72 77 116 124 149 189 220 224 272 280 315 353 358 418 435
 453 465 483 489 541 585 599 611 630
5 31 77 90 115 128 147 178 217 259 265 285 307 327 339 392 395
 408 437 464 553 580 586 597 616 642
7 30 40 51 81 104 165 227 262 297 303 307 345 349 367 389 409
 421 436 454 480 568 577 595 622 625
5 30 35 44 125 139 159 193 200 223 247 308 322 333 360 417 426
 458 490 499 503 529 548 599 619 633
6 28 38 48 96 104 164 217 222 224 240 328 356 365 370 410 430
 469 472 477 490 539 552 596 617 639
6 27 31 70 122 126 165 216 236 248 250 252 267 301 363 387 406
 455 461 463 503 558 585 593 620 637
6 26 51 83 92 130 149 212 228 238 279 320 338 340 368 392 427
 492 498 511 526 536 571 598 604 633
8 26 28 29 47 91 145 189 202 248 271 277 303 333 359 464 516
 520 547 557 570 573 584 594 608 634
5 75 88 92 124 135 146 174 208 254 294 299 343 348 365 387 409
 413 428 442 450 524 551 573 610 648
6 54 69 77 112 138 151 169 268 277 290 304 319 334 360 388 414
 436 449 495 500 514 530 563 603 648
8 45 46 49 55 127 159 264 274 276 278 280 301 361 368 386 389
 390 408 429 549 559 560 572 617 648
7 28 66 83 106 139 157 233 234 241 246 295 317 350 362 394 397
 403 440 461 475 491 534 553 621 648
8 65 83 101 111 114 150 181 211 265 268 287 312 325 358 385 409
 419 423 426 477 494 538 574 624 637
7 25 38 58 60 115 160 213 258 279 301 333 335 341 347 388 401
 407 450 468 481 501 528 581 624 641
6 35 71 109 121 134 147 192 209 219 230 246 257 282 315 386 441
 442 480 506 519 532 543 547 624 644
5 27 54 61 63 84 156 177 182 224 263 283 309 331 350 390 452
 466 512 518 536 545 557 579 624 625
7 63 67 73 80 105 168 195 201 244 247 248 334 355 374 386 413
 423 425 427 493 535 552 565 615 642
6 47 56 68 117 136 168 187 227 233 243 249 254 330 346 400 408
 435 466 481 482 494 529 569 618 638
5 39 55 58 95 99 168 190 196 216 245 246 304 354 369 385 418
 470 496 511 540 546 568 570 606 639
8 25 32 43 48 107 168 170 185 186 188 310 322 343 375 411 476
 504 506 510 514 553 558 571 613 625
9 63 103 119 123 141 153 171 192 249 301 303 304 344 358 392 393
 394 411 417 472 521 567 590 610 636
9 46 48 100 112 142 166 189 209 237 241 247 289 335 340 387 437
 454 470 494 508 509 579 588 601 626
9 44 95 104 109 140 163 170 174 191 293 336 352 366 368 397 399
 414 455 464 466 468 483 574 615 627
9 37 91 115 137 143 164 204 236 244 246 283 310 319 353 409 415
 422 429 434 478 484 529 576 604 628
9 31 55 65 81 144 152 182 185 187 294 295 328 332 334 407 471
 486 488 519 520 541 578 587 607 633
9 25 69 83 127 128 155 177 219 232 250 354 355 364 379 400 420
 421 474 489 490 527 551 584 614 647
9 52 53 68 78 108 148 190 224 264 268 275 329 363 377 413 441
 475 499 501 544 556 571 586 622 634
9 51 58 70 89 113 145 234 276 284 299 315 346 375 380 391 426
 449 452 517 523 552 561 582 616 629
9 50 74 96 131 139 165 180 181 186 212 309 323 324 381 408 465
 493 496 513 515 528 532 573 603 645
9 40 77 84 107 122 159 194 207 211 238 273 362 372 382 425 447
 450 497 522 533 547 566 569 612 639
9 38 49 73 114 132 158 225 233 282 306 307 321 343 378 424 451
 453 495 503 516 536 554 589 606 631
9 35 60 82 94 106 151 218 278 292 338 342 349 373 384 395 418
 423 460 469 510 524 557 575 620 638
9 27 67 93 101 121 149 176 222 229 231 254 262 291 383 401 476
 500 507 534 549 570 580 591 619 646
9 56 72 88 102 133 161 175 200 214 271 311 320 341 345 385 386
 398 463 512 530 553 592 596 602 632
9 47 59 61 80 118 147 199 216 253 288 290 317 337 370 419 428
 443 498 505 537 559 577 599 613 641
9 43 54 62 126 135 150 179 201 280 297 300 316 327 333 403 430
 438 482 485 487 525 540 598 623 644
9 42 66 86 124 125 160 227 263 277 298 313 326 361 369 402 405
 410 412 427 473 506 562 597 609 637
9 34 39 41 110 138 157 193 202 206 240 259 261 325 351 433 442
 479 481 526 535 572 583 593 611 625
9 33 36 90 92 136 162 195 196 197 198 235 308 314 318 406 462
 477 480 514 518 560 581 594 621 630
9 29 75 105 120 130 156 178 205 239 257 258 267 322 371 404 435
 440 456 457 538 563 568 600 617 635
9 28 87 117 129 134 146 220 223 255 256 269 312 339 374 388 390
 445 446 467 511 531 558 595 605 640
9 30 32 64 97 99 167 215 251 252 265 279 296 331 359 416 431
 432 444 448 502 539 543 565 618 648
9 26 57 85 98 116 154 169 221 242 270 302 305 330 365 389 396
 458 459 461 504 546 550 564 624 642
9 45 71 76 79 111 168 203 208 210 213 217 260 266 281 436 439
 491 492 542 545 548 555 585 608 643
13 186 189 190 200 204 217 221 227 250 258 261 282 292 299 300 312
 318 331 334 337 344 362 368 383 649
10 185 192 203 205 214 224 236 238 241 251 254 269 276 290 305 307
 314 324 325 333 355 366 369 384 649
12 182 191 201 206 210 232 237 239 246 252 262 264 273 277 284 308
 330 338 339 341 343 358 370 381 649
11 170 187 197 208 212 225 231 240 242 247 255 268 283 298 301 311
 315 317 327 349 354 359 371 382 649
7 177 179 181 194 215 216 223 235 249 257 259 271 278 281 291 306
 319 326 332 340 352 365 375 377 649
6 175 176 196 199 207 213 220 234 244 265 275 289 294 302 303 309
 316 321 322 336 351 361 373 379 649
8 174 178 180 193 195 219 229 233 256 260 263 270 288 296 297 304
 320 328 335 342 353 363 372 380 649
5 169 171 198 202 209 211 218 222 253 266 267 279 280 293 295 310
 313 323 329 345 346 364 374 378 649
9 172 173 183 184 188 226 228 230 243 245 248 272 274 285 286 287
 347 348 350 356 357 360 367 376 649
14 98 118 124 130 140 187 193 211 248 276 306 331 339 373 394 421
 430 434 441 470 507 514 528 602 643
14 53 70 99 116 141 173 209 240 254 256 258 308 332 361 399 419
 425 436 474 487 553 557 589 604 645
14 48 79 119 132 144 175 190 257 262 283 287 333 346 372 397 406
 412 416 446 489 498 524 572 603 642
14 31 36 38 47 143 214 263 272 273 312 336 340 364 371 389 433
 449 460 475 476 496 548 565 610 644
14 26 41 74 89 142 215 246 288 294 298 307 318 329 347 390 398
 404 411 414 423 490 569 585 623 646
14 72 94 100 103 136 179 180 231 245 252 351 355 362 378 388 409
 443 459 464 506 544 545 561 617 633
14 65 82 120 128 137 208 223 228 253 284 289 304 324 383 386 410
 447 461 483 485 516 556 581 618 625
14 57 80 81 127 139 176 189 206 225 285 310 352 363 384 393 450
 477 482 511 512 542 543 563 609 629
14 54 92 107 114 117 205 230 232 244 292 301 313 328 377 391 431
 437 458 491 515 570 577 592 611 627
14 43 49 97 108 125 217 229 286 303 319 338 366 374 382 385 387
 440 452 481 488 505 532 564 614 630
14 39 51 67 75 106 171 172 200 203 326 353 359 370 379 408 495
 501 518 519 525 550 558 574 612 626
14 37 64 85 87 105 191 227 280 281 309 325 354 360 380 395 401
 428 463 472 486 547 571 588 621 631
14 32 40 63 66 111 216 269 275 282 293 327 335 348 381 396 456
 469 500 526 529 560 582 584 607 632
14 30 60 96 102 134 170 195 207 259 264 267 290 299 376 403 420
 494 536 541 546 562 567 591 608 628
14 25 73 76 78 121 196 202 237 238 274 297 317 344 365 415 426
 445 465 466 502 530 587 597 620 635
14 56 59 69 71 115 183 201 220 242 291 295 296 314 368 405 417
 424 510 517 538 573 579 593 622 639
14 55 84 101 112 126 188 204 212 218 233 239 251 271 302 402 468
 480 551 552 555 583 586 599 605 636
14 44 45 122 133 135 182 186 199 219 249 268 279 305 356 418 454
 457 473 478 534 535 554 594 616 640
14 35 50 86 90 104 169 236 255 261 316 320 350 358 375 400 413
 432 439 508 520 549 566 600 606 641
14 29 42 52 123 138 174 177 221 222 241 265 315 341 357 429 462
 492 493 497 503 540 578 595 613 638
14 28 61 95 110 113 192 198 213 270 278 311 334 343 367 422 435
 444 499 513 527 533 580 598 601 637
14 27 46 62 77 83 184 235 260 322 323 330 337 349 369 407 442
 448 451 467 521 523 576 596 615 634
14 34 58 91 109 129 178 181 197 210 224 243 250 321 345 427 438
 471 504 509 522 537 575 590 619 648
14 33 68 88 93 131 185 194 226 234 247 266 277 300 342 392 453
 455 479 484 531 539 559 568 624 647
14 145 146 147 148 149 150 151 152 153 154 155 156 157 158 159 160
 161 162 163 164 165 166 167 168 649
