625 626 627 628 629 630 631 632 633 634 635 636 637 638 639 640 641
 642 643 644 645 646 647 648 649 650
20 31 32 33 44 65 76 77 78 89 341 342 343 344 361 366 367
 368 369 386 600 601 612 619 624 650
29 30 37 38 43 74 75 83 84 88 348 357 358 359 362 381 382
 383 384 390 609 610 611 618 623 650
27 28 35 36 42 70 71 72 73 87 346 347 355 356 365 374 379
 380 385 389 607 608 616 617 622 650
25 26 34 39 41 68 69 81 82 86 351 352 353 354 364 372 373
 377 378 388 604 605 606 615 621 650
21 22 23 24 40 66 67 79 80 85 345 349 350 360 363 370 371
 375 376 387 602 603 613 614 620 650
0 12 13 14 15 45 57 58 59 60 301 305 309 313 317 321 322
 323 324 325 602 607 615 618 619 649
9 10 11 18 19 54 55 56 63 64 304 306 311 316 320 335 336
 337 338 339 603 606 608 611 612 649
6 7 8 16 17 49 50 51 52 53 303 307 310 315 319 328 332
 333 334 340 601 605 610 614 617 649
1 2 3 4 5 46 47 48 61 62 302 308 312 314 318 326 327
 329 330 331 600 604 609 613 616 649
90 91 92 93 94 95 96 97 98 99 300 391 392 393 394 395 396
 397 398 399 620 621 622 623 624 649
250 255 256 264 265 275 276 277 285 298 500 501 509 510 521 525 532
 533 544 548 600 603 605 607 623 648
253 262 263 272 273 282 283 284 293 299 508 517 518 519 524 531 541
 542 543 547 601 602 606 609 622 648
252 260 261 270 271 280 281 292 294 297 506 507 515 516 523 529 530
 539 540 549 604 608 614 618 624 648
251 258 259 269 274 278 279 290 291 296 505 512 513 514 520 528 536
 537 538 546 610 612 615 616 620 648
254 257 266 267 268 286 287 288 289 295 502 503 504 511 522 526 527
 534 535 545 611 613 617 619 621 648
203 205 215 216 217 225 236 237 238 247 553 555 556 557 562 575 576
 583 584 595 606 614 616 619 623 647
204 212 213 214 223 233 234 235 243 249 554 561 572 573 574 582 592
 593 594 596 600 602 608 610 621 647
202 210 211 221 222 231 232 241 242 246 552 560 569 570 571 581 589
 590 591 599 601 604 607 611 620 647
201 208 209 219 220 228 229 230 244 248 551 559 566 567 568 579 580
 587 588 598 605 612 613 618 622 647
200 206 207 218 224 226 227 239 240 245 550 558 563 564 565 577 578
 585 586 597 603 609 615 617 624 647
102 103 107 109 120 126 127 131 134 145 151 152 156 159 170 176 177
 180 183 195 605 608 609 619 620 645
105 110 113 117 124 133 137 138 139 149 150 155 166 168 174 181 182
 185 187 196 600 611 614 615 622 645
100 101 106 116 123 125 129 143 144 148 154 161 163 167 173 184 186
 188 192 198 602 604 612 617 623 645
108 111 114 118 122 128 140 141 142 146 153 157 160 164 171 175 179
 191 193 199 601 603 616 618 621 645
104 112 115 119 121 130 132 135 136 147 158 162 165 169 172 178 189
 190 194 197 606 607 610 613 624 645
49 54 57 61 98 175 176 185 186 197 450 451 462 469 497 500 502
 512 517 523 550 555 561 566 569 650
53 60 62 64 97 183 184 193 194 196 460 461 467 468 496 510 511
 514 516 524 551 557 560 565 573 650
48 52 56 59 99 182 190 191 192 195 458 459 465 466 499 504 507
 509 519 520 552 556 558 568 572 650
45 47 51 63 96 180 181 188 189 199 456 457 463 464 498 501 508
 513 515 522 554 559 562 564 571 650
46 50 55 58 95 177 178 179 187 198 452 453 454 455 495 503 505
 506 518 521 553 563 567 570 574 650
70 74 76 81 85 100 110 111 112 120 428 430 431 441 442 501 502
 516 518 520 575 577 579 592 599 649
73 75 80 82 89 109 116 117 118 121 427 440 447 448 449 504 505
 508 510 523 576 582 588 591 597 649
69 78 79 84 87 106 107 108 115 124 426 438 439 445 446 500 503
 507 513 524 584 586 590 594 598 649
67 68 72 77 88 103 104 105 114 123 425 434 435 436 437 511 512
 515 519 521 578 580 589 593 595 649
65 66 71 83 86 101 102 113 119 122 429 432 433 443 444 506 509
 514 517 522 581 583 585 587 596 649
1 12 16 18 90 150 151 160 161 172 474 475 476 486 487 526 531
 532 536 549 575 580 581 594 597 650
5 8 15 19 92 159 167 168 169 171 472 485 492 493 494 528 530
 543 544 545 576 579 586 589 596 650
4 11 14 17 94 156 157 158 166 173 473 482 483 484 491 535 538
 540 542 548 577 582 587 590 595 650
3 7 10 13 91 154 155 164 165 170 471 478 479 480 481 527 529
 533 541 546 584 585 588 593 599 650
0 2 6 9 93 152 153 162 163 174 470 477 488 489 490 525 534
 537 539 547 578 583 591 592 598 650
21 31 35 37 41 125 126 136 137 146 400 405 416 417 424 525 529
 536 542 545 554 556 560 563 566 649
24 26 33 38 42 134 135 142 143 149 404 414 415 422 423 526 530
 533 538 547 551 555 558 571 574 649
23 32 36 39 43 131 132 133 141 148 402 412 413 420 421 527 528
 531 539 548 553 564 568 569 573 649
20 28 30 34 40 130 139 140 144 145 403 410 411 418 419 532 534
 540 543 546 552 561 562 565 567 649
22 25 27 29 44 127 128 129 138 147 401 406 407 408 409 535 537
 541 544 549 550 557 559 570 572 649
66 73 78 81 88 250 262 266 270 274 321 329 332 335 397 473 475
 478 488 492 553 558 559 560 561 645
68 70 79 83 89 252 256 263 268 269 325 327 334 339 396 474 477
 481 491 494 550 556 567 571 573 645
72 76 80 84 86 254 255 259 261 273 324 328 331 338 395 472 480
 484 487 490 554 555 565 568 570 645
65 67 74 82 87 253 258 265 267 271 323 326 337 340 399 470 476
 479 483 485 551 562 563 569 572 645
69 71 75 77 85 251 257 260 264 272 322 330 333 336 398 471 482
 486 489 493 552 557 564 566 574 645
24 29 31 34 36 275 278 282 286 292 303 306 312 313 391 452 456
 465 467 469 576 580 585 590 592 645
21 25 28 32 38 277 284 289 291 294 304 307 309 314 394 451 455
 464 466 468 578 579 581 582 584 645
22 30 33 35 39 279 281 283 285 288 302 305 311 315 393 454 459
 461 462 463 575 586 587 591 593 645
20 23 26 27 37 276 280 287 290 293 301 308 310 316 392 450 453
 457 458 460 577 583 588 589 594 645
1 6 14 19 91 233 236 239 244 246 366 377 379 381 387 403 405
 406 420 422 500 506 508 511 520 645
3 9 15 16 94 227 230 235 242 247 369 373 374 376 390 402 409
 415 417 419 504 513 516 517 521 645
5 10 12 17 93 226 232 234 238 248 368 371 372 384 389 404 408
 411 421 424 502 505 509 515 524 645
0 4 7 18 92 229 231 237 240 249 367 370 383 385 388 400 407
 410 413 414 507 510 512 518 522 645
2 8 11 13 90 225 228 241 243 245 375 378 380 382 386 401 412
 416 418 423 501 503 514 519 523 645
52 57 62 63 95 203 208 210 212 218 341 346 349 351 362 425 432
 441 445 449 526 529 537 543 548 645
50 59 61 64 96 204 207 209 211 217 344 345 348 356 364 429 431
 437 439 448 532 538 539 541 545 645
47 49 55 60 99 202 214 216 220 224 343 354 355 359 363 428 436
 440 444 446 525 530 531 535 546 645
48 51 54 58 97 201 205 206 222 223 342 350 353 358 365 426 435
 442 443 447 527 536 540 544 547 645
45 46 53 56 98 200 213 215 219 221 347 352 357 360 361 427 430
 433 434 438 528 533 534 542 549 645
40 41 42 43 44 295 296 297 298 299 300 317 318 319 320 495 496
 497 498 499 595 596 597 598 599 645
68 71 74 78 80 177 185 188 190 193 225 230 232 233 240 303 308
 309 320 393 527 530 532 537 542 646
67 69 73 76 83 176 179 181 192 194 227 231 238 243 244 304 305
 312 319 392 525 526 528 540 541 646
65 72 75 79 81 175 178 180 182 184 228 234 237 239 242 301 307
 311 318 391 529 531 534 538 544 646
66 70 77 82 84 183 186 187 189 191 226 229 235 236 241 302 306
 310 317 394 533 535 536 539 543 646
2 10 14 16 92 103 110 115 116 122 275 281 284 290 295 343 346
 358 360 364 554 557 558 567 569 646
0 3 17 19 90 100 102 105 108 121 282 285 287 291 297 348 350
 351 355 361 550 560 562 568 574 646
5 6 13 18 94 107 112 113 118 123 278 280 283 289 298 342 345
 347 354 362 553 565 566 571 572 646
4 8 9 12 91 106 114 117 119 120 277 288 292 293 296 341 353
 356 357 363 552 555 559 563 573 646
1 7 11 15 93 101 104 109 111 124 276 279 286 294 299 344 349
 352 359 365 551 556 561 564 570 646
51 56 60 61 95 127 136 139 142 148 250 257 259 263 271 366 371
 378 385 390 579 585 591 594 595 646
46 49 59 63 97 126 129 130 141 149 253 261 264 268 274 369 375
 377 383 389 576 577 581 593 598 646
45 50 54 62 99 125 128 133 135 145 251 256 267 270 273 367 373
 380 384 387 580 582 583 586 599 646
48 53 55 57 96 132 134 138 144 146 254 260 262 265 269 368 376
 379 382 388 575 578 588 590 596 646
47 52 58 64 98 131 137 140 143 147 252 255 258 266 272 370 372
 374 381 386 584 587 589 592 597 646
26 29 32 35 40 160 162 166 167 170 202 205 207 212 219 321 327
 338 340 398 503 510 515 517 520 646
21 27 33 34 43 151 153 155 169 173 203 209 213 222 224 324 330
 334 337 397 502 507 508 514 521 646
20 22 36 38 41 150 152 154 158 171 204 206 210 215 220 323 329
 333 339 395 500 505 516 519 522 646
23 25 30 31 42 157 159 161 165 174 201 214 217 218 221 325 331
 332 336 399 501 504 506 512 524 646
24 28 37 39 44 156 163 164 168 172 200 208 211 216 223 322 326
 328 335 396 509 511 513 518 523 646
85 86 87 88 89 195 196 197 198 199 245 246 247 248 249 300 313
 314 315 316 545 546 547 548 549 646
3 8 14 18 77 80 81 83 87 93 125 127 132 140 149 201 207
 210 213 216 454 458 464 469 496 648
2 7 12 19 71 76 79 82 88 94 128 130 134 137 148 203 206
 211 214 219 456 460 462 466 495 648
1 9 13 17 67 70 75 78 86 92 129 131 135 139 146 204 205
 208 221 224 450 455 459 467 498 648
4 6 10 15 66 69 72 74 89 90 126 133 142 144 147 200 212
 217 220 222 453 463 465 468 497 648
0 5 11 16 65 68 73 84 85 91 136 138 141 143 145 202 209
 215 218 223 451 452 457 461 499 648
53 58 61 63 72 78 82 83 85 99 150 157 163 169 170 276 281
 282 289 296 403 409 412 414 424 647
51 55 59 62 67 71 81 84 89 98 153 154 159 166 172 277 283
 286 290 297 401 411 413 417 422 647
46 52 54 60 73 74 77 79 86 96 155 156 161 162 171 278 285
 293 294 295 400 406 415 418 421 647
47 50 56 57 66 68 75 76 87 97 151 158 164 167 174 275 280
 288 291 299 404 407 416 419 420 647
45 48 49 64 65 69 70 80 88 95 152 160 165 168 173 279 284
 287 292 298 402 405 408 410 423 647
4 13 16 19 22 32 34 37 42 93 175 177 189 192 196 253 256
 259 260 266 426 430 437 444 449 647
2 15 17 18 27 31 38 39 40 91 178 181 186 193 195 251 255
 262 268 271 428 432 435 438 448 647
3 6 11 12 23 28 29 33 41 92 176 184 187 190 199 254 258
 263 264 270 429 434 441 446 447 647
5 7 9 14 21 26 30 36 44 90 179 182 183 188 197 252 257
 265 273 274 427 431 436 443 445 647
0 1 8 10 20 24 25 35 43 94 180 185 191 194 198 250 261
 267 269 272 425 433 439 440 442 647
25 33 36 37 40 46 51 57 64 99 101 105 115 118 120 228 235
 238 240 246 471 477 483 487 492 648
23 34 35 38 44 48 50 60 63 98 103 106 111 113 121 230 231
 234 236 245 474 480 482 485 488 648
24 27 30 32 41 49 56 58 62 96 100 104 107 117 122 225 226
 242 244 249 472 476 478 489 491 648
22 26 28 31 43 47 53 54 59 95 108 109 110 119 123 229 232
 239 243 247 473 479 486 490 494 648
20 21 29 39 42 45 52 55 61 97 102 112 114 116 124 227 233
 237 241 248 470 475 481 484 493 648
404 406 410 412 417 426 433 436 441 448 455 457 462 465 470 478 482
 487 494 496 603 604 610 619 622 646
402 407 418 422 424 425 431 438 444 447 451 458 463 467 473 476 477
 480 493 495 601 608 613 615 623 646
403 408 413 415 416 428 434 439 443 449 450 454 456 468 471 475 485
 490 491 499 600 606 617 618 620 646
400 409 411 420 423 429 430 435 440 445 453 461 466 469 472 481 483
 486 488 498 607 609 612 614 621 646
401 405 414 419 421 427 432 437 442 446 452 459 460 464 474 479 484
 489 492 497 602 605 611 616 624 646
6 32 57 85 103 137 173 191 201 227 274 285 318 357 380 396 411
 448 467 479 522 530 570 594 606 637
1 26 51 85 107 132 174 192 200 234 258 284 320 356 367 395 418
 432 462 481 521 535 560 576 618 636
8 28 60 89 112 141 170 186 204 244 260 279 318 350 372 399 407
 445 456 487 521 542 558 583 611 643
7 38 58 86 108 127 174 189 202 238 267 283 318 346 376 397 405
 434 465 493 523 532 573 577 612 642
17 25 45 87 117 144 172 183 203 243 263 281 318 344 383 395 415
 444 452 488 520 527 566 589 603 628
2 37 50 89 119 139 171 176 201 237 261 289 320 351 374 397 408
 436 461 476 520 533 564 590 602 627
5 23 52 87 105 128 173 194 204 242 262 277 320 359 377 398 414
 430 463 490 523 536 567 585 619 629
3 27 53 88 116 126 172 179 202 228 256 294 320 342 371 399 420
 439 459 482 522 543 555 592 615 638
14 35 64 85 102 129 171 190 203 229 259 286 319 353 384 399 419
 438 453 478 523 531 571 578 600 632
4 20 49 86 111 143 170 181 203 239 257 291 320 360 382 396 417
 447 454 492 524 539 572 580 607 639
10 31 61 87 113 131 171 184 202 240 273 287 317 352 375 396 422
 449 466 489 521 540 559 575 610 633
16 21 59 88 101 135 171 187 200 231 255 288 318 354 366 398 412
 442 469 491 524 537 562 588 608 625
19 29 46 85 109 142 172 182 204 225 269 280 317 341 373 397 410
 435 464 480 524 525 569 587 617 644
12 30 55 87 110 136 170 193 200 236 272 278 319 349 369 397 423
 437 450 477 522 544 568 582 604 634
13 39 63 89 104 134 173 185 202 235 270 275 319 348 370 395 406
 443 458 486 524 534 563 579 616 641
9 34 47 88 100 138 170 178 201 233 264 290 317 345 385 395 421
 433 468 483 523 526 556 586 601 626
0 22 56 86 118 133 172 188 201 241 268 292 319 343 379 398 424
 441 460 485 521 538 561 584 609 640
18 36 62 86 114 130 173 180 200 230 266 276 317 358 368 399 416
 446 451 494 520 541 574 591 614 631
11 24 48 89 115 125 174 175 203 232 271 293 317 355 381 398 409
 431 455 475 522 528 565 593 605 635
15 33 54 88 106 140 174 177 204 226 265 282 319 347 378 396 413
 440 457 484 520 529 557 581 613 630
1 31 45 71 103 141 158 187 207 228 252 293 319 335 351 376 414
 426 468 472 502 546 572 591 623 644
12 32 46 67 113 125 169 180 218 241 252 279 320 328 348 385 419
 428 465 473 500 547 557 588 621 628
11 30 52 70 119 126 167 181 216 230 250 282 318 324 345 367 422
 426 460 471 505 549 569 578 621 641
19 39 50 77 107 143 153 194 212 240 254 292 318 323 358 371 409
 427 450 473 501 546 556 581 622 632
9 35 51 66 116 128 150 176 209 232 253 278 318 325 352 382 410
 428 458 472 511 548 574 584 624 630
4 29 57 80 108 135 163 183 215 242 250 290 319 337 342 372 418
 428 466 474 506 545 564 593 622 631
10 22 49 82 105 132 156 179 221 233 251 286 318 321 341 374 416
 429 457 474 507 547 565 579 623 634
14 38 62 69 109 138 161 175 205 235 250 288 320 334 347 375 424
 429 456 470 518 546 568 589 624 637
15 25 61 73 100 130 164 182 213 229 254 283 320 333 343 381 423
 426 467 474 515 548 563 583 620 625
5 34 59 74 117 127 160 186 214 237 254 276 319 339 360 380 420
 425 455 471 513 547 560 587 624 633
2 36 58 68 112 144 155 191 208 234 253 287 319 336 359 366 417
 429 464 473 510 549 555 586 620 635
17 37 63 65 110 140 154 190 217 227 250 294 317 330 354 379 407
 427 462 472 503 547 573 580 620 629
7 23 55 72 118 129 151 185 210 244 251 284 317 327 357 378 415
 426 461 473 509 545 562 592 624 639
8 26 64 79 104 133 157 177 223 231 254 291 317 329 346 369 411
 428 459 470 508 549 566 585 623 627
18 33 53 84 111 139 165 192 206 225 252 275 318 322 355 377 421
 425 453 470 517 545 559 582 620 640
0 28 48 76 114 131 166 178 220 226 253 281 320 332 349 373 406
 427 469 471 514 545 571 594 623 642
13 21 47 83 115 142 152 184 211 236 251 285 320 340 353 368 413
 425 452 472 504 549 561 577 622 643
16 20 56 81 106 134 162 193 224 243 252 289 317 326 350 384 405
 429 463 471 512 548 570 576 622 638
6 27 54 75 102 136 168 188 219 238 253 277 317 331 344 370 412
 425 454 474 516 546 558 590 621 636
3 24 60 78 101 137 159 189 222 239 251 280 319 338 356 383 408
 427 451 470 519 548 567 575 621 626
1 39 57 88 110 145 157 184 213 225 257 277 310 338 350 374 400
 444 465 485 505 541 571 598 624 635
12 37 61 86 107 149 167 191 215 243 265 286 311 332 355 370 402
 435 468 482 508 537 567 599 624 643
11 21 50 86 117 147 159 193 210 235 269 287 312 322 342 385 403
 430 462 479 515 531 558 598 623 630
19 38 51 87 112 145 163 185 217 229 264 293 312 321 360 368 402
 436 459 491 514 529 570 597 621 640
14 27 46 89 111 145 150 189 208 227 272 292 311 340 345 378 404
 446 466 490 512 527 560 596 623 625
4 33 58 87 102 146 162 182 218 230 261 284 310 339 354 371 401
 448 456 486 511 528 561 599 623 626
10 32 52 88 108 149 158 188 224 236 271 276 312 325 356 373 401
 447 461 487 518 534 566 596 620 632
15 20 47 85 105 148 165 183 207 231 270 278 311 334 358 379 401
 449 455 476 509 542 555 598 621 642
9 25 53 89 103 148 160 190 223 226 266 280 312 324 359 375 400
 432 454 493 500 538 562 599 622 634
7 29 56 89 113 146 161 194 216 239 255 281 309 329 353 380 402
 437 457 483 502 543 574 598 620 636
18 28 49 85 101 146 155 177 219 241 273 290 312 323 351 381 404
 439 463 488 504 544 573 595 624 641
17 34 55 85 115 149 164 176 212 242 267 279 309 331 347 366 400
 443 460 494 519 539 559 597 623 638
2 30 60 85 118 147 154 180 205 232 256 291 310 335 344 377 402
 434 469 484 507 526 563 596 622 633
8 36 63 88 109 147 166 192 209 237 263 285 309 326 343 376 404
 438 450 489 506 536 565 599 621 639
5 22 45 89 106 149 151 178 211 240 258 294 310 336 346 382 403
 442 467 478 517 525 568 595 621 631
3 35 59 86 104 148 168 175 220 233 262 289 310 337 357 367 404
 445 452 477 501 540 557 597 620 644
13 26 48 87 116 147 153 187 214 244 268 282 311 328 341 384 400
 433 451 492 516 532 564 595 620 637
16 24 54 87 114 148 152 181 221 228 274 283 309 330 348 372 403
 441 453 480 510 535 556 596 624 627
6 31 64 86 100 145 169 179 206 234 260 288 309 327 349 383 401
 440 458 475 513 533 569 595 622 629
0 23 62 88 119 146 156 186 222 238 259 275 311 333 352 369 403
 431 464 481 503 530 572 597 622 628
11 26 49 78 120 144 171 178 213 227 267 297 314 325 362 370 420
 437 456 480 509 536 557 591 622 640
19 27 52 80 123 141 174 180 220 231 263 296 314 322 364 384 417
 443 467 483 503 533 561 575 624 634
1 38 59 79 122 136 173 176 216 241 265 296 315 336 361 373 407
 449 453 492 515 527 565 592 622 626
12 34 62 70 123 132 171 185 223 228 257 299 316 340 361 383 409
 448 463 484 506 525 558 584 620 642
15 24 46 84 121 128 170 188 210 237 258 298 316 332 364 366 416
 444 459 486 502 540 573 578 622 637
14 31 48 66 124 143 172 177 224 242 261 296 316 333 362 380 421
 434 462 477 510 541 562 579 621 643
9 20 50 74 122 137 172 184 218 238 260 298 314 321 365 378 414
 438 469 494 508 535 568 593 620 641
10 37 53 71 121 127 173 182 205 244 255 299 314 323 363 369 418
 441 452 475 512 539 571 586 621 630
4 28 45 81 121 129 174 179 209 235 272 295 315 338 362 368 412
 435 460 476 500 530 556 585 620 633
7 33 63 69 123 131 172 191 207 233 271 295 313 331 363 382 419
 430 451 491 505 544 560 583 622 627
5 32 60 72 120 140 172 181 206 229 270 299 315 337 364 375 405
 433 450 481 504 537 574 590 623 635
2 21 57 65 123 133 170 194 221 226 259 297 315 339 365 381 415
 446 458 482 518 532 559 576 621 644
8 30 54 76 124 142 173 189 215 240 264 297 313 327 364 374 424
 432 455 488 511 531 572 588 620 638
17 22 64 73 122 125 170 187 222 230 269 299 313 326 362 377 413
 436 466 493 501 534 555 594 624 636
18 23 51 68 124 135 170 175 211 243 274 295 314 324 361 379 408
 440 465 489 516 543 563 587 623 632
6 39 56 67 121 138 171 183 214 232 266 296 313 330 365 367 423
 439 464 487 517 529 567 577 623 639
13 36 61 77 122 126 174 190 219 239 262 297 316 334 363 372 410
 442 461 485 513 526 570 582 623 628
0 29 47 82 120 139 173 193 217 234 256 295 316 328 365 376 422
 445 454 478 519 528 566 581 624 625
3 25 58 75 124 134 171 192 212 236 268 298 315 335 363 385 411
 431 457 490 514 542 569 580 624 631
16 35 55 83 120 130 174 186 208 225 273 298 313 329 361 371 406
 447 468 479 507 538 564 589 621 629
6 22 60 84 116 130 157 185 207 242 265 287 314 353 386 397 404
 432 471 498 518 528 556 580 608 628
1 21 49 73 113 140 163 189 212 232 263 275 316 357 388 399 401
 435 471 495 516 538 568 586 619 627
2 32 53 69 114 129 159 187 216 240 267 278 316 350 390 395 404
 431 474 499 508 529 561 587 607 629
17 35 58 77 119 142 151 188 214 228 270 290 314 349 388 396 402
 430 470 499 500 541 565 576 611 625
8 33 45 66 107 138 154 193 208 239 259 276 314 348 389 398 400
 436 474 495 504 540 569 592 606 642
3 38 52 76 115 133 160 183 209 225 260 286 316 354 389 396 403
 433 473 498 512 544 563 591 602 636
5 28 51 83 100 134 158 191 221 230 255 292 316 344 387 397 400
 449 470 497 503 531 557 593 615 639
7 39 59 70 105 125 162 177 215 234 272 280 314 343 390 399 403
 447 472 497 514 526 559 590 603 637
13 31 56 74 101 128 166 180 223 227 264 284 315 355 388 397 403
 445 474 496 505 539 555 589 613 632
12 36 54 80 103 143 164 178 217 244 269 289 315 352 390 398 401
 444 470 498 507 543 560 577 600 641
14 24 55 68 108 139 169 184 219 231 266 294 315 341 389 395 402
 448 471 497 501 536 572 583 609 630
19 23 47 65 104 144 150 179 205 241 261 283 313 356 390 396 400
 438 471 496 502 537 558 582 605 631
16 30 57 82 111 131 168 190 222 237 268 293 314 347 387 395 401
 439 473 496 515 525 574 585 612 643
4 25 50 67 109 136 155 186 206 233 274 282 316 346 386 398 402
 446 472 496 509 534 571 575 618 638
10 27 48 81 118 135 167 176 218 229 257 285 313 359 386 395 403
 437 470 495 513 542 573 581 614 644
0 34 64 78 112 126 161 182 210 243 271 277 315 358 387 396 404
 434 472 495 517 535 564 588 616 634
11 20 46 72 110 127 153 192 211 226 262 288 313 351 387 399 402
 443 474 498 510 530 566 584 610 626
9 37 62 79 102 141 165 181 213 236 258 281 313 342 388 398 404
 440 473 497 519 532 570 579 617 633
18 26 61 75 106 137 156 194 220 235 256 279 313 360 389 397 401
 441 472 499 506 527 562 578 601 635
15 29 63 71 117 132 152 175 224 238 273 291 315 345 386 399 400
 442 473 499 511 533 567 594 604 640
18 43 69 98 116 136 171 182 208 226 270 291 303 327 356 376 403
 444 460 483 501 547 570 593 619 643
14 41 79 95 114 144 170 185 209 238 255 280 302 335 355 367 401
 430 467 485 504 547 564 581 610 638
11 42 76 95 105 129 172 180 222 236 265 289 303 329 360 372 400
 448 458 489 517 546 573 586 618 625
12 40 72 98 109 135 174 188 216 227 260 287 302 339 358 377 400
 439 452 478 514 548 572 579 601 627
16 41 74 98 118 132 173 183 211 239 261 282 304 325 349 385 404
 435 459 493 503 546 559 583 600 635
15 42 75 96 113 141 173 190 206 243 267 290 302 338 341 371 403
 436 469 477 518 549 560 584 605 639
10 41 73 99 111 134 174 178 207 241 259 277 303 330 342 383 402
 445 450 494 511 549 562 587 602 637
0 44 81 97 115 137 171 177 221 244 263 276 302 337 345 382 402
 432 465 486 515 546 555 582 617 629
19 44 67 96 119 140 170 184 215 235 268 284 303 331 359 380 404
 442 453 475 507 548 566 591 615 642
1 42 66 98 117 130 170 179 223 240 271 285 301 334 354 384 402
 441 464 490 519 545 557 590 612 641
5 43 70 96 101 142 174 176 210 233 266 281 301 328 350 369 401
 438 466 482 510 546 563 580 606 640
17 44 71 95 104 143 174 191 213 237 256 278 304 321 353 375 403
 446 463 487 516 545 569 588 609 626
8 40 78 96 102 128 172 187 220 234 257 275 304 324 347 381 402
 449 461 479 512 547 556 577 604 631
13 43 65 99 100 127 172 193 212 231 274 293 302 336 352 374 404
 447 456 484 500 545 567 578 614 636
9 40 83 97 107 133 173 175 214 229 272 294 303 326 351 366 401
 434 457 480 505 545 558 575 607 628
3 44 84 99 112 131 173 181 219 232 269 288 301 333 346 378 400
 437 468 476 506 547 561 576 603 632
4 40 82 95 103 125 171 194 224 225 264 283 301 332 344 379 404
 443 451 481 513 549 568 592 611 630
2 41 77 97 108 138 172 192 217 230 273 279 301 340 357 370 403
 440 455 492 502 548 571 585 608 634
7 42 68 99 110 126 171 186 205 242 258 292 304 322 348 368 401
 433 454 488 508 548 565 594 613 644
6 43 80 97 106 139 170 189 218 228 262 286 304 323 343 373 400
 431 462 491 509 549 574 589 616 633
18 35 89 96 110 143 169 183 221 238 264 287 307 326 363 373 420
 426 484 495 519 537 561 585 618 637
14 28 88 99 117 142 154 194 218 234 268 278 308 337 361 370 416
 426 493 498 517 539 570 575 605 627
11 22 88 98 102 139 161 191 212 244 273 280 307 330 364 368 414
 428 477 496 513 527 563 576 607 642
15 32 86 95 112 138 157 176 211 228 272 275 308 339 363 384 422
 427 488 496 507 536 562 593 617 636
0 21 87 96 103 130 168 192 205 239 270 286 308 336 362 378 409
 428 487 497 505 533 573 587 601 638
16 23 89 95 107 140 158 182 219 233 267 285 306 322 365 383 424
 428 492 498 514 541 555 578 604 633
10 33 85 97 104 128 152 186 216 243 266 293 307 327 362 385 417
 427 485 498 506 532 568 590 615 625
12 38 89 97 101 131 162 179 213 242 259 282 308 335 364 379 410
 425 479 499 501 535 566 586 614 639
19 30 86 99 106 132 164 187 209 227 271 290 307 329 365 375 408
 425 486 497 510 542 571 592 619 628
1 34 89 99 114 137 165 188 215 229 262 291 305 328 362 371 415
 429 489 496 503 544 569 577 608 630
3 36 85 95 113 135 156 193 214 226 261 277 305 340 364 382 407
 426 475 497 508 534 556 589 612 640
5 24 86 97 109 144 153 190 207 236 256 284 305 333 361 374 412
 428 483 495 512 529 559 594 611 641
13 25 85 98 108 125 151 181 220 237 265 292 308 338 365 369 421
 429 491 495 511 543 558 591 610 629
17 26 88 97 111 136 163 180 210 240 260 283 306 324 363 380 406
 429 476 497 504 528 567 584 600 644
8 27 86 98 105 134 160 184 217 232 274 281 306 323 362 366 419
 426 481 499 518 525 564 582 613 626
9 39 87 95 118 126 166 189 206 231 269 276 307 331 361 381 418
 429 478 499 502 530 557 580 602 643
4 31 88 96 115 127 167 185 208 241 258 289 305 334 365 377 411
 427 480 499 516 531 574 583 603 634
6 20 87 99 119 129 155 175 223 225 255 279 306 325 364 376 413
 427 482 495 515 526 560 579 609 631
2 29 87 98 100 141 150 177 222 235 257 294 305 332 363 367 405
 425 494 498 509 538 565 588 606 632
7 37 85 96 116 133 159 178 224 230 263 288 306 321 361 372 423
 425 490 496 500 540 572 581 616 635
3 42 54 89 120 138 163 191 224 231 257 284 323 349 377 391 416
 438 460 472 515 532 553 587 610 628
8 42 48 85 122 139 162 188 211 235 255 283 337 352 383 392 420
 446 468 473 505 529 550 580 619 634
7 43 62 87 120 143 157 190 220 241 260 285 335 345 366 392 408
 435 455 474 517 534 554 576 615 630
0 40 49 89 124 127 164 184 206 230 265 278 330 356 384 394 412
 430 459 473 506 526 554 589 606 644
6 44 46 88 124 132 151 193 205 229 267 281 339 355 372 392 417
 449 451 472 501 538 552 585 602 641
5 40 55 88 122 131 155 189 217 243 261 291 322 353 367 391 409
 441 458 474 500 542 551 591 617 637
16 40 47 86 121 126 154 185 213 226 263 279 336 341 380 392 414
 431 466 470 511 544 553 590 618 632
9 41 59 85 124 140 167 194 222 228 271 287 328 346 368 393 406
 444 456 474 512 533 553 582 609 639
13 41 50 88 120 141 169 182 216 232 272 286 331 360 379 394 415
 432 463 470 510 540 550 594 612 631
17 41 61 89 123 128 168 177 218 236 274 288 338 358 376 392 418
 433 464 471 507 531 551 592 607 640
18 42 58 88 121 133 153 176 215 239 269 293 340 344 375 393 419
 445 467 471 509 535 554 579 604 629
14 42 51 86 123 137 152 178 212 225 270 282 326 359 369 394 407
 439 461 474 502 528 552 588 603 633
1 41 64 87 121 142 159 186 219 227 256 289 324 343 382 391 421
 443 457 473 518 537 552 593 614 642
12 43 52 85 121 144 166 175 221 240 268 275 329 342 378 394 405
 436 454 472 513 541 551 583 608 626
10 44 45 86 120 136 150 192 214 242 264 280 334 350 381 393 413
 448 469 473 503 543 551 578 616 627
2 43 63 86 124 125 158 183 223 244 258 277 321 347 371 391 410
 437 453 471 504 530 550 575 601 625
15 44 53 87 122 135 161 180 209 233 259 292 327 351 370 394 411
 447 462 471 519 525 553 577 611 635
11 40 60 87 123 134 165 179 208 237 266 290 333 357 373 393 424
 442 465 472 508 539 550 581 600 636
19 43 57 89 122 129 156 181 207 234 273 276 332 354 385 393 423
 434 452 470 516 536 552 584 613 638
4 44 56 85 123 130 160 187 210 238 262 294 325 348 374 391 422
 440 450 470 514 527 554 586 605 643
12 22 48 75 112 140 159 198 202 225 274 276 304 334 351 367 415
 438 483 497 511 539 554 585 622 625
19 31 49 83 118 138 162 198 200 237 270 277 302 324 346 372 419
 431 482 498 519 527 551 594 620 630
11 36 53 67 106 142 168 195 201 242 272 291 302 321 354 383 406
 449 481 495 502 532 554 583 624 632
1 27 60 82 115 143 166 199 201 243 273 288 303 339 348 369 410
 430 493 497 509 529 553 578 620 631
10 34 51 76 102 125 157 197 204 239 268 294 302 322 357 376 423
 446 476 499 510 537 553 589 622 641
15 35 62 65 108 134 155 197 201 240 263 280 304 328 360 377 412
 437 475 498 505 535 552 592 623 643
4 23 59 77 100 139 152 197 202 227 269 281 303 335 347 384 416
 432 487 495 508 544 551 584 621 635
9 24 52 69 110 130 151 199 202 234 259 289 302 323 344 380 413
 435 492 496 506 542 550 588 623 640
14 39 47 72 101 136 160 196 204 230 267 293 304 332 342 382 411
 441 489 495 507 533 550 576 620 628
17 32 54 68 116 127 165 199 200 235 261 286 301 329 345 381 414
 445 485 495 514 525 552 575 622 639
8 21 56 71 111 144 156 196 202 229 258 282 301 331 358 373 408
 448 477 498 500 526 553 593 624 629
18 29 50 73 104 131 154 196 203 228 265 284 302 325 350 366 424
 433 490 497 513 530 552 577 621 634
5 37 58 66 114 132 161 195 203 231 264 279 303 338 343 378 422
 439 479 498 516 534 550 582 622 644
2 26 45 84 113 126 164 198 204 238 266 285 303 337 349 379 409
 447 491 496 512 531 552 579 624 626
7 28 64 74 107 135 150 198 201 236 262 275 301 330 341 375 417
 444 484 499 515 528 550 591 621 638
3 20 57 70 109 128 169 196 200 244 271 283 303 336 353 370 421
 436 488 499 503 538 554 581 623 633
0 33 61 79 117 129 158 195 200 232 260 290 304 340 359 374 405
 443 480 496 501 543 553 580 621 637
6 38 55 78 105 141 167 197 203 226 256 292 301 326 352 385 418
 442 486 496 504 541 554 587 620 627
13 30 46 81 103 133 163 199 203 233 255 287 304 333 356 371 407
 440 494 499 517 536 551 590 624 642
16 25 63 80 119 137 153 195 204 241 257 278 301 327 355 368 420
 434 478 497 518 540 551 586 623 636
12 42 47 78 118 127 168 194 209 245 273 294 306 333 350 388 417
 432 453 491 520 534 569 593 623 637
1 40 58 76 116 138 156 190 210 245 274 292 307 337 355 390 413
 437 463 494 524 533 566 583 621 633
11 44 51 75 114 133 169 186 207 247 261 285 308 323 347 388 405
 444 466 478 524 526 567 592 620 634
19 40 53 81 113 136 152 191 222 249 258 288 308 325 343 389 415
 445 455 484 523 541 564 580 623 641
10 42 50 79 100 140 166 183 208 246 262 279 308 324 353 390 412
 434 451 486 522 525 572 576 624 640
15 43 48 68 102 137 154 179 216 249 264 289 306 340 346 387 418
 430 450 487 524 538 559 591 624 628
4 41 60 83 105 131 153 188 223 247 267 275 307 336 345 389 423
 438 462 475 520 543 570 588 624 644
9 43 49 72 115 134 161 187 215 248 256 283 308 322 349 386 407
 448 464 485 520 540 560 585 621 632
14 40 61 74 104 141 151 192 221 247 269 277 306 328 354 386 408
 447 460 488 522 529 574 586 622 642
7 41 54 66 112 139 160 180 213 246 268 290 305 326 356 386 409
 449 452 482 524 530 568 578 623 629
17 42 56 84 103 132 155 184 220 247 272 276 305 327 342 387 410
 431 456 492 523 537 563 581 621 627
18 41 52 65 109 129 164 189 214 245 257 281 308 321 348 387 411
 442 468 477 521 528 555 590 622 630
2 44 59 73 107 142 165 185 224 248 260 282 307 338 352 387 419
 441 454 483 522 536 573 589 623 631
5 42 57 69 119 125 150 193 219 249 263 286 307 335 358 386 406
 440 459 480 521 539 562 577 620 626
8 44 55 82 101 126 158 175 218 249 270 287 305 330 360 390 421
 435 467 490 520 532 571 584 622 636
6 40 63 70 108 143 159 182 211 248 259 293 305 329 359 388 416
 433 469 476 521 527 557 582 624 638
0 41 46 71 106 135 157 181 212 248 266 284 306 334 344 390 420
 436 458 479 523 544 565 575 620 643
16 43 64 77 117 128 163 178 205 245 265 280 305 331 351 389 422
 446 465 481 522 542 561 579 620 639
3 43 45 67 111 130 167 177 217 246 255 278 307 339 341 388 424
 443 461 489 523 535 558 594 622 635
13 44 62 80 110 144 162 176 206 246 271 291 306 332 357 389 414
 439 457 493 521 531 556 587 621 625
6 37 45 68 122 134 166 194 210 247 257 282 302 356 375 399 421
 428 455 480 507 544 561 597 612 625
1 36 50 84 123 127 162 175 222 248 264 281 304 341 370 396 423
 428 460 478 504 542 562 596 615 629
5 29 49 77 121 137 157 180 208 247 271 288 304 352 379 395 413
 426 453 477 514 532 558 599 602 638
7 27 57 78 121 140 152 192 223 248 261 278 302 360 373 398 422
 429 468 494 501 531 563 595 611 628
3 31 51 82 122 144 151 182 215 245 266 279 304 345 384 398 406
 425 450 484 518 530 573 598 607 627
2 34 52 66 120 135 168 184 207 249 269 283 304 355 369 399 424
 427 457 486 500 527 570 595 618 639
17 20 59 80 120 133 161 179 219 245 258 275 302 359 385 397 409
 426 451 489 511 529 571 596 606 643
8 23 58 74 123 136 164 181 224 246 256 286 302 351 368 395 410
 427 466 475 517 538 557 598 608 637
10 39 46 83 123 139 159 190 209 249 265 291 301 349 380 398 405
 426 456 488 516 535 555 597 601 631
12 21 63 81 122 138 165 186 220 246 267 280 303 344 374 396 418
 426 459 490 510 528 574 595 609 632
16 26 60 71 124 129 169 176 217 249 262 292 302 342 381 396 416
 425 464 483 505 534 568 599 603 642
4 24 53 70 124 141 154 178 214 246 273 285 304 358 378 397 419
 429 458 485 515 537 566 597 619 636
13 38 64 72 124 130 156 191 218 247 263 290 303 350 367 398 420
 427 454 476 502 525 559 596 604 630
19 33 62 73 124 126 160 188 221 245 272 289 301 353 376 395 407
 428 469 479 509 539 567 595 610 635
14 25 54 65 121 131 167 187 211 249 260 276 303 357 371 397 417
 428 463 481 519 526 565 598 616 640
11 35 47 69 122 132 163 177 206 248 268 277 301 348 366 397 415
 427 467 487 512 543 572 599 614 633
18 30 48 67 120 128 158 185 212 247 259 294 301 343 372 396 412
 429 452 493 508 533 560 598 617 626
0 32 55 75 123 142 150 183 213 245 255 293 303 346 377 399 408
 429 462 492 513 540 556 599 613 641
9 22 61 76 121 143 155 193 216 246 270 284 301 347 383 399 411
 425 465 491 503 536 564 596 605 644
15 28 56 79 120 125 153 189 205 248 274 287 303 354 382 395 414
 425 461 482 506 541 569 597 600 634
18 25 72 97 122 145 168 197 224 232 258 285 319 329 341 390 422
 430 456 482 503 539 556 588 602 642
14 23 71 97 120 147 155 198 215 226 271 289 318 338 348 388 423
 449 459 494 513 525 561 580 601 636
10 28 65 98 124 148 162 195 210 225 256 288 319 331 345 388 409
 436 467 492 508 536 574 577 618 628
19 21 75 95 120 149 154 199 223 230 262 281 319 327 352 386 421
 439 465 476 512 535 565 583 607 637
16 29 66 99 123 149 156 197 206 244 272 287 320 324 344 388 411
 438 455 485 501 529 573 591 616 626
11 32 79 99 121 146 151 198 217 233 257 283 319 326 358 389 410
 432 469 490 516 533 559 589 615 643
15 37 78 98 123 145 158 199 214 241 269 284 318 337 353 389 406
 431 454 489 510 526 568 585 614 638
12 27 74 95 124 146 163 197 207 235 266 291 318 336 343 387 413
 433 461 480 519 540 571 576 605 629
0 26 80 99 122 148 159 196 208 236 264 294 318 339 347 386 419
 435 463 475 502 541 563 590 610 639
5 35 67 99 124 147 152 199 213 239 260 275 317 332 351 390 418
 448 460 491 518 527 555 581 612 634
13 20 68 96 121 149 160 195 222 229 273 277 318 335 349 390 424
 446 462 483 506 528 557 592 617 627
1 22 69 96 120 148 164 197 218 237 255 282 317 340 342 389 417
 434 458 488 514 530 567 582 611 632
8 31 70 97 121 148 150 199 212 238 265 290 320 322 354 387 415
 437 451 478 507 534 570 587 609 635
3 30 73 97 123 146 166 195 211 234 267 292 317 334 360 386 414
 444 453 487 500 537 564 579 606 630
9 38 81 96 123 147 157 196 219 240 261 279 319 330 355 387 416
 447 452 481 509 543 569 594 619 625
17 36 82 96 124 145 153 198 216 231 259 280 320 325 357 386 405
 441 468 486 517 544 558 593 613 633
4 39 76 98 122 149 169 198 205 228 263 278 317 333 359 387 408
 445 457 479 504 532 560 578 608 640
7 34 84 95 122 147 167 195 221 227 270 293 320 323 350 389 412
 440 464 477 511 538 566 575 600 631
6 24 77 98 120 146 165 196 209 243 268 276 320 321 346 390 407
 443 466 484 505 531 562 586 604 644
2 33 83 95 121 145 161 196 220 242 274 286 317 328 356 388 420
 442 450 493 515 542 572 584 603 641
39 64 84 94 119 144 174 199 224 244 274 294 308 340 360 385 424
 449 469 474 519 544 574 599 619 644
33 56 70 93 116 137 170 197 217 231 267 277 308 333 351 375 406
 435 452 473 513 531 565 596 618 631
22 55 77 90 111 135 173 195 223 238 263 289 308 332 356 381 419
 433 456 472 510 529 569 598 615 633
37 52 81 92 104 142 170 198 206 232 273 292 305 336 347 376 420
 448 451 474 514 535 562 598 600 628
29 62 78 90 103 136 174 198 211 229 268 279 307 323 354 374 421
 430 458 471 508 540 555 596 603 639
21 60 69 92 100 128 174 195 215 228 261 276 306 326 341 379 411
 437 454 473 517 527 571 597 610 641
32 45 83 94 109 143 171 197 222 234 262 290 306 331 355 378 407
 441 459 471 511 532 563 598 614 634
36 48 74 94 108 129 170 196 213 241 270 288 307 322 344 371 422
 432 457 472 512 525 567 597 606 627
35 54 82 92 107 141 172 196 210 227 255 291 308 334 359 368 423
 431 465 471 506 534 559 595 602 626
38 57 73 93 114 139 172 198 214 239 258 287 306 327 345 369 412
 443 463 472 507 542 557 599 605 632
31 46 68 92 117 140 173 197 220 236 259 283 307 321 350 382 409
 439 460 470 509 526 564 599 608 636
34 61 80 91 101 134 172 199 205 226 272 285 307 325 346 367 416
 436 453 473 516 528 572 598 611 629
30 63 66 91 105 127 171 198 219 243 260 284 308 328 342 373 413
 446 467 470 502 538 556 597 607 635
25 59 76 90 113 132 170 199 208 242 256 293 306 330 358 370 405
 438 461 470 505 530 561 595 617 630
27 51 65 90 106 130 171 196 216 233 269 275 305 338 349 372 414
 434 455 473 504 539 566 599 609 637
28 58 67 91 115 126 173 196 207 237 257 280 306 329 352 384 415
 440 462 474 501 537 568 596 601 640
24 47 71 93 112 133 171 195 218 235 265 281 307 324 357 377 410
 447 450 474 503 541 560 595 612 638
20 53 79 91 118 131 174 197 212 230 264 286 305 337 348 380 408
 444 464 472 518 536 558 595 604 625
26 50 72 93 102 138 173 199 221 225 271 278 305 335 343 383 417
 442 466 471 500 543 573 597 613 643
23 49 75 94 110 125 172 195 209 240 266 282 305 339 353 366 418
 445 468 470 515 533 570 596 616 642
31 55 73 94 106 133 152 190 205 246 257 276 318 328 364 370 404
 430 464 476 514 543 550 593 618 626
34 54 83 90 104 129 166 193 218 248 258 280 318 333 363 379 402
 439 466 492 518 533 554 591 619 635
29 64 67 93 110 134 164 188 220 249 261 293 318 334 361 378 403
 432 451 482 504 536 553 586 607 633
22 58 81 94 101 141 168 183 217 248 271 275 320 327 361 380 400
 446 450 480 508 526 552 578 610 630
30 45 72 92 108 137 162 186 223 245 269 286 320 330 363 366 404
 449 458 483 516 541 553 581 605 640
32 51 80 92 111 126 155 194 214 248 265 288 317 335 362 374 403
 438 452 486 519 538 550 583 604 642
26 46 66 94 100 131 165 175 216 245 263 277 319 323 365 368 403
 448 461 493 507 537 554 580 611 638
23 61 70 90 115 138 153 180 206 249 255 294 319 321 362 373 404
 444 454 479 511 542 552 576 612 627
35 57 79 90 112 127 154 187 224 247 266 292 320 331 364 383 403
 435 457 489 509 528 551 582 601 641
36 56 69 91 102 140 169 185 211 245 256 290 318 332 362 369 400
 447 455 490 515 535 551 575 602 644
37 48 77 91 109 130 150 184 221 248 267 291 319 324 364 385 401
 445 463 491 517 530 553 592 603 636
27 47 84 92 114 125 156 182 212 246 260 289 319 325 361 375 402
 442 462 488 505 532 551 585 606 639
39 60 65 93 117 135 151 191 219 246 264 282 320 329 362 376 401
 431 453 494 512 540 554 584 617 634
24 63 76 92 118 136 161 177 213 247 262 287 318 340 365 384 401
 436 468 481 500 539 552 587 615 631
20 62 82 93 113 142 167 178 209 247 274 284 319 322 363 381 400
 434 459 487 501 527 550 590 608 629
38 49 68 90 119 128 159 192 207 246 272 281 317 337 365 371 400
 441 467 484 513 534 553 588 600 643
25 52 71 91 107 139 163 179 222 247 270 279 317 339 361 382 404
 437 469 485 510 531 554 577 613 637
33 59 75 91 103 144 157 189 210 249 273 278 320 326 365 372 402
 433 460 475 503 525 550 579 614 632
28 50 78 94 116 132 160 181 215 249 259 285 317 336 363 377 401
 443 465 477 502 529 551 589 609 625
21 53 74 93 105 143 158 176 208 245 268 283 317 338 364 367 402
 440 456 478 506 544 552 594 616 628
14 29 76 96 106 126 165 191 223 232 251 283 314 339 351 385 412
 444 450 492 521 534 551 597 614 629
18 20 66 95 115 141 159 188 205 234 254 282 315 330 357 374 406
 437 466 491 523 525 551 599 615 628
11 37 82 97 100 135 160 185 220 239 252 278 315 331 346 371 413
 438 464 488 521 541 552 596 619 637
19 26 70 98 114 127 155 190 218 242 251 275 315 326 344 382 424
 440 468 487 522 540 553 598 602 625
12 31 69 99 104 139 153 183 210 230 253 285 314 338 360 381 407
 442 457 481 523 538 553 596 617 638
16 33 72 96 112 125 166 179 214 236 250 291 316 323 352 370 408
 432 467 494 523 527 552 598 609 644
15 34 67 97 118 143 156 187 219 225 250 281 314 336 356 368 405
 445 458 490 522 531 550 599 610 627
0 36 83 98 110 128 167 189 224 233 254 279 314 335 342 375 415
 448 453 476 524 529 552 595 605 636
10 23 84 96 109 137 163 193 213 228 253 292 315 329 354 367 419
 443 455 493 520 526 550 595 607 643
8 39 75 99 108 130 161 176 222 226 252 284 316 321 345 379 417
 430 452 480 522 537 551 595 600 633
9 27 77 99 113 144 158 177 211 237 250 286 315 327 350 377 423
 441 451 479 524 528 554 597 618 642
3 21 68 98 107 129 157 178 206 238 250 293 313 328 343 380 410
 449 463 486 520 539 551 596 611 634
13 24 73 95 102 132 150 186 217 240 252 288 314 337 359 373 411
 434 460 482 520 544 554 598 601 639
1 32 74 97 119 134 154 182 209 231 251 287 313 332 347 372 409
 446 454 477 523 543 554 595 603 640
17 30 79 98 101 138 152 194 207 229 253 289 316 322 341 378 420
 447 465 475 521 530 554 599 616 631
5 25 78 95 111 133 162 184 216 244 253 290 313 334 348 376 416
 435 462 484 522 533 552 597 608 632
4 38 71 99 116 140 168 180 221 243 254 280 313 340 349 366 421
 431 461 478 521 536 550 598 606 641
6 35 81 95 117 131 164 192 215 241 251 294 316 324 358 369 414
 436 456 483 524 532 550 596 613 635
2 28 80 96 105 136 151 175 212 227 252 276 313 333 353 383 422
 433 459 485 524 535 553 599 612 630
7 22 65 97 103 142 169 181 208 235 254 277 316 325 355 384 418
 439 469 489 520 542 553 597 604 626
3 37 55 69 117 143 162 180 204 229 274 275 325 365 387 393 412
 432 466 485 502 549 565 595 601 642
0 39 51 74 109 140 165 187 203 242 273 289 327 363 389 392 416
 437 467 482 500 549 558 596 612 626
6 21 48 82 104 127 161 181 204 240 272 290 335 361 389 391 419
 444 461 494 503 548 555 599 618 640
5 27 64 76 103 139 154 175 200 241 267 282 321 363 388 393 415
 447 464 486 506 548 556 598 610 643
16 38 46 70 102 144 164 194 201 232 270 276 338 363 386 391 413
 445 462 489 508 545 572 595 615 634
8 32 61 84 110 135 152 179 203 230 268 280 336 365 388 391 406
 434 463 483 509 546 560 597 602 630
7 25 47 77 106 141 166 176 200 225 259 287 337 362 387 391 424
 448 459 475 516 547 567 596 607 641
9 29 58 65 111 125 159 185 200 243 262 285 333 364 389 394 420
 449 460 487 507 546 571 595 613 627
12 35 53 68 100 133 156 189 204 237 271 284 330 362 386 392 422
 443 469 492 504 546 570 598 603 631
17 28 62 66 118 137 169 192 202 233 265 293 339 364 390 391 423
 442 454 480 512 549 564 598 619 632
18 34 45 79 105 142 163 190 202 244 261 288 332 365 386 394 417
 431 450 479 505 548 557 596 609 636
13 33 49 71 114 136 167 183 201 234 269 294 329 364 387 392 409
 438 465 490 518 548 562 597 611 633
10 36 60 75 119 138 160 177 203 227 258 283 328 361 387 394 414
 435 458 491 501 545 561 598 604 638
1 23 56 83 108 126 168 178 203 235 260 278 323 364 386 393 411
 436 451 484 510 547 559 599 617 625
14 22 52 78 113 134 153 186 200 228 264 291 331 365 390 392 410
 440 452 476 515 545 573 599 606 635
15 30 50 80 115 129 150 191 202 239 266 277 326 361 388 392 421
 441 456 481 514 547 566 595 608 644
2 20 54 67 101 132 157 182 202 236 263 292 324 362 389 393 407
 430 468 478 513 545 574 597 605 637
4 26 63 73 112 128 151 184 201 226 255 286 322 361 390 393 405
 439 455 477 519 546 569 596 614 628
19 24 59 72 116 131 158 193 201 238 257 279 334 362 388 394 418
 446 457 488 517 549 563 599 600 629
11 31 57 81 107 130 155 188 204 231 256 281 340 363 390 394 408
 433 453 493 511 547 568 597 616 639
1 30 53 65 112 149 153 177 220 238 270 295 306 353 385 398 416
 448 466 480 513 548 550 589 602 639
6 34 58 73 110 148 158 180 216 235 273 297 308 341 382 398 408
 438 459 481 512 545 551 581 603 643
17 24 57 83 106 147 160 182 206 241 264 295 308 352 367 399 417
 437 461 490 508 546 553 579 608 642
5 33 50 81 108 148 156 185 205 227 268 296 306 349 381 399 410
 444 468 489 519 549 554 588 607 636
7 31 60 67 102 149 163 175 209 226 269 298 308 358 374 395 420
 441 463 492 503 549 552 582 606 625
3 39 49 79 103 147 150 188 218 243 259 299 306 347 368 397 422
 442 455 483 510 545 552 583 618 629
8 29 59 69 118 145 155 178 221 236 266 299 308 355 371 396 414
 443 462 476 516 548 554 578 612 628
2 22 51 72 117 146 167 190 213 231 272 298 306 348 373 396 421
 445 451 475 506 546 551 577 619 638
12 26 56 77 115 145 154 181 222 233 261 298 307 359 376 399 412
 449 467 488 518 545 550 587 616 630
13 27 55 66 109 148 157 194 215 230 258 295 307 351 383 396 405
 431 469 487 515 547 552 586 600 640
16 36 45 76 104 146 159 184 212 229 271 296 308 345 377 397 418
 440 454 482 509 547 550 584 611 637
14 20 63 84 100 146 168 176 214 240 256 299 307 356 372 398 415
 435 465 479 514 549 553 591 613 634
10 38 47 80 107 146 169 187 223 237 274 297 305 344 378 399 406
 430 460 477 517 548 552 580 617 635
4 35 52 75 101 145 165 193 211 244 265 297 306 343 375 395 409
 434 464 494 502 547 553 594 615 627
19 28 61 68 111 147 161 183 224 228 267 298 305 357 369 398 413
 432 458 478 505 547 554 590 614 626
9 32 48 71 105 145 164 186 210 239 263 295 305 354 370 397 424
 439 453 484 501 549 551 576 610 631
18 21 46 78 119 148 166 191 217 242 260 299 305 346 384 395 423
 447 457 485 511 546 550 592 605 633
0 37 54 70 113 147 151 179 207 225 262 296 307 360 366 395 411
 446 456 493 504 548 551 593 604 632
11 25 62 74 116 149 152 189 219 234 255 296 305 350 379 396 419
 436 450 486 507 545 553 585 601 644
15 23 64 82 114 149 162 192 208 232 257 297 307 342 380 397 407
 433 452 491 500 546 554 575 609 641
3 34 56 72 119 141 152 198 208 240 265 295 321 344 381 392 401
 428 462 493 524 536 571 582 614 637
5 31 63 79 116 135 164 196 222 225 272 297 323 357 385 392 402
 429 454 487 520 535 561 578 605 642
16 27 61 67 108 133 165 198 210 234 264 299 335 353 382 394 400
 427 456 477 520 530 565 587 619 641
6 26 62 76 101 140 150 195 224 237 269 295 336 348 371 394 402
 426 452 485 523 542 559 593 607 634
7 20 48 83 117 136 156 199 217 228 266 297 338 347 377 394 404
 428 467 486 521 537 569 586 602 632
0 38 53 66 104 125 155 199 211 227 257 298 331 341 372 393 401
 426 450 483 520 531 567 576 608 633
8 37 47 73 103 129 153 197 219 242 271 298 339 349 367 394 403
 429 465 484 524 527 574 575 615 640
9 33 60 68 109 132 168 198 212 241 255 297 332 360 384 391 403
 426 466 476 522 541 566 577 616 629
14 32 50 70 118 130 163 195 220 243 258 297 330 352 376 393 400
 425 457 475 524 544 555 585 611 626
10 30 59 78 114 143 151 196 206 235 263 298 340 351 379 391 400
 428 464 482 523 528 570 583 613 636
1 29 54 81 105 144 169 195 214 230 259 298 322 346 375 392 404
 427 461 491 522 539 563 584 601 643
18 22 57 71 100 126 162 199 209 236 267 296 328 359 378 391 402
 427 455 481 524 540 558 589 600 627
17 23 46 69 112 134 167 196 223 239 273 296 337 343 374 394 401
 425 469 478 522 532 556 591 618 630
12 25 49 84 102 142 158 196 205 231 262 295 326 345 380 393 403
 427 458 494 521 529 564 592 612 635
13 28 52 82 106 138 159 197 213 238 261 299 327 358 366 393 402
 428 453 489 522 538 560 580 603 644
2 24 64 75 111 127 166 197 215 233 270 296 325 354 368 392 400
 426 463 479 521 543 568 581 617 628
15 21 51 77 110 131 160 198 218 244 256 296 329 355 383 393 404
 429 460 480 523 534 572 590 606 631
11 39 58 80 113 128 154 197 221 229 260 295 334 356 369 391 404
 425 468 492 520 525 562 594 609 638
4 36 55 65 107 137 161 199 207 232 268 299 324 350 373 392 403
 425 459 488 523 533 557 579 610 625
19 35 45 74 115 139 157 195 216 226 274 299 333 342 370 391 401
 429 451 490 521 526 573 588 604 639
14 33 82 98 119 133 164 180 202 248 262 298 312 336 350 383 418
 437 455 472 516 537 556 594 617 639
18 24 74 99 103 138 167 179 204 248 263 297 310 331 353 369 405
 449 462 473 514 534 564 584 607 625
12 39 66 96 111 129 152 182 201 247 256 297 312 337 346 366 414
 440 451 471 503 542 565 589 610 636
19 36 78 97 117 125 165 176 202 247 255 295 310 330 349 378 411
 433 463 474 518 538 572 578 618 643
10 29 68 95 101 130 153 181 201 245 260 296 310 326 347 370 415
 431 459 472 500 531 560 582 619 642
0 30 77 95 116 134 169 175 204 246 258 299 312 338 354 380 417
 438 468 474 509 527 559 577 614 627
15 22 70 99 107 136 166 184 203 245 261 295 312 335 357 372 420
 443 464 470 512 532 574 588 601 629
11 34 71 96 108 131 150 194 200 246 274 298 310 327 343 384 407
 435 454 470 504 529 555 579 602 628
16 28 69 97 113 127 157 188 203 246 269 297 311 321 359 367 421
 448 450 472 519 533 563 592 613 631
9 31 80 98 112 142 156 192 203 249 267 299 310 329 348 379 412
 446 461 471 515 544 567 581 615 637
3 26 65 96 118 139 158 186 203 248 272 296 309 332 358 375 413
 430 465 474 511 525 570 586 608 641
17 21 76 99 109 141 162 185 201 249 266 298 311 323 356 382 422
 434 453 474 513 543 557 585 604 635
8 38 67 95 100 137 151 190 200 248 273 295 311 325 342 377 409
 444 457 471 510 539 561 590 616 644
5 20 75 98 104 126 163 187 201 246 259 295 309 340 355 373 423
 432 456 473 507 541 573 575 603 630
1 37 72 95 106 128 155 183 202 249 268 297 309 333 345 368 419
 447 469 470 501 528 558 587 606 634
13 35 84 97 105 140 161 178 200 249 257 296 312 339 344 376 408
 441 466 473 508 530 569 583 605 638
4 27 79 97 110 132 159 191 204 245 270 298 309 328 352 381 424
 436 452 471 517 526 562 591 612 632
7 32 73 98 115 144 168 193 204 247 264 296 311 324 351 371 416
 442 458 470 506 535 571 580 609 633
2 23 81 99 102 143 160 189 200 247 265 299 309 334 341 385 406
 439 467 472 505 540 566 593 611 640
6 25 83 96 114 135 154 177 202 245 271 299 311 322 360 374 410
 445 460 473 502 536 568 576 600 626
38 54 85 94 117 126 153 184 208 233 252 299 302 332 343 388 408
 437 458 487 503 528 562 585 607 631
32 63 87 90 101 139 156 178 215 232 254 298 302 334 353 387 417
 440 460 493 512 541 558 592 618 644
28 55 86 93 103 128 165 182 222 240 250 296 302 340 348 386 420
 438 457 491 516 526 566 576 602 635
33 48 86 90 110 141 163 194 219 237 251 299 303 325 345 390 411
 449 464 478 500 535 563 589 608 638
26 58 89 92 105 130 152 193 209 241 250 299 304 331 357 387 421
 444 469 482 513 529 572 575 617 632
30 47 89 94 102 135 155 192 210 228 254 296 303 321 352 389 405
 435 451 485 518 539 557 594 603 629
37 59 87 94 111 138 169 188 212 226 251 295 304 329 350 386 410
 434 467 481 506 531 555 591 605 641
34 49 87 92 109 133 154 191 211 238 252 296 301 338 342 390 406
 432 461 475 501 542 574 578 613 625
21 64 89 91 108 132 167 180 214 225 253 295 302 333 347 390 414
 441 450 488 509 540 570 580 615 626
27 45 85 93 119 131 161 185 206 236 254 297 304 326 354 390 416
 445 465 492 510 538 567 593 601 630
39 62 85 92 106 127 158 179 217 239 253 298 303 324 355 386 415
 433 466 477 515 536 561 588 611 627
20 60 88 90 107 125 164 190 221 235 253 296 304 327 346 388 422
 448 452 490 502 544 564 587 614 640
22 46 87 91 104 137 160 176 224 234 250 297 303 322 358 388 412
 431 468 484 504 543 571 583 612 639
25 56 88 92 112 143 150 175 207 230 251 297 302 328 349 389 418
 443 453 479 508 525 573 590 619 633
24 51 88 91 113 129 162 183 220 227 254 299 301 336 351 386 424
 430 454 494 507 532 569 582 616 643
31 50 85 90 114 134 168 189 213 244 250 295 301 339 359 389 413
 447 459 483 517 537 565 584 604 628
23 57 86 91 116 142 166 177 216 229 252 298 304 330 344 389 409
 442 456 476 519 534 560 586 610 634
35 61 88 93 118 144 159 181 223 242 252 295 303 323 341 387 407
 446 455 486 514 533 568 577 606 636
36 52 89 93 100 136 157 187 205 243 251 298 301 337 360 388 419
 439 462 480 511 530 559 581 609 642
29 53 86 94 115 140 151 186 218 231 253 297 301 335 356 387 423
 436 463 489 505 527 556 579 600 637
6 42 59 65 115 128 156 198 213 230 252 291 312 363 378 395 424
 435 450 478 510 543 564 575 611 642
1 44 52 68 118 125 152 196 217 226 254 290 311 363 383 397 412
 438 456 479 517 540 574 579 607 638
3 40 50 71 110 142 161 197 223 241 253 276 311 362 372 395 405
 440 467 491 507 528 559 578 619 639
17 43 60 81 114 126 150 197 211 225 254 284 312 365 370 398 419
 449 457 477 506 533 572 586 612 637
5 41 53 80 102 130 166 198 224 235 251 293 311 365 366 396 407
 437 465 488 501 526 569 584 618 627
2 42 49 74 106 131 169 199 210 229 250 280 311 361 376 398 411
 443 452 487 511 541 556 582 615 636
8 41 57 72 113 143 165 195 205 233 253 294 312 361 384 397 413
 431 460 486 513 535 567 591 603 625
7 40 45 75 100 132 153 196 218 232 250 289 312 364 369 396 406
 446 453 485 519 536 555 587 608 643
14 43 56 73 105 135 159 199 206 237 253 279 310 363 368 396 409
 432 468 480 503 532 566 592 604 641
19 41 48 84 101 133 151 197 208 243 250 278 309 363 374 399 414
 448 454 481 515 534 557 577 601 633
10 40 62 77 112 129 168 199 215 231 252 282 309 365 382 397 420
 444 462 490 504 538 563 594 605 626
4 43 51 78 104 138 164 195 219 236 252 287 311 364 380 399 415
 441 469 493 505 525 565 581 602 629
12 44 64 83 116 141 155 195 212 239 250 283 310 365 373 395 416
 430 455 489 512 530 562 590 613 640
13 40 54 69 111 137 158 198 209 242 254 281 310 361 385 399 422
 436 464 475 509 537 573 576 609 634
16 44 58 79 109 139 167 199 220 240 251 277 312 362 379 399 423
 433 458 484 502 539 560 593 606 628
0 42 63 67 107 144 160 197 216 228 251 288 310 364 381 397 421
 447 466 494 516 542 570 585 600 630
9 42 46 82 108 136 154 195 207 244 254 275 309 362 367 396 408
 442 463 482 514 531 561 589 614 635
18 44 47 70 117 134 157 198 222 227 253 286 309 364 371 398 418
 434 461 492 500 529 568 583 610 644
11 43 61 66 103 140 162 196 214 238 251 292 309 361 377 395 417
 445 459 476 518 544 571 588 617 631
15 41 55 76 119 127 163 196 221 234 252 285 310 362 375 398 410
 439 451 483 508 527 558 580 616 632
27 63 68 94 120 142 162 187 221 239 265 279 312 333 358 367 411
 444 475 496 523 545 568 584 602 633
23 54 78 93 122 130 154 183 212 237 272 288 312 328 355 382 405
 448 483 499 521 549 571 579 615 644
37 56 80 90 124 131 157 186 209 234 270 283 312 340 341 377 415
 442 494 495 522 546 557 578 607 626
22 50 83 92 124 144 165 180 219 226 257 293 309 337 354 369 422
 435 487 499 523 548 560 592 616 637
34 57 77 94 124 136 159 179 220 232 255 284 311 326 348 375 414
 447 478 498 520 549 573 583 617 640
21 62 72 94 121 139 164 177 207 243 264 292 310 325 359 372 406
 438 492 499 522 547 569 575 612 636
36 59 66 92 121 134 163 181 218 225 267 294 311 327 353 381 408
 430 484 496 521 546 566 594 601 634
28 46 75 90 122 143 152 185 214 231 271 286 310 324 342 376 424
 437 481 496 520 548 559 586 606 629
32 47 81 91 124 128 161 190 208 238 269 282 310 323 360 383 423
 443 482 497 521 545 565 591 608 627
20 64 71 92 123 138 151 189 216 242 268 285 312 332 352 371 412
 445 480 497 520 547 563 582 618 635
31 58 84 93 120 129 160 194 211 233 263 291 311 330 347 373 418
 436 485 497 522 548 558 588 614 641
24 45 82 90 123 140 155 176 205 230 260 277 311 329 343 385 420
 432 477 499 524 545 570 577 610 632
38 61 65 92 120 132 166 188 222 244 266 278 310 322 351 380 419
 440 490 495 524 549 556 593 603 638
26 55 74 91 121 125 168 191 206 228 259 281 312 334 345 374 407
 434 489 498 524 548 561 581 619 631
29 60 70 91 122 133 158 192 213 240 274 289 311 331 349 368 417
 439 486 495 523 547 562 589 605 630
35 49 76 91 123 135 153 182 217 235 258 276 309 335 350 378 421
 449 493 496 522 549 567 590 609 628
25 48 79 93 123 126 169 193 215 227 273 275 310 321 356 366 413
 441 476 498 523 546 574 587 611 639
39 53 73 90 120 137 167 175 210 236 261 290 309 336 344 384 410
 446 491 498 521 547 572 585 613 642
33 52 67 94 122 127 150 178 223 229 256 287 309 338 357 379 416
 431 488 497 524 546 564 576 604 643
30 51 69 93 121 141 156 184 224 241 262 280 309 339 346 370 409
 433 479 495 520 545 555 580 600 625
40 56 65 94 114 147 163 176 204 236 273 286 314 334 346 383 421
 426 454 486 501 530 560 588 615 635
41 63 75 93 115 148 155 179 200 229 269 292 314 332 350 380 422
 428 461 484 517 532 572 589 619 626
42 64 81 90 109 146 158 181 202 226 264 278 314 328 357 366 409
 425 462 485 507 527 567 583 602 631
42 53 77 92 101 147 164 185 203 234 274 277 313 339 345 373 405
 428 457 476 503 540 568 591 609 643
42 60 80 94 104 145 167 182 200 238 268 281 316 330 351 382 413
 429 455 479 500 536 559 592 601 632
41 47 67 90 116 145 162 191 203 240 262 276 315 322 347 369 408
 426 469 480 506 538 573 579 611 636
44 57 74 92 102 148 153 178 202 243 272 279 316 329 356 377 424
 426 464 491 504 533 565 580 614 630
44 61 69 94 105 146 154 189 201 225 258 293 315 324 349 384 420
 428 452 494 510 534 558 581 608 639
40 48 73 92 119 149 157 183 200 233 256 280 315 323 348 378 417
 425 456 489 502 531 570 584 612 629
43 58 71 90 118 149 165 184 204 227 259 288 316 326 360 367 406
 428 451 488 515 543 556 590 605 634
42 62 83 91 111 148 151 187 204 232 261 287 315 321 343 370 418
 427 465 483 513 544 566 578 606 638
44 54 72 91 100 149 159 194 203 241 266 275 314 340 354 376 410
 429 459 477 505 542 564 594 618 633
43 55 79 92 113 145 160 192 201 235 271 282 314 333 344 372 416
 427 463 478 511 537 555 577 607 644
40 59 68 93 106 146 150 180 203 244 270 285 316 331 342 374 423
 427 468 493 518 535 569 585 610 640
43 50 82 91 112 146 152 188 200 242 263 294 313 338 355 375 411
 426 458 492 512 526 557 587 600 642
41 45 78 91 110 147 156 175 201 231 265 283 316 327 359 371 419
 425 466 487 514 539 574 576 617 641
43 46 76 93 107 147 168 186 202 230 257 290 315 325 353 379 414
 429 467 475 519 529 562 582 603 627
40 52 84 90 117 148 169 177 201 239 267 284 313 335 352 368 407
 429 450 482 516 525 571 593 616 625
41 51 70 94 103 149 161 193 202 237 260 291 313 337 341 381 412
 427 453 490 509 541 561 586 613 628
44 49 66 93 108 145 166 190 204 228 255 289 313 336 358 385 415
 425 460 481 508 528 563 575 604 637
3 22 63 74 114 145 174 194 205 249 252 290 324 352 366 394 423
 448 492 495 509 531 566 590 617 643
8 34 46 65 116 146 174 183 206 247 251 289 335 359 370 393 422
 441 491 497 515 541 568 594 607 632
16 31 62 75 105 147 170 191 216 248 254 294 337 356 378 393 410
 443 488 495 500 528 571 577 602 640
6 36 47 79 111 149 172 186 221 249 250 284 338 351 384 393 409
 437 493 499 514 540 563 588 619 630
7 24 61 81 119 145 173 187 212 245 253 291 339 342 379 393 421
 438 487 498 504 525 557 589 618 634
0 27 50 69 101 149 170 190 214 247 252 283 329 357 368 391 418
 449 484 498 511 536 569 579 603 635
5 39 54 71 115 146 170 192 220 245 250 287 325 341 383 394 419
 434 476 496 508 538 570 592 614 625
18 32 59 82 102 147 174 184 223 246 250 292 333 349 382 392 415
 436 480 498 502 542 567 586 616 638
12 20 51 73 108 147 173 177 208 249 251 281 331 354 375 391 420
 431 485 496 517 533 556 578 611 644
10 21 58 70 106 145 172 175 219 247 254 278 332 348 377 392 407
 432 483 496 519 530 564 591 600 639
17 29 48 72 107 148 171 189 209 246 252 277 336 360 369 393 416
 440 479 496 518 526 561 583 615 641
13 23 53 76 117 145 171 188 207 248 250 279 326 346 381 391 417
 435 477 497 507 535 574 581 606 626
1 33 55 80 100 147 171 181 211 247 253 280 321 358 380 394 424
 445 482 499 512 534 573 585 605 628
14 37 49 67 112 148 174 193 222 245 254 285 327 344 373 391 414
 433 486 499 505 543 559 584 608 631
9 28 57 84 104 149 171 180 217 245 251 282 334 343 371 392 405
 430 475 495 510 527 572 587 604 636
2 35 56 78 109 149 173 179 218 246 254 293 322 345 372 394 413
 444 481 497 516 544 562 580 610 642
15 26 52 83 103 146 172 185 215 246 253 288 330 350 385 391 408
 446 478 495 501 539 565 582 612 633
11 38 45 77 118 148 170 182 224 249 253 275 328 353 374 392 411
 439 494 497 506 537 560 575 613 629
19 25 60 66 110 146 173 178 210 248 252 286 340 347 367 392 412
 447 489 499 513 532 555 593 609 627
4 30 64 68 113 148 172 176 213 248 251 276 323 355 376 394 406
 442 490 498 503 529 558 576 601 637
3 32 64 66 106 136 153 185 221 237 273 281 300 322 359 379 418
 435 456 494 505 526 572 577 605 625
7 35 46 80 114 138 158 184 222 243 256 282 300 336 354 381 411
 432 450 476 513 539 558 579 619 640
8 22 62 68 115 131 163 182 214 227 262 278 300 338 344 385 405
 447 453 482 502 533 562 581 618 641
0 31 52 72 111 132 154 176 219 235 274 280 300 326 353 371 423
 444 455 491 508 532 557 586 611 631
6 30 61 71 109 125 160 178 208 231 261 275 300 337 350 368 415
 430 457 492 519 535 573 584 615 632
5 38 56 82 110 129 165 177 212 228 269 285 300 324 356 370 417
 446 469 475 511 540 564 583 601 628
16 39 48 78 100 142 155 180 207 238 258 286 300 339 357 375 407
 436 460 490 506 543 566 582 607 630
14 34 53 75 107 128 162 181 217 241 263 287 300 329 349 374 413
 442 451 487 509 530 563 593 612 644
1 28 63 77 102 133 167 193 206 242 266 283 300 325 360 378 408
 431 452 483 507 525 555 588 610 637
13 29 51 79 119 143 168 179 210 226 267 276 300 330 343 377 419
 448 468 488 512 542 568 575 608 635
18 37 60 76 108 144 152 187 218 233 272 277 300 334 352 380 409
 443 459 478 515 538 569 576 613 639
9 23 45 73 101 127 169 191 220 225 268 291 300 340 358 372 422
 437 462 486 518 529 565 590 600 638
10 26 57 67 117 141 161 189 211 230 270 289 300 333 355 366 410
 438 454 484 514 544 556 592 609 629
12 24 50 65 105 126 157 192 224 229 255 290 300 327 347 382 406
 445 464 493 516 527 561 591 606 633
17 33 47 74 113 130 159 175 215 244 257 292 300 335 346 373 412
 439 458 481 510 536 570 578 602 634
15 36 49 81 116 139 151 194 223 236 260 293 300 331 348 367 424
 434 466 479 503 537 571 587 603 626
2 25 55 70 104 140 156 188 209 239 264 288 300 323 342 384 414
 449 465 480 517 528 560 594 614 643
19 20 58 69 103 135 166 186 213 232 265 294 300 328 345 383 416
 441 461 477 504 531 559 585 616 636
4 21 54 84 118 134 150 190 216 234 271 279 300 321 351 369 420
 433 467 489 501 541 567 589 617 642
11 27 59 83 112 137 164 183 205 240 259 284 300 332 341 376 421
 440 463 485 500 534 574 580 604 627
125 134 139 141 147 229 233 238 242 245 276 278 284 288 297 324 329
 336 340 396 427 435 439 441 444 650
126 135 138 140 148 234 240 241 244 247 281 286 291 293 298 325 326
 333 338 397 425 430 443 446 448 650
129 132 137 142 145 226 230 237 243 246 275 283 287 294 296 323 331
 334 335 398 428 433 437 445 447 650
127 130 133 143 146 227 228 232 236 249 277 279 280 282 295 322 327
 332 337 395 429 436 438 442 449 650
128 131 136 144 149 225 231 235 239 248 285 289 290 292 299 321 328
 330 339 399 426 431 432 434 440 650
151 163 165 166 171 230 238 239 241 249 254 256 271 272 274 341 347
 350 359 364 452 458 462 468 498 649
150 159 162 164 173 226 228 231 233 247 250 258 260 268 273 344 353
 355 360 362 450 461 464 465 495 649
153 158 161 168 170 225 227 229 234 246 251 261 263 265 266 342 346
 348 352 363 455 460 463 469 499 649
154 156 160 169 174 236 240 242 243 248 253 255 257 269 270 343 345
 351 357 365 451 453 456 459 496 649
152 155 157 167 172 232 235 237 244 245 252 259 262 264 267 349 354
 356 358 361 454 457 466 467 497 649
100 109 113 114 115 210 217 219 223 224 259 265 268 270 272 304 310
 313 318 393 408 414 417 418 420 650
102 104 106 110 118 207 208 214 215 222 255 260 263 267 274 301 312
 315 320 394 409 410 416 421 422 650
101 103 108 112 117 206 209 212 216 221 256 257 258 261 262 303 311
 314 317 392 406 413 419 423 424 650
105 107 111 116 119 205 211 213 218 220 264 266 269 271 273 302 309
 316 319 391 405 407 411 412 415 650
175 187 188 194 195 202 206 208 213 217 280 284 285 286 296 369 372
 382 385 387 471 476 484 488 494 649
176 182 189 193 198 203 207 220 221 223 282 288 290 294 298 368 370
 377 380 390 473 481 485 487 489 649
179 180 186 190 196 201 211 212 215 224 277 278 281 287 299 367 376
 378 381 389 470 480 486 491 492 649
178 183 185 192 199 204 216 218 219 222 276 283 291 292 295 366 374
 375 384 388 472 475 477 479 482 649
177 181 184 191 197 200 205 209 210 214 275 279 289 293 297 371 373
 379 383 386 474 478 483 490 493 649
120 121 122 123 124 200 201 202 203 204 250 251 252 253 254 300 305
 306 307 308 400 401 402 403 404 650
100 103 118 119 124 322 329 334 338 366 370 373 382 389 399 450 452
 463 466 496 528 529 532 535 547 647
105 106 109 112 122 325 330 335 340 369 371 380 381 388 395 451 454
 460 465 498 531 533 537 540 545 647
104 108 113 116 120 324 326 332 339 368 374 378 383 387 398 453 462
 464 467 499 526 539 542 544 546 647
101 107 110 114 121 321 331 333 337 376 377 384 385 386 396 455 456
 458 461 497 525 527 538 543 549 647
102 111 115 117 123 323 327 328 336 367 372 375 379 390 397 457 459
 468 469 495 530 534 536 541 548 647
177 182 186 194 199 321 326 334 336 342 349 355 357 364 395 400 408
 412 419 422 577 580 584 591 596 648
175 181 183 190 198 322 331 339 340 343 350 352 356 362 397 402 406
 411 414 416 581 586 588 592 595 648
176 178 188 191 196 324 327 333 335 341 348 354 360 365 399 404 405
 409 413 418 575 582 585 589 598 648
180 187 192 193 197 323 330 332 338 345 346 353 359 361 396 401 410
 415 420 424 579 583 590 593 597 648
179 184 185 189 195 325 328 329 337 344 347 351 358 363 398 403 407
 417 421 423 576 578 587 594 599 648
127 135 137 141 144 307 312 316 317 343 347 348 349 353 393 476 481
 482 490 492 501 505 507 511 517 647
125 130 131 138 142 306 309 315 318 342 351 356 359 360 392 477 478
 484 485 486 503 508 509 512 516 647
126 128 132 139 143 308 311 313 319 344 346 350 354 357 394 475 480
 483 489 494 500 504 514 515 518 647
129 133 134 136 140 305 310 314 320 341 345 352 355 358 391 479 487
 488 491 493 502 506 510 513 519 647
150 153 156 165 167 304 308 315 317 366 372 376 380 383 391 430 432
 436 439 447 557 561 563 568 571 648
151 154 157 162 168 303 305 316 318 368 373 375 381 385 394 437 438
 440 441 443 555 560 564 567 572 648
155 158 159 160 163 302 307 313 320 369 370 378 379 384 392 434 442
 444 445 448 556 559 565 569 574 648
152 161 164 166 169 301 306 314 319 367 371 374 377 382 393 431 433
 435 446 449 558 562 566 570 573 648
145 146 147 148 149 300 301 302 303 304 361 362 363 364 365 470 471
 472 473 474 520 521 522 523 524 647
170 171 172 173 174 300 309 310 311 312 386 387 388 389 390 425 426
 427 428 429 550 551 552 553 554 648
