625 626 627 628 629 630 631 632 633 634 635 636 637 638 639 640 641
 642 643 644 645 646 647 648 649 650
71 72 74 76 79 130 131 135 138 139 275 276 277 278 279 290 291
 292 293 294 462 467 475 498 503 628
70 73 75 77 78 132 133 134 136 137 270 271 272 273 274 295 296
 297 298 299 463 466 474 499 502 628
60 61 62 63 64 125 126 127 128 129 260 261 262 263 264 285 286
 287 288 289 460 464 473 497 501 628
65 66 67 68 69 120 121 122 123 124 265 266 267 268 269 280 281
 282 283 284 461 465 472 496 500 628
170 171 172 173 174 215 216 217 218 219 375 376 377 378 379 410 412
 414 417 418 461 467 471 499 501 627
175 176 177 178 179 200 201 202 203 204 365 366 367 368 369 400 401
 402 403 404 463 465 470 497 503 627
160 161 162 163 164 205 206 207 208 209 360 361 362 363 364 411 413
 415 416 419 462 464 468 496 502 627
165 166 167 168 169 210 211 212 213 214 370 371 372 373 374 405 406
 407 408 409 460 466 469 498 500 627
155 156 157 158 159 185 186 187 188 189 341 343 344 345 349 435 436
 437 438 439 466 471 473 496 503 629
140 141 142 143 144 195 196 197 198 199 350 351 352 353 354 425 426
 427 428 429 464 470 475 499 500 629
145 146 147 148 149 180 181 182 183 184 340 342 346 347 348 420 421
 422 423 424 465 468 474 498 501 629
150 151 152 153 154 190 191 192 193 194 355 356 357 358 359 430 431
 432 433 434 467 469 472 497 502 629
95 96 97 98 99 315 316 317 318 319 325 326 327 328 329 380 381
 382 383 384 462 465 469 473 499 625
80 81 82 83 84 305 306 307 308 309 330 331 332 333 334 385 386
 387 388 389 463 464 471 472 498 625
90 91 92 93 94 310 311 312 313 314 335 336 337 338 339 390 391
 392 393 394 460 467 470 474 496 625
85 86 87 88 89 300 301 302 303 304 320 321 322 323 324 395 396
 397 398 399 461 466 468 475 497 625
115 116 117 118 119 235 236 237 238 239 255 256 257 258 259 440 441
 442 443 444 461 464 469 474 503 626
100 101 102 103 104 220 221 222 223 224 245 246 247 248 249 445 446
 447 448 449 460 465 471 475 502 626
110 111 112 113 114 230 231 232 233 234 250 251 252 253 254 450 451
 452 453 454 462 466 470 472 501 626
105 106 107 108 109 225 226 227 228 229 240 241 242 243 244 455 456
 457 458 459 463 467 468 473 500 626
62 67 72 78 403 409 417 419 424 428 434 439 443 448 454 458 482
 485 490 494 528 546 568 578 583 625
63 69 70 74 401 407 414 416 421 427 433 435 441 449 451 456 481
 483 486 492 527 545 566 576 579 625
60 66 75 79 402 405 415 418 423 425 431 437 440 445 453 455 476
 479 487 495 526 548 565 575 580 625
61 68 71 73 404 406 411 412 420 426 432 438 444 446 450 457 478
 484 488 491 524 547 564 577 582 625
64 65 76 77 400 408 410 413 422 429 430 436 442 447 452 459 477
 480 489 493 525 544 567 574 581 625
23 27 31 37 140 147 151 158 222 226 234 235 262 267 273 276 361
 369 371 377 506 522 531 562 572 625
24 26 30 34 144 145 153 157 221 229 233 238 263 265 270 278 364
 367 370 378 505 521 532 561 571 625
22 25 33 39 143 146 150 159 223 225 232 239 261 266 272 275 362
 365 374 376 504 520 529 559 570 625
21 28 32 36 141 148 154 156 220 227 230 237 264 269 274 279 360
 366 372 375 508 519 530 560 569 625
20 29 35 38 142 149 152 155 224 228 231 236 260 268 271 277 363
 368 373 379 507 523 533 563 573 625
464 465 466 467 504 505 506 507 508 509 510 511 512 513 524 525 526
 527 528 554 555 556 557 558 584 630
460 461 462 463 544 545 546 547 548 559 560 561 562 563 584 595 596
 597 598 599 600 601 602 603 604 629
23 29 30 36 82 85 92 96 120 128 130 134 242 249 250 257 403
 408 411 414 509 516 537 565 570 629
21 25 34 35 84 87 93 95 123 125 131 137 244 245 251 258 404
 405 413 417 511 515 535 566 572 629
22 26 31 32 83 89 90 97 124 126 133 139 241 248 253 259 401
 406 418 419 510 514 538 567 573 629
24 27 38 39 81 88 91 98 122 127 135 136 240 247 252 255 400
 407 412 415 513 518 536 568 569 629
20 28 33 37 80 86 94 99 121 129 132 138 243 246 254 256 402
 409 410 416 512 517 534 564 571 629
472 473 474 475 549 550 551 552 553 569 570 571 572 573 574 575 576
 577 578 584 585 586 587 588 589 627
17 27 40 86 116 131 149 160 186 200 230 249 263 299 317 330 359
 376 392 500 527 548 567 577 583 648
12 31 57 98 110 125 150 167 181 216 224 243 274 280 311 323 352
 364 388 503 527 547 565 578 581 639
7 33 53 95 114 128 152 168 183 218 221 240 273 282 314 324 351
 360 389 503 526 546 567 576 582 636
8 37 59 82 108 123 156 172 197 214 238 253 275 286 301 338 342
 368 381 502 527 544 568 575 582 633
1 22 47 94 102 134 141 179 193 208 228 258 265 291 306 328 343
 371 396 501 526 545 568 577 581 646
19 24 45 93 100 132 143 175 191 206 227 259 267 294 308 326 349
 373 395 501 524 544 565 576 583 643
0 32 52 84 109 122 157 174 198 213 236 250 276 287 302 337 346
 365 383 502 528 548 564 576 581 635
6 28 42 89 117 135 146 164 189 203 233 245 260 297 316 332 357
 377 391 500 528 545 565 574 582 644
4 35 56 80 107 124 159 173 199 212 235 252 278 285 304 339 347
 366 384 502 525 546 565 577 579 631
5 34 54 97 112 129 154 169 184 217 222 242 271 281 313 320 353
 362 385 503 524 548 568 574 579 638
3 21 46 92 104 136 142 176 192 209 226 256 266 293 305 327 341
 370 398 501 528 547 567 575 579 649
13 25 43 88 115 130 145 161 185 201 234 248 264 298 315 333 355
 379 393 500 526 544 564 578 579 647
10 23 48 90 103 137 144 178 194 207 225 255 268 292 309 329 344
 372 399 501 527 546 564 574 580 641
16 39 50 83 105 120 158 170 196 211 237 254 277 289 303 336 348
 367 380 502 526 547 566 574 583 632
18 38 51 96 111 126 153 165 180 215 220 244 272 284 312 321 354
 361 387 503 525 545 564 575 583 640
9 29 44 87 118 139 148 162 188 204 232 246 262 296 318 331 356
 378 390 500 525 547 568 576 580 645
11 36 55 99 113 127 151 166 182 219 223 241 270 283 310 322 350
 363 386 503 528 544 566 577 580 637
15 30 58 81 106 121 155 171 195 210 239 251 279 288 300 335 340
 369 382 502 524 545 567 578 580 634
2 26 41 85 119 138 147 163 187 202 231 247 261 295 319 334 358
 375 394 500 524 546 566 575 581 642
14 20 49 91 101 133 140 177 190 205 229 257 269 290 307 325 345
 374 397 501 525 548 566 578 582 650
44 47 54 59 84 89 92 99 101 106 110 115 361 367 373 376 421
 426 430 437 546 557 569 593 613 628
41 49 50 55 82 86 90 98 100 109 114 118 362 366 370 379 423
 428 432 436 545 558 572 592 610 628
40 46 53 58 80 87 91 96 103 105 112 117 364 365 371 375 420
 425 433 439 544 556 573 591 612 628
43 48 51 52 81 85 93 97 102 107 113 116 360 368 374 377 424
 429 431 435 547 555 571 590 611 628
42 45 56 57 83 88 94 95 104 108 111 119 363 369 372 378 422
 427 434 438 548 554 570 594 614 628
468 469 470 471 514 515 516 517 518 529 530 531 532 533 579 580 581
 582 583 584 620 621 622 623 624 628
22 27 35 36 63 66 76 78 104 105 110 118 300 308 313 319 342
 345 351 357 555 561 564 618 621 627
21 26 37 38 61 67 74 77 101 109 112 116 303 306 314 315 340
 344 350 356 554 559 565 619 620 627
23 28 34 39 62 69 73 79 100 108 113 115 304 307 312 318 343
 346 352 358 556 563 567 617 624 627
24 29 32 33 64 68 72 75 102 106 111 117 301 309 311 317 341
 347 353 355 558 562 566 616 622 627
20 25 30 31 60 65 70 71 103 107 114 119 302 305 310 316 348
 349 354 359 557 560 568 615 623 627
21 27 30 33 203 207 211 217 280 287 291 295 322 326 333 338 423
 426 434 435 525 541 573 597 624 626
24 28 31 35 202 209 214 215 283 288 292 296 320 325 330 337 421
 429 432 439 526 542 570 598 620 626
23 25 32 38 200 208 212 219 282 286 290 297 323 327 331 336 422
 428 433 437 524 539 571 595 621 626
22 29 34 37 201 205 210 216 284 289 294 299 324 329 334 339 420
 427 431 436 528 540 569 596 623 626
20 26 36 39 204 206 213 218 281 285 293 298 321 328 332 335 424
 425 430 438 527 543 572 599 622 626
500 501 502 503 534 535 536 537 538 539 540 541 542 543 584 610 611
 612 613 614 615 616 617 618 619 625
23 40 67 99 107 139 146 176 190 215 237 251 271 333 351 395 415
 438 460 492 521 540 551 558 581 633
33 50 78 89 103 123 157 166 181 200 227 257 262 335 358 387 412
 429 462 479 523 540 549 554 579 646
24 41 65 96 108 131 148 177 194 216 236 254 273 332 350 396 419
 437 460 491 520 541 550 555 579 634
26 45 62 84 114 134 142 164 185 211 220 243 275 325 347 392 400
 433 461 488 522 540 552 555 580 638
38 56 70 86 102 120 156 167 183 201 226 259 261 337 357 385 417
 426 462 477 521 543 550 556 580 650
22 43 69 98 106 138 149 178 191 217 235 250 270 331 354 398 413
 439 460 495 519 543 552 554 582 632
39 53 71 93 118 126 154 171 199 205 233 249 268 322 341 381 409
 421 463 476 522 539 550 554 581 647
30 54 74 90 117 127 150 172 198 209 234 246 269 324 343 384 405
 422 463 478 523 543 551 555 583 642
37 57 76 91 115 128 153 173 196 208 231 245 266 320 349 383 406
 424 463 483 519 541 549 558 580 648
35 51 72 92 119 129 151 174 195 206 230 248 265 323 344 380 407
 423 463 480 520 540 553 556 582 645
32 55 79 94 116 125 152 170 197 207 232 247 267 321 345 382 408
 420 463 485 521 542 552 557 579 644
27 48 60 83 112 132 141 161 187 210 223 244 278 327 346 390 403
 430 461 486 523 542 550 558 582 639
28 46 63 82 111 133 144 160 188 212 222 240 277 326 340 393 404
 431 461 490 520 543 549 557 581 637
21 42 68 97 105 130 147 175 193 218 238 252 272 330 352 397 416
 436 460 494 523 539 553 557 580 635
36 52 77 87 100 121 159 165 184 202 228 255 263 336 355 388 418
 427 462 482 522 541 551 557 582 649
34 58 75 88 101 124 158 168 180 204 225 256 260 338 359 386 414
 428 462 484 519 542 553 555 581 643
29 49 61 81 110 137 143 163 186 214 221 241 276 328 348 391 402
 434 461 489 519 539 551 556 579 640
25 47 64 80 113 136 140 162 189 213 224 242 279 329 342 394 401
 432 461 487 521 541 553 554 583 636
31 59 73 85 104 122 155 169 182 203 229 258 264 339 356 389 410
 425 462 481 520 539 552 558 583 641
20 44 66 95 109 135 145 179 192 219 239 253 274 334 353 399 411
 435 460 493 522 542 549 556 583 631
496 497 498 499 519 520 521 522 523 564 565 566 567 568 584 590 591
 592 593 594 605 606 607 608 609 626
12 13 14 15 221 225 231 235 321 326 330 336 341 346 350 357 401
 405 410 411 508 540 568 587 603 628
5 6 10 16 223 227 234 238 323 328 334 337 345 347 354 356 404
 409 414 415 507 541 567 588 602 628
1 4 11 17 224 226 232 237 324 325 332 338 340 349 353 358 403
 407 413 418 505 539 564 586 601 628
2 3 8 18 222 229 230 236 322 329 331 335 343 348 351 355 400
 406 416 417 504 542 565 585 604 628
0 7 9 19 220 228 233 239 320 327 333 339 342 344 352 359 402
 408 412 419 506 543 566 589 600 628
3 9 12 16 241 249 252 258 260 269 273 275 383 387 393 399 423
 427 430 439 517 521 524 601 611 627
0 5 14 17 244 247 253 256 262 268 270 279 384 388 391 395 424
 426 433 436 516 520 526 604 614 627
8 11 13 19 242 245 254 255 261 265 274 276 382 389 392 398 421
 428 431 438 514 523 525 602 612 627
1 6 15 18 240 246 250 259 264 266 271 278 380 386 394 397 420
 429 434 437 515 522 527 600 610 627
2 4 7 10 243 248 251 257 263 267 272 277 381 385 390 396 422
 425 432 435 518 519 528 603 613 627
42 48 50 54 121 128 131 136 143 145 151 156 321 325 331 339 441
 448 453 457 507 538 581 591 597 627
44 45 52 53 120 127 133 138 141 146 153 155 323 329 330 338 444
 447 454 455 506 535 579 592 599 627
43 49 57 58 123 129 134 139 144 147 152 159 322 327 332 337 442
 445 450 456 508 536 583 593 596 627
40 47 55 56 122 126 130 137 142 148 150 158 320 326 334 335 440
 449 452 458 505 534 582 590 595 627
41 46 51 59 124 125 132 135 140 149 154 157 324 328 333 336 443
 446 451 459 504 537 580 594 598 627
24 42 62 82 141 162 226 248 268 295 303 335 359 374 383 410 420
 451 495 503 511 551 593 602 621 631
28 45 68 96 145 178 231 258 262 293 314 322 345 376 385 407 428
 459 487 502 510 551 590 600 623 639
23 43 60 80 143 164 228 247 269 299 300 338 356 370 380 417 421
 452 491 503 510 549 594 603 622 635
34 59 74 91 151 170 224 250 272 288 305 326 347 360 399 402 438
 442 482 500 510 550 592 604 621 646
32 51 77 86 155 168 235 242 275 283 319 332 352 367 390 415 434
 449 478 501 511 549 591 604 623 647
39 55 78 87 156 169 236 243 278 282 317 333 354 369 391 411 431
 447 483 501 510 553 593 601 620 642
33 58 71 90 153 174 222 252 274 289 307 328 342 363 395 403 437
 441 477 500 511 552 590 603 620 649
29 47 66 98 146 175 234 256 263 290 310 321 344 375 389 406 429
 456 490 502 511 550 594 601 624 638
30 53 75 89 159 167 237 244 276 281 318 334 350 368 393 416 432
 448 480 501 513 552 594 600 621 648
35 57 70 85 158 166 238 240 279 284 315 331 353 365 392 419 430
 446 476 501 512 551 592 603 624 644
27 46 67 97 148 179 233 257 261 292 312 323 349 379 386 405 427
 457 489 502 512 552 593 604 622 636
37 54 73 88 157 165 239 241 277 280 316 330 351 366 394 413 433
 445 485 501 509 550 590 602 622 645
36 50 79 93 150 173 221 253 271 287 309 327 340 361 396 400 439
 444 481 500 512 553 594 602 623 650
25 48 69 99 147 177 230 259 260 291 313 324 341 378 388 408 425
 458 488 502 513 549 592 602 620 640
31 56 76 92 152 171 220 254 270 286 306 329 346 362 397 404 435
 443 479 500 513 551 591 601 622 643
22 44 64 81 142 160 229 245 267 298 302 336 358 372 384 414 423
 450 494 503 512 550 591 600 620 633
38 52 72 94 154 172 223 251 273 285 308 325 348 364 398 401 436
 440 484 500 509 549 593 600 624 641
21 40 63 83 140 163 225 246 265 297 304 337 355 373 381 412 424
 453 493 503 509 552 592 601 623 634
26 49 65 95 149 176 232 255 264 294 311 320 343 377 387 409 426
 455 486 502 509 553 591 603 621 637
20 41 61 84 144 161 227 249 266 296 301 339 357 371 382 418 422
 454 492 503 513 553 590 604 624 632
42 49 53 59 160 166 173 179 242 247 251 259 280 289 293 296 344
 346 354 355 517 555 586 595 608 625
44 48 55 58 163 165 172 176 240 248 254 258 281 287 290 299 347
 349 352 357 516 554 585 598 606 625
43 46 54 56 162 168 174 175 243 249 253 255 284 288 291 297 345
 348 350 358 515 558 589 599 607 625
40 45 50 51 161 167 171 177 241 245 250 256 282 285 292 295 342
 343 353 356 518 557 587 596 605 625
41 47 52 57 164 169 170 178 244 246 252 257 283 286 294 298 340
 341 351 359 514 556 588 597 609 625
17 25 42 63 90 112 122 167 190 228 273 294 322 347 367 382 411
 429 443 471 512 519 575 599 617 645
6 27 41 62 92 111 121 166 193 225 274 290 320 348 368 384 413
 425 444 471 510 521 576 596 619 647
11 38 53 78 84 100 130 176 197 235 269 288 328 359 378 394 406
 435 453 468 512 520 574 596 616 639
18 31 55 77 80 102 135 177 195 238 268 289 327 358 376 393 405
 438 454 468 509 519 576 597 618 638
9 26 43 64 91 110 120 165 192 227 271 292 324 346 369 381 416
 428 440 471 511 520 577 597 615 644
10 21 47 69 86 107 128 172 187 233 276 296 336 353 363 387 400
 420 445 469 510 520 578 599 618 643
14 22 45 65 87 109 129 173 186 234 277 297 335 352 360 386 403
 421 446 469 513 521 575 597 616 641
13 29 40 60 94 113 123 168 191 229 272 293 323 340 366 383 419
 426 441 471 513 522 574 598 618 642
3 24 48 67 89 105 125 174 188 231 279 298 338 354 362 389 402
 422 449 469 509 522 577 596 617 650
16 30 52 79 95 118 136 161 181 222 261 284 332 344 373 397 410
 433 458 470 510 519 577 598 616 633
2 28 44 61 93 114 124 169 194 226 270 291 321 342 365 380 415
 427 442 471 509 523 578 595 616 648
15 37 50 71 97 117 134 163 180 224 263 283 333 345 372 398 417
 430 455 470 513 520 576 595 617 631
12 34 51 70 82 104 139 178 196 239 267 287 325 355 375 391 409
 437 452 468 513 523 577 599 619 636
4 32 59 76 96 119 137 162 183 223 260 281 330 343 370 395 412
 431 456 470 512 522 578 597 619 632
8 35 58 74 98 115 132 160 182 220 262 282 334 341 374 396 418
 434 457 470 509 521 574 599 615 635
0 39 56 72 99 116 133 164 184 221 264 280 331 349 371 399 414
 432 459 470 511 523 575 596 618 634
5 33 57 73 81 101 131 175 198 237 265 285 329 357 379 390 408
 439 451 468 510 522 575 595 615 637
1 23 49 66 88 106 126 170 189 230 275 295 339 350 364 385 404
 424 447 469 512 523 576 598 615 649
7 36 54 75 83 103 138 179 199 236 266 286 326 356 377 392 407
 436 450 468 511 521 578 598 617 640
19 20 46 68 85 108 127 171 185 232 278 299 337 351 361 388 401
 423 448 469 511 519 574 595 619 646
1 3 10 14 19 31 33 34 36 38 40 41 42 43 44 461 470
 473 476 478 480 483 485 498 502 630
5 7 11 12 18 25 26 27 28 29 50 52 56 58 59 463 469
 475 491 492 493 494 495 496 501 630
2 6 9 13 17 30 32 35 37 39 45 46 47 48 49 460 468
 472 477 479 481 482 484 499 503 630
0 4 8 15 16 20 21 22 23 24 51 53 54 55 57 462 471
 474 486 487 488 489 490 497 500 630
16 35 59 67 114 130 143 165 208 256 274 309 322 358 377 390 401
 420 447 473 513 532 543 548 609 634
7 31 51 61 105 134 146 172 201 247 278 318 335 341 373 399 413
 428 441 472 512 530 541 548 607 637
5 38 55 63 106 132 145 173 202 249 276 316 338 343 372 397 419
 425 442 472 511 529 540 547 609 636
4 30 50 69 111 139 142 169 205 255 273 306 323 357 376 394 402
 424 446 473 511 530 542 544 608 635
9 27 42 79 101 126 155 178 212 254 266 302 328 353 360 388 417
 432 456 474 509 532 540 544 607 642
3 22 49 70 117 122 154 161 219 243 262 312 330 340 368 380 408
 438 453 475 511 532 541 546 606 643
1 24 46 77 115 120 150 163 218 244 260 310 331 342 366 382 409
 435 450 475 510 531 540 548 608 641
15 32 56 66 112 138 144 166 206 258 272 307 324 359 379 391 400
 421 448 473 509 531 541 547 605 633
13 28 41 74 102 128 159 176 211 253 267 300 329 354 364 386 412
 430 458 474 511 533 539 548 605 645
19 23 47 78 119 121 153 160 217 241 264 314 332 347 365 381 405
 436 451 475 513 533 542 547 607 650
18 33 54 62 107 133 149 170 204 245 279 319 337 344 370 396 411
 427 440 472 513 531 539 544 606 639
8 39 52 68 110 131 140 168 207 259 270 305 320 356 375 393 403
 422 445 473 512 533 540 545 606 631
2 25 40 76 100 129 157 179 210 252 268 301 325 350 361 389 414
 434 455 474 510 530 543 547 606 644
14 21 48 73 118 124 152 164 215 242 263 311 334 348 369 383 407
 437 454 475 512 529 543 544 605 646
17 26 44 72 103 125 158 175 214 250 269 304 327 351 363 385 410
 431 457 474 513 529 541 545 608 647
11 34 57 60 109 136 148 171 203 248 275 317 336 345 371 395 416
 429 444 472 509 533 543 546 608 640
12 36 53 64 108 137 147 174 200 246 277 315 339 349 374 398 415
 426 443 472 510 532 542 545 605 638
6 29 43 71 104 127 156 177 213 251 265 303 326 352 362 387 418
 433 459 474 512 531 542 546 609 648
0 37 58 65 113 135 141 167 209 257 271 308 321 355 378 392 404
 423 449 473 510 529 539 546 607 632
10 20 45 75 116 123 151 162 216 240 261 313 333 346 367 384 406
 439 452 475 509 530 539 545 609 649
6 24 56 74 114 123 155 179 190 222 241 299 318 336 375 398 408
 424 464 476 529 553 564 597 613 639
12 35 42 61 102 138 148 170 198 229 255 281 310 333 361 381 403
 433 466 487 529 549 567 596 610 643
8 34 47 65 117 133 143 166 183 231 249 285 303 327 369 388 415
 435 467 494 530 552 564 598 610 645
19 28 57 77 105 126 151 161 186 236 251 290 309 324 370 394 414
 426 465 479 529 552 568 599 611 631
15 33 46 69 118 137 141 165 182 234 247 286 302 325 367 385 419
 438 467 493 533 553 565 596 611 648
5 37 44 60 104 130 149 174 199 225 259 282 312 332 364 382 400
 432 466 490 530 551 566 597 611 646
14 26 55 75 108 128 154 160 189 239 252 291 305 323 373 390 417
 429 465 481 531 551 564 596 612 632
9 22 59 71 113 121 158 176 194 221 244 295 317 337 379 397 407
 422 464 485 530 549 565 599 612 638
16 36 49 68 116 132 142 167 180 233 248 288 304 329 365 389 413
 437 467 492 531 549 568 597 614 642
7 30 40 62 101 135 147 173 197 227 258 283 311 331 362 380 401
 431 466 489 533 550 564 599 614 649
18 32 43 63 100 131 146 171 196 226 257 280 314 334 363 384 402
 430 466 488 532 553 568 598 612 641
4 31 45 67 115 136 144 168 184 230 246 287 300 328 368 387 411
 436 467 495 529 550 566 595 612 644
3 27 53 73 107 129 150 162 185 238 250 294 306 321 372 391 418
 428 465 477 533 549 566 598 613 634
17 21 58 79 111 120 157 177 191 223 243 298 319 339 377 399 406
 421 464 480 533 551 568 595 610 636
13 23 52 76 112 124 156 175 192 224 240 296 316 335 376 396 409
 423 464 478 532 552 566 596 614 640
1 29 54 70 109 125 153 164 187 235 254 292 308 322 374 393 412
 425 465 482 530 553 567 595 614 633
11 39 41 64 103 139 145 172 195 228 256 284 313 330 360 383 404
 434 466 486 531 552 565 595 613 650
0 38 48 66 119 134 140 169 181 232 245 289 301 326 366 386 416
 439 467 491 532 551 567 599 613 647
10 25 51 78 106 127 152 163 188 237 253 293 307 320 371 392 410
 427 465 484 532 550 565 597 610 635
2 20 50 72 110 122 159 178 193 220 242 297 315 338 378 395 405
 420 464 483 531 550 567 598 611 637
8 36 45 81 112 139 157 170 208 226 260 299 311 354 397 405 432
 441 465 493 520 534 546 589 624 647
11 37 43 95 105 133 150 169 202 230 268 293 302 347 390 412 437
 448 464 489 521 537 545 587 624 643
5 32 40 98 108 134 151 165 204 233 266 294 300 348 393 410 435
 446 464 487 523 535 546 586 620 650
10 26 53 94 115 122 143 177 215 222 279 286 317 357 386 413 423
 456 466 482 523 537 547 589 623 631
12 39 44 96 107 132 152 166 203 234 265 292 301 340 394 417 436
 449 464 488 519 538 548 589 621 649
14 27 54 93 119 120 144 176 219 224 275 285 318 355 389 419 420
 459 466 479 519 534 545 588 620 635
2 23 56 87 101 127 149 161 211 238 274 281 308 341 383 402 429
 450 467 485 520 538 545 586 623 636
1 28 51 91 118 123 142 175 217 223 276 289 315 359 388 411 422
 455 466 481 521 538 546 585 622 634
0 34 49 80 111 130 155 172 207 227 261 297 310 351 396 407 430
 443 465 495 522 538 547 587 620 648
9 21 50 88 102 129 146 160 214 236 270 284 307 349 382 401 425
 452 467 478 522 537 546 588 621 639
18 30 42 99 109 137 154 168 201 231 267 290 304 342 392 418 439
 447 464 486 520 536 547 588 622 646
3 29 57 90 116 121 140 179 218 220 278 287 316 358 385 415 421
 458 466 484 520 535 544 587 621 632
6 22 58 85 100 125 145 162 212 237 273 283 305 344 381 400 426
 454 467 483 523 534 548 587 622 640
16 31 46 84 113 138 156 173 205 225 263 298 314 353 395 408 434
 440 465 491 523 536 545 585 621 645
19 25 55 92 117 124 141 178 216 221 277 288 319 356 387 416 424
 457 466 477 522 536 548 586 624 633
7 35 41 97 106 136 153 167 200 232 269 291 303 346 391 414 438
 445 464 490 522 534 544 585 623 641
13 24 59 86 103 126 147 164 213 239 271 282 306 345 384 403 427
 453 467 480 519 535 547 585 624 637
15 38 47 83 114 131 159 174 209 229 262 295 313 352 399 409 431
 444 465 492 519 537 544 586 622 644
4 33 48 82 110 135 158 171 206 228 264 296 312 350 398 406 433
 442 465 494 521 535 548 588 623 642
17 20 52 89 104 128 148 163 210 235 272 280 309 343 380 404 428
 451 467 476 521 536 544 589 620 638
103 109 111 115 140 146 152 156 281 288 294 295 380 388 390 398 400
 405 414 419 517 539 561 577 590 630
100 107 110 117 144 148 151 155 282 289 291 298 383 385 392 397 401
 409 412 413 516 542 559 575 594 630
104 106 114 116 141 147 150 157 284 285 290 296 381 386 393 395 402
 407 411 417 514 541 563 574 591 630
101 105 113 119 142 145 154 159 280 286 292 299 382 387 391 396 403
 406 410 415 515 543 562 576 592 630
102 108 112 118 143 149 153 158 283 287 293 297 384 389 394 399 404
 408 416 418 518 540 560 578 593 630
8 10 12 17 283 289 290 295 300 306 312 316 360 365 373 378 440
 448 450 459 522 543 553 558 579 629
2 5 15 19 284 287 292 298 303 305 311 318 363 366 371 376 443
 447 453 456 521 539 549 555 582 629
1 7 13 16 280 285 294 297 302 307 313 317 361 368 370 375 442
 449 454 457 520 542 551 554 580 629
0 3 6 11 281 286 291 296 304 309 314 319 364 369 374 379 441
 446 452 455 519 540 550 557 583 629
4 9 14 18 282 288 293 299 301 308 310 315 362 367 372 377 444
 445 451 458 523 541 552 556 581 629
84 85 94 98 180 188 190 199 221 226 230 239 281 289 292 297 478
 479 486 494 510 533 541 544 609 627
81 87 90 99 183 185 193 196 224 227 233 235 284 286 293 295 480
 481 490 491 509 529 542 548 606 627
83 86 93 96 182 189 192 198 222 228 232 238 280 288 290 298 483
 484 489 495 513 530 540 546 605 627
80 88 92 97 181 186 194 197 223 229 231 237 282 287 294 296 476
 482 488 493 511 531 543 545 607 627
82 89 91 95 184 187 191 195 220 225 234 236 283 285 291 299 477
 485 487 492 512 532 539 547 608 627
63 67 71 75 183 186 192 195 243 247 250 258 320 329 332 336 361
 366 374 378 523 538 544 588 624 630
61 65 78 79 182 187 190 196 242 248 252 256 324 326 331 337 364
 368 372 376 522 535 545 589 622 630
60 69 72 77 180 185 194 198 240 245 253 257 322 328 330 339 362
 369 373 375 521 534 547 586 621 630
62 68 70 76 181 189 191 199 241 246 251 255 321 327 334 338 360
 367 371 379 520 537 548 585 620 630
64 66 73 74 184 188 193 197 244 249 254 259 323 325 333 335 363
 365 370 377 519 536 546 587 623 630
80 85 90 95 200 206 211 215 260 266 270 276 340 345 352 355 440
 447 451 457 530 550 568 596 613 630
82 88 93 99 202 208 213 216 262 269 272 278 344 348 353 357 443
 449 450 455 533 552 567 597 612 630
84 86 91 97 204 207 210 219 264 265 273 277 341 342 354 358 444
 448 452 456 529 551 565 598 614 630
83 87 92 98 203 205 214 218 261 267 271 279 343 347 350 359 441
 445 454 459 532 549 564 595 611 630
81 89 94 96 201 209 212 217 263 268 274 275 346 349 351 356 442
 446 453 458 531 553 566 599 610 630
101 107 111 118 163 167 174 179 264 267 270 275 324 327 330 335 482
 483 487 491 507 574 609 612 624 629
104 109 113 117 160 165 170 175 261 268 273 278 320 328 331 338 479
 480 488 492 508 578 605 613 623 629
100 106 112 119 164 168 172 177 262 266 274 277 321 329 333 337 476
 481 489 494 505 577 608 611 621 629
103 108 110 116 161 169 173 176 260 265 272 279 322 325 334 336 477
 478 490 495 506 576 607 610 622 629
102 105 114 115 162 166 171 178 263 269 271 276 323 326 332 339 484
 485 486 493 504 575 606 614 620 629
15 44 67 100 140 167 187 217 238 260 293 317 339 348 360 396 433
 452 463 479 511 514 536 564 570 637
19 50 70 112 152 162 195 202 229 275 280 304 328 341 377 386 422
 440 460 490 510 516 535 564 569 648
12 47 62 116 145 171 194 214 222 266 297 308 324 354 366 390 438
 455 462 480 512 516 536 566 573 635
11 48 61 117 149 173 192 213 220 267 295 307 323 351 367 393 436
 456 462 476 510 515 534 568 570 634
3 56 75 113 153 163 198 203 227 277 282 300 325 344 376 388 420
 442 460 486 512 514 537 568 572 647
1 52 73 114 151 160 196 201 225 279 281 301 327 345 378 387 421
 443 460 489 511 518 534 565 573 642
8 42 66 103 142 165 186 216 235 264 291 318 337 340 362 395 430
 454 463 484 510 518 537 566 571 636
4 43 68 101 141 166 188 215 236 261 294 316 336 342 364 399 434
 453 463 481 513 516 534 567 572 638
0 41 69 104 143 168 189 219 237 263 292 315 335 347 361 397 431
 450 463 477 509 517 535 568 573 639
10 58 77 110 154 164 197 200 226 278 284 302 326 343 379 389 424
 444 460 487 513 517 538 566 570 645
14 59 78 111 150 161 199 204 228 276 283 303 329 349 375 385 423
 441 460 488 509 515 536 567 571 644
13 54 72 105 155 177 183 208 232 270 287 312 334 359 372 381 429
 446 461 492 510 517 536 565 572 649
7 49 63 115 148 174 193 211 223 268 299 305 321 353 369 394 439
 459 462 478 513 514 535 565 571 633
9 55 74 107 157 175 180 205 231 274 286 313 332 355 371 380 426
 448 461 495 512 518 535 567 570 641
18 45 60 118 147 172 190 212 224 265 298 309 320 350 365 391 435
 457 462 485 511 517 537 567 569 632
5 46 64 119 146 170 191 210 221 269 296 306 322 352 368 392 437
 458 462 483 509 518 538 564 572 631
2 57 79 106 156 176 184 206 233 273 289 310 330 356 374 384 428
 449 461 493 513 515 537 564 573 646
16 40 65 102 144 169 185 218 239 262 290 319 338 346 363 398 432
 451 463 482 512 515 538 565 569 640
17 51 71 108 159 179 181 207 234 271 288 314 331 357 370 383 425
 447 461 494 509 514 534 566 569 643
6 53 76 109 158 178 182 209 230 272 285 311 333 358 373 382 427
 445 461 491 511 516 538 568 571 650
41 45 54 58 181 188 192 196 264 268 272 276 304 306 310 317 401
 408 415 417 512 561 582 586 611 626
40 48 57 59 180 189 193 195 261 269 270 277 302 308 314 318 400
 409 411 418 511 562 579 589 610 626
43 47 50 53 184 186 190 198 260 267 274 278 301 305 312 319 404
 407 410 419 509 559 580 585 614 626
42 46 52 55 183 187 194 199 262 265 271 275 300 307 311 315 402
 406 413 414 513 560 583 587 613 626
44 49 51 56 182 185 191 197 263 266 273 279 303 309 313 316 403
 405 412 416 510 563 581 588 612 626
25 45 79 91 102 121 154 174 180 203 235 296 303 334 351 370 419
 450 473 489 516 523 527 601 613 637
24 43 73 87 119 128 158 167 199 207 220 290 313 328 340 376 401
 455 472 493 517 523 528 604 610 633
28 47 72 90 104 120 152 173 181 204 238 299 302 333 350 374 413
 453 473 486 518 522 524 604 612 640
38 58 64 82 107 138 143 161 194 218 230 280 318 320 345 367 405
 446 474 481 514 522 528 601 614 646
34 52 61 83 106 135 142 162 193 215 234 282 319 322 349 366 408
 448 474 479 517 520 527 603 612 650
27 49 74 94 103 124 153 171 183 202 237 298 301 331 352 373 411
 452 473 487 515 520 528 602 611 638
39 57 66 97 114 137 149 177 187 212 227 288 306 338 355 361 410
 441 475 478 516 521 528 600 612 645
37 55 69 96 110 136 146 179 188 211 229 285 309 337 359 360 418
 443 475 480 515 523 524 603 614 647
22 42 75 86 115 127 157 169 197 206 224 292 314 327 348 375 404
 458 472 492 516 522 525 603 611 634
31 50 63 81 108 130 141 164 191 219 231 281 317 324 344 365 409
 445 474 484 515 521 525 604 613 649
26 48 71 92 100 123 150 170 182 201 236 297 300 330 353 371 415
 451 473 490 517 519 525 600 614 636
32 54 67 95 113 132 147 178 185 214 228 289 305 335 357 364 414
 444 475 476 518 520 525 601 610 648
29 46 76 93 101 122 151 172 184 200 239 295 304 332 354 372 416
 454 473 488 514 521 526 603 610 639
36 59 62 80 109 131 144 163 190 217 232 284 316 323 341 369 406
 449 474 477 518 523 526 600 611 643
30 51 68 98 112 133 148 176 186 213 225 286 308 339 358 363 417
 442 475 483 517 522 526 602 613 644
35 53 65 99 111 134 145 175 189 210 226 287 307 336 356 362 412
 440 475 485 514 519 527 604 611 642
23 41 70 89 116 129 155 165 198 205 223 293 311 326 342 378 400
 457 472 494 515 519 526 601 612 631
33 56 60 84 105 139 140 160 192 216 233 283 315 321 343 368 407
 447 474 482 516 519 524 602 610 641
21 44 78 85 117 126 159 168 195 208 222 294 310 325 346 379 402
 459 472 491 518 521 527 602 614 632
20 40 77 88 118 125 156 166 196 209 221 291 312 329 347 377 403
 456 472 495 514 520 524 600 613 635
43 45 55 59 61 66 70 72 200 209 210 218 222 225 233 237 383
 388 394 396 525 533 588 591 617 629
42 47 51 58 60 67 73 76 202 205 211 219 221 227 232 236 384
 385 393 398 527 531 589 592 616 629
44 46 50 57 62 65 74 75 201 207 213 215 223 228 230 235 381
 389 391 397 524 532 586 590 618 629
40 49 52 54 64 69 71 78 203 206 212 216 220 226 231 238 382
 386 390 399 526 529 585 594 619 629
41 48 53 56 63 68 77 79 204 208 214 217 224 229 234 239 380
 387 392 395 528 530 587 593 615 629
8 40 72 97 109 121 162 199 211 247 298 310 324 357 387 404 437
 442 481 501 506 519 532 563 570 639
17 57 64 92 118 135 168 185 202 241 281 307 326 354 396 417 420
 453 492 502 506 523 530 559 571 641
3 52 65 86 101 137 171 191 208 253 289 318 333 347 394 407 425
 457 490 503 508 523 531 561 570 644
14 56 69 85 103 132 170 193 209 251 287 317 332 342 393 406 428
 455 489 503 507 522 532 559 569 645
13 53 61 90 119 131 165 188 203 243 283 308 327 353 397 414 424
 452 495 502 504 521 531 563 569 646
7 47 77 81 111 129 176 182 216 259 292 304 338 345 383 411 433
 448 476 500 504 523 532 560 572 632
10 59 68 88 100 134 174 192 205 254 285 319 331 340 391 405 429
 458 486 503 506 521 529 560 573 648
12 48 75 80 114 126 175 184 219 257 293 303 337 343 382 413 434
 446 483 500 506 520 533 561 569 633
19 58 66 89 102 136 173 190 207 250 286 315 330 348 390 409 427
 459 488 503 505 520 530 563 572 642
2 54 63 91 116 139 166 189 201 244 282 309 328 352 398 410 423
 454 491 502 505 522 533 560 570 643
11 46 70 83 110 128 177 180 217 258 294 301 335 344 384 415 432
 447 485 500 508 522 529 563 571 635
6 55 60 93 115 138 167 186 204 242 284 306 325 351 399 412 422
 451 494 502 508 520 532 562 573 649
0 42 71 96 106 124 161 196 214 246 299 313 323 358 389 400 435
 440 482 501 508 521 533 559 572 637
4 44 79 98 105 123 164 198 210 249 295 314 320 355 386 401 438
 443 477 501 507 520 531 560 571 640
16 43 74 99 108 122 163 195 212 245 296 311 321 359 385 403 436
 444 479 501 504 522 530 561 573 636
18 49 73 84 112 127 178 181 218 256 291 300 336 349 381 419 431
 449 480 500 507 521 530 562 570 631
9 51 62 94 117 130 169 187 200 240 280 305 329 350 395 418 421
 450 493 502 507 519 529 561 572 650
15 41 76 95 107 120 160 197 213 248 297 312 322 356 388 402 439
 441 484 501 505 523 529 562 569 638
5 45 78 82 113 125 179 183 215 255 290 302 339 341 380 416 430
 445 478 500 505 519 531 559 573 634
1 50 67 87 104 133 172 194 206 252 288 316 334 346 392 408 426
 456 487 503 504 519 533 562 571 647
16 17 18 19 61 69 75 76 82 87 94 97 140 145 150 155 164
 166 174 176 508 518 546 550 615 626
3 4 5 13 62 66 71 77 83 85 91 99 143 148 152 157 160
 167 172 178 506 515 545 553 616 626
0 1 2 12 60 68 74 78 81 86 92 95 144 146 154 158 162
 165 173 177 507 514 544 552 617 626
6 7 8 14 64 67 70 79 84 88 90 96 141 149 151 159 163
 169 171 175 505 517 547 549 618 626
9 10 11 15 63 65 72 73 80 89 93 98 142 147 153 156 161
 168 170 179 504 516 548 551 619 626
0 33 45 76 98 126 163 194 201 238 242 269 305 336 340 377 425
 448 466 492 515 542 563 577 593 645
18 37 41 78 83 122 175 185 207 221 251 260 318 323 353 374 421
 442 467 487 516 543 560 577 591 649
14 25 57 68 89 138 172 182 211 226 249 271 312 328 344 366 431
 452 464 482 518 542 561 576 591 634
2 21 59 64 94 133 167 196 219 234 255 278 300 332 359 362 439
 457 465 476 516 540 563 576 590 640
16 34 48 72 96 127 160 190 202 235 243 266 306 335 342 379 426
 445 466 493 514 539 560 576 594 644
11 35 40 75 81 120 178 187 205 222 253 264 316 321 352 370 422
 443 467 488 517 541 559 576 593 646
19 29 53 67 86 135 170 181 212 225 248 270 313 325 343 369 430
 450 464 481 515 541 560 575 590 635
6 23 50 61 91 132 168 199 216 232 258 279 302 330 355 363 435
 458 465 480 514 543 561 575 593 638
12 30 43 77 84 124 179 189 206 223 254 262 317 320 351 372 420
 441 467 490 518 539 563 575 592 650
4 36 47 74 97 125 161 191 203 239 240 268 307 337 348 378 428
 447 466 491 517 540 562 575 591 648
9 24 52 60 90 134 166 197 217 230 256 277 304 334 357 361 438
 459 465 483 515 539 559 578 591 636
10 28 54 66 87 130 171 180 213 229 247 273 311 327 349 368 434
 451 464 477 514 540 559 577 592 632
8 38 46 71 95 129 164 193 204 237 241 267 309 339 346 376 429
 449 466 495 516 541 561 578 592 642
5 39 42 70 80 123 176 188 208 220 250 263 319 324 350 373 423
 444 467 489 514 542 562 578 590 641
1 27 55 65 85 139 174 184 214 227 245 272 314 329 341 367 433
 453 464 484 517 543 563 578 594 631
17 22 56 62 93 136 165 195 218 231 257 276 301 333 356 364 437
 456 465 478 517 542 560 574 592 637
3 26 51 69 88 131 173 183 210 228 246 274 310 326 345 365 432
 454 464 479 516 539 562 574 593 633
15 31 49 79 99 128 162 192 200 236 244 265 308 338 347 375 427
 446 466 494 518 543 559 574 590 647
7 32 44 73 82 121 177 186 209 224 252 261 315 322 354 371 424
 440 467 486 515 540 561 574 594 643
13 20 58 63 92 137 169 198 215 233 259 275 303 331 358 360 436
 455 465 485 518 541 562 577 594 639
141 145 152 158 200 205 213 217 243 245 252 259 300 309 310 318 478
 482 489 492 509 520 575 598 619 628
143 147 154 155 204 209 211 216 244 248 250 255 301 307 314 316 479
 483 490 493 512 521 577 595 618 628
140 148 153 159 201 206 214 219 240 249 251 256 302 306 311 319 481
 485 488 495 510 523 574 597 617 628
142 146 151 157 202 207 212 218 242 246 253 258 303 308 312 317 476
 477 486 491 513 519 578 596 615 628
144 149 150 156 203 208 210 215 241 247 254 257 304 305 313 315 480
 484 487 494 511 522 576 599 616 628
0 36 46 61 88 107 123 153 178 195 211 224 259 273 290 317 334
 343 362 390 410 421 453 494 584 644
12 37 40 66 93 111 127 159 164 183 217 236 248 279 296 305 328
 358 367 397 408 428 457 486 584 641
6 21 52 75 98 119 139 143 173 185 200 229 254 268 288 312 324
 342 371 385 411 430 449 485 584 637
13 22 50 73 96 116 135 144 174 187 204 226 251 269 286 310 320
 347 373 388 416 434 447 476 584 636
17 23 59 77 95 117 138 142 171 188 201 227 252 265 287 313 321
 348 374 386 419 432 445 483 584 639
16 33 47 63 85 109 124 151 177 197 210 220 255 271 293 318 330
 349 364 391 417 422 450 495 584 647
10 27 57 71 84 102 133 145 165 191 209 232 242 260 282 304 335
 350 375 380 402 436 443 481 584 633
7 39 43 65 92 112 125 155 160 180 219 238 246 276 295 309 325
 357 366 395 406 427 458 487 584 646
4 38 49 60 89 108 121 150 175 196 213 222 258 270 292 319 333
 341 360 392 414 420 454 493 584 645
2 24 58 70 99 118 130 140 170 186 203 228 253 266 285 314 323
 346 372 387 413 431 448 478 584 638
18 35 44 68 90 113 128 157 161 184 216 237 247 275 297 306 326
 359 369 398 409 425 456 489 584 650
1 25 53 72 82 101 132 148 169 192 207 231 241 263 284 300 337
 352 377 384 400 438 441 479 584 632
5 30 41 67 94 110 126 156 162 182 218 235 245 277 299 307 327
 355 365 399 407 429 455 488 584 643
8 31 48 62 87 106 120 154 179 198 212 221 256 272 294 315 332
 345 363 394 412 423 452 492 584 648
3 28 55 76 81 103 134 149 168 190 206 234 244 261 280 303 339
 353 378 381 401 437 444 482 584 635
11 32 42 69 91 114 129 158 163 181 215 239 249 278 298 308 329
 356 368 396 405 426 459 490 584 649
19 26 54 79 80 104 137 146 167 193 205 230 240 262 283 301 336
 354 379 383 403 435 442 484 584 634
15 34 45 64 86 105 122 152 176 199 214 223 257 274 291 316 331
 344 361 393 418 424 451 491 584 642
14 29 51 74 83 100 136 147 166 194 208 233 243 264 281 302 338
 351 376 382 404 439 440 477 584 631
9 20 56 78 97 115 131 141 172 189 202 225 250 267 289 311 322
 340 370 389 415 433 446 480 584 640
22 28 30 38 163 166 170 177 184 185 192 199 383 389 390 395 443
 445 452 457 527 535 553 562 607 628
23 26 33 35 162 169 172 179 180 186 191 196 382 388 393 397 444
 449 453 459 528 536 550 560 605 628
21 29 31 39 161 165 174 178 183 189 190 197 384 386 392 396 442
 448 451 455 524 534 549 561 608 628
24 25 36 37 160 168 171 176 181 187 193 198 380 385 391 399 440
 446 454 456 525 538 552 563 609 628
20 27 32 34 164 167 173 175 182 188 194 195 381 387 394 398 441
 447 450 458 526 537 551 559 606 628
7 23 98 104 131 154 166 195 253 260 298 306 337 349 367 416 420
 455 461 482 525 529 587 590 616 642
15 28 84 116 136 158 172 183 241 268 294 319 323 355 362 403 425
 450 460 483 525 532 589 594 615 646
8 25 83 118 134 155 173 184 240 269 292 317 321 358 364 402 426
 451 460 480 528 531 588 590 619 643
18 22 95 103 130 151 167 198 254 263 296 307 338 341 366 415 424
 459 461 481 524 533 589 593 619 644
12 21 99 100 135 153 169 199 250 261 299 309 335 345 368 419 422
 456 461 484 526 531 586 591 615 645
2 33 88 113 120 148 164 190 258 276 288 313 327 354 373 418 436
 446 463 490 527 532 587 591 619 631
6 38 87 110 124 147 160 191 257 275 287 310 329 353 370 410 438
 448 463 486 526 530 589 590 617 634
9 31 86 112 123 145 163 193 255 279 285 312 326 351 374 414 437
 447 463 488 528 533 586 594 616 632
17 34 85 114 121 146 161 192 259 277 286 311 328 350 372 412 439
 449 463 487 525 531 585 593 618 635
11 24 97 101 138 152 165 196 251 262 297 305 339 343 365 411 423
 458 461 477 527 530 588 594 618 647
16 29 80 119 133 157 171 182 244 267 291 315 320 357 360 400 428
 453 460 478 527 529 586 593 617 649
10 35 91 109 126 141 176 185 246 270 280 301 332 348 376 408 431
 441 462 494 524 531 587 594 617 636
0 27 82 115 137 159 170 180 243 265 293 316 324 356 363 401 429
 454 460 476 524 530 585 591 616 650
1 30 93 108 129 140 178 188 247 274 282 303 330 347 379 406 430
 440 462 492 528 529 589 591 618 640
4 26 81 117 132 156 174 181 242 266 290 318 322 359 361 404 427
 452 460 485 526 533 587 592 618 641
19 37 90 107 125 142 177 189 249 272 281 300 331 346 375 407 434
 444 462 493 526 532 588 593 616 637
13 36 89 111 122 149 162 194 256 278 289 314 325 352 371 417 435
 445 463 489 524 529 588 592 615 633
14 32 92 105 127 143 179 187 245 273 284 304 333 340 378 409 432
 442 462 495 527 533 585 590 615 638
3 39 94 106 128 144 175 186 248 271 283 302 334 342 377 405 433
 443 462 491 525 530 586 592 619 639
5 20 96 102 139 150 168 197 252 264 295 308 336 344 369 413 421
 457 461 479 528 532 585 592 617 648
120 126 131 132 344 347 351 358 362 368 371 378 383 386 391 398 478
 481 487 493 530 536 557 578 603 626
122 125 134 138 342 349 350 355 360 369 370 376 384 387 390 397 476
 484 490 492 533 538 556 574 602 626
121 127 137 139 345 346 353 359 364 366 373 377 380 389 393 396 477
 483 488 494 529 537 554 575 604 626
123 128 133 135 341 348 352 356 361 365 372 379 382 385 394 395 480
 482 486 495 532 534 555 577 601 626
124 129 130 136 340 343 354 357 363 367 374 375 381 388 392 399 479
 485 489 491 531 535 558 576 600 626
17 55 88 133 147 162 198 217 220 251 266 292 336 368 389 409 430
 441 473 491 556 561 565 616 623 646
13 57 87 132 146 163 197 219 222 250 268 291 339 367 387 407 432
 440 473 494 555 560 567 619 622 650
19 52 91 130 144 179 182 214 237 243 260 295 321 362 384 417 437
 446 472 486 554 562 567 618 623 645
6 54 86 134 148 161 195 215 221 252 267 293 338 365 388 406 431
 443 473 493 554 563 566 615 621 641
7 45 99 124 150 165 187 207 229 249 279 289 332 379 398 404 429
 453 474 483 556 562 568 619 621 635
18 46 98 121 152 169 189 208 227 248 276 285 330 378 399 403 426
 452 474 476 555 559 566 617 623 633
3 59 93 139 141 177 181 211 235 240 263 297 320 363 382 414 436
 448 472 487 556 559 564 615 622 642
2 51 89 137 145 160 199 218 224 254 269 294 337 369 386 408 433
 444 473 495 558 559 568 618 624 649
16 42 81 125 159 172 192 204 230 257 270 282 326 371 394 419 421
 455 475 477 558 563 564 619 623 638
5 48 95 122 153 166 186 205 226 246 275 288 333 375 396 401 428
 450 474 480 557 563 565 618 622 632
0 44 83 129 156 171 190 200 231 255 272 283 328 370 393 413 420
 458 475 481 555 562 565 615 624 636
15 43 82 126 157 173 193 203 232 256 273 281 329 373 392 415 422
 457 475 482 556 560 566 618 620 639
8 41 80 127 158 174 191 201 233 258 271 280 325 372 390 411 424
 456 475 479 557 559 567 616 621 640
4 40 84 128 155 170 194 202 234 259 274 284 327 374 391 416 423
 459 475 484 554 561 568 617 622 637
9 53 85 136 149 164 196 216 223 253 265 290 335 366 385 405 434
 442 473 492 557 562 564 617 620 643
10 50 92 138 140 175 183 212 239 244 264 299 322 364 383 418 438
 449 472 489 555 563 568 616 620 644
11 47 96 123 154 167 185 206 225 247 277 287 331 377 397 402 427
 454 474 478 558 561 567 615 620 631
12 49 97 120 151 168 188 209 228 245 278 286 334 376 395 400 425
 451 474 485 554 560 564 616 624 634
14 58 94 131 142 178 184 213 238 241 261 296 324 361 380 412 435
 447 472 490 558 560 565 617 621 647
1 56 90 135 143 176 180 210 236 242 262 298 323 360 381 410 439
 445 472 488 557 561 566 619 624 648
4 6 12 19 103 106 113 118 122 129 131 133 180 187 192 197 201
 208 211 218 509 551 594 604 620 625
0 10 13 18 101 108 114 117 120 125 136 139 182 186 193 199 202
 206 210 217 512 549 590 601 621 625
1 5 8 9 100 105 111 116 124 128 137 138 181 185 190 195 203
 209 213 219 513 550 593 603 623 625
3 7 15 17 102 109 110 119 123 127 130 132 184 189 194 196 204
 205 212 215 510 552 591 602 624 625
2 11 14 16 104 107 112 115 121 126 134 135 183 188 191 198 200
 207 214 216 511 553 592 600 622 625
3 30 78 138 151 164 180 214 232 259 268 285 315 336 352 396 404
 456 471 493 548 558 569 590 612 636
12 24 63 121 149 172 185 205 237 242 272 291 302 327 356 386 406
 447 470 479 546 556 572 590 614 644
9 34 76 132 159 177 198 218 226 247 264 283 309 323 348 392 411
 453 469 490 545 554 573 590 613 633
4 28 65 127 140 165 193 200 221 250 275 298 313 334 344 382 417
 441 468 476 547 558 573 593 614 643
18 23 64 123 148 173 187 209 239 243 270 294 303 328 357 389 407
 448 470 484 548 557 573 592 611 647
13 38 79 133 158 179 195 216 227 246 263 281 305 322 342 391 413
 451 469 488 546 558 570 591 611 635
19 35 73 139 154 163 183 213 234 257 266 289 317 338 350 399 400
 458 471 495 545 557 571 591 614 639
6 31 72 137 157 176 196 217 228 249 261 282 307 321 340 390 416
 450 469 487 544 555 569 592 614 631
14 39 77 130 153 162 181 210 230 258 267 286 316 337 353 398 402
 457 471 492 546 555 573 594 610 637
17 33 74 134 156 178 199 219 229 248 260 284 308 320 346 394 415
 454 469 489 547 557 572 594 612 634
0 25 67 128 142 166 191 204 222 254 278 295 311 330 345 381 418
 442 468 478 545 556 569 594 611 641
5 22 61 120 147 171 189 207 236 240 274 293 304 325 359 387 405
 449 470 482 544 558 571 594 613 645
8 29 69 126 144 167 192 202 223 252 279 297 314 333 349 380 410
 444 468 485 548 555 572 591 613 646
16 26 66 129 141 168 194 203 224 251 276 299 312 331 341 384 412
 443 468 483 544 557 570 590 610 650
2 36 71 136 155 175 197 215 225 245 262 280 306 324 347 393 419
 452 469 486 548 556 571 593 610 632
7 21 60 122 145 170 188 206 235 241 271 290 301 329 358 388 409
 446 470 477 545 555 570 593 612 648
10 32 70 135 150 160 184 211 231 256 265 288 318 339 351 397 403
 455 471 491 544 554 572 593 611 640
1 37 75 131 152 161 182 212 233 255 269 287 319 335 354 395 401
 459 471 494 547 556 570 592 613 638
15 27 68 125 143 169 190 201 220 253 277 296 310 332 343 383 414
 440 468 480 546 554 571 592 612 649
11 20 62 124 146 174 186 208 238 244 273 292 300 326 355 385 408
 445 470 481 547 554 569 591 610 642
1 58 62 97 119 122 156 216 234 249 270 293 309 336 351 373 402
 432 468 486 525 535 549 559 605 644
12 46 79 89 109 134 143 202 238 251 264 282 313 329 359 363 407
 424 471 478 525 534 550 562 606 632
4 41 75 93 112 130 146 209 220 241 265 289 302 331 345 369 410
 426 469 482 527 536 549 563 606 636
9 57 67 82 103 127 154 210 229 259 276 297 319 321 347 376 413
 435 470 491 526 534 553 563 605 649
5 49 72 87 107 136 141 201 239 254 260 283 314 326 358 361 406
 422 471 476 527 537 552 561 605 635
8 43 78 94 114 135 148 205 224 244 266 287 304 330 344 367 414
 425 469 477 524 538 551 562 605 637
3 50 64 95 115 124 155 217 233 247 272 290 308 337 350 371 403
 431 468 488 527 534 551 560 609 645
10 56 61 96 118 121 157 219 230 245 271 294 305 338 352 374 401
 430 468 490 526 536 552 562 608 642
6 51 66 80 101 128 150 214 226 255 277 298 317 322 346 378 419
 436 470 492 524 535 552 560 606 646
13 55 68 84 104 129 153 212 228 257 279 295 318 324 348 377 415
 439 470 493 527 538 550 559 608 643
15 42 77 92 113 139 149 207 222 243 269 285 301 334 349 365 412
 428 469 481 526 535 550 561 609 640
19 59 60 98 116 120 159 215 231 246 273 291 307 335 353 372 404
 433 468 489 528 538 553 561 606 647
7 48 76 86 108 133 142 203 237 250 262 284 310 328 355 364 405
 421 471 485 524 536 553 559 609 631
2 53 69 83 102 125 151 213 227 256 275 299 316 320 340 379 411
 437 470 494 525 536 551 561 607 641
18 47 71 88 105 132 144 200 235 253 261 281 311 325 356 360 408
 423 471 483 528 535 551 563 608 634
11 45 74 85 106 137 140 204 236 252 263 280 312 327 357 362 409
 420 471 480 526 538 549 560 607 633
16 44 70 91 111 131 147 206 221 242 268 286 300 333 343 366 418
 429 469 484 528 534 552 559 607 639
0 40 73 90 110 138 145 208 223 240 267 288 303 332 341 368 417
 427 469 479 525 537 553 560 608 638
14 52 63 99 117 123 158 218 232 248 274 292 306 339 354 370 400
 434 468 487 524 537 550 563 607 648
17 54 65 81 100 126 152 211 225 258 278 296 315 323 342 375 416
 438 470 495 528 537 549 562 609 650
12 33 55 67 91 119 155 161 193 213 226 253 263 294 304 331 404
 421 445 499 530 537 555 574 600 640
0 30 59 63 87 102 152 175 187 216 230 241 266 298 312 325 415
 428 444 498 531 534 554 574 603 631
18 34 53 66 92 116 156 163 191 211 228 252 262 292 302 332 401
 422 446 499 529 534 558 578 602 637
2 27 43 75 96 109 142 172 181 208 221 259 279 283 307 339 409
 438 451 497 529 535 557 574 601 645
9 28 40 70 95 106 143 174 182 207 224 257 278 281 306 336 406
 436 454 497 531 536 555 575 602 647
16 37 56 64 89 100 154 178 186 215 232 240 265 295 310 327 411
 425 441 498 533 535 555 578 604 635
19 22 48 74 84 111 148 168 196 200 238 247 271 285 316 322 410
 432 455 496 531 537 556 578 601 649
1 21 45 71 80 110 149 166 198 202 239 248 273 286 318 321 414
 431 458 496 532 536 558 574 604 650
5 36 51 65 90 115 158 164 192 212 229 251 261 291 301 330 402
 420 448 499 533 536 554 576 601 639
10 24 49 76 83 113 146 169 195 204 235 249 274 287 315 324 417
 433 457 496 533 534 557 575 600 646
11 31 54 68 94 118 159 160 194 210 227 250 260 290 303 333 400
 424 449 499 532 535 556 575 603 636
8 32 50 60 85 101 153 176 189 218 234 243 268 296 313 326 413
 427 443 498 529 536 556 577 600 634
17 29 41 73 99 105 141 173 180 206 222 255 275 282 305 337 405
 435 452 497 532 538 554 578 600 644
13 26 42 78 98 107 140 171 184 209 223 258 277 284 309 338 408
 437 450 497 530 534 556 576 604 648
4 39 58 61 86 104 151 179 185 217 231 244 269 297 311 329 419
 429 440 498 532 537 557 576 602 633
14 23 46 72 81 114 145 167 197 203 236 246 272 289 319 320 418
 430 456 496 530 535 554 577 602 643
15 35 52 62 88 103 150 177 188 219 233 242 267 299 314 328 416
 426 442 498 530 538 558 575 601 632
6 25 44 77 97 108 144 170 183 205 220 256 276 280 308 335 407
 439 453 497 533 537 558 577 603 642
7 38 57 69 93 117 157 162 190 214 225 254 264 293 300 334 403
 423 447 499 531 538 557 577 604 638
3 20 47 79 82 112 147 165 199 201 237 245 270 288 317 323 412
 434 459 496 529 538 555 576 603 641
8 44 63 86 119 136 150 178 180 227 251 278 307 350 377 383 408
 446 482 496 526 539 573 596 622 638
14 50 76 80 106 125 148 165 185 222 259 265 314 359 368 399 415
 450 486 499 528 539 570 599 624 642
7 46 66 94 100 139 158 161 198 231 242 270 316 347 374 387 417
 444 480 497 527 539 569 597 620 634
12 45 69 90 101 130 156 160 195 232 244 271 319 348 371 389 412
 442 476 497 528 541 571 598 622 631
6 57 78 99 112 120 142 174 194 239 247 263 301 343 360 393 401
 457 495 498 525 539 572 598 623 643
19 56 71 81 109 128 147 169 188 223 256 269 312 355 367 396 413
 454 487 499 527 540 573 598 621 644
4 42 64 87 116 134 153 177 182 225 253 276 305 351 379 380 409
 449 479 496 524 543 569 598 624 639
1 59 79 83 107 127 145 168 186 220 257 268 311 357 365 398 416
 452 490 499 524 541 572 596 620 645
15 40 61 85 115 133 154 175 181 228 254 275 309 354 378 384 407
 445 477 496 528 542 572 597 621 636
10 52 74 82 105 129 149 167 189 221 258 266 310 358 369 395 419
 453 488 499 525 542 569 595 622 647
9 54 77 96 114 122 140 173 191 237 248 261 300 341 363 391 404
 455 494 498 527 542 571 596 624 646
11 49 67 92 102 131 157 164 199 234 240 272 318 342 372 388 410
 440 483 497 524 542 573 599 623 632
5 47 68 93 103 135 155 163 196 230 243 273 315 346 370 386 418
 441 485 497 525 543 570 596 621 633
2 55 73 97 111 123 143 171 192 235 246 260 302 344 364 392 403
 459 492 498 526 541 569 599 621 650
13 51 75 95 110 121 141 170 190 238 249 262 304 349 362 394 400
 456 491 498 528 543 573 595 620 641
18 48 65 91 104 138 159 162 197 233 241 274 317 340 373 385 414
 443 478 497 526 540 572 595 624 635
0 43 62 89 118 132 151 176 183 229 252 277 306 353 375 382 405
 447 484 496 527 541 570 595 623 640
16 41 60 88 117 137 152 179 184 226 250 279 308 352 376 381 406
 448 481 496 525 540 571 599 620 637
17 53 70 98 113 124 144 172 193 236 245 264 303 345 361 390 402
 458 493 498 524 540 570 597 622 649
3 58 72 84 108 126 146 166 187 224 255 267 313 356 366 397 411
 451 489 499 526 543 571 597 623 648
12 38 54 76 85 123 141 186 207 233 256 298 307 347 369 380 418
 432 458 460 504 576 608 612 623 637
19 21 49 62 96 138 158 184 210 224 253 282 302 357 378 393 415
 429 441 463 504 577 609 613 622 641
5 31 53 74 88 121 142 187 206 232 257 297 309 342 367 383 417
 431 459 460 508 577 606 610 624 640
17 28 43 67 83 137 153 197 216 239 242 285 310 341 371 397 400
 423 446 462 507 576 606 613 621 642
13 27 44 69 80 134 154 196 218 236 241 288 311 344 374 395 404
 422 448 462 505 575 609 610 623 644
16 32 58 78 93 128 149 193 201 229 246 292 316 350 362 388 407
 438 452 461 506 575 608 613 624 631
11 33 51 79 87 122 144 189 209 231 259 299 306 348 366 381 414
 430 457 460 506 578 609 614 621 638
9 25 41 66 81 133 151 199 215 238 243 287 314 343 373 398 403
 420 449 462 508 574 608 614 622 648
10 22 46 60 99 131 155 181 214 220 252 281 303 355 377 394 411
 428 442 463 505 576 605 614 624 650
0 35 50 77 94 127 147 192 203 225 249 294 318 354 360 385 406
 437 451 461 505 578 606 612 622 633
6 26 40 68 82 136 152 198 219 235 244 289 313 349 372 396 402
 421 447 462 504 578 607 611 624 645
14 24 47 61 95 139 156 180 212 223 250 280 300 358 379 392 416
 425 443 463 506 574 606 611 623 649
2 29 42 65 84 132 150 195 217 237 240 286 312 345 370 399 401
 424 445 462 506 577 605 612 620 647
15 39 59 75 90 129 148 191 202 226 245 290 315 351 364 387 408
 435 454 461 507 577 607 614 623 635
8 30 56 73 91 125 146 194 200 228 248 293 319 353 361 386 409
 436 453 461 508 576 609 611 620 632
7 34 55 71 89 120 140 185 208 230 255 296 308 340 365 384 410
 434 456 460 507 575 605 611 622 639
3 23 45 63 97 135 159 182 213 221 254 284 301 359 375 390 413
 426 440 463 507 578 608 610 620 646
4 37 52 70 92 126 145 190 204 227 247 291 317 352 363 389 405
 439 450 461 504 574 605 610 621 634
18 36 57 72 86 124 143 188 205 234 258 295 305 346 368 382 412
 433 455 460 505 574 607 613 620 636
1 20 48 64 98 130 157 183 211 222 251 283 304 356 376 391 419
 427 444 463 508 575 607 612 621 643
14 35 71 82 116 122 146 168 217 227 254 298 327 343 364 394 427
 448 493 497 510 562 580 586 613 640
3 32 74 80 118 120 145 169 216 225 251 295 328 349 361 392 429
 445 494 497 513 563 582 589 614 637
16 25 62 86 110 139 153 175 209 236 247 281 339 340 372 386 435
 459 476 499 509 562 582 587 612 646
10 37 79 81 119 124 148 166 218 228 250 297 325 341 362 393 426
 447 492 497 511 561 583 585 612 639
17 31 78 96 101 129 143 170 213 233 240 291 334 355 366 398 422
 444 486 496 511 563 580 587 611 633
0 28 64 85 112 131 150 179 205 235 248 282 338 348 373 387 438
 456 485 499 513 561 580 588 610 649
5 24 69 92 109 133 159 161 200 224 258 289 321 351 377 381 434
 452 484 498 512 560 580 589 612 642
4 29 63 88 114 138 154 176 207 238 245 283 335 346 371 388 437
 457 480 499 510 559 583 589 611 650
2 34 77 98 103 128 141 174 212 232 241 293 333 357 368 397 421
 440 488 496 512 562 583 588 614 634
9 38 75 99 104 125 144 171 211 234 242 294 330 358 365 396 424
 441 489 496 510 560 582 585 610 631
19 30 72 83 115 123 149 165 219 226 252 296 329 345 360 391 425
 449 491 497 512 559 581 587 610 638
13 33 70 97 100 127 142 173 214 230 244 290 332 356 369 399 420
 443 487 496 509 561 581 589 613 632
12 23 65 94 105 136 157 163 204 220 259 288 322 353 379 384 431
 454 481 498 511 559 582 588 613 648
6 36 73 95 102 126 140 172 210 231 243 292 331 359 367 395 423
 442 490 496 513 559 579 586 612 635
1 39 76 84 117 121 147 167 215 229 253 299 326 344 363 390 428
 446 495 497 509 560 579 588 611 636
15 26 60 87 111 135 151 178 208 237 249 280 337 342 374 389 436
 458 478 499 512 563 579 585 613 643
8 27 61 89 113 130 152 177 206 239 246 284 336 347 370 385 439
 455 483 499 511 560 581 586 614 641
7 22 68 91 107 137 156 164 202 222 256 287 323 350 378 382 430
 451 479 498 509 563 583 586 610 647
11 21 66 90 108 132 155 162 201 221 257 285 320 354 376 380 433
 450 482 498 513 562 581 585 611 644
18 20 67 93 106 134 158 160 203 223 255 286 324 352 375 383 432
 453 477 498 510 561 579 587 614 645
0 29 79 97 103 160 185 215 226 258 274 285 300 350 367 394 409
 422 472 483 504 536 582 592 597 643
5 23 75 84 118 177 193 214 231 248 278 280 310 340 360 398 412
 427 473 477 504 534 583 591 599 644
18 21 70 81 115 179 194 213 232 249 277 283 313 347 364 395 410
 428 473 479 506 538 582 594 596 642
16 28 71 98 101 162 187 219 228 259 272 287 301 351 369 392 405
 424 472 480 505 537 579 591 596 641
6 34 63 94 107 165 181 206 236 253 269 295 315 341 376 389 403
 432 475 489 506 536 580 591 595 632
14 30 66 86 113 174 196 202 220 240 260 294 309 356 371 381 413
 438 474 494 504 538 579 593 595 639
10 39 67 85 111 173 198 201 224 241 262 291 308 359 370 382 416
 437 474 493 508 535 582 591 598 638
7 24 78 80 116 178 192 210 234 245 275 281 312 348 363 397 418
 426 473 481 508 537 581 592 595 645
8 26 76 99 102 161 188 217 225 257 273 288 302 352 366 391 407
 420 472 476 507 535 583 594 595 649
17 36 60 91 106 169 183 209 238 254 267 297 318 344 379 387 401
 434 475 488 504 535 581 590 596 631
13 31 64 93 109 166 180 207 237 252 266 299 319 343 378 385 402
 433 475 490 507 537 582 593 599 634
2 38 62 90 105 168 182 205 239 250 265 296 317 349 377 388 404
 430 475 487 508 534 579 594 597 633
15 25 74 96 104 164 186 218 227 255 270 289 304 353 368 390 406
 423 472 485 506 534 581 593 598 650
4 27 72 95 100 163 189 216 229 256 271 286 303 354 365 393 408
 421 472 478 508 538 580 590 599 646
9 33 61 92 108 167 184 208 235 251 268 298 316 345 375 386 400
 431 475 486 505 538 583 592 598 635
19 32 65 88 110 172 199 203 222 244 263 293 306 358 374 380 411
 439 474 492 507 534 580 592 596 636
3 37 68 87 114 170 195 200 223 242 264 292 307 357 373 384 419
 435 474 495 505 536 581 594 599 640
1 35 69 89 112 171 197 204 221 243 261 290 305 355 372 383 415
 436 474 491 506 537 583 590 597 637
11 22 77 82 119 175 190 211 233 246 279 282 311 346 361 399 417
 425 473 484 507 536 579 590 598 648
12 20 73 83 117 176 191 212 230 247 276 284 314 342 362 396 414
 429 473 482 505 535 580 593 597 647
33 59 112 136 185 212 236 249 267 292 310 334 352 378 380 413 424
 455 484 497 508 514 545 551 618 650
22 41 101 123 183 203 230 242 278 288 309 321 349 363 393 409 433
 440 493 499 506 518 547 551 617 635
32 57 107 130 192 217 221 255 262 299 303 325 342 373 386 404 425
 454 480 496 504 517 545 550 617 642
24 40 104 124 184 201 232 243 276 286 307 322 344 360 394 405 430
 444 494 499 507 516 545 549 615 632
28 49 119 125 198 208 225 252 271 284 317 335 356 367 398 418 435
 448 488 498 506 516 544 550 618 636
35 54 108 135 190 218 223 259 263 295 302 329 340 371 387 402 428
 452 483 496 508 516 547 552 616 647
25 46 116 126 196 206 229 250 274 283 318 338 357 369 396 412 436
 445 486 498 507 517 546 551 616 638
34 56 110 134 187 213 237 246 268 290 314 330 354 377 382 419 423
 457 481 497 504 518 544 549 616 649
29 48 115 129 199 209 227 253 273 280 319 336 359 365 397 417 438
 447 487 498 505 518 545 552 619 637
30 55 105 131 191 215 224 256 264 297 301 328 346 374 385 400 427
 450 476 496 506 514 546 549 619 645
36 58 114 133 189 214 235 247 265 294 312 333 353 376 383 416 422
 458 479 497 507 515 547 550 619 641
39 51 109 138 193 216 222 257 260 296 300 327 347 372 389 401 426
 453 485 496 505 515 544 551 615 648
38 50 113 137 188 210 238 248 266 291 311 332 351 375 384 411 421
 459 482 497 506 517 548 552 615 643
27 45 117 128 197 205 228 251 270 281 315 337 358 366 399 410 437
 449 490 498 504 514 547 553 615 640
26 47 118 127 195 207 226 254 272 282 316 339 355 368 395 414 439
 446 489 498 508 515 548 549 617 639
31 52 111 132 186 211 239 245 269 293 313 331 350 379 381 415 420
 456 477 497 505 516 546 553 617 646
23 44 102 122 181 202 233 244 277 285 305 324 345 362 392 406 434
 441 495 499 508 517 544 553 619 634
21 43 103 121 182 204 231 240 275 289 308 323 343 361 391 408 432
 443 492 499 505 514 548 550 616 631
37 53 106 139 194 219 220 258 261 298 304 326 348 370 388 403 429
 451 478 496 507 518 548 553 618 644
20 42 100 120 180 200 234 241 279 287 306 320 341 364 390 407 431
 442 491 499 504 515 546 552 618 633
33 52 66 96 115 125 147 176 195 205 241 278 297 303 372 392 432
 452 471 481 507 543 568 586 604 643
30 57 61 80 100 122 141 160 183 204 253 272 292 313 377 398 437
 459 469 485 507 540 566 585 601 647
25 49 75 85 105 135 156 165 194 217 246 267 285 306 363 383 421
 444 470 490 505 540 567 589 604 639
26 46 73 86 106 130 159 166 190 216 245 268 287 308 360 380 422
 441 470 487 506 542 568 588 601 640
29 45 77 89 107 131 158 169 193 219 247 266 288 307 364 381 423
 443 470 486 508 543 564 585 602 636
24 44 71 94 112 137 151 173 189 211 257 264 284 319 368 388 428
 445 468 492 504 543 567 587 601 635
31 58 69 95 116 127 148 175 199 208 242 277 295 301 370 391 430
 453 471 482 504 540 564 588 600 650
27 47 70 87 108 138 157 168 192 215 248 269 289 309 362 382 424
 442 470 488 507 539 565 587 600 637
21 41 72 91 113 134 150 171 186 212 259 262 281 316 367 389 427
 447 468 495 507 542 564 589 603 633
37 51 63 84 103 120 143 162 184 203 252 270 290 311 379 396 438
 458 469 476 508 542 567 586 600 642
32 53 62 81 104 123 140 161 180 202 254 271 291 310 376 399 436
 457 469 483 505 543 565 588 603 645
39 54 60 82 102 124 142 163 182 200 251 274 294 314 378 397 439
 456 469 480 506 541 564 587 604 644
23 42 74 93 110 133 152 174 185 210 256 261 283 317 366 387 425
 446 468 493 505 541 568 585 600 632
28 48 78 88 109 139 155 167 191 218 249 265 286 305 361 384 420
 440 470 489 504 541 566 586 603 638
34 50 68 99 119 126 149 179 197 209 240 276 298 300 374 390 433
 454 471 477 508 541 565 589 601 641
22 40 79 92 114 132 153 172 188 213 255 260 280 315 369 385 429
 448 468 491 508 539 566 588 604 631
35 55 64 83 101 121 144 164 181 201 250 273 293 312 375 395 435
 455 469 478 504 539 568 589 602 648
36 56 67 98 117 129 145 177 196 207 244 275 296 302 373 394 431
 451 471 484 506 539 567 585 603 646
38 59 65 97 118 128 146 178 198 206 243 279 299 304 371 393 434
 450 471 479 505 542 566 587 602 649
20 43 76 90 111 136 154 170 187 214 258 263 282 318 365 386 426
 449 468 494 506 540 565 586 602 634
0 26 70 93 105 121 148 197 212 234 260 307 329 376 398 411 434
 445 480 503 518 558 586 598 609 646
9 36 69 84 119 135 152 186 201 222 272 303 338 364 384 409 429
 457 487 501 514 558 587 595 606 634
10 30 64 97 104 132 158 190 208 236 275 314 321 366 388 412 421
 454 495 500 515 556 586 596 606 637
2 31 66 82 117 131 153 185 204 223 271 304 336 360 382 407 426
 458 489 501 517 554 589 596 609 635
14 37 62 98 102 137 155 192 206 237 278 313 322 365 387 414 422
 453 491 500 514 557 589 598 608 636
12 22 72 88 112 128 140 182 215 227 268 318 332 370 392 402 435
 444 477 502 515 557 585 595 609 642
1 32 61 99 103 136 159 191 205 238 277 312 320 369 389 417 423
 451 493 500 516 555 587 599 609 639
19 39 63 95 101 134 157 194 209 235 279 310 323 368 385 418 420
 452 494 500 517 558 585 597 605 640
13 34 67 81 118 138 150 189 200 220 273 301 337 363 380 406 425
 459 486 501 516 557 586 597 607 631
4 25 73 94 109 120 149 195 214 233 262 309 326 375 397 415 430
 448 483 503 514 555 585 596 607 649
11 23 71 86 111 125 141 184 218 229 266 315 334 373 391 401 439
 442 479 502 518 555 589 597 606 645
5 21 76 89 114 127 144 180 216 228 267 317 331 374 394 403 438
 440 481 502 517 556 587 598 607 647
16 27 77 90 106 123 146 199 213 231 264 305 325 378 396 416 431
 446 485 503 516 556 589 595 605 643
3 35 60 96 100 133 156 193 207 239 276 311 324 367 386 410 424
 450 492 500 518 554 588 595 607 638
17 38 68 80 115 139 151 187 203 221 274 302 335 362 381 408 427
 455 490 501 515 555 588 598 605 632
6 33 65 83 116 130 154 188 202 224 270 300 339 361 383 405 428
 456 488 501 518 556 585 599 608 633
8 28 75 92 107 122 147 196 210 232 263 308 328 379 399 419 433
 447 478 503 515 554 587 597 608 650
18 24 79 85 110 129 142 183 219 225 269 316 333 371 390 404 436
 441 482 502 514 554 586 599 605 648
15 29 78 91 108 124 145 198 211 230 261 306 327 377 395 413 432
 449 476 503 517 557 588 599 606 641
7 20 74 87 113 126 143 181 217 226 265 319 330 372 393 400 437
 443 484 502 516 558 588 596 608 644
121 125 130 133 163 168 173 178 223 226 233 236 301 306 313 318 423
 429 433 438 569 583 603 605 615 630
122 128 132 139 164 165 171 179 224 225 230 238 303 307 310 319 422
 426 431 439 572 579 600 607 616 630
120 129 135 137 161 166 172 175 220 229 232 235 300 305 314 317 424
 427 432 437 573 581 602 609 617 630
124 127 131 134 162 167 170 176 222 227 231 239 302 309 312 315 421
 425 434 436 571 582 601 608 618 630
123 126 136 138 160 169 174 177 221 228 234 237 304 308 311 316 420
 428 430 435 570 580 604 606 619 630
10 29 55 62 95 112 159 196 203 259 269 298 330 342 361 398 407
 446 467 479 571 581 604 607 615 634
9 23 58 68 83 109 150 183 206 245 263 291 325 354 368 394 410
 443 466 476 569 579 604 609 618 637
14 28 53 60 97 110 157 195 201 255 266 295 331 347 363 396 408
 449 467 484 572 583 601 609 619 633
7 37 42 72 85 118 144 191 213 244 274 288 336 343 376 386 415
 452 465 488 573 579 601 606 615 650
4 34 46 78 90 102 147 186 219 254 279 280 321 356 373 383 400
 455 464 492 570 582 600 609 615 647
13 21 56 65 82 106 151 181 205 247 260 292 328 351 365 390 418
 444 466 483 571 583 600 606 617 638
11 30 44 76 88 116 143 193 212 243 271 289 337 341 375 387 419
 451 465 487 572 582 604 605 617 641
16 38 45 73 92 103 148 189 217 253 278 283 324 355 374 382 402
 456 464 494 572 581 603 606 618 648
15 36 48 70 94 101 146 185 216 252 276 282 320 358 370 381 404
 459 464 495 573 583 604 608 616 645
18 39 40 74 89 119 141 192 214 242 273 287 339 345 379 388 413
 450 465 490 571 580 603 609 616 643
12 32 41 71 87 115 142 190 210 240 270 285 338 344 377 385 416
 453 465 489 570 583 602 607 618 646
8 33 49 77 93 104 145 187 215 250 277 281 323 359 371 384 401
 458 464 491 569 580 601 607 617 644
19 27 51 64 99 114 156 198 204 258 268 297 334 340 364 397 406
 445 467 482 570 579 603 608 617 632
0 31 47 75 91 100 149 188 218 251 275 284 322 357 372 380 403
 457 464 493 571 579 602 605 619 642
17 24 50 66 84 107 154 182 208 246 261 293 329 352 369 393 414
 442 466 485 573 582 603 607 619 640
5 35 43 79 86 117 140 194 211 241 272 286 335 349 378 389 411
 454 465 486 569 581 600 608 619 649
2 22 52 67 80 108 152 180 209 249 264 290 326 353 367 391 412
 441 466 480 572 580 602 608 615 639
3 25 54 61 98 111 158 197 202 257 265 299 332 346 360 395 409
 447 467 481 573 580 600 605 618 631
1 26 57 63 96 113 155 199 200 256 267 296 333 348 362 399 405
 448 467 477 569 582 602 606 616 635
6 20 59 69 81 105 153 184 207 248 262 294 327 350 366 392 417
 440 466 478 570 581 601 605 616 636
