625 626 627 628 629 630 631 632 633 634 635 636 637 638 639 640 641
 642 643 644 645 646 647 648 649 650
25 26 27 38 39 171 172 173 182 183 341 342 352 353 354 464 465
 475 476 483 535 536 537 538 551 635
35 36 37 42 43 180 181 188 189 190 348 349 350 351 359 472 473
 474 481 482 547 548 549 550 554 635
31 32 33 34 41 178 179 185 186 187 344 345 346 347 360 468 469
 470 471 480 543 544 545 546 553 635
28 29 30 40 44 174 175 176 177 184 343 355 356 357 358 466 467
 477 478 479 539 540 541 542 552 635
0 5 20 23 24 95 96 97 108 109 110 121 122 131 132 133 146
 147 158 159 160 174 182 185 188 643
4 8 9 15 22 95 106 107 117 118 119 129 130 142 143 144 156
 157 168 169 170 177 179 181 183 645
2 7 12 16 19 95 104 105 114 115 116 127 128 140 141 145 154
 155 165 166 167 173 176 187 189 641
3 11 13 14 17 95 102 103 112 113 120 125 126 137 138 139 152
 153 162 163 164 172 175 180 186 644
1 6 10 18 21 95 98 99 100 101 111 123 124 134 135 136 148
 149 150 151 161 171 178 184 190 642
45 54 55 56 57 70 71 72 82 83 121 134 137 142 145 316 328
 329 330 331 362 464 466 468 481 630
53 65 66 67 68 79 80 81 93 94 130 133 136 139 141 325 326
 327 338 339 362 474 476 479 480 633
51 52 62 63 64 78 89 90 91 92 124 126 128 132 144 321 322
 323 324 337 362 471 473 478 483 634
48 49 50 60 61 75 76 77 87 88 122 123 129 138 140 319 320
 335 336 340 362 467 470 475 482 631
46 47 58 59 69 73 74 84 85 86 125 127 131 135 143 317 318
 332 333 334 362 465 469 472 477 632
48 54 58 62 65 102 108 111 114 117 267 275 276 281 284 291 292
 293 294 315 343 344 348 352 363 639
57 61 64 68 69 97 101 113 116 119 266 272 280 286 288 301 302
 303 304 314 342 347 358 359 363 638
52 53 56 59 60 96 100 105 112 118 270 274 277 278 290 299 300
 311 312 313 346 351 354 357 363 640
45 47 50 63 67 99 103 107 110 115 269 273 282 283 289 296 297
 298 309 310 350 353 356 360 363 636
46 49 51 55 66 98 104 106 109 120 268 271 279 285 287 295 305
 306 307 308 341 345 349 355 363 637
146 161 162 165 168 194 200 202 206 209 291 296 299 305 314 361 467
 468 473 476 484 495 496 497 508 632
151 157 160 164 167 191 196 203 208 211 294 300 304 308 310 361 469
 479 481 483 493 494 505 506 507 631
150 156 159 163 166 192 197 199 207 213 295 298 303 313 315 361 464
 470 472 478 491 492 502 503 504 633
149 153 155 158 169 195 205 210 212 215 293 297 302 307 312 361 465
 466 480 482 489 490 499 500 501 634
147 148 152 154 170 193 198 201 204 214 292 301 306 309 311 361 471
 474 475 477 485 486 487 488 498 630
2 14 18 20 22 70 84 87 89 93 292 295 296 300 302 439 440
 450 451 463 509 535 539 543 554 626
1 5 7 9 13 74 81 83 88 92 291 301 307 310 313 446 447
 448 449 462 509 538 542 546 550 629
0 3 8 10 12 77 78 80 82 86 297 304 305 311 315 444 445
 459 460 461 509 545 549 551 552 627
6 15 17 19 23 72 76 85 91 94 293 299 303 308 309 442 443
 456 457 458 509 537 541 548 553 625
4 11 16 21 24 71 73 75 79 90 294 298 306 312 314 441 452
 453 454 455 509 536 540 544 547 628
25 31 40 42 104 110 111 112 119 362 389 392 393 397 408 439 446
 452 456 459 485 499 502 505 508 646
27 30 34 43 97 98 102 115 118 362 396 399 403 404 409 441 445
 449 458 463 488 494 497 501 504 649
29 33 37 39 96 99 116 117 120 362 391 395 398 407 410 443 448
 451 455 461 484 487 490 492 507 650
28 32 36 38 101 103 105 106 108 362 390 402 406 412 413 442 444
 450 454 462 486 496 500 503 506 648
26 35 41 44 100 107 109 113 114 362 394 400 401 405 411 440 447
 453 457 460 489 491 493 495 498 647
132 134 139 140 143 363 414 415 426 427 428 484 486 489 494 502 512
 515 518 519 522 540 543 548 551 629
124 127 133 138 142 363 424 425 435 436 437 496 498 499 504 507 511
 517 526 527 534 538 539 545 547 625
123 128 130 131 137 363 421 422 423 433 434 488 490 493 503 508 513
 520 523 528 532 536 542 549 553 626
121 126 129 135 141 363 419 420 431 432 438 487 491 497 500 505 510
 516 521 525 530 535 541 544 550 627
122 125 136 144 145 363 416 417 418 429 430 485 492 495 501 506 514
 524 529 531 533 537 546 552 554 628
101 109 112 115 117 216 217 228 229 230 316 321 332 335 338 361 535
 547 552 553 588 589 590 591 592 629
99 104 108 113 118 227 236 237 238 239 320 331 334 337 339 361 538
 541 543 549 586 587 602 603 604 628
96 98 103 114 119 224 225 226 234 235 318 324 327 330 340 361 536
 539 546 548 583 584 585 600 601 627
100 102 106 110 116 221 222 223 233 240 319 323 326 329 333 361 537
 540 545 550 580 581 582 598 599 626
97 105 107 111 120 218 219 220 231 232 317 322 325 328 336 361 542
 544 551 554 593 594 595 596 597 625
95 361 362 363 509 605 606 607 608 609 610 611 612 613 614 615 616
 617 618 619 620 621 622 623 624 635
55 58 60 63 68 151 153 154 159 168 416 422 428 435 438 440 444
 448 452 458 584 587 588 594 599 635
51 54 59 61 67 150 152 157 158 165 414 420 430 434 437 442 447
 455 459 463 581 586 589 597 600 635
45 46 48 53 64 155 160 161 163 170 415 417 425 432 433 445 446
 451 454 457 582 583 591 593 602 635
47 49 52 57 65 146 148 164 166 169 419 423 426 429 436 439 441
 443 460 462 580 585 590 596 604 635
50 56 62 66 69 147 149 156 162 167 418 421 424 427 431 449 450
 453 456 461 592 595 598 601 603 635
0 1 14 15 16 363 389 390 398 399 400 467 472 480 483 555 556
 567 568 569 581 587 590 593 601 630
12 13 21 22 23 363 395 396 397 411 412 466 469 473 475 564 565
 566 578 579 585 586 591 594 598 633
9 10 11 19 20 363 393 394 409 410 413 464 471 479 482 562 563
 575 576 577 580 583 588 597 603 632
7 8 17 18 24 363 404 405 406 407 408 465 468 474 478 560 561
 572 573 574 592 596 599 600 602 631
2 3 4 5 6 363 391 392 401 402 403 470 476 477 481 557 558
 559 570 571 582 584 589 595 604 634
147 151 163 165 169 317 319 330 337 338 344 349 353 358 397 398 403
 405 413 509 510 519 526 529 532 640
154 156 158 161 164 318 321 326 331 336 343 354 359 360 389 401 407
 409 412 509 511 513 516 518 533 637
149 152 160 166 168 320 322 327 329 332 342 345 350 357 392 399 406
 410 411 509 514 522 528 530 534 639
148 155 157 159 162 316 323 325 334 340 341 346 348 356 390 391 394
 396 408 509 512 521 523 527 531 638
146 150 153 167 170 324 328 333 335 339 347 351 352 355 393 395 400
 402 404 509 515 517 520 524 525 636
131 134 138 141 144 216 221 231 234 236 296 301 308 312 315 366 372
 375 380 381 390 393 403 407 411 635
122 128 135 139 142 220 223 230 235 239 294 302 305 309 313 371 373
 377 386 388 391 397 400 406 409 635
127 129 132 136 137 217 219 222 226 238 292 298 299 304 307 365 370
 376 379 385 395 399 401 408 413 635
123 126 133 143 145 218 225 229 233 237 291 297 300 303 306 368 369
 374 382 387 389 396 402 405 410 635
121 124 125 130 140 224 227 228 232 240 293 295 310 311 314 364 367
 378 383 384 392 394 398 404 412 635
0 6 7 11 22 242 243 248 263 265 267 270 282 286 287 322 326
 330 334 335 487 494 495 499 503 635
1 4 12 17 20 246 247 253 259 264 266 269 277 281 285 316 327
 333 336 337 486 491 501 507 508 635
2 10 13 15 24 250 251 254 256 258 268 274 280 284 289 318 320
 323 328 338 490 497 498 502 506 635
3 9 16 18 23 244 249 255 260 262 272 273 276 279 290 319 324
 325 331 332 484 485 493 500 504 635
5 8 14 19 21 241 245 252 257 261 271 275 278 283 288 317 321
 329 339 340 488 489 492 496 505 635
95 226 228 231 233 239 282 284 285 288 290 440 443 449 454 459 464
 473 477 480 511 514 515 521 532 631
95 218 230 234 238 240 272 274 281 283 287 446 450 455 458 460 465
 467 471 481 513 519 524 527 530 633
95 217 223 225 232 236 267 271 273 277 280 441 444 447 451 456 468
 472 475 479 518 523 525 529 534 634
95 219 221 227 229 235 268 269 276 278 286 439 442 445 448 453 466
 470 474 483 516 520 522 526 531 632
95 216 220 222 224 237 266 270 275 279 289 452 457 461 462 463 469
 476 478 482 510 512 517 528 533 630
180 182 184 187 241 246 248 251 260 291 295 304 309 312 362 513 517
 521 522 529 588 593 598 600 604 645
171 177 186 188 243 250 255 257 264 299 302 306 310 315 362 515 523
 526 530 533 582 585 587 592 597 641
176 183 185 190 245 249 254 259 263 292 297 308 313 314 362 511 519
 525 528 531 581 584 591 596 603 644
172 174 179 189 242 247 256 261 262 293 298 300 301 305 362 512 516
 524 532 534 583 586 590 595 599 642
173 175 178 181 244 252 253 258 265 294 296 303 307 311 362 510 514
 518 520 527 580 589 594 601 602 643
81 82 85 87 90 95 345 352 356 359 364 365 380 382 386 487 493
 496 501 502 591 597 599 601 604 640
71 76 86 92 93 95 347 348 353 357 367 370 375 387 388 485 489
 497 503 507 583 587 589 596 598 637
72 78 79 84 88 95 342 343 346 349 368 371 372 376 378 492 494
 498 500 508 580 584 586 592 593 636
73 77 83 89 94 95 344 350 354 355 366 369 373 383 385 486 490
 495 504 505 582 590 594 600 603 638
70 74 75 80 91 95 341 351 358 360 374 377 379 381 384 484 488
 491 499 506 581 585 588 595 602 639
103 109 111 116 118 242 246 249 250 252 368 370 373 380 384 414 424
 429 433 438 464 467 469 474 509 634
98 105 110 113 117 253 256 257 260 263 365 372 374 383 388 418 423
 428 432 437 475 478 480 481 509 632
100 108 115 119 120 241 243 258 259 262 375 377 378 382 385 417 420
 422 427 436 466 471 472 476 509 631
97 99 106 112 114 244 248 254 261 264 367 369 376 381 386 415 419
 421 430 435 468 477 482 483 509 633
96 101 102 104 107 245 247 251 255 265 364 366 371 379 387 416 425
 426 431 434 465 470 473 479 509 630
46 57 60 62 67 173 177 180 185 216 232 233 235 238 486 492 493
 497 499 509 555 558 574 575 579 642
50 55 59 64 65 175 179 182 190 219 223 228 234 237 485 490 491
 494 496 509 557 566 569 572 576 641
45 52 58 61 66 172 176 178 188 220 226 229 236 240 484 498 501
 503 505 509 556 561 562 565 570 645
47 48 51 56 68 183 184 186 189 217 218 221 224 239 487 489 504
 506 508 509 563 568 571 573 578 643
49 53 54 63 69 171 174 181 187 222 225 227 230 231 488 495 500
 502 507 509 559 560 564 567 577 644
32 39 42 44 95 292 303 305 310 312 318 325 329 335 337 427 429
 432 434 435 567 570 572 575 578 649
25 29 34 36 95 300 307 309 314 315 319 321 327 328 334 414 418
 419 422 425 556 566 571 574 577 647
26 30 31 37 95 294 295 297 299 301 316 317 320 324 326 417 421
 426 437 438 555 559 565 573 576 648
27 28 33 35 95 293 296 304 306 313 322 331 333 338 340 415 416
 420 423 424 558 561 563 564 569 646
38 40 41 43 95 291 298 302 308 311 323 330 332 336 339 428 430
 431 433 436 557 560 562 568 579 650
34 37 38 44 71 77 81 84 91 146 149 154 157 163 221 226 230
 232 237 241 242 253 254 255 363 646
28 31 39 43 72 73 80 87 92 151 158 162 166 170 217 220 227
 233 234 251 252 262 263 264 363 647
25 30 32 35 74 76 79 82 89 147 150 155 164 168 223 224 229
 231 238 250 259 260 261 265 363 650
27 29 41 42 75 78 83 85 93 148 153 156 160 165 216 219 225
 239 240 247 248 249 257 258 363 648
26 33 36 40 70 86 88 90 94 152 159 161 167 169 218 222 228
 235 236 243 244 245 246 256 363 649
71 80 85 88 89 172 181 184 185 278 279 280 281 282 361 389 391
 404 411 413 416 419 427 433 437 641
72 74 77 90 93 173 174 186 190 276 277 287 288 289 361 400 403
 408 410 412 420 421 425 428 429 645
70 73 76 78 81 177 178 182 189 273 274 275 285 286 361 394 397
 399 402 407 415 418 434 436 438 644
75 82 84 92 94 171 176 179 180 269 270 271 272 284 361 393 396
 398 401 406 414 417 423 431 435 643
79 83 86 87 91 175 183 187 188 266 267 268 283 290 361 390 392
 395 405 409 422 424 426 430 432 642
46 56 61 63 65 95 196 198 199 202 205 241 249 256 264 265 398
 402 408 409 411 538 540 553 554 627
47 54 60 64 66 95 192 194 211 214 215 245 248 250 253 262 391
 393 399 405 412 541 546 547 551 626
45 49 59 62 68 95 195 201 206 208 213 242 244 251 257 259 392
 396 400 407 413 536 543 550 552 625
50 51 53 57 58 95 203 204 207 209 210 243 247 252 254 260 390
 397 401 404 410 537 539 544 549 629
48 52 55 67 69 95 191 193 197 200 212 246 255 258 261 263 389
 394 395 403 406 535 542 545 548 628
0 2 9 17 21 27 31 36 44 49 56 58 64 67 361 364 373
 374 375 376 510 511 522 523 524 650
6 8 13 16 20 26 29 32 43 47 53 55 61 62 361 372 384
 385 386 387 519 520 521 533 534 646
5 11 12 15 18 30 33 38 42 45 51 60 65 69 361 370 371
 381 382 383 517 518 530 531 532 647
4 7 10 14 23 25 28 37 41 46 50 52 54 68 361 369 378
 379 380 388 515 516 527 528 529 649
1 3 19 22 24 34 35 39 40 48 57 59 63 66 361 365 366
 367 368 377 512 513 514 525 526 648
25 33 43 44 122 126 127 130 134 191 192 204 205 206 266 273 278
 284 287 509 584 590 597 598 602 648
29 31 35 38 133 135 137 140 144 202 203 212 213 214 268 272 275
 277 282 509 581 583 592 594 604 649
27 32 37 40 123 125 132 141 142 199 200 201 210 211 271 281 286
 289 290 509 585 589 593 599 603 647
26 28 34 42 121 128 136 138 143 197 198 208 209 215 270 276 280
 283 285 509 582 586 588 596 601 650
30 36 39 41 124 129 131 139 145 193 194 195 196 207 267 269 274
 279 288 509 580 587 591 595 600 646
173 179 184 188 200 205 207 208 214 324 329 334 336 338 363 368 375
 379 383 386 443 444 446 453 463 644
171 175 185 189 192 196 201 209 212 326 328 332 337 340 363 367 371
 374 380 385 441 448 450 457 459 645
176 181 182 186 195 197 202 204 211 316 318 319 322 339 363 366 376
 382 384 388 440 445 455 456 462 642
174 178 180 183 193 199 203 206 215 317 323 327 331 335 363 365 373
 378 381 387 442 449 451 452 460 641
172 177 187 190 191 194 198 210 213 320 321 325 330 333 363 364 369
 370 372 377 439 447 454 458 461 643
6 9 12 14 24 191 195 199 209 214 222 229 232 234 239 347 349
 354 356 362 417 419 424 428 434 639
0 4 13 18 19 198 206 207 211 212 219 224 230 233 236 342 348
 355 360 362 415 422 429 431 437 640
5 10 16 17 22 192 193 202 208 210 217 231 235 237 240 346 350
 352 358 362 414 416 421 432 436 637
3 7 15 20 21 194 197 201 203 205 220 221 225 228 238 341 344
 357 359 362 423 425 427 430 438 636
1 2 8 11 23 196 200 204 213 215 216 218 223 226 227 343 345
 351 353 362 418 420 426 433 435 638
148 158 163 167 168 266 271 274 276 282 362 366 370 374 378 386 536
 541 545 554 555 562 564 571 572 629
150 154 160 162 169 277 279 283 284 286 362 376 377 380 383 387 539
 550 551 553 569 570 573 577 579 628
149 159 164 165 170 267 272 278 285 289 362 365 369 371 375 384 535
 540 546 549 556 558 560 576 578 625
147 153 157 161 166 268 270 273 281 288 362 364 368 381 385 388 537
 542 543 547 559 561 566 568 575 627
146 151 152 155 156 269 275 280 287 290 362 367 372 373 379 382 538
 544 548 552 557 563 565 567 574 626
73 82 88 91 93 96 106 111 113 115 192 195 198 200 203 510 513
 515 531 534 558 565 568 572 577 635
76 80 83 84 90 101 110 114 118 120 194 199 204 208 212 511 512
 520 529 530 555 560 563 566 570 635
72 75 81 86 89 98 107 108 112 116 191 201 202 207 215 514 516
 517 519 523 556 557 564 573 575 635
70 77 79 85 92 99 102 105 109 119 196 197 206 210 214 518 521
 524 526 528 561 567 571 576 579 635
71 74 78 87 94 97 100 103 104 117 193 205 209 211 213 522 525
 527 532 533 559 562 569 574 578 635
126 131 136 140 142 243 249 251 253 261 345 348 354 358 361 439 444
 449 455 457 556 559 563 572 579 636
122 124 137 141 143 242 245 258 260 264 346 353 355 359 361 448 454
 456 460 463 558 562 566 567 573 639
130 132 135 138 145 248 252 255 256 259 342 344 351 356 361 443 445
 447 450 452 560 565 569 571 575 637
125 128 129 133 134 241 244 247 250 263 349 352 357 360 361 451 453
 458 459 462 555 557 561 577 578 638
121 123 127 139 144 246 254 257 262 265 341 343 347 350 361 440 441
 442 446 461 564 568 570 574 576 640
24 44 69 94 120 145 170 190 215 240 265 290 315 340 360 388 413
 438 463 483 508 534 579 604 624 629
11 32 48 70 110 136 156 173 195 220 254 278 301 332 355 378 405
 414 458 473 507 523 569 604 611 627
16 30 52 85 107 136 159 180 211 221 264 275 305 330 347 368 392
 420 450 475 490 511 577 602 615 629
21 34 52 87 106 145 152 182 206 231 247 272 310 338 343 370 391
 428 457 472 499 520 573 603 623 627
15 27 68 77 96 127 161 175 215 233 260 275 310 316 349 386 411
 414 439 471 503 525 560 595 621 628
4 31 55 93 116 125 146 171 208 218 260 267 313 321 356 366 399
 427 442 482 498 532 579 602 619 627
22 43 54 74 112 123 167 185 195 219 241 272 305 327 353 364 390
 438 443 478 498 518 563 582 613 628
14 38 66 76 107 131 165 184 210 228 263 266 294 331 351 376 396
 429 448 471 502 534 574 582 616 627
21 28 48 91 97 125 165 181 214 223 256 287 297 327 346 385 407
 431 439 464 493 517 570 587 606 629
23 35 45 84 106 138 151 187 205 235 258 281 314 339 354 387 399
 429 459 478 487 523 576 595 614 629
16 41 69 89 102 122 151 183 213 232 243 289 307 316 357 374 393
 415 443 474 496 513 570 586 617 627
4 29 67 72 111 122 164 189 194 222 241 280 311 324 345 381 396
 432 440 465 503 526 569 603 608 629
19 25 62 80 98 138 157 174 214 240 243 269 313 332 359 370 402
 426 440 468 490 510 578 593 616 628
18 37 64 83 115 131 168 186 213 220 256 285 311 340 352 368 401
 419 442 479 499 519 567 598 614 628
20 39 64 94 105 123 164 177 204 230 258 276 298 334 349 380 392
 416 449 468 489 517 565 581 607 627
17 42 62 70 100 127 146 179 199 224 263 288 306 320 353 380 391
 430 445 479 500 513 556 594 609 629
13 36 57 73 99 140 160 179 215 221 259 287 299 325 352 371 389
 424 440 478 488 529 562 589 618 627
11 40 55 76 105 144 149 188 192 233 249 269 304 318 344 364 400
 419 451 476 488 527 573 586 610 629
1 25 53 87 102 143 146 176 212 239 256 279 304 330 350 381 412
 438 453 471 492 523 572 589 607 625
12 37 56 85 97 129 164 178 212 227 243 283 291 338 341 366 400
 414 454 478 485 534 575 584 609 626
0 26 65 75 104 135 162 177 195 231 253 289 300 329 359 367 395
 433 442 471 504 529 561 584 605 629
24 33 67 84 100 144 155 172 201 219 252 285 291 335 358 386 412
 426 456 481 504 528 577 587 612 627
6 36 59 87 116 133 156 186 198 226 261 273 294 337 341 383 393
 416 460 466 497 528 560 593 613 629
20 36 66 92 117 137 148 187 208 232 265 278 297 318 342 381 397
 420 457 467 504 515 557 599 609 628
12 27 46 71 99 126 169 174 208 220 250 272 292 326 351 372 394
 422 456 470 496 514 568 600 607 629
18 27 54 91 120 130 159 176 209 217 261 282 312 320 359 387 400
 418 446 469 486 526 557 580 622 627
15 40 62 74 101 133 163 189 191 227 248 279 296 329 346 373 401
 422 455 475 501 515 576 596 624 627
19 43 68 89 110 142 152 178 196 225 255 268 312 334 352 376 412
 417 461 467 491 532 558 596 620 629
23 38 59 82 114 124 153 177 211 222 252 287 301 338 350 374 409
 427 451 470 508 521 556 596 622 628
15 37 49 93 102 124 155 185 202 234 246 270 298 331 342 377 405
 418 444 477 505 520 578 597 618 629
22 25 47 72 97 128 149 175 203 216 246 274 306 339 348 383 413
 417 447 470 484 511 567 599 605 627
13 39 58 70 106 132 155 184 191 237 249 283 311 327 359 388 393
 420 441 470 495 532 555 592 621 625
2 42 47 88 109 130 163 178 201 231 264 267 304 324 354 388 410
 431 458 466 496 512 574 581 618 628
9 42 53 90 113 134 154 185 211 223 251 269 293 317 341 369 395
 436 463 467 503 514 571 592 614 627
6 39 49 86 103 142 147 176 192 221 247 280 291 321 351 378 408
 415 463 480 493 530 576 594 605 628
17 26 45 78 119 133 166 184 194 223 254 290 307 335 348 366 398
 428 450 469 488 516 558 597 607 628
14 35 60 81 101 128 158 179 206 218 249 289 315 330 341 385 404
 432 456 477 507 522 565 580 620 628
2 26 60 85 111 137 170 174 207 229 255 271 314 337 350 377 407
 430 462 480 494 527 563 598 621 627
10 35 65 91 105 121 170 186 191 236 247 286 307 332 353 386 396
 427 452 467 492 511 559 600 618 626
14 29 64 73 104 130 150 188 196 235 254 270 291 316 360 370 403
 427 460 475 500 514 563 599 606 625
20 41 60 82 98 130 166 172 212 237 244 286 309 317 343 375 408
 424 455 473 506 525 567 582 619 629
23 31 62 75 99 142 154 172 209 228 265 274 304 327 355 368 403
 432 462 472 489 531 560 597 617 626
1 43 50 79 104 132 169 186 194 240 242 275 303 328 354 375 406
 437 451 477 493 531 564 588 609 627
18 40 47 79 108 137 154 181 205 234 247 288 313 335 345 374 394
 414 461 483 497 529 565 582 615 625
7 38 57 89 100 139 156 174 200 236 264 284 297 340 349 364 399
 432 455 469 485 520 571 588 605 625
17 28 59 81 115 142 148 188 212 238 245 284 295 319 347 372 410
 433 452 483 495 518 578 595 608 627
8 39 56 90 108 141 150 175 206 232 248 285 302 319 350 379 389
 423 458 469 498 531 559 583 616 629
0 42 61 94 107 126 149 187 200 238 252 279 313 316 352 378 407
 428 441 477 506 526 566 583 613 626
22 33 64 77 114 137 147 171 200 239 251 283 308 325 357 384 402
 437 452 472 501 516 574 580 611 629
19 33 49 71 113 133 150 183 210 216 264 276 311 318 356 385 406
 438 446 473 494 529 556 595 623 626
6 41 45 79 118 127 162 182 203 230 256 271 315 324 358 364 389
 420 448 482 486 514 578 596 611 626
10 31 61 83 117 141 163 182 215 222 261 269 306 334 357 377 404
 429 450 473 493 518 568 584 612 625
2 34 54 80 103 131 161 183 191 238 257 277 303 322 355 371 398
 436 453 482 485 521 565 599 612 629
9 34 50 72 105 139 159 171 205 224 248 268 292 333 358 382 407
 433 460 473 505 534 555 589 617 628
7 29 58 80 119 134 147 180 195 218 255 285 298 320 346 383 409
 429 457 483 496 525 564 589 610 626
8 30 46 93 100 121 152 189 210 230 251 282 303 336 344 365 393
 424 462 483 484 523 566 584 606 628
5 27 50 84 116 134 152 177 197 227 265 277 305 324 348 385 405
 419 452 480 506 513 562 591 616 625
8 36 63 72 120 135 165 185 197 237 260 284 301 335 354 370 392
 415 453 479 501 527 568 585 620 626
10 38 63 79 113 129 160 176 201 218 262 278 295 333 348 373 403
 434 443 468 499 533 566 601 621 629
3 43 46 76 111 141 159 179 193 239 254 277 310 321 342 374 413
 426 455 466 495 517 561 601 614 626
2 28 66 71 118 123 160 180 202 224 243 273 301 321 344 386 395
 428 459 465 491 531 567 580 624 625
3 25 61 73 118 121 154 184 213 219 245 267 296 323 349 382 406
 421 457 480 507 524 575 585 622 629
5 37 58 75 118 139 150 187 214 233 244 280 308 322 353 365 394
 425 450 466 508 533 572 590 620 627
7 35 51 71 108 143 162 178 192 222 257 290 309 336 342 384 403
 435 439 479 490 524 555 591 613 627
6 30 68 83 109 138 167 181 200 237 262 277 292 323 360 367 397
 423 454 465 492 522 556 597 610 627
9 26 51 93 110 140 151 175 193 238 241 286 315 318 351 368 391
 431 454 468 501 528 564 590 622 625
3 44 65 70 116 129 151 188 209 216 259 271 309 322 346 369 412
 437 449 465 502 520 568 583 615 628
1 44 51 86 96 139 166 181 208 219 261 289 314 331 344 380 402
 417 458 475 499 521 562 592 608 626
13 41 51 76 97 134 170 173 202 226 245 281 300 326 356 373 392
 423 461 472 500 526 572 588 612 628
8 41 65 74 115 126 158 171 214 221 246 290 314 320 355 376 397
 416 451 481 503 512 575 601 623 625
7 31 53 85 120 132 149 183 198 235 250 288 296 319 343 367 396
 434 444 481 491 517 562 590 611 628
12 40 61 89 106 135 146 180 204 217 257 274 293 325 360 375 405
 425 448 464 494 528 559 601 608 628
5 40 53 82 103 140 157 190 206 220 258 267 306 337 347 376 411
 418 443 465 504 516 555 588 606 626
12 32 63 88 112 121 148 183 194 233 255 287 294 339 358 380 401
 418 463 472 490 522 561 583 619 625
5 32 57 94 111 143 165 172 196 234 253 273 295 323 357 379 400
 422 445 482 487 511 564 592 623 628
9 28 57 77 98 132 153 189 213 231 246 278 294 334 360 387 398
 430 456 476 498 530 572 591 615 626
0 28 63 84 102 141 156 190 203 229 244 266 299 328 345 384 391
 436 446 475 489 532 575 600 610 628
1 33 58 91 107 140 164 182 199 225 262 270 302 329 355 372 413
 421 459 474 497 527 571 591 619 628
10 29 56 87 110 126 155 181 207 228 242 276 308 317 347 371 399
 435 447 476 486 513 561 585 624 628
0 34 46 92 101 129 167 172 192 223 258 275 312 331 356 383 410
 430 440 474 508 519 559 585 611 625
13 30 50 78 114 143 161 188 201 232 263 272 312 339 345 377 408
 416 442 464 507 510 571 590 624 626
3 33 56 81 109 135 168 173 211 240 263 280 298 337 343 387 390
 417 439 482 488 515 566 600 617 625
22 44 60 90 99 131 162 189 198 225 260 281 307 338 347 378 406
 426 445 464 505 533 557 581 610 625
19 44 45 88 117 124 158 180 197 239 250 286 300 333 345 379 390
 421 441 476 485 519 560 594 606 627
14 31 47 78 96 123 157 173 197 236 259 279 293 328 358 365 409
 435 454 474 495 530 557 598 623 629
15 32 59 90 104 138 160 171 207 217 241 266 297 330 343 388 394
 419 449 474 484 524 558 594 612 626
18 32 66 86 119 128 153 182 193 227 242 284 299 336 356 369 411
 425 441 481 492 510 563 581 617 629
17 34 68 73 108 124 169 173 204 229 249 282 305 340 357 381 395
 431 447 481 502 533 576 593 619 626
20 30 54 75 113 128 169 190 199 226 252 268 310 332 346 366 389
 415 444 476 487 524 574 598 608 625
23 29 49 92 112 127 168 190 193 236 253 283 302 326 344 382 404
 434 453 464 506 512 558 593 615 627
16 36 48 80 96 144 153 178 209 230 250 266 295 329 353 382 408
 423 447 477 494 516 579 603 614 625
21 26 69 83 112 144 158 176 196 224 242 281 309 325 349 365 410
 436 444 470 497 515 569 602 616 626
4 38 48 74 109 145 148 175 199 235 251 273 299 322 359 375 404
 435 461 480 505 519 577 586 607 626
11 37 67 78 98 145 147 179 203 217 245 276 302 333 354 367 411
 422 462 467 502 521 570 602 613 625
11 27 52 81 117 122 167 184 198 234 259 268 303 317 350 384 401
 425 459 468 500 512 579 587 605 626
24 43 52 82 119 125 161 187 207 216 253 282 292 319 341 373 402
 421 448 479 489 530 569 586 618 625
24 25 55 92 115 136 163 177 202 225 244 288 293 336 351 371 390
 437 460 469 487 522 570 603 621 626
21 42 55 86 114 122 157 186 210 229 262 274 296 326 342 379 398
 433 449 478 486 525 577 604 620 625
16 39 67 88 101 125 168 174 205 226 257 270 308 328 348 369 397
 424 445 471 491 518 573 604 622 626
4 35 69 77 103 136 166 185 204 228 248 271 300 323 352 372 409
 434 446 466 484 510 573 587 609 625
16 34 49 74 99 137 156 188 194 218 252 286 293 323 388 411 417
 459 479 486 517 535 572 584 616 640
21 30 47 77 104 133 170 172 208 222 249 284 302 322 378 390 418
 448 468 491 513 548 575 589 614 640
11 31 68 88 118 131 155 190 211 232 247 284 309 329 385 402 430
 460 478 484 526 535 564 601 607 637
4 40 60 80 113 124 165 182 213 221 265 283 292 328 386 410 417
 449 469 500 523 548 561 590 613 637
11 28 64 82 99 127 159 183 201 240 241 279 300 336 366 397 429
 447 480 497 520 548 559 592 620 639
21 32 45 92 113 130 146 189 215 219 243 277 308 319 368 409 416
 461 477 502 527 535 555 600 605 639
16 44 66 78 108 142 164 171 195 233 256 277 296 317 370 404 430
 446 470 487 528 548 566 588 618 638
24 41 62 81 104 123 152 181 192 220 260 283 299 333 381 398 429
 444 466 494 511 535 571 583 622 638
4 33 59 83 108 128 151 180 214 231 254 279 303 326 364 408 418
 445 467 489 534 535 562 585 621 636
24 29 54 86 118 138 149 173 206 223 264 286 295 325 374 401 416
 462 471 505 532 548 568 591 609 636
14 36 62 77 110 134 168 176 203 219 264 290 303 338 377 394 433
 441 465 487 517 546 559 586 619 637
23 26 64 74 120 141 157 178 202 233 247 278 292 330 383 406 424
 441 482 502 513 552 571 587 608 636
17 35 46 90 97 123 156 176 215 234 255 267 311 329 370 397 437
 448 476 506 521 543 577 590 617 636
19 27 60 92 107 135 147 186 205 222 254 267 295 327 380 389 436
 454 481 484 520 552 572 586 624 638
22 27 51 73 100 133 164 187 206 228 255 269 301 328 388 408 433
 444 482 492 519 541 570 601 615 639
20 38 50 90 102 127 170 178 195 216 261 280 313 325 368 398 422
 459 481 495 522 541 573 585 606 637
18 43 59 78 106 140 163 174 210 218 265 280 309 316 380 395 423
 453 476 505 511 546 575 587 611 639
15 43 63 75 105 137 146 184 211 235 261 285 315 326 378 410 424
 447 465 485 510 543 570 591 623 638
9 25 48 78 101 131 152 187 215 237 264 271 298 326 384 400 427
 443 481 497 531 539 561 594 608 640
10 26 49 89 96 125 154 179 212 220 248 273 303 339 370 390 420
 449 481 508 526 540 574 591 610 639
7 36 47 91 112 122 150 177 212 240 251 271 292 331 368 411 428
 445 476 507 532 544 576 601 612 638
0 25 59 93 103 145 169 178 197 232 262 281 308 320 386 401 432
 448 473 488 517 540 563 592 615 638
0 35 52 88 98 142 165 175 208 227 254 288 298 325 382 393 438
 451 465 486 533 553 571 598 612 639
3 42 67 74 96 124 170 176 206 237 243 268 294 336 372 399 419
 450 464 489 529 553 564 599 611 638
1 42 64 76 117 145 162 174 191 221 244 282 295 339 385 409 414
 444 465 498 528 544 558 585 617 640
3 27 45 87 114 144 150 185 191 218 253 288 299 334 378 397 431
 462 474 490 534 540 567 588 608 637
1 27 69 80 109 137 155 179 192 236 241 274 294 319 369 392 428
 442 473 487 533 539 575 596 606 636
13 38 52 86 115 130 151 185 194 239 265 276 306 329 365 407 414
 456 482 491 524 539 559 593 610 638
5 43 66 85 101 144 154 175 200 222 259 276 300 320 388 398 415
 460 464 499 523 544 578 600 619 636
12 43 48 83 103 133 149 177 201 236 260 270 314 317 379 391 420
 440 483 502 524 553 572 580 617 637
8 37 69 92 114 138 159 184 195 238 247 273 306 328 373 412 432
 439 476 494 514 553 562 581 619 640
13 37 60 72 109 136 169 176 193 223 257 266 296 334 364 402 427
 459 483 504 513 544 560 583 623 639
5 39 55 77 112 128 156 178 211 238 256 282 314 333 375 396 426
 457 474 500 529 539 568 597 624 639
12 39 62 84 119 136 160 186 200 231 245 268 309 331 374 404 438
 447 482 503 527 540 557 590 606 640
5 28 49 79 117 126 161 173 199 219 255 274 309 330 367 393 427
 440 469 501 534 549 573 581 614 638
2 25 57 75 106 124 159 186 208 230 263 290 291 317 385 411 434
 461 474 501 518 541 569 583 610 636
23 36 61 71 111 130 155 175 214 225 263 289 305 333 366 401 436
 449 483 492 530 543 573 588 611 640
5 31 46 70 115 124 164 181 201 226 248 266 315 325 387 406 428
 453 467 490 525 537 563 586 605 640
17 25 66 83 105 129 161 185 198 221 252 289 302 324 387 394 435
 455 472 494 532 552 564 604 606 639
19 42 56 79 120 131 151 177 192 226 246 272 297 323 386 404 425
 462 475 495 516 543 569 589 619 639
9 32 65 87 109 127 149 180 208 225 245 282 311 328 377 403 415
 455 478 508 516 537 565 587 616 638
22 42 49 82 116 139 158 184 204 232 256 275 299 332 387 403 422
 454 483 491 527 546 561 603 612 636
8 44 57 85 103 123 155 182 194 217 244 268 313 326 383 403 431
 452 471 507 515 554 556 586 614 639
3 41 47 71 119 132 167 190 204 233 261 270 295 338 371 407 432
 442 467 501 523 538 577 594 616 639
7 40 45 73 109 129 153 171 202 232 261 276 303 327 372 391 426
 463 471 506 511 549 569 598 620 640
6 38 54 88 97 126 166 179 196 240 260 285 296 318 377 395 425
 452 474 489 523 552 555 603 615 640
10 33 66 75 103 143 158 189 203 223 255 288 292 316 375 392 419
 458 478 495 520 538 579 593 622 640
3 29 50 94 98 128 146 183 192 229 251 281 301 329 376 394 420
 454 469 499 518 554 560 587 618 640
20 37 45 80 100 143 167 175 207 231 249 287 293 321 376 406 434
 452 475 497 526 546 568 604 617 638
18 39 53 71 110 138 165 179 201 229 246 275 307 322 364 409 421
 460 472 506 515 541 579 584 608 638
14 26 58 79 116 142 149 185 213 217 258 287 310 336 381 402 423
 445 473 485 512 541 577 600 624 640
10 36 55 81 119 127 164 174 213 239 252 281 312 322 367 405 431
 463 475 484 531 553 555 582 623 636
7 26 67 82 117 123 146 186 214 227 249 266 312 323 371 413 415
 458 472 505 514 539 566 595 615 637
18 31 52 94 102 129 147 189 199 237 257 287 314 318 386 390 433
 447 466 507 514 551 558 588 616 636
9 35 54 94 115 125 160 184 197 233 242 274 302 337 381 408 426
 461 475 496 520 544 556 584 611 637
15 28 67 89 120 134 167 182 210 239 253 267 314 332 368 408 435
 460 470 488 533 550 565 583 609 640
2 35 68 86 102 132 148 177 209 220 241 269 308 335 383 389 421
 455 464 500 534 546 566 602 623 640
17 32 51 80 107 122 154 190 197 216 256 272 291 334 367 399 424
 451 466 505 515 536 559 580 621 640
20 44 63 83 106 125 150 173 193 234 243 275 304 320 371 396 433
 456 480 484 516 547 571 596 613 640
8 38 68 70 98 122 162 187 193 219 250 270 293 337 366 410 419
 446 472 493 511 540 565 589 624 636
14 40 65 92 100 145 160 183 212 226 260 280 305 334 384 407 421
 458 470 486 510 547 564 597 614 636
22 41 55 91 110 141 161 180 205 227 259 280 294 340 370 410 434
 462 477 504 524 551 556 592 607 640
23 33 57 78 105 136 162 181 212 229 241 267 310 320 373 393 425
 463 477 491 519 536 568 599 616 637
6 37 65 73 107 128 152 174 194 224 258 278 304 319 374 390 435
 446 464 501 525 543 579 592 612 637
19 29 52 70 97 143 163 171 204 238 262 289 294 335 364 411 424
 444 480 508 531 550 557 600 614 637
15 39 47 81 111 121 153 187 199 223 243 272 300 340 376 403 437
 453 473 486 528 552 562 602 610 637
0 30 53 91 119 137 151 173 215 228 257 273 291 333 380 406 419
 455 470 498 512 554 578 603 620 637
8 34 64 79 96 140 148 180 207 222 263 281 296 332 369 400 438
 456 466 506 532 538 570 597 605 637
1 29 68 90 115 121 157 172 205 231 263 271 299 318 373 405 415
 450 470 485 517 549 579 580 613 639
7 33 63 93 101 138 170 188 213 224 253 274 305 317 376 389 414
 441 466 493 521 537 557 603 607 639
18 28 56 74 116 122 169 172 200 225 254 269 315 339 365 392 434
 457 471 494 521 547 555 594 618 637
12 31 54 90 98 139 168 188 210 221 258 273 300 335 384 413 431
 457 477 492 513 538 569 596 621 638
2 32 69 72 100 126 157 188 198 239 244 275 298 327 366 404 423
 448 467 499 529 551 576 591 622 637
6 44 48 93 105 132 168 172 207 227 245 272 306 316 381 409 436
 459 469 490 529 550 574 601 620 636
17 30 55 84 111 140 158 183 209 236 248 278 298 338 388 402 425
 461 471 493 514 550 567 585 613 638
20 34 67 76 116 135 153 181 196 236 251 290 306 330 378 401 421
 446 478 496 531 551 578 590 621 639
13 34 56 89 117 133 165 190 195 235 262 271 304 336 380 394 426
 452 477 503 530 537 567 602 622 636
2 30 61 81 110 144 162 171 197 235 247 287 311 331 369 413 422
 443 469 489 525 547 572 593 609 639
9 30 62 71 112 135 166 182 198 218 258 266 308 340 379 412 414
 451 480 495 526 549 570 599 618 636
6 34 58 82 120 144 160 189 193 228 264 289 313 339 379 405 437
 439 467 500 518 536 575 598 607 638
19 41 53 77 111 125 169 188 191 217 265 285 301 331 382 391 435
 450 478 497 522 536 566 581 605 636
10 40 51 72 114 131 156 172 214 230 259 270 310 319 387 395 438
 441 480 496 522 554 558 602 609 638
12 28 58 76 96 130 152 171 211 216 242 288 307 323 377 389 432
 453 468 504 519 554 576 604 613 636
0 32 60 73 114 134 163 181 209 240 246 268 302 321 365 396 420
 443 479 485 528 538 573 595 607 636
13 44 59 75 101 141 147 183 196 220 246 282 293 324 382 399 428
 439 468 492 527 549 577 582 609 637
1 41 61 84 112 142 159 189 206 234 250 276 297 322 383 395 427
 454 479 488 510 537 574 604 621 637
16 37 51 87 113 121 161 177 196 229 248 284 313 327 375 413 429
 456 465 488 512 545 557 594 611 636
11 39 61 91 104 143 148 185 210 224 244 277 315 338 373 399 417
 440 481 496 516 542 560 598 615 636
21 25 63 85 108 139 167 179 209 226 251 286 311 316 372 405 429
 451 482 504 530 542 558 581 624 637
15 31 50 86 97 145 150 180 200 230 249 278 307 337 372 412 436
 440 479 487 512 536 561 582 622 639
24 42 58 89 99 129 166 175 205 230 245 277 301 330 384 396 418
 442 476 493 515 545 563 593 623 637
23 40 69 87 107 139 148 173 203 237 250 285 312 321 385 398 437
 445 468 503 524 550 563 584 618 639
22 29 46 88 102 136 154 182 191 224 252 290 297 337 375 400 423
 442 468 502 530 547 562 595 620 638
14 33 48 85 106 121 166 190 202 238 242 269 312 324 374 397 422
 449 479 498 533 551 560 589 605 638
21 35 50 70 118 141 153 174 198 217 253 279 291 318 371 392 417
 443 483 503 519 545 574 597 619 638
4 26 56 76 99 132 163 187 203 234 257 284 305 332 382 412 416
 463 474 499 525 542 556 580 606 638
4 36 53 84 104 126 147 184 202 216 262 286 310 340 365 400 430
 458 464 490 518 545 565 596 617 639
16 38 46 94 118 134 158 186 207 225 259 283 304 335 367 391 418
 439 473 498 510 542 576 599 608 639
24 27 65 72 113 140 168 178 204 235 242 279 297 321 379 393 430
 450 472 507 521 542 578 582 610 640
11 43 57 93 108 135 157 176 199 228 250 283 307 324 369 407 416
 457 475 508 522 545 567 595 612 640
11 63 87 96 134 169 189 214 238 258 271 291 325 342 388 404 421
 442 469 491 511 552 556 582 617 646
24 51 85 112 141 169 171 213 237 263 273 304 329 348 378 409 425
 440 467 486 520 546 565 595 606 650
16 50 91 117 135 160 172 206 238 246 288 311 326 349 366 402 435
 463 466 502 523 546 563 596 610 647
21 46 89 119 140 162 188 211 237 246 276 313 328 353 381 401 434
 458 480 487 534 552 560 580 612 648
21 57 76 109 126 154 183 195 227 258 270 315 333 350 386 408 437
 450 479 484 532 546 557 593 608 649
4 61 70 114 139 160 190 192 227 255 282 307 317 354 368 390 423
 456 471 497 517 552 578 599 623 650
15 52 80 108 140 149 186 196 219 244 271 301 333 356 387 397 432
 463 464 495 513 547 574 584 607 650
14 63 94 119 122 155 178 208 221 248 277 306 332 343 364 395 437
 462 464 497 519 549 572 595 622 647
23 51 70 117 125 149 176 194 231 251 277 298 340 347 386 389 422
 460 474 494 510 538 575 582 620 648
22 52 83 113 135 155 174 209 233 245 273 315 336 345 376 398 427
 458 474 506 517 536 576 589 609 646
4 58 94 101 121 162 173 201 239 261 268 297 319 351 370 411 436
 451 478 494 513 546 567 597 615 646
16 65 84 103 132 150 181 215 239 263 274 301 336 341 364 410 422
 457 468 505 526 552 558 598 619 649
17 53 89 101 145 159 177 214 219 242 283 294 318 345 378 403 423
 459 482 484 525 538 568 598 618 647
19 55 78 99 139 170 185 199 231 242 266 291 319 357 383 401 420
 439 465 506 523 547 565 601 622 649
18 67 92 104 121 156 175 204 221 250 281 304 317 346 377 402 428
 443 482 495 534 536 556 591 620 649
20 56 91 114 136 152 179 213 233 250 279 314 335 356 388 403 436
 448 465 505 518 549 564 593 605 648
0 51 79 115 123 153 179 191 235 264 280 292 317 357 366 412 418
 457 464 484 527 550 560 604 616 646
13 63 71 98 127 158 177 200 228 247 267 303 319 346 381 400 417
 450 474 505 528 551 563 604 614 650
1 62 93 120 129 158 187 211 229 254 273 311 334 358 371 411 423
 452 464 496 524 548 573 582 605 649
12 64 72 110 143 153 184 206 226 265 271 313 320 344 367 390 436
 455 474 493 533 535 577 595 618 649
11 53 72 115 129 150 182 208 236 255 281 305 323 359 374 398 424
 439 477 489 528 546 574 594 624 648
24 56 93 98 143 154 180 194 236 261 266 310 322 352 385 397 433
 443 470 500 527 552 576 581 611 647
9 61 79 103 124 167 174 212 216 254 285 299 329 344 388 396 416
 439 472 487 513 551 557 602 620 647
17 69 82 118 132 165 178 205 218 251 276 310 326 355 377 390 419
 440 475 492 528 547 557 583 605 646
2 65 76 98 125 156 185 206 222 262 283 312 316 358 368 406 425
 447 483 487 515 549 562 594 607 646
2 55 74 108 129 152 184 203 240 253 270 297 325 347 380 409 415
 456 473 492 526 536 560 590 614 647
6 57 84 115 122 170 175 211 218 257 279 312 327 344 370 394 421
 444 473 502 516 538 561 581 609 650
18 46 72 103 144 146 187 195 240 245 286 294 338 357 385 389 435
 449 475 491 512 549 571 597 621 650
20 48 81 118 126 151 176 210 222 248 288 305 328 360 383 411 426
 442 472 485 527 536 558 592 618 650
12 50 73 101 137 157 185 193 225 256 290 295 322 343 386 393 429
 458 476 489 526 550 556 602 605 650
10 60 94 116 132 157 175 195 224 264 282 291 331 345 372 397 425
 453 472 488 524 535 570 596 614 648
23 48 86 104 134 164 179 198 232 257 282 313 323 358 376 410 438
 450 476 501 520 547 567 600 621 647
14 69 88 99 141 146 177 207 223 262 268 311 322 344 387 408 414
 457 481 501 511 536 578 588 613 648
14 49 90 105 143 151 182 200 240 250 282 301 327 348 371 401 430
 461 466 504 525 553 575 602 608 646
22 61 85 96 145 151 186 201 223 253 284 298 321 355 381 394 424
 446 476 500 522 549 555 596 616 649
15 58 87 112 136 165 174 192 232 259 286 306 324 360 366 406 433
 461 481 489 521 538 566 580 614 649
15 61 92 98 131 164 173 209 218 242 290 292 339 350 364 391 415
 452 466 491 529 545 577 592 606 648
13 49 84 107 121 167 178 214 217 260 288 315 337 357 369 409 433
 455 476 499 531 548 569 599 607 648
19 50 93 109 144 164 184 215 220 244 284 314 330 346 374 395 434
 445 472 486 530 538 559 599 613 646
6 67 77 113 143 159 187 202 220 259 274 307 329 343 380 404 431
 451 483 485 532 547 563 585 616 648
17 63 74 114 130 149 182 207 220 257 280 300 331 349 385 393 426
 454 467 487 531 545 579 589 615 649
0 47 76 106 139 161 176 213 225 241 276 301 337 346 379 404 424
 452 481 490 514 535 579 597 609 647
23 47 90 100 129 165 180 191 220 242 268 315 316 342 367 402 416
 446 480 488 518 539 572 603 619 650
7 59 70 111 126 168 185 215 230 247 268 304 339 356 375 398 421
 454 475 504 533 548 570 580 616 647
20 51 77 101 142 155 180 198 240 262 267 299 339 353 374 407 419
 453 469 502 514 542 569 584 623 649
8 58 71 109 128 161 186 212 234 265 269 300 325 358 378 399 430
 443 475 502 517 550 558 603 622 648
22 58 78 115 138 146 190 196 222 250 278 303 331 341 386 392 431
 455 480 486 529 542 573 583 617 647
18 62 73 97 139 155 183 197 222 253 271 310 330 351 375 410 416
 459 467 498 516 553 566 604 610 648
19 64 75 102 121 149 181 193 218 259 273 305 338 354 372 408 430
 448 469 503 515 539 555 604 612 647
1 46 75 114 133 168 175 197 217 243 278 309 323 347 364 407 429
 463 481 500 532 551 565 603 618 646
9 52 76 104 137 158 190 201 230 243 280 296 327 352 383 405 435
 445 469 492 521 540 568 595 619 648
2 50 82 112 133 151 181 199 221 245 285 293 334 342 370 400 432
 441 471 484 533 542 579 600 611 648
10 62 88 107 145 153 188 204 234 241 277 314 326 341 365 406 415
 439 469 504 532 541 567 589 611 650
7 64 86 106 136 158 172 199 216 260 277 294 328 350 382 394 431
 443 467 488 526 543 578 584 624 646
6 60 71 106 141 164 188 197 219 251 288 297 332 352 373 398 418
 447 471 508 512 539 564 602 617 649
8 52 84 99 133 153 173 192 224 256 267 308 316 359 377 413 434
 449 467 485 522 544 564 582 608 647
2 59 79 107 134 146 172 193 233 248 276 307 340 359 384 397 417
 444 478 507 530 553 568 603 606 649
9 45 89 97 141 148 186 192 228 252 270 305 320 343 365 402 422
 453 465 507 529 548 579 581 621 646
5 68 87 105 135 163 179 194 216 243 281 297 331 355 384 408 434
 441 483 498 514 548 577 598 622 650
8 66 91 102 134 166 174 201 235 249 274 310 334 347 382 401 437
 454 482 508 529 535 569 594 613 650
7 65 90 96 142 163 184 193 229 252 272 308 333 360 385 392 418
 440 482 497 523 551 567 586 609 648
10 57 90 112 130 147 187 197 226 249 275 296 336 355 374 391 417
 442 465 494 534 550 578 587 607 647
3 53 75 117 131 166 178 200 224 241 287 302 328 356 370 405 416
 456 483 486 511 550 576 586 621 649
5 56 73 119 138 148 176 191 230 260 289 293 326 345 368 413 430
 451 473 491 520 551 574 587 613 649
3 54 85 100 140 147 177 208 234 256 266 307 339 360 373 410 435
 441 473 503 531 535 573 593 620 646
6 46 81 96 137 165 183 204 231 244 269 302 320 348 368 412 427
 441 478 505 524 545 569 588 624 647
9 66 82 100 122 163 173 196 217 247 283 314 322 348 372 389 438
 442 477 490 517 543 560 585 610 649
0 48 89 113 127 157 171 194 234 249 285 309 338 351 387 392 421
 462 466 492 518 544 562 599 624 649
0 68 74 111 144 166 180 210 226 256 283 306 319 354 371 394 427
 463 468 507 520 541 557 591 617 648
7 55 94 113 131 148 181 206 217 254 275 300 324 353 377 412 424
 459 470 501 530 540 575 593 617 650
3 69 93 104 142 161 182 214 226 264 278 293 335 350 380 396 422
 447 478 506 519 544 555 580 610 650
1 60 78 110 125 167 183 202 230 252 284 306 325 359 379 403 419
 457 466 503 534 543 576 600 615 650
10 67 70 108 138 166 183 211 225 265 272 299 321 349 383 400 433
 448 477 501 512 544 572 598 606 646
8 45 81 105 125 147 190 209 225 264 279 294 323 342 375 395 414
 440 470 499 513 541 563 590 612 649
13 69 91 108 123 168 189 208 216 252 269 295 330 354 376 391 425
 460 480 485 525 540 561 597 611 649
5 48 72 99 130 167 180 213 229 247 290 302 318 341 380 399 437
 444 471 495 510 540 566 596 612 646
13 54 77 116 144 148 182 205 229 243 279 298 317 351 367 406 432
 458 479 508 511 543 558 601 606 647
3 49 83 97 136 157 189 207 235 265 284 312 333 353 384 389 428
 451 471 496 528 541 565 592 619 647
12 55 87 118 124 147 172 215 235 241 289 303 332 348 376 407 423
 446 479 495 515 544 571 581 615 648
1 67 85 118 128 163 188 195 228 260 287 292 340 342 387 393 436
 461 468 506 516 540 559 594 623 647
5 47 80 102 145 168 171 198 228 254 286 312 336 349 373 395 420
 456 478 493 527 543 556 583 608 648
12 59 92 120 122 161 181 203 224 249 286 298 329 352 369 403 426
 450 480 498 523 541 574 588 623 646
17 54 79 110 135 170 189 200 232 244 270 304 321 341 382 411 429
 449 470 490 519 539 562 587 623 648
14 53 86 109 124 156 189 205 233 253 272 309 320 352 366 413 420
 452 468 494 531 542 570 585 612 650
19 65 83 119 123 159 172 203 232 251 287 296 337 351 388 399 414
 453 477 500 533 545 573 591 608 650
22 45 75 111 132 152 173 212 221 262 266 313 318 349 369 404 418
 460 479 496 521 553 559 587 624 650
23 56 88 103 128 170 171 210 219 259 275 295 334 359 381 405 428
 455 479 497 514 545 570 590 610 646
18 57 80 117 127 152 188 202 223 248 289 308 337 354 378 396 438
 454 470 489 524 542 577 601 619 646
20 68 71 120 140 156 171 191 223 245 274 291 324 350 365 390 429
 445 477 499 510 553 561 586 615 647
15 66 73 116 126 159 190 212 231 257 281 311 335 353 379 409 417
 462 468 493 522 539 571 586 611 646
21 60 74 102 142 160 187 204 236 263 285 303 324 356 367 413 414
 460 476 490 516 554 568 592 622 646
16 59 77 97 130 162 184 199 236 258 269 292 321 345 371 405 438
 462 481 499 515 537 564 583 620 650
4 66 88 110 127 150 186 209 237 258 272 293 330 357 373 407 426
 444 483 488 521 554 575 591 605 647
11 49 80 111 128 160 177 205 237 261 290 296 316 347 365 412 431
 448 472 498 519 537 571 600 609 649
21 62 82 105 131 169 175 202 239 255 280 295 335 360 369 399 420
 446 474 507 512 537 562 584 613 647
11 54 92 106 133 154 178 207 239 246 289 299 340 358 372 392 427
 445 465 493 525 554 566 590 616 650
4 45 86 120 123 154 174 196 238 263 275 302 338 346 384 393 419
 447 473 504 522 537 572 601 618 648
24 47 83 116 124 162 179 210 238 255 278 308 327 343 382 400 415
 459 475 503 510 554 559 588 607 649
16 64 81 100 138 169 185 203 227 261 267 309 318 355 379 396 428
 461 464 508 530 554 561 589 621 648
24 68 78 107 137 150 176 198 227 246 287 300 332 344 375 391 432
 449 482 496 518 537 555 585 614 646
11 29 59 89 109 123 170 187 209 221 256 288 310 331 348 379 406
 436 456 501 510 551 555 584 619 633
24 31 60 91 103 127 156 184 196 231 243 276 305 339 342 369 394
 423 451 501 519 550 566 589 608 630
16 33 54 76 119 124 146 175 198 220 247 271 297 334 354 365 403
 433 440 506 522 550 575 592 624 633
21 40 68 84 117 128 164 185 207 240 264 273 307 320 351 382 403
 424 442 495 521 551 572 583 611 630
21 41 66 72 96 138 155 177 199 218 254 282 304 337 352 384 406
 422 463 485 518 550 559 590 615 632
23 39 65 89 118 137 161 189 197 240 254 266 306 317 356 372 400
 431 444 499 522 546 577 589 613 631
14 42 57 91 118 133 167 171 193 220 265 281 298 319 345 375 412
 415 447 490 521 552 573 584 621 632
22 26 68 92 103 134 165 188 199 230 261 279 311 333 343 374 399
 425 456 490 531 544 575 604 618 631
15 36 54 78 109 141 151 172 204 224 255 283 313 336 347 385 396
 421 451 499 514 540 572 604 605 632
4 44 62 87 115 137 159 178 210 223 249 270 301 339 349 367 389
 425 443 506 530 551 564 600 612 632
4 32 64 85 98 133 152 176 205 232 252 274 315 331 353 371 395
 421 439 495 512 550 568 588 610 631
16 28 45 93 112 131 149 179 204 222 265 268 291 337 359 373 394
 437 458 492 525 551 571 585 623 631
20 35 58 72 104 124 163 183 200 219 256 273 312 326 347 369 391
 414 462 488 530 552 579 601 616 631
18 25 49 81 114 132 170 180 196 228 258 277 297 329 358 366 391
 424 458 503 533 544 568 586 613 632
17 38 61 93 99 128 147 181 191 233 243 271 312 328 343 379 392
 438 460 504 512 546 569 591 614 632
19 37 47 82 101 126 156 182 209 235 263 277 307 325 344 381 392
 433 463 498 524 540 564 587 621 631
12 25 67 91 109 142 162 190 207 218 248 275 301 318 357 365 398
 416 441 500 520 543 562 582 614 631
24 30 49 70 101 130 165 186 203 233 241 281 313 334 350 372 395
 435 457 485 516 551 562 601 617 634
0 43 45 90 116 136 164 183 214 237 247 274 295 340 344 377 411
 435 456 500 515 542 574 589 622 632
1 37 55 89 103 130 160 173 198 222 251 272 315 335 346 382 397
 430 441 489 511 541 561 595 616 632
13 27 66 90 111 145 146 181 213 238 264 270 309 332 358 383 390
 434 451 489 516 545 576 584 620 631
11 34 47 94 114 142 151 174 202 219 260 266 311 320 341 375 389
 434 450 492 515 550 561 591 606 634
6 35 64 80 112 129 146 173 210 225 246 284 310 317 345 388 407
 422 450 504 531 540 562 586 622 630
15 25 56 84 113 123 166 188 193 222 247 282 294 325 355 367 407
 420 445 496 519 546 579 588 620 634
13 35 67 87 119 131 154 171 199 240 244 278 305 316 344 379 410
 418 454 494 517 541 568 596 605 634
14 32 56 75 115 144 161 174 204 237 251 267 307 333 342 383 391
 438 459 493 526 548 562 596 615 633
9 38 47 75 120 136 155 188 206 227 256 281 303 321 357 380 397
 421 440 494 525 545 558 600 613 630
2 38 62 83 96 143 164 190 205 217 246 286 305 319 356 378 393
 437 457 488 514 544 561 587 620 633
17 43 60 86 117 121 155 171 203 226 258 279 301 322 360 368 400
 434 439 496 529 540 571 603 616 633
10 39 69 76 115 133 169 180 209 219 253 287 313 324 343 384 411
 430 454 505 523 543 571 599 620 630
2 43 51 94 99 138 168 182 212 232 249 288 294 333 346 365 405
 427 446 503 516 552 577 585 605 630
14 39 45 74 98 140 159 181 198 216 255 284 304 326 357 386 405
 436 442 508 524 544 566 603 609 634
23 42 66 77 115 135 152 183 207 234 261 286 291 328 346 364 413
 423 440 507 533 540 555 602 607 634
12 36 68 75 100 125 170 182 192 238 254 276 296 330 345 387 409
 437 443 505 512 542 567 592 616 634
18 36 50 85 113 142 158 173 191 231 241 270 306 323 344 384 399
 426 448 508 525 552 570 583 607 633
19 26 46 87 108 130 153 190 200 221 260 274 298 322 358 373 396
 419 459 507 518 546 570 592 609 630
20 27 59 88 119 139 149 189 202 229 263 283 315 323 355 370 412
 435 443 493 529 544 559 602 614 630
22 37 53 76 108 127 148 172 197 218 264 268 314 329 360 371 393
 428 449 493 510 552 569 600 622 634
15 34 55 88 100 132 162 176 214 216 265 273 302 317 352 374 392
 429 454 507 516 549 563 600 608 633
6 27 63 70 104 131 157 180 212 223 252 276 314 336 357 382 413
 432 461 498 515 546 573 590 618 633
19 30 58 90 103 122 148 179 202 227 253 290 304 328 349 387 407
 427 447 499 528 535 568 582 611 633
8 35 49 73 110 145 149 172 211 239 243 266 292 324 346 380 398
 425 442 497 518 542 557 588 621 633
22 30 67 86 105 126 160 178 213 234 254 271 293 319 359 385 391
 429 453 508 515 538 560 588 619 630
7 42 48 84 98 137 169 182 196 233 259 289 311 321 347 373 390
 416 453 484 534 541 559 597 622 633
17 41 48 92 116 143 150 174 211 228 241 268 296 325 354 386 413
 418 441 499 530 549 565 584 610 630
0 38 55 85 117 138 150 189 204 220 245 290 310 327 358 369 408
 417 453 497 513 543 564 580 618 634
1 26 54 73 105 122 156 180 201 237 265 288 308 338 356 376 404
 422 439 484 530 545 578 583 614 634
18 34 61 90 109 125 166 177 203 239 259 278 291 326 353 376 393
 432 444 490 527 548 564 595 624 630
20 28 69 78 111 129 154 186 206 235 260 282 308 329 351 364 405
 417 441 490 512 538 556 589 612 633
23 44 53 73 98 144 167 186 199 238 248 280 297 336 348 377 392
 414 448 496 532 535 561 580 623 630
9 40 46 91 116 138 147 178 194 219 263 284 300 316 350 371 404
 420 444 489 533 536 567 604 623 633
2 40 52 77 120 121 150 179 195 225 252 266 309 326 348 381 399
 416 454 493 519 538 578 592 617 632
7 32 49 78 118 135 159 175 191 226 262 269 314 338 352 381 410
 437 456 489 513 554 579 582 606 630
8 33 50 89 111 131 163 176 208 233 258 286 299 327 341 367 409
 428 447 500 524 547 578 604 615 630
6 28 51 75 119 145 163 185 205 236 250 275 311 325 350 376 400
 426 449 507 513 535 566 599 619 632
10 44 47 92 118 140 152 185 200 229 257 285 294 330 359 366 408
 422 451 500 517 537 569 595 617 633
5 25 64 71 107 125 151 189 195 236 249 268 299 335 343 377 410
 423 463 486 521 545 560 601 609 633
7 39 60 79 97 144 152 190 208 239 241 273 293 316 355 387 401
 433 450 502 510 545 556 585 618 632
9 43 69 70 96 128 150 172 202 221 257 267 297 338 345 367 401
 429 452 486 527 541 566 593 607 631
2 41 63 73 117 136 147 175 210 236 242 272 313 329 341 387 412
 419 445 508 517 548 555 597 608 631
10 42 59 71 102 144 159 173 194 227 260 271 302 327 360 376 402
 424 457 487 519 542 565 590 605 631
3 26 52 72 101 127 160 181 210 232 250 269 291 340 355 375 409
 418 452 487 532 543 572 581 613 633
5 36 52 93 114 123 162 183 205 223 242 285 304 332 360 372 404
 417 455 502 526 541 575 594 621 630
6 33 52 74 110 139 154 177 215 217 249 281 295 328 342 366 396
 430 453 496 510 549 567 583 606 631
3 37 62 79 106 122 165 171 215 236 252 282 300 318 347 383 408
 436 458 491 522 542 563 591 607 630
8 27 48 94 112 124 154 188 203 231 262 280 307 330 356 371 402
 429 455 491 528 543 555 598 609 632
3 30 64 88 108 134 156 187 212 217 242 289 306 327 351 386 398
 434 440 505 527 537 579 596 623 632
1 30 56 94 106 127 153 185 214 220 255 286 296 321 348 384 410
 432 460 502 529 536 557 586 612 631
0 40 54 81 99 143 155 186 193 216 251 278 314 324 349 370 409
 423 450 491 534 537 570 594 619 631
10 32 58 93 97 137 167 177 206 221 263 279 309 340 354 382 398
 426 446 491 514 547 560 586 608 634
9 41 59 80 99 121 164 176 200 235 253 275 306 335 342 385 390
 425 458 502 532 554 573 598 624 634
0 41 57 87 120 128 168 184 201 222 255 277 293 318 353 372 402
 414 449 505 531 547 576 602 606 633
13 33 68 82 104 129 149 174 197 234 248 290 294 321 353 368 404
 436 457 486 523 554 570 581 608 632
8 28 60 83 104 139 146 178 191 228 259 272 298 318 348 374 411
 421 463 487 526 537 577 593 611 634
5 34 62 86 113 141 170 184 212 225 250 287 298 316 354 364 397
 435 442 484 528 554 569 580 615 631
13 28 65 85 110 124 157 187 192 218 261 277 302 335 349 375 401
 438 445 484 514 536 574 603 617 630
5 29 63 76 100 142 166 186 215 232 246 279 292 338 359 369 390
 431 459 494 524 536 565 602 611 632
3 31 51 84 105 130 148 174 195 223 246 283 303 330 352 379 411
 415 448 497 533 547 556 603 624 631
1 31 45 77 108 126 165 177 193 224 245 280 312 332 341 388 401
 424 443 494 520 554 577 599 610 633
12 34 53 70 107 123 158 175 213 240 261 284 308 324 342 373 408
 427 462 487 529 547 558 587 610 632
12 29 66 74 113 132 151 179 197 230 244 267 312 340 350 378 402
 433 439 497 511 537 573 597 612 630
7 44 61 72 102 133 161 179 211 231 258 283 295 332 351 365 397
 419 461 486 531 536 563 587 619 634
23 32 67 83 102 140 169 184 192 230 264 288 300 322 341 370 407
 417 452 498 525 549 557 601 624 632
17 40 50 71 96 136 168 187 196 239 262 287 315 317 359 383 396
 415 462 498 520 535 575 581 612 634
20 33 46 79 112 145 157 184 209 227 257 289 301 319 352 377 399
 431 460 503 511 548 572 594 610 634
19 31 69 81 106 134 160 175 194 229 256 270 292 336 353 378 400
 416 455 504 521 549 574 585 615 634
18 29 48 82 107 141 162 185 208 226 243 274 303 333 349 388 412
 430 452 488 522 538 576 590 623 634
22 31 65 71 101 122 153 176 207 238 244 285 310 323 354 380 405
 420 461 488 534 548 571 593 606 632
15 29 57 79 114 125 158 178 198 237 245 269 305 322 351 380 413
 428 446 504 523 535 559 598 617 631
14 44 55 80 97 135 169 187 201 224 247 276 299 323 350 368 393
 418 455 503 518 538 558 591 611 631
21 43 65 88 120 143 147 173 213 230 248 269 299 331 347 366 394
 432 459 506 528 539 556 599 621 634
16 27 57 86 110 129 163 190 214 224 251 285 300 339 343 381 406
 427 448 495 527 553 565 597 613 634
11 25 58 77 100 141 158 181 194 235 257 272 295 337 356 368 395
 415 449 506 534 553 557 596 618 630
4 42 63 81 97 140 161 172 195 217 250 290 308 334 344 374 406
 420 460 492 520 539 576 598 616 630
16 35 56 92 111 139 157 182 201 216 245 287 303 320 360 378 395
 419 444 501 532 539 560 582 607 632
4 39 51 82 102 135 167 188 215 225 242 278 296 320 358 385 394
 428 462 485 511 553 574 593 614 633
21 38 53 78 116 121 168 180 192 234 244 289 292 334 355 388 389
 426 447 501 526 553 563 595 609 631
11 36 46 83 107 132 166 171 206 229 253 280 293 339 346 386 403
 438 461 485 513 539 578 581 622 631
24 26 50 80 106 126 148 189 211 226 259 267 302 331 357 364 403
 414 446 492 517 553 567 594 620 632
24 37 61 74 105 134 153 183 208 228 262 275 309 337 345 370 389
 431 445 495 523 539 558 580 605 633
21 33 61 80 115 132 156 193 232 260 268 300 330 348 380 400 435
 462 465 508 514 541 576 582 618 644
16 40 58 83 98 126 170 197 223 241 282 299 338 342 380 412 434
 460 482 507 531 543 574 595 605 643
11 44 50 74 119 121 165 212 222 264 274 308 321 352 387 391 423
 444 474 504 514 543 565 593 621 642
4 34 65 78 112 134 155 200 220 243 288 295 318 350 387 413 424
 448 475 493 524 541 560 581 620 643
4 30 57 92 96 141 149 191 240 256 276 309 335 341 376 405 433
 459 472 496 533 543 563 594 622 644
11 41 56 86 101 140 146 197 231 252 273 292 327 349 377 396 437
 446 483 490 533 541 558 599 614 645
24 32 46 77 117 139 151 212 218 247 270 296 324 359 376 392 436
 447 464 488 531 541 556 598 613 641
16 31 63 82 109 143 152 191 219 254 281 302 340 351 383 407 425
 449 476 503 529 541 578 580 609 642
21 29 51 81 103 129 159 200 233 265 266 293 332 354 377 393 421
 445 481 498 529 543 567 596 607 641
24 28 53 88 114 135 164 193 221 249 271 303 316 353 383 399 422
 461 473 499 524 543 557 597 616 645
17 39 52 75 109 134 157 213 222 260 286 297 339 344 371 412 422
 446 477 497 534 554 563 601 611 641
14 27 61 82 108 136 170 194 230 246 273 308 318 346 367 410 426
 453 478 499 532 550 571 594 617 641
19 36 51 74 118 136 146 201 234 258 282 302 316 343 369 398 432
 452 470 493 534 551 561 598 610 644
22 36 69 79 98 121 163 211 220 249 277 291 320 356 379 407 435
 459 471 489 520 537 558 590 608 641
23 43 58 81 113 145 156 208 224 246 271 296 335 357 371 408 419
 454 471 490 526 551 559 581 606 642
20 42 52 73 103 141 168 214 218 241 284 307 331 358 367 400 437
 461 470 494 523 537 560 591 624 642
18 26 63 77 118 145 164 192 216 263 268 293 327 347 379 397 427
 455 477 496 523 550 562 593 612 643
15 26 48 71 115 139 147 206 240 252 277 304 334 345 369 393 434
 448 478 500 511 554 557 585 619 642
0 39 50 83 100 130 154 202 218 250 271 294 332 347 381 413 425
 439 478 501 521 548 558 586 623 644
7 27 62 76 103 121 151 207 237 256 278 302 325 345 366 395 417
 460 477 508 518 547 577 581 623 645
3 36 60 89 115 143 149 199 227 247 275 308 326 358 388 395 429
 446 468 498 521 536 569 597 606 643
9 37 63 86 111 133 162 204 240 259 288 312 330 355 386 399 423
 457 470 506 518 535 574 586 606 641
13 25 45 94 96 135 156 210 227 241 285 292 322 347 374 403 430
 444 467 493 512 547 573 580 619 641
1 36 65 82 97 138 154 210 233 257 268 298 324 357 378 391 434
 456 469 495 519 535 563 602 624 645
0 37 66 70 112 140 170 205 239 260 269 303 323 343 385 403 416
 447 469 496 530 536 577 596 608 642
8 25 51 88 116 137 160 199 220 253 276 312 338 360 364 396 436
 450 477 495 525 548 576 587 617 642
10 43 64 84 109 139 165 198 238 243 290 293 329 356 381 389 418
 462 470 507 525 536 573 594 615 645
5 35 61 78 120 127 169 207 221 251 270 294 327 356 374 412 433
 458 468 485 515 535 567 603 610 642
12 35 47 93 117 134 159 196 237 252 280 299 319 355 364 406 430
 449 471 499 516 536 570 593 624 644
1 38 49 72 119 141 152 209 238 249 267 300 317 360 386 394 416
 445 478 490 515 547 570 598 611 643
3 38 58 92 110 123 169 198 231 248 274 314 316 345 385 400 424
 463 479 492 516 548 578 602 612 641
5 26 59 91 98 129 155 204 239 264 272 296 328 344 378 389 429
 461 479 503 522 547 579 599 617 644
13 42 46 80 105 142 150 203 222 242 273 314 340 343 366 405 421
 443 471 501 522 535 557 587 615 643
12 26 57 81 102 131 150 205 219 262 282 306 321 346 388 392 435
 451 467 506 510 548 560 603 611 645
2 37 48 90 119 135 158 192 219 265 279 310 339 357 372 396 424
 460 468 486 532 537 556 588 615 644
17 37 57 88 104 144 151 206 225 261 274 292 332 356 384 409 420
 453 480 503 517 551 566 582 624 643
20 25 65 86 99 144 165 211 217 255 270 303 340 345 373 404 428
 454 466 498 513 550 555 595 611 644
23 27 55 79 101 143 166 195 221 243 284 311 337 360 365 391 421
 447 467 505 517 554 574 583 612 644
10 30 48 73 120 142 146 205 216 244 283 300 337 342 364 401 428
 456 474 503 521 546 564 581 616 641
5 44 54 89 104 136 153 203 218 263 269 311 319 342 386 407 424
 454 472 497 512 553 576 585 607 645
3 32 68 91 99 145 158 202 222 258 285 313 317 348 364 393 433
 453 475 494 530 539 574 590 609 645
5 41 67 90 106 137 149 209 224 262 284 303 334 351 366 409 438
 439 475 507 519 552 561 593 618 641
18 35 55 75 96 126 167 194 232 264 283 301 334 343 373 413 436
 445 480 502 528 537 578 589 606 645
9 29 60 84 108 145 161 210 220 261 287 304 323 353 366 392 437
 441 474 491 515 553 578 601 605 644
8 31 59 76 113 136 167 205 240 255 289 291 322 349 381 391 422
 441 464 486 516 539 567 591 618 643
22 38 56 80 104 125 159 215 229 258 288 309 324 344 372 401 415
 441 467 507 528 550 572 597 623 642
19 38 67 73 112 132 161 208 223 247 279 315 320 347 384 405 423
 449 466 487 527 554 567 584 617 645
6 42 50 92 108 125 155 213 235 255 266 300 338 355 365 411 438
 455 468 488 511 551 568 580 608 645
7 34 69 75 110 130 164 210 234 245 279 299 337 348 386 402 420
 451 464 498 522 552 568 594 614 642
3 28 55 90 107 133 155 196 230 257 286 292 320 354 381 404 414
 443 472 508 510 546 562 598 605 642
2 39 46 78 113 122 149 214 228 261 281 299 330 360 382 390 414
 452 479 504 520 550 564 596 619 645
9 39 68 85 114 126 146 203 236 265 289 295 336 346 370 406 418
 459 466 488 519 547 569 582 612 642
6 25 69 90 117 140 153 201 233 254 283 305 331 346 375 399 433
 462 479 491 526 554 565 600 623 643
23 30 63 80 116 123 163 206 239 245 270 307 318 352 375 394 430
 439 481 486 534 544 569 592 605 645
10 27 53 74 106 128 162 196 232 245 266 298 335 344 368 407 437
 440 466 485 530 548 556 604 619 643
15 41 64 70 103 135 154 208 229 264 287 312 319 348 365 404 426
 459 476 492 534 542 564 603 613 643
14 43 67 71 114 129 148 215 231 256 286 313 337 355 382 392 425
 444 469 484 513 537 576 592 610 643
18 44 68 76 112 143 160 214 235 252 267 298 328 341 372 398 420
 462 473 501 513 545 559 603 605 641
7 43 56 77 107 124 160 209 223 244 281 306 318 358 370 393 422
 442 480 492 512 535 565 604 608 644
19 32 54 84 96 129 162 213 228 249 280 306 326 350 375 397 428
 460 483 501 517 542 571 602 618 642
15 35 53 83 99 122 152 195 226 263 276 295 321 358 375 402 431
 441 469 508 527 551 575 599 615 641
17 29 65 77 106 131 167 201 227 250 273 313 330 342 365 389 417
 463 473 489 527 544 570 588 622 642
20 31 57 74 107 138 161 192 239 242 271 311 338 348 382 395 418
 458 483 500 528 540 570 600 620 641
8 42 54 87 101 132 164 202 236 254 287 309 333 357 368 394 417
 448 480 504 510 536 579 595 610 641
22 28 62 94 109 140 150 194 226 247 289 312 317 342 382 409 419
 448 481 485 523 545 568 602 621 644
14 34 51 83 111 127 147 211 227 244 274 297 335 359 372 406 416
 443 476 491 523 540 579 583 618 645
7 30 66 87 99 125 157 204 219 246 280 315 329 354 374 400 436
 452 473 500 519 553 558 583 621 643
0 33 62 72 118 125 148 196 221 261 272 307 336 350 388 405 434
 454 476 502 525 539 565 588 614 641
8 40 67 75 97 127 151 198 229 242 277 295 331 352 388 390 427
 457 473 490 530 546 571 580 607 644
1 32 52 71 116 131 170 203 235 248 283 293 320 349 374 408 431
 440 476 504 518 552 566 597 620 644
9 33 55 73 102 123 165 207 226 250 277 309 339 359 378 411 432
 450 483 499 512 552 559 596 609 643
2 33 53 92 97 142 153 194 237 259 282 315 332 349 379 394 429
 442 475 505 513 540 573 601 613 642
17 33 47 87 98 141 160 195 230 265 275 314 323 351 369 401 427
 444 464 485 526 542 555 586 620 645
18 41 58 88 105 133 157 215 238 251 266 305 321 350 367 403 417
 456 464 487 520 540 569 585 609 644
20 40 49 85 115 134 162 215 224 254 272 294 322 354 379 402 432
 447 474 492 532 545 566 587 622 645
12 44 52 79 111 138 156 202 228 251 279 302 334 353 385 410 415
 442 481 488 525 546 555 599 622 643
13 40 64 93 118 122 166 209 231 255 275 297 333 341 378 413 435
 453 481 487 518 553 556 600 616 642
6 40 56 78 102 130 158 208 238 253 268 301 340 353 369 406 429
 440 472 484 517 544 577 591 621 641
6 31 66 89 114 121 169 206 216 241 290 298 333 359 371 410 414
 445 475 506 527 542 572 587 614 644
2 29 45 91 101 139 169 211 234 260 278 306 336 352 367 408 438
 449 472 495 528 545 575 586 616 643
10 34 45 85 104 122 168 199 233 246 267 301 325 351 385 412 423
 455 483 489 510 539 557 592 613 644
19 28 61 86 100 137 168 195 237 248 281 310 324 341 371 403 418
 451 474 502 511 544 579 590 607 643
16 25 60 70 120 133 148 200 234 242 280 310 333 344 376 409 431
 442 478 489 514 549 559 591 612 645
12 41 49 94 108 144 163 198 223 263 278 310 328 359 368 399 421
 452 465 484 521 539 563 589 620 642
13 31 48 79 100 128 159 204 225 253 286 308 331 350 370 398 419
 463 465 496 515 552 575 595 613 645
11 35 62 85 116 130 161 193 230 262 285 297 328 357 376 390 428
 463 470 505 529 538 572 585 608 643
0 29 69 71 105 124 152 199 217 259 284 296 339 341 368 397 426
 458 482 493 516 546 572 582 621 645
1 28 47 70 113 144 147 207 232 258 290 305 326 352 370 396 425
 455 482 505 522 553 560 584 622 641
14 30 59 72 117 132 154 192 225 243 285 314 325 353 373 411 431
 446 482 506 520 545 561 604 607 642
21 37 59 94 110 137 166 191 216 250 267 305 336 358 387 404 415
 440 471 500 531 538 571 601 610 645
22 32 50 81 120 124 166 214 236 257 276 304 316 351 373 389 430
 457 465 497 532 540 577 584 614 643
15 44 46 82 110 128 148 213 236 262 288 291 327 354 384 395 416
 450 482 494 526 544 573 589 616 644
24 38 64 87 111 142 167 197 224 257 269 307 326 346 387 411 420
 458 477 484 529 549 575 590 619 644
23 34 60 93 119 126 150 201 217 256 269 294 329 349 384 390 415
 461 465 495 511 542 562 604 609 641
21 39 54 93 107 127 163 212 235 259 290 301 323 345 383 402 419
 456 467 494 533 549 561 588 617 643
4 43 49 91 100 131 153 197 229 245 289 304 325 343 383 397 414
 450 468 487 514 538 555 583 624 641
4 27 47 89 105 138 158 193 226 244 287 291 329 347 377 398 438
 457 479 502 531 549 566 592 611 642
16 42 68 72 106 123 147 212 228 253 278 315 322 356 377 401 426
 451 469 497 524 538 562 600 606 644
24 36 45 76 102 128 157 200 217 248 272 311 317 355 380 410 427
 439 480 491 533 538 564 584 615 642
11 26 66 84 97 124 168 191 225 251 275 313 319 360 380 408 432
 443 466 486 524 549 568 589 623 641
