625 626 627 628 629 630 631 632 633 634 635 636 637 638 639 640 641
 642 643 644 645 646 647 648 649 650
0 2 5 7 16 18 20 21 23 25 392 396 398 400 402 411 413
 415 417 419 420 423 426 427 450 625
1 3 4 6 15 17 19 22 24 26 391 397 399 401 403 412 414
 416 418 421 422 424 425 428 449 625
11 12 13 14 33 34 35 36 37 38 406 407 408 409 410 433 434
 435 436 437 438 439 440 447 448 625
8 9 10 27 28 29 30 31 32 39 393 394 395 404 405 429 430
 431 432 441 442 443 444 445 446 625
54 58 64 82 87 141 142 149 173 176 268 269 271 284 285 308 330
 331 332 333 367 368 385 386 388 625
40 44 50 73 77 154 159 167 182 185 270 272 273 286 287 309 334
 335 336 337 366 369 384 387 389 625
55 59 83 84 89 143 148 153 169 172 240 241 242 274 276 290 291
 310 311 312 341 343 344 371 372 625
42 45 72 74 88 156 161 165 180 186 243 244 245 275 277 292 293
 313 314 315 340 342 345 370 373 625
56 57 61 85 86 145 150 171 175 188 246 247 248 278 279 294 295
 316 317 318 347 348 350 375 376 625
41 43 47 75 76 155 162 179 183 189 249 250 251 280 281 296 297
 319 320 321 346 349 351 374 377 625
60 63 67 79 81 140 147 151 170 177 252 253 254 255 282 298 299
 322 323 338 352 355 356 357 379 625
46 49 53 69 71 160 163 166 178 184 256 257 258 259 283 300 301
 324 325 339 353 354 358 359 378 625
62 65 66 78 80 144 146 152 168 174 260 261 262 263 288 302 303
 304 326 327 361 363 364 381 382 625
48 51 52 68 70 157 158 164 181 187 264 265 266 267 289 305 306
 307 328 329 360 362 365 380 383 625
258 272 277 280 289 344 356 364 368 376 390 425 426 439 446 466 467
 468 495 496 563 564 565 593 594 632
255 271 276 279 288 345 359 365 369 377 390 420 421 431 436 461 462
 463 485 486 574 575 576 597 598 629
246 260 268 274 282 340 346 353 360 384 390 411 412 429 447 451 452
 453 471 472 553 554 579 580 600 634
249 264 270 275 283 341 347 352 361 385 390 418 419 430 448 458 459
 460 483 484 551 552 577 578 599 633
242 254 263 269 278 351 358 373 383 387 390 416 417 435 443 456 457
 481 482 499 570 571 572 573 596 635
245 259 267 273 281 350 357 372 382 386 390 427 428 432 440 469 470
 497 498 500 566 567 568 569 595 628
240 247 252 261 284 342 354 374 380 389 390 413 414 433 441 454 473
 474 475 476 557 558 584 585 586 631
243 250 256 265 286 343 355 375 381 388 390 422 423 437 444 464 487
 488 489 490 555 556 581 582 583 626
241 248 253 262 285 349 362 366 370 378 390 415 434 442 449 455 477
 478 479 480 561 562 590 591 592 630
244 251 257 266 287 348 363 367 371 379 390 424 438 445 450 465 491
 492 493 494 559 560 587 588 589 627
61 79 80 84 87 101 103 109 111 131 340 369 374 378 383 423 425
 445 448 515 539 540 541 550 604 628
47 69 70 74 77 91 97 98 100 114 341 368 375 379 382 414 420
 443 447 506 524 525 526 549 604 630
55 58 65 81 86 104 105 110 127 133 354 360 370 377 387 422 430
 440 450 510 511 512 513 534 604 632
42 44 51 71 76 92 94 99 117 123 355 361 371 376 386 413 431
 435 449 501 502 503 504 519 604 634
56 59 63 66 82 108 128 130 132 137 349 353 365 373 389 426 428
 438 444 517 518 546 547 548 604 633
41 45 49 52 73 96 113 115 119 124 348 352 364 372 388 417 421
 429 434 508 509 531 532 533 604 631
54 60 62 85 89 102 106 126 134 136 345 346 358 366 380 418 427
 437 446 514 535 536 537 538 604 627
40 46 48 75 88 90 93 116 120 121 344 347 357 367 381 411 416
 433 442 505 520 521 522 523 604 629
43 50 53 68 72 95 112 118 122 138 343 350 356 363 385 412 415
 436 441 507 527 528 529 530 604 635
57 64 67 78 83 107 125 129 135 139 342 351 359 362 384 419 424
 432 439 516 542 543 544 545 604 626
101 125 126 127 128 140 141 168 169 188 190 191 192 208 209 244 256
 264 273 280 414 415 429 435 602 629
110 111 135 136 137 152 153 175 176 177 207 234 235 236 237 243 258
 266 270 281 411 436 443 449 602 631
108 109 133 134 139 150 151 172 173 174 206 230 231 232 233 250 257
 267 272 275 413 421 442 447 602 635
105 106 107 131 132 146 147 148 149 171 204 205 227 228 229 245 251
 283 286 289 416 420 434 441 602 634
102 103 104 129 130 142 143 144 145 170 202 203 225 226 239 249 259
 265 277 287 412 417 431 433 602 630
100 121 122 123 124 166 167 186 187 189 199 200 201 223 224 241 252
 260 269 279 423 424 440 446 602 633
98 99 118 119 120 164 165 183 184 185 198 219 220 221 222 240 255
 262 268 278 418 439 444 450 602 628
96 97 116 117 138 162 163 180 181 182 197 215 216 217 218 247 253
 263 271 274 422 426 432 448 602 627
93 94 95 114 115 158 159 160 161 179 195 196 212 213 214 242 248
 282 284 288 425 427 430 438 602 626
90 91 92 112 113 154 155 156 157 178 193 194 210 211 238 246 254
 261 276 285 419 428 437 445 602 632
15 16 27 33 290 302 308 316 322 359 360 366 373 374 458 466 469
 487 491 501 520 527 531 549 602 641
3 20 28 35 295 312 327 333 338 342 346 365 378 387 484 490 494
 496 498 507 509 519 523 526 602 647
2 19 34 39 299 304 311 318 332 345 349 354 383 384 460 464 465
 470 495 504 522 525 530 533 602 646
1 9 12 18 294 298 310 326 331 351 353 369 370 380 468 483 489
 493 500 503 505 524 529 532 602 645
0 8 11 17 291 303 317 323 330 340 358 362 377 389 459 467 488
 492 497 502 506 508 521 528 602 644
7 26 32 38 297 315 329 337 339 343 347 364 379 386 472 476 480
 482 486 516 518 534 538 541 602 649
6 25 31 37 301 307 314 321 336 344 348 355 382 385 453 454 455
 457 485 513 537 540 545 548 602 650
10 23 24 36 293 306 309 320 325 356 361 367 372 375 452 456 463
 475 479 512 536 544 547 550 602 648
5 14 22 30 296 300 313 328 335 350 352 368 371 381 462 471 474
 478 499 511 514 539 543 546 602 643
4 13 21 29 292 305 319 324 334 341 357 363 376 388 451 461 473
 477 481 510 515 517 535 542 602 642
390 601 602 603 604 605 606 607 608 609 610 611 612 613 614 615 616
 617 618 619 620 621 622 623 624 625
241 245 247 249 254 256 266 268 272 288 395 397 398 409 502 507 512
 517 520 525 532 537 541 543 603 636
242 244 246 250 252 259 262 270 271 289 399 402 405 407 501 508 510
 516 522 526 529 536 540 546 603 640
248 251 255 258 261 265 269 273 274 275 400 403 404 410 505 506 514
 515 519 527 533 534 544 548 603 637
243 253 260 267 276 278 280 283 284 287 391 393 396 408 503 509 513
 521 530 538 539 542 547 549 603 639
240 257 263 264 277 279 281 282 285 286 392 394 401 406 504 511 518
 523 524 528 531 535 545 550 603 638
21 24 30 38 44 52 69 72 75 103 107 108 127 136 247 262 269
 276 282 458 464 467 493 498 601 650
7 22 31 36 40 45 47 51 53 101 105 130 134 135 241 246 255
 263 284 460 466 490 492 500 601 642
16 17 35 39 58 66 79 83 85 91 95 96 120 123 250 266 273
 277 283 452 454 461 478 482 601 645
10 13 25 26 46 68 73 74 76 104 106 109 125 137 252 274 278
 285 288 459 468 470 487 494 601 643
9 11 19 20 60 78 82 84 86 92 93 97 119 122 256 275 281
 287 289 451 457 462 475 480 601 641
6 14 23 29 42 43 48 49 77 102 110 128 131 139 242 253 261
 268 279 484 489 491 495 497 601 649
2 12 15 28 55 57 62 63 87 90 99 114 124 138 245 257 265
 270 280 472 474 479 481 485 601 644
3 8 18 33 54 59 61 65 67 94 100 113 116 118 244 249 258
 267 286 453 463 476 477 499 601 646
4 5 32 37 41 50 70 71 88 111 126 129 132 133 240 248 254
 260 271 465 469 483 488 496 601 648
0 1 27 34 56 64 80 81 89 98 112 115 117 121 243 251 259
 264 272 455 456 471 473 486 601 647
61 62 81 82 83 194 200 214 216 220 297 309 314 324 328 420 429
 433 449 458 470 489 492 496 603 635
47 48 71 72 73 191 203 229 231 235 295 308 311 323 326 425 432
 437 450 452 457 474 477 486 603 633
52 53 76 77 88 205 209 226 233 237 294 303 312 322 332 423 428
 430 439 454 463 471 480 481 603 627
66 67 86 87 89 196 211 218 222 224 296 305 315 325 336 414 417
 436 442 464 466 483 494 497 603 634
54 55 56 78 79 193 198 212 215 223 293 300 321 329 334 412 413
 434 443 465 467 484 487 500 603 629
40 41 42 68 69 202 207 208 227 230 290 298 318 327 330 419 422
 438 446 455 461 472 475 499 603 628
63 64 65 84 85 195 201 210 217 221 292 307 320 335 339 415 416
 431 447 459 469 490 493 495 603 631
49 50 51 74 75 192 204 225 232 236 291 304 316 331 338 424 427
 444 448 451 456 476 478 485 603 632
57 58 59 60 80 197 199 213 219 238 301 306 313 319 337 411 421
 435 441 460 468 488 491 498 603 630
43 44 45 46 70 190 206 228 234 239 299 302 310 317 333 418 426
 440 445 453 462 473 479 482 603 626
5 26 29 36 55 67 80 82 85 155 159 181 184 186 192 202 228
 231 237 390 504 521 526 527 532 650
1 20 33 39 42 53 70 73 75 145 149 169 174 177 193 201 213
 216 222 390 513 535 541 544 546 644
10 21 22 37 56 60 65 83 87 165 178 179 182 187 191 206 226
 227 236 390 502 523 529 533 549 649
17 18 28 34 41 46 51 72 77 153 168 170 171 173 197 200 211
 212 221 390 510 538 543 548 550 641
6 7 13 30 54 57 66 81 84 154 158 166 180 183 207 209 229
 232 239 390 503 506 507 522 531 648
2 3 11 27 40 43 52 71 74 140 142 146 172 175 198 214 217
 224 238 390 511 515 516 537 547 645
8 12 16 19 45 48 50 69 76 144 148 151 176 188 194 195 218
 219 223 390 512 514 518 540 542 647
14 24 25 32 59 62 64 79 86 157 161 163 185 189 203 204 208
 233 234 390 501 505 509 525 528 642
0 9 15 35 44 47 49 68 88 141 143 147 150 152 196 199 210
 215 220 390 517 534 536 539 545 646
4 23 31 38 58 61 63 78 89 156 160 162 164 167 190 205 225
 230 235 390 508 519 520 524 530 643
93 98 113 123 138 190 202 229 233 236 483 487 492 495 498 534 535
 540 543 547 554 558 562 573 576 625
106 111 127 130 139 193 199 214 218 221 471 475 477 482 485 519 521
 525 529 531 552 556 560 565 569 625
92 96 114 118 121 191 204 230 237 239 466 470 484 488 493 510 518
 537 539 544 553 570 574 584 590 625
104 108 126 131 135 195 200 215 222 238 457 463 472 473 478 502 509
 522 524 527 551 563 566 581 587 625
94 97 112 120 124 208 226 228 232 235 459 464 491 496 500 512 515
 538 545 546 557 571 579 591 597 625
105 109 128 129 136 211 213 217 220 223 451 454 479 486 499 501 506
 523 530 532 555 567 577 588 593 625
91 99 115 116 122 209 225 227 231 234 458 465 468 490 497 511 536
 541 542 548 561 575 585 596 600 625
103 110 125 132 134 210 212 216 219 224 452 455 462 476 481 503 520
 526 528 533 559 564 582 595 599 625
90 95 100 117 119 192 203 205 206 207 460 467 469 489 494 513 514
 516 517 550 572 580 586 592 598 625
101 102 107 133 137 194 196 197 198 201 453 456 461 474 480 504 505
 507 508 549 568 578 583 589 594 625
161 167 178 181 183 290 294 304 323 333 412 420 435 442 534 537 542
 546 550 564 569 578 581 588 601 631
155 160 180 185 187 291 295 298 302 332 417 441 447 449 513 515 518
 536 543 565 568 577 582 587 601 629
156 158 182 184 189 311 317 322 327 331 413 416 429 436 511 517 538
 540 544 552 555 563 589 595 601 630
154 163 164 179 186 303 308 310 318 338 411 414 431 434 512 516 535
 539 548 551 556 559 567 594 601 635
157 159 162 165 166 299 312 316 326 330 415 421 433 443 510 514 541
 545 547 560 566 583 593 599 601 634
141 148 170 174 175 293 296 307 324 337 419 425 440 444 519 522 528
 532 549 573 575 580 584 591 601 627
145 147 168 172 176 292 297 300 306 336 428 446 448 450 504 506 509
 520 529 572 576 579 585 590 601 626
143 146 173 177 188 314 319 325 329 335 422 427 439 445 503 508 523
 525 527 554 557 574 592 596 601 633
142 151 152 169 171 305 309 313 321 339 418 423 432 438 501 507 521
 524 533 553 558 561 571 598 601 632
140 144 149 150 153 301 315 320 328 334 424 426 430 437 502 505 526
 530 531 562 570 586 597 600 601 628
43 51 54 63 69 73 80 83 86 88 396 397 404 406 553 556 557
 562 572 575 578 587 593 595 602 640
45 55 60 61 64 66 68 71 75 77 392 403 405 409 554 565 567
 570 581 585 589 591 598 599 602 639
40 49 57 65 70 72 76 79 82 89 395 401 402 408 551 555 558
 560 564 568 580 590 596 597 602 637
42 46 47 50 52 59 78 81 85 87 391 394 400 407 552 566 571
 576 582 584 588 592 594 600 602 636
41 44 48 53 56 58 62 67 74 84 393 398 399 410 559 561 563
 569 573 574 577 579 583 586 602 638
90 97 102 109 115 118 123 127 132 135 291 292 318 321 322 325 326
 328 333 337 390 394 397 402 410 639
91 94 104 107 111 119 121 128 134 138 290 295 299 303 313 320 324
 329 331 336 390 395 396 403 407 638
92 95 98 103 105 116 124 126 137 139 293 297 301 305 310 316 323
 327 332 335 390 393 400 401 409 640
101 106 108 110 113 114 117 120 122 129 296 298 304 306 308 312 314
 317 334 339 390 391 398 405 406 637
93 96 99 100 112 125 130 131 133 136 294 300 302 307 309 311 315
 319 330 338 390 392 399 404 408 636
191 196 207 216 221 223 225 228 233 238 347 355 358 363 365 368 370
 372 374 384 391 402 404 409 601 638
190 194 199 203 212 217 222 227 232 237 340 341 348 349 356 359 380
 381 386 387 396 401 405 410 601 636
198 200 205 208 210 213 218 231 236 239 346 354 357 362 364 369 371
 373 375 385 392 393 397 407 601 637
201 202 204 206 209 211 214 215 219 235 343 345 351 352 360 367 376
 378 382 389 394 398 403 408 601 640
192 193 195 197 220 224 226 229 230 234 342 344 350 353 361 366 377
 379 383 388 395 399 400 406 601 639
146 150 155 161 164 166 169 170 176 182 398 401 404 407 452 467 470
 473 480 483 485 490 491 499 604 639
142 147 153 156 159 163 174 183 187 188 397 400 405 408 453 464 468
 469 475 478 481 484 486 492 604 638
140 145 148 152 158 162 173 178 185 186 394 396 399 409 457 458 461
 471 476 479 488 494 495 500 604 637
143 149 151 154 160 165 168 175 181 189 393 402 403 406 454 456 460
 462 472 477 487 493 496 497 604 636
141 144 157 167 171 172 177 179 180 184 391 392 395 410 451 455 459
 463 465 466 474 482 489 498 604 640
22 25 29 38 112 114 116 119 123 141 145 146 151 153 345 353 362
 374 387 555 569 587 594 599 603 648
18 19 27 35 127 129 131 134 137 155 158 163 165 167 344 352 363
 375 386 557 573 590 598 600 603 644
23 26 30 37 92 100 115 120 138 140 143 171 174 176 342 349 358
 360 369 552 559 568 581 593 603 642
6 21 32 36 91 93 117 118 124 142 148 150 168 177 346 359 370
 383 389 560 563 567 578 582 603 643
8 15 20 34 101 104 132 136 139 156 166 179 181 185 343 348 357
 361 368 554 561 572 584 597 603 645
2 9 17 33 103 106 128 133 135 154 161 162 184 187 347 356 371
 382 388 562 571 574 580 585 603 647
5 13 24 31 95 97 99 113 121 149 152 170 172 188 340 351 354
 365 366 556 564 566 577 589 603 649
1 11 16 28 107 109 110 126 130 159 164 178 180 189 341 350 355
 364 367 558 570 575 579 592 603 646
4 7 10 14 90 94 96 98 122 144 147 169 173 175 373 377 378
 380 384 551 565 583 588 595 603 650
0 3 12 39 102 105 108 111 125 157 160 182 183 186 372 376 379
 381 385 553 576 586 591 596 603 641
13 22 23 32 193 196 200 217 219 259 266 275 280 286 291 294 299
 308 327 562 579 584 596 598 604 650
14 21 26 31 194 213 215 221 224 244 265 272 281 283 290 317 326
 332 338 554 571 575 586 590 604 648
12 17 20 27 203 209 228 230 236 241 261 271 278 282 293 319 328
 336 339 552 564 567 583 587 604 646
7 24 29 37 201 212 218 220 238 251 256 267 270 277 302 312 318
 323 331 557 561 570 576 580 604 643
0 19 28 33 206 208 225 229 237 242 247 255 260 285 297 307 313
 325 334 556 563 568 588 599 604 645
4 25 30 36 197 210 214 222 223 245 250 258 264 287 295 304 310
 322 330 558 572 574 591 600 604 649
3 9 16 34 192 227 233 235 239 248 252 263 268 276 306 315 321
 324 335 555 559 565 566 578 604 644
11 15 18 39 191 202 205 232 234 254 262 274 279 284 292 296 301
 309 329 560 577 581 594 595 604 647
5 6 10 38 195 198 199 211 216 243 249 257 273 289 298 303 311
 316 333 553 573 585 592 597 604 642
1 2 8 35 190 204 207 226 231 240 246 253 269 288 300 305 314
 320 337 551 569 582 589 593 604 641
39 88 89 138 139 188 189 238 239 288 289 338 339 388 389 410 449
 450 499 500 549 550 599 600 624 650
12 65 74 112 134 143 166 205 222 253 281 318 334 365 367 400 425
 429 482 488 501 543 578 585 610 650
3 45 57 95 109 177 187 208 215 240 287 296 303 353 386 404 420
 437 456 495 510 520 552 561 607 650
39 47 56 124 136 144 164 214 233 253 256 333 336 340 371 406 416
 419 468 476 510 527 568 598 616 648
27 41 61 120 128 152 157 218 229 252 257 332 337 341 370 408 412
 427 462 490 502 544 572 594 616 650
39 44 64 104 114 148 180 192 198 246 281 327 328 356 358 408 421
 423 477 483 520 548 557 588 617 649
28 50 58 92 131 161 172 201 207 249 278 326 329 357 359 406 414
 426 471 492 533 536 555 591 617 650
2 68 84 120 127 173 189 213 225 243 254 302 336 353 376 401 432
 434 463 492 514 526 578 584 614 649
0 66 73 100 103 163 175 194 230 240 289 321 331 345 357 391 430
 435 479 490 527 543 560 579 612 649
14 58 70 121 130 150 154 198 227 280 282 312 325 345 363 400 432
 449 459 476 532 540 572 581 607 641
4 49 64 123 137 174 179 209 218 276 286 298 329 340 350 404 433
 450 460 479 526 537 563 571 610 641
8 70 78 110 115 163 170 220 232 273 285 290 315 346 376 409 416
 423 460 474 529 547 574 587 623 650
7 76 87 100 132 164 172 213 234 247 259 304 335 356 370 403 429
 437 461 484 521 545 573 587 624 641
9 63 71 100 102 149 185 209 212 243 274 297 317 363 383 407 419
 421 466 478 512 523 558 569 622 650
24 68 81 96 134 145 156 195 228 258 268 296 326 341 389 393 423
 435 465 485 516 523 562 568 619 641
12 59 71 121 127 147 179 216 232 246 287 307 332 342 364 398 418
 443 461 497 527 550 555 562 605 643
3 50 55 91 130 162 174 196 229 256 269 292 317 352 380 393 411
 439 455 470 501 550 587 597 609 649
33 46 83 114 130 140 183 210 235 272 279 305 331 340 361 402 422
 441 465 480 509 514 567 573 605 650
0 42 79 118 133 146 167 195 236 246 256 306 310 349 368 403 432
 433 481 494 531 538 575 577 613 650
2 49 86 91 129 153 164 206 216 251 284 293 322 369 381 399 435
 446 459 477 507 518 554 566 615 650
39 68 80 99 132 151 178 217 235 269 287 293 312 347 377 407 414
 427 453 489 531 543 563 590 623 642
39 49 81 90 101 159 176 224 227 240 275 295 319 362 382 409 412
 426 463 493 501 538 556 573 622 643
23 57 69 104 113 146 159 191 201 243 255 321 332 371 380 399 442
 448 482 496 517 528 567 600 623 641
32 52 65 114 135 155 188 199 229 274 277 330 336 357 378 409 413
 418 456 489 530 546 559 575 615 641
12 40 61 98 129 141 181 201 234 275 288 311 325 346 355 396 428
 441 467 478 510 531 559 571 619 649
3 48 63 107 123 154 169 206 220 281 288 301 330 370 375 405 417
 448 465 471 527 538 564 584 620 642
31 67 71 106 138 144 158 208 220 250 279 291 293 368 387 408 411
 428 473 493 533 541 578 592 612 641
25 48 55 101 118 175 178 205 216 260 272 299 315 351 388 401 431
 438 478 498 506 536 552 557 616 641
13 75 79 117 126 143 184 224 235 245 261 307 333 375 384 396 421
 430 492 499 518 529 561 594 609 641
33 41 79 99 107 175 182 199 239 264 284 314 326 343 358 400 428
 442 451 495 512 526 587 598 618 643
24 57 74 122 130 141 160 216 237 250 261 290 335 357 383 394 434
 450 453 483 502 538 593 598 606 647
37 73 85 110 112 147 162 214 239 241 257 313 327 383 386 402 414
 444 463 467 505 542 554 577 620 641
3 69 87 120 126 145 161 210 237 253 289 291 309 351 363 395 413
 440 460 486 531 548 554 583 621 643
4 43 62 109 119 143 182 201 229 266 282 315 316 354 368 405 419
 435 463 500 521 548 582 590 605 647
12 43 67 115 137 150 185 191 193 269 289 304 313 341 378 392 422
 431 454 492 520 538 566 580 618 648
32 72 83 116 134 149 159 198 207 252 256 304 307 376 377 410 417
 428 479 491 524 539 552 554 611 647
35 60 76 101 116 154 171 214 230 265 268 292 302 354 372 396 424
 443 483 486 528 546 563 592 618 650
32 56 75 101 119 172 186 195 239 270 285 301 322 363 380 408 420
 422 452 497 519 543 571 593 614 646
31 41 85 100 137 169 180 204 238 268 287 299 325 362 381 406 413
 425 458 481 529 534 567 597 614 647
17 53 54 97 104 150 165 204 224 254 264 311 335 364 374 405 411
 438 479 489 519 542 568 576 621 650
1 40 84 99 106 168 179 194 233 258 271 313 316 362 379 394 417
 440 452 484 517 530 557 581 609 650
16 46 57 115 136 157 169 205 224 249 271 314 323 363 387 403 444
 447 475 500 504 539 562 563 615 649
14 50 61 97 134 177 183 191 199 259 276 293 302 362 388 398 416
 430 472 494 504 548 558 593 620 645
16 62 77 117 132 145 160 191 198 241 267 320 330 342 352 401 436
 445 451 468 522 534 556 571 612 650
31 70 80 92 104 175 183 218 233 242 245 308 309 352 353 410 415
 424 461 467 523 538 582 585 615 646
38 53 83 98 109 152 161 192 238 265 271 295 334 349 352 392 416
 446 453 497 503 512 560 584 608 641
0 53 85 116 128 158 172 203 219 269 281 298 315 361 384 397 434
 445 485 496 510 549 558 581 615 643
2 47 82 123 131 170 180 193 208 262 272 316 339 372 380 403 430
 436 453 488 523 542 559 572 611 643
3 62 76 96 110 149 184 199 225 246 275 323 329 344 369 394 415
 438 464 473 543 549 567 572 608 648
36 42 66 107 115 141 187 217 233 270 278 297 338 344 354 398 412
 445 477 488 514 524 595 597 621 641
12 52 54 117 131 152 156 202 213 240 256 297 299 350 387 402 424
 442 452 459 548 549 565 574 606 642
21 50 62 94 139 140 180 202 222 251 285 306 311 347 353 397 440
 443 454 490 508 539 564 598 622 641
6 47 80 95 129 169 185 194 236 252 267 292 294 358 367 395 426
 434 464 472 511 519 574 599 605 641
33 77 85 109 138 142 157 196 227 243 262 300 310 357 377 398 424
 429 457 460 518 519 557 564 619 648
14 41 63 95 135 148 166 216 226 262 275 306 331 376 387 392 414
 445 486 487 521 537 568 600 609 646
15 51 81 113 137 148 182 203 213 250 260 300 333 345 347 395 415
 439 475 497 515 524 559 570 620 650
30 43 61 90 133 148 165 215 237 273 284 323 339 361 365 407 417
 424 455 468 525 535 555 579 614 641
2 60 88 96 137 159 168 222 229 259 279 290 328 351 385 391 445
 447 467 476 512 519 555 561 613 642
7 68 83 92 133 160 188 203 224 262 286 313 322 346 367 391 443
 448 473 495 532 548 569 597 616 644
10 40 54 124 128 151 163 210 225 262 266 317 319 342 343 410 420
 425 471 483 504 513 566 570 613 641
0 70 83 94 106 142 155 209 223 253 275 326 335 348 354 399 436
 444 472 498 520 550 570 594 614 642
26 56 88 91 127 149 166 219 230 249 263 309 310 355 362 405 427
 436 474 495 509 515 580 588 606 641
5 45 63 116 136 142 189 193 232 242 264 318 324 369 382 391 439
 441 452 494 502 534 583 590 617 641
33 51 58 90 126 146 186 220 233 259 274 298 320 348 389 392 425
 443 462 464 507 542 552 590 606 649
22 44 89 120 131 177 181 203 223 244 248 301 331 364 377 394 419
 447 470 481 507 547 556 585 618 641
7 65 73 111 120 156 170 215 233 269 280 310 328 359 375 399 438
 441 451 497 504 537 592 599 622 647
37 67 76 119 131 160 169 210 232 243 263 308 328 347 389 400 412
 446 479 498 510 525 575 589 609 645
24 66 76 90 105 153 167 198 202 253 264 313 317 359 388 404 427
 447 457 496 529 541 559 584 605 646
10 51 66 118 131 145 189 190 214 275 276 332 334 358 379 407 411
 422 469 474 532 545 561 564 615 647
35 50 86 113 136 173 187 198 209 245 263 290 301 349 379 402 425
 431 473 489 521 544 579 599 619 643
17 67 70 93 101 143 167 207 217 251 262 324 332 350 373 394 413
 437 468 485 509 512 553 599 620 649
7 60 74 115 129 149 162 208 221 266 276 295 300 361 389 401 440
 442 481 489 527 540 553 594 617 646
1 71 82 124 135 156 171 219 239 267 282 290 334 377 381 404 415
 448 454 494 525 536 573 594 621 649
10 53 81 93 139 146 157 223 235 247 280 290 292 369 386 406 417
 418 478 488 526 548 580 589 612 646
32 44 87 105 112 170 184 209 216 267 288 295 321 341 373 406 411
 424 475 495 508 514 581 590 613 645
30 58 77 94 129 177 178 224 231 263 289 297 318 340 372 408 415
 418 485 487 505 517 584 587 613 647
13 59 69 93 129 174 186 205 215 264 268 316 336 356 377 402 445
 449 474 490 533 538 569 570 608 645
4 48 79 114 125 165 171 232 238 259 269 297 303 366 371 394 426
 436 475 490 513 532 554 578 619 646
31 55 88 115 125 154 173 201 203 253 258 306 327 350 374 407 418
 420 451 464 502 518 560 573 611 645
30 42 89 122 132 142 182 192 194 255 257 302 329 351 375 409 411
 425 454 459 509 510 562 569 611 646
22 52 63 92 110 150 186 208 222 271 283 302 321 343 384 395 427
 433 468 477 506 550 573 589 619 647
13 62 72 91 133 176 181 190 213 279 287 298 321 372 378 400 416
 444 466 471 502 516 557 599 621 646
6 40 55 97 126 147 157 206 213 277 278 308 324 349 361 404 423
 436 476 493 508 543 569 600 618 647
26 71 87 93 107 152 183 193 225 241 273 306 322 345 348 393 426
 447 489 499 510 528 551 557 610 647
33 66 72 110 124 160 172 192 215 251 254 294 337 362 368 396 418
 431 470 475 523 540 583 600 610 642
15 41 80 118 134 160 176 193 209 247 277 305 338 371 384 405 420
 440 457 459 505 547 555 592 608 649
37 46 55 123 128 144 156 207 222 284 289 294 335 346 379 398 421
 432 456 458 515 528 556 590 608 646
25 49 85 93 135 144 182 198 230 244 254 297 308 341 365 403 440
 441 464 471 503 550 561 593 623 644
23 44 66 97 106 151 186 236 238 249 284 290 307 350 378 401 429
 439 465 486 505 510 572 582 622 644
25 43 82 117 134 169 187 211 225 248 283 327 337 340 357 399 439
 443 474 493 512 531 576 581 624 646
4 42 86 106 116 176 178 212 239 262 280 311 337 352 365 395 423
 447 456 492 527 545 567 586 606 645
4 59 77 104 112 140 187 207 220 247 275 333 339 351 381 393 427
 434 452 466 504 540 560 575 618 644
7 46 56 126 138 152 167 194 204 275 282 296 330 372 383 397 431
 439 477 491 513 526 555 585 623 645
36 48 54 92 127 145 182 196 234 251 252 290 339 340 382 392 421
 444 481 496 530 543 551 592 607 645
35 45 78 94 132 153 184 203 238 252 280 309 316 383 385 398 422
 442 471 493 506 535 568 575 610 649
24 46 54 98 101 146 162 199 231 242 287 328 338 370 376 395 419
 436 454 469 518 533 579 581 610 644
11 56 73 105 123 158 176 197 225 244 261 312 324 351 356 392 418
 442 469 472 525 539 582 597 619 650
17 42 61 119 136 147 158 226 238 272 274 304 321 359 367 393 415
 440 474 483 518 526 556 596 607 642
10 47 57 102 117 153 161 222 230 269 286 324 338 360 364 409 415
 428 462 465 521 540 557 577 614 645
20 48 59 111 124 141 162 211 227 255 277 304 309 350 358 397 430
 447 473 487 503 516 589 590 614 650
24 73 84 94 135 151 164 192 211 245 279 300 332 346 363 405 426
 433 455 488 534 549 552 596 618 645
1 52 60 133 138 153 185 192 223 249 261 308 325 340 376 393 420
 438 482 490 522 545 590 595 620 643
18 74 81 92 107 144 185 190 215 248 257 307 312 374 388 397 436
 446 452 460 521 546 567 596 613 649
14 71 89 105 113 168 180 195 206 266 269 309 318 357 374 396 412
 444 468 480 526 545 552 574 608 644
17 65 75 92 132 141 163 214 231 243 279 299 306 341 366 404 417
 439 472 500 507 540 586 588 608 643
35 48 82 100 104 161 168 217 236 257 276 296 322 376 384 400 418
 441 455 500 508 541 556 570 606 648
18 43 64 93 126 151 156 199 226 263 270 295 325 360 371 391 434
 444 461 470 506 541 564 586 611 650
38 45 65 122 137 149 157 202 220 248 272 319 322 358 371 396 414
 432 484 485 522 550 579 582 621 645
23 54 75 95 125 153 181 220 227 246 257 326 336 352 373 391 431
 440 480 488 515 525 558 563 624 647
20 54 76 108 138 147 161 221 235 260 273 301 318 341 362 399 433
 445 456 466 511 532 582 598 611 649
1 43 78 103 114 166 173 218 227 244 278 307 322 372 389 395 411
 437 478 496 504 534 577 598 608 642
16 51 55 112 139 149 183 217 234 244 282 303 337 375 378 391 433
 446 457 483 517 533 568 574 614 643
16 41 87 98 104 177 186 214 232 261 286 300 317 344 365 397 432
 435 480 493 530 536 580 599 611 642
14 78 88 99 101 142 158 211 236 247 286 320 323 341 353 402 421
 446 470 482 513 527 559 591 621 647
23 52 84 121 137 145 184 206 212 263 273 314 338 368 377 397 437
 441 472 483 501 542 560 591 616 646
25 42 67 91 105 173 179 199 235 240 265 294 339 363 366 397 429
 448 462 467 522 547 568 570 617 647
30 49 63 98 111 168 187 213 228 246 249 312 315 366 367 410 413
 422 457 470 528 542 594 598 612 645
21 79 88 122 128 176 183 214 228 267 274 316 325 364 387 399 431
 437 455 460 524 543 584 589 617 644
0 58 75 113 135 140 165 218 228 287 288 294 324 343 383 401 446
 447 474 484 501 548 592 595 611 648
2 44 78 95 134 171 178 201 237 264 274 308 319 370 379 397 433
 444 497 499 509 540 565 597 612 648
15 56 72 100 129 151 157 222 228 242 273 320 327 354 388 394 411
 448 480 492 503 537 565 575 607 643
38 51 87 96 106 185 188 201 231 254 281 310 324 342 381 402 412
 430 455 491 506 547 563 598 607 646
36 57 77 103 120 151 179 193 204 256 274 315 326 365 385 396 446
 449 469 473 508 511 573 588 620 646
15 77 89 116 127 144 183 201 236 283 285 295 314 356 383 404 413
 438 462 488 516 532 566 579 609 642
5 47 58 103 119 148 157 209 217 258 279 302 334 342 355 397 438
 442 456 470 529 538 551 554 624 644
13 44 86 124 132 140 155 221 230 242 258 303 314 367 380 392 412
 432 460 478 541 549 555 576 620 647
25 77 80 124 130 147 165 190 195 271 281 291 329 354 376 391 437
 442 458 499 507 544 559 580 622 645
21 71 86 98 131 154 174 197 237 252 277 320 333 343 362 391 429
 438 485 500 514 520 577 596 623 646
34 68 87 119 135 174 180 190 223 242 283 319 323 366 375 398 428
 431 476 496 505 511 553 560 606 650
1 74 86 90 128 170 181 195 235 241 286 297 302 358 385 405 413
 439 461 498 533 539 560 600 607 648
28 69 79 119 137 142 154 216 231 241 244 294 296 360 361 410 416
 427 473 488 530 545 565 576 622 649
13 52 64 111 118 159 171 194 225 250 253 301 311 361 373 398 414
 446 462 500 523 534 580 587 607 644
19 47 66 121 125 142 178 221 234 245 248 298 328 343 387 393 413
 448 463 491 508 535 580 593 608 650
11 64 70 95 108 144 165 211 229 241 258 321 338 347 369 396 422
 429 481 491 504 536 569 584 606 643
37 74 80 102 116 164 173 223 229 246 273 296 299 343 359 392 430
 449 475 493 509 517 564 571 621 644
23 72 81 99 109 141 155 218 226 241 289 301 317 381 384 403 438
 443 469 476 509 535 574 578 617 645
6 45 85 99 111 163 173 191 224 251 288 291 334 356 360 393 419
 433 480 498 524 546 555 572 606 646
26 50 83 108 124 158 170 205 217 243 246 325 330 374 382 395 435
 450 462 484 505 535 561 565 618 646
27 51 65 91 103 147 160 208 223 268 270 311 314 350 351 410 421
 426 480 494 521 535 581 584 623 648
21 59 70 96 102 166 171 192 210 270 288 293 298 374 386 403 439
 442 457 492 511 530 556 579 616 647
5 40 78 112 127 161 177 200 229 250 268 305 312 348 358 403 431
 448 468 479 518 549 586 595 622 646
35 69 84 118 139 162 170 224 228 248 270 308 329 345 381 392 428
 429 456 468 502 513 558 588 605 642
17 59 73 122 139 152 155 190 198 259 284 315 318 355 360 395 420
 448 481 493 514 523 563 591 609 648
37 68 82 114 139 167 175 197 209 249 255 291 300 364 370 396 416
 445 452 464 501 535 566 586 607 647
22 58 69 102 138 155 168 214 234 240 272 307 323 347 373 405 423
 434 451 494 503 544 566 597 610 646
28 45 83 93 127 162 175 204 222 261 267 298 301 366 368 407 412
 423 459 486 504 517 559 596 624 648
27 59 72 106 123 150 183 195 237 263 265 299 300 367 369 409 414
 419 451 496 508 513 561 595 624 649
5 53 61 108 123 168 185 196 239 245 253 319 331 344 360 401 437
 443 459 475 516 533 575 588 623 647
29 59 74 99 103 167 176 196 206 254 283 303 328 346 348 406 415
 422 486 500 522 544 558 565 611 641
8 75 86 109 112 158 168 199 202 255 283 308 335 342 372 407 426
 449 465 481 524 537 580 583 616 649
9 40 87 108 118 156 169 197 203 251 279 303 307 352 354 409 427
 449 482 487 526 542 579 593 617 648
15 46 64 94 131 186 188 216 230 255 266 312 337 349 382 393 417
 437 451 467 511 529 558 578 621 648
9 52 62 116 125 166 177 211 228 272 284 291 313 349 375 406 412
 450 461 469 519 540 551 570 623 649
8 53 60 107 117 167 173 210 234 242 277 316 321 365 381 408 414
 450 470 472 515 532 552 562 622 648
5 51 89 107 114 150 163 207 219 261 287 292 323 349 385 399 429
 440 463 487 523 541 565 571 616 645
29 46 79 113 127 164 174 217 226 248 281 311 313 385 389 409 420
 424 466 472 503 536 572 583 612 647
32 60 69 123 130 152 181 211 232 251 278 310 314 384 388 407 415
 425 463 484 511 520 568 586 612 644
11 42 80 120 125 148 163 200 206 249 282 295 335 380 388 402 428
 443 466 485 530 534 561 589 610 648
20 45 67 102 114 152 154 200 233 247 283 311 329 367 377 401 435
 444 455 469 515 529 593 600 613 643
29 64 73 97 136 140 160 219 227 260 265 296 316 344 370 407 413
 428 482 492 507 550 551 574 613 646
31 50 82 109 120 147 166 212 234 261 264 294 320 345 371 409 417
 422 477 498 516 549 553 563 613 644
26 60 70 103 118 180 188 200 235 257 284 304 320 344 387 404 419
 434 471 497 501 517 576 583 619 645
21 41 64 90 110 143 158 223 231 256 278 303 309 345 379 401 441
 448 453 466 519 546 562 566 624 645
28 76 85 97 129 146 187 190 193 258 282 309 331 343 373 409 421
 450 455 497 522 539 578 586 616 642
38 40 56 94 125 170 189 218 237 240 283 292 304 360 368 400 421
 445 457 489 507 536 562 567 620 644
22 61 72 115 139 142 184 204 210 260 281 312 336 379 380 404 426
 435 461 487 512 522 577 592 606 644
36 49 84 136 138 146 165 200 203 267 285 317 337 351 355 400 414
 430 461 465 520 546 553 565 608 647
20 50 65 90 125 150 184 197 239 242 266 296 332 340 355 403 434
 446 458 486 524 547 557 569 612 642
36 43 81 100 108 153 178 208 219 277 288 329 332 348 366 402 416
 432 451 483 519 539 583 585 609 644
22 75 78 100 128 148 159 197 233 254 265 314 318 378 386 393 436
 450 459 473 531 536 553 564 605 645
27 54 77 96 135 143 186 194 206 248 280 304 305 353 355 407 416
 450 475 498 528 541 577 597 617 643
26 41 65 117 136 154 172 190 196 255 289 293 295 353 385 394 423
 433 478 491 525 542 570 595 605 644
16 63 72 101 121 174 182 202 238 258 278 291 305 346 386 399 430
 434 462 489 525 545 585 588 613 648
38 47 60 90 104 163 172 212 228 244 260 305 330 350 369 398 444
 449 454 495 531 544 578 596 609 647
6 53 82 113 133 144 189 221 227 270 274 299 305 342 375 394 427
 435 467 486 520 539 587 591 610 645
19 85 88 105 117 140 164 200 232 270 276 319 326 368 378 395 417
 438 453 487 528 544 569 585 607 649
28 48 66 122 134 140 184 213 226 271 286 292 310 348 374 408 419
 449 456 467 525 534 553 566 623 643
27 46 67 95 133 141 182 219 225 245 276 318 320 364 380 406 423
 449 457 484 506 546 554 560 622 642
34 62 88 97 103 169 178 195 207 250 255 317 336 360 386 392 424
 441 477 484 532 547 594 596 610 643
18 56 71 109 122 148 181 207 210 268 280 313 338 366 382 401 430
 433 464 482 508 544 576 587 615 642
6 51 67 121 132 161 175 215 226 256 285 319 327 369 372 405 447
 450 458 482 514 530 558 594 619 644
11 53 89 96 111 151 155 208 212 278 286 306 333 370 382 400 424
 431 458 474 517 522 554 593 605 649
18 40 80 110 119 166 188 196 204 265 276 297 333 356 373 399 432
 447 454 465 502 535 552 591 612 643
8 73 82 121 126 153 165 196 205 247 250 302 306 378 379 410 412
 419 485 495 503 511 567 571 617 642
9 43 57 94 105 174 181 221 236 254 259 330 334 344 345 410 414
 423 452 458 509 518 589 592 616 643
9 55 74 111 113 145 179 200 230 262 264 323 325 384 386 408 416
 426 454 491 507 514 575 582 624 642
8 42 84 98 130 155 171 191 215 260 266 322 324 385 387 406 421
 427 464 479 505 516 564 585 624 643
19 44 83 111 115 146 189 197 202 257 268 293 294 357 365 405 415
 437 466 476 506 513 551 571 609 643
34 49 55 92 106 177 189 219 226 247 273 328 330 363 373 396 425
 442 453 490 516 524 576 577 605 648
34 47 63 122 133 145 159 204 218 266 285 293 303 344 359 402 418
 429 498 499 503 515 581 586 618 649
19 49 58 108 112 175 180 191 212 252 265 310 336 346 361 394 420
 439 469 499 521 541 562 589 621 642
10 45 84 91 110 141 185 197 205 259 282 305 326 347 349 408 413
 424 496 499 527 537 556 576 611 644
29 62 68 108 121 162 171 193 236 240 244 333 335 355 359 408 417
 425 460 480 506 512 595 600 615 645
30 48 78 96 126 150 179 202 221 241 243 331 337 354 356 406 420
 428 453 494 501 515 596 599 615 644
11 75 81 91 102 167 188 221 237 267 271 315 327 353 371 398 425
 441 479 487 533 545 551 572 618 642
20 61 69 99 105 143 187 192 212 250 285 292 299 364 389 391 432
 436 471 491 505 537 551 573 615 648
18 52 89 97 130 176 179 220 231 245 252 327 334 347 359 403 435
 445 478 495 513 528 553 583 614 648
19 68 79 98 102 159 172 205 211 263 280 331 339 342 348 404 411
 440 458 477 502 546 574 582 620 648
34 44 57 93 128 149 164 194 231 260 277 291 339 352 374 400 422
 443 463 494 529 537 591 595 619 642
29 76 86 95 107 143 156 191 200 271 272 298 300 382 383 410 411
 418 476 490 531 547 588 591 614 644
7 28 42 64 103 113 150 181 205 214 252 273 291 319 353 381 418
 436 457 465 512 549 590 593 609 638
7 27 48 86 99 108 159 177 190 210 249 274 324 327 345 368 424
 434 454 488 529 550 568 571 608 639
21 28 53 80 100 106 141 156 198 232 248 266 323 336 351 372 422
 433 462 495 501 518 551 600 620 639
5 28 73 81 118 128 143 179 234 238 263 283 293 330 376 380 424
 447 464 480 520 540 569 598 621 637
0 31 62 69 122 131 153 179 217 239 254 273 295 305 367 370 421
 439 476 487 504 546 552 580 619 639
4 34 45 54 107 120 155 172 216 236 265 279 325 327 379 389 415
 430 457 468 501 539 569 580 623 636
4 12 53 66 92 136 159 170 199 206 244 268 291 320 347 383 420
 432 455 487 509 511 557 594 624 637
16 31 52 86 94 102 141 165 193 207 257 260 310 319 356 389 416
 448 470 486 526 543 561 581 605 637
7 39 43 59 97 107 168 184 223 230 243 285 294 305 352 387 425
 433 469 485 502 536 554 559 607 637
7 9 77 79 121 136 148 155 222 225 257 288 292 308 350 362 422
 435 453 496 533 547 552 586 621 640
17 36 62 71 112 137 164 188 215 227 242 249 292 331 379 384 423
 442 462 498 513 531 584 593 611 637
15 36 70 86 123 125 162 172 194 226 243 268 323 334 364 378 427
 441 493 499 522 548 552 598 613 638
12 22 73 79 93 132 173 180 220 237 249 276 305 317 354 382 415
 446 456 491 516 519 581 600 616 638
0 10 50 63 119 127 171 181 224 233 277 284 300 327 341 351 437
 449 453 491 522 541 567 574 610 637
22 34 59 76 91 126 158 175 201 228 257 262 334 338 340 385 417
 432 475 489 520 534 574 593 622 639
3 36 64 88 106 119 167 170 191 213 257 261 305 318 343 377 426
 443 458 478 503 540 568 579 615 636
14 15 60 73 91 108 146 184 207 218 248 264 291 297 342 367 423
 431 453 500 510 530 564 573 614 636
4 11 51 57 100 127 152 184 195 227 253 272 293 308 343 346 417
 445 454 470 505 546 576 599 617 638
10 16 71 78 108 116 143 155 204 213 255 270 294 328 340 388 414
 440 455 495 507 538 560 572 619 638
7 8 49 62 95 127 142 186 197 235 278 289 299 334 371 374 428
 447 455 483 523 544 575 581 620 636
19 36 41 59 109 114 149 156 224 236 253 273 302 324 347 380 431
 450 467 471 507 545 581 596 612 640
14 17 74 87 117 127 151 159 220 239 258 260 294 329 349 372 419
 441 457 490 520 535 589 597 615 640
20 31 64 72 96 128 146 178 196 232 240 249 322 334 375 383 440
 449 468 472 514 521 559 576 618 640
4 33 47 84 108 115 181 188 198 226 261 283 299 309 370 386 411
 446 485 494 528 543 555 570 622 640
1 36 50 79 104 116 152 160 206 221 279 289 312 319 373 386 419
 429 464 474 506 537 559 562 614 639
0 29 45 87 92 129 166 168 198 235 250 274 337 338 350 380 416
 438 458 463 513 525 562 564 618 638
12 24 70 85 119 139 168 178 215 225 252 286 314 330 349 371 411
 430 466 486 507 515 573 595 617 639
5 27 76 84 102 124 174 178 204 220 244 284 295 306 357 384 422
 436 467 482 524 548 562 599 607 636
3 14 56 68 93 103 153 155 201 232 245 271 299 337 358 361 429
 450 454 466 524 542 556 592 613 637
23 28 56 70 116 135 147 185 202 224 250 276 303 339 370 385 425
 435 451 470 514 531 557 589 608 636
25 28 75 89 94 133 152 166 191 217 268 277 317 328 369 379 428
 434 460 475 527 542 573 582 607 640
26 34 48 61 95 130 146 163 209 222 254 270 313 333 372 377 413
 446 451 493 545 549 562 582 617 637
24 34 50 67 110 123 142 165 213 230 274 280 295 307 358 381 420
 445 480 500 517 531 551 585 616 640
0 32 48 57 97 137 156 173 192 214 262 283 312 320 355 369 412
 440 466 499 533 535 585 587 605 636
21 27 45 82 125 138 145 164 199 207 254 286 312 321 354 361 425
 447 478 497 505 538 574 588 609 640
12 26 42 58 97 101 153 189 210 229 248 267 300 303 356 384 417
 444 458 473 523 537 560 598 623 640
15 37 75 84 96 105 142 161 190 219 252 272 303 325 350 365 419
 443 477 489 504 538 587 600 612 637
13 15 53 78 102 120 175 187 195 231 251 276 313 330 355 387 426
 429 476 483 525 550 567 590 611 640
21 39 40 67 92 109 153 162 195 209 259 260 314 331 365 375 418
 434 474 491 528 534 565 572 621 636
22 33 68 86 111 117 144 166 231 238 273 282 292 332 344 351 420
 444 479 484 508 538 558 559 617 636
11 22 46 62 118 129 147 154 192 218 243 269 290 319 348 365 413
 430 452 495 524 541 568 591 624 640
17 37 52 57 98 134 148 189 196 235 244 285 298 309 354 381 426
 431 451 484 527 541 569 572 613 639
16 29 40 60 100 111 150 158 190 216 245 285 326 339 371 377 412
 439 456 464 509 548 577 584 610 640
14 19 46 65 107 124 145 181 209 238 240 250 308 315 356 369 427
 443 455 492 517 519 553 577 611 639
4 35 40 81 103 138 149 186 191 211 242 281 294 306 359 364 413
 444 453 459 514 525 561 587 616 639
5 39 54 74 93 110 171 187 203 218 255 272 310 320 363 378 428
 435 458 472 508 545 555 584 609 639
2 31 59 75 98 110 151 182 200 209 248 289 292 330 359 361 412
 437 482 494 532 539 557 568 606 638
5 9 46 66 117 139 165 176 201 208 246 265 309 322 341 377 425
 434 476 498 530 537 587 596 620 638
9 21 51 85 104 115 151 167 216 229 240 280 301 302 340 367 428
 436 484 499 516 525 583 591 608 637
10 20 41 89 103 123 140 159 215 234 246 267 308 313 354 363 416
 439 485 489 506 518 578 591 606 636
16 32 43 84 113 125 147 167 222 231 247 265 293 331 358 382 438
 449 460 471 510 523 594 597 606 639
13 17 40 63 115 131 144 178 192 199 247 267 296 310 345 385 443
 450 480 496 501 544 554 582 614 638
18 31 44 79 90 139 145 187 219 229 243 271 304 324 346 372 414
 438 459 480 511 527 570 593 610 636
0 30 55 76 93 134 170 185 227 238 266 279 314 333 353 364 414
 448 469 477 530 544 571 583 606 640
1 14 76 83 118 136 141 186 212 229 254 287 327 339 360 375 426
 442 460 485 508 515 566 585 612 638
6 34 65 69 96 109 140 167 193 203 245 284 297 312 362 376 411
 444 462 483 527 536 571 589 624 638
3 37 44 81 122 135 163 168 193 205 265 278 311 320 340 368 427
 442 461 491 518 532 558 599 614 640
3 13 47 89 92 128 165 173 202 216 270 282 300 304 348 362 423
 441 469 482 505 512 563 575 612 639
6 12 75 83 104 122 164 171 196 208 258 263 323 337 345 388 413
 445 469 471 526 547 577 590 622 636
24 33 82 88 102 112 148 179 190 224 266 278 301 304 352 369 413
 432 472 490 506 510 565 592 623 638
20 32 77 81 95 106 164 175 202 210 244 269 302 325 344 349 421
 448 474 500 502 542 553 555 610 638
19 37 54 72 90 130 177 185 217 230 283 288 306 316 351 371 423
 429 473 497 526 534 591 594 615 638
2 10 61 70 107 112 176 186 203 221 256 263 291 296 357 366 421
 438 454 484 503 534 563 600 605 640
13 19 51 61 110 138 169 179 198 228 269 277 322 335 353 382 419
 442 486 488 509 536 560 586 613 636
11 26 63 77 113 134 141 161 223 239 240 251 316 328 361 378 411
 432 461 464 513 529 563 596 616 636
26 33 49 78 105 121 151 185 207 214 271 277 296 311 375 380 415
 445 481 498 502 548 578 579 624 639
8 21 47 55 120 137 146 160 211 239 271 275 307 318 356 366 424
 435 471 489 509 541 558 595 607 638
22 35 64 74 124 133 169 183 202 212 247 289 324 326 355 366 411
 445 463 497 518 530 552 572 623 637
16 30 74 82 105 118 152 163 201 226 242 280 298 336 347 362 421
 437 465 473 519 550 554 595 618 636
20 29 51 56 120 133 142 180 199 205 258 288 290 297 352 384 414
 437 479 493 528 540 566 596 605 639
11 24 41 55 116 131 150 187 194 235 259 288 322 336 342 368 415
 444 460 482 503 535 553 588 622 637
15 38 42 82 95 111 140 154 204 223 259 263 307 317 341 346 442
 450 463 468 533 543 557 583 615 639
5 8 57 68 91 131 140 182 212 233 241 281 304 325 373 388 418
 433 486 493 513 519 579 594 608 640
17 38 43 55 121 129 176 180 210 233 255 286 301 326 376 383 427
 429 475 494 546 549 551 561 612 636
10 18 58 88 114 136 174 184 194 208 241 251 299 335 365 376 412
 448 457 497 516 531 558 582 618 639
1 37 66 69 94 101 150 157 200 225 274 281 293 333 352 366 441
 450 481 495 516 521 555 574 611 636
1 13 45 58 100 139 147 182 211 237 256 262 295 328 344 374 427
 431 465 472 528 547 571 578 615 637
23 27 50 60 105 114 169 189 215 231 258 262 315 333 348 383 428
 433 459 461 503 543 556 580 621 638
25 27 69 78 90 111 149 180 196 226 267 279 335 338 343 349 418
 435 452 492 510 532 563 585 620 637
3 38 49 80 97 133 158 171 222 234 241 280 314 332 357 389 419
 431 452 487 514 529 570 588 611 638
26 35 43 89 99 135 145 157 197 232 256 260 298 335 367 373 420
 430 467 477 533 540 567 584 622 638
9 25 58 72 98 132 158 188 193 206 253 270 290 296 358 364 424
 433 463 490 504 515 553 567 609 636
24 35 71 80 114 128 177 182 205 221 275 285 310 321 350 360 417
 446 476 492 522 542 583 597 624 636
18 32 49 66 99 104 162 169 223 237 272 282 306 318 342 385 416
 437 462 492 515 549 569 592 619 640
2 32 42 54 109 121 144 160 197 228 276 281 309 323 348 360 414
 439 478 490 517 529 573 599 618 637
9 23 41 83 101 112 144 163 213 237 245 269 316 329 355 389 418
 447 477 494 511 522 564 576 607 639
20 30 46 80 91 135 172 189 191 220 253 286 307 316 345 386 412
 438 481 483 508 512 565 586 619 637
25 39 52 61 122 126 154 170 219 236 242 251 300 326 342 386 422
 447 466 479 517 521 578 597 608 638
23 39 65 71 119 130 161 173 194 228 247 264 298 337 344 346 424
 436 481 487 506 539 561 566 620 640
18 29 47 83 132 138 154 177 195 225 264 278 315 332 378 381 421
 440 467 475 501 537 579 589 606 637
6 11 72 87 94 137 143 162 219 233 246 264 302 339 357 387 420
 446 465 478 532 544 556 586 623 639
19 38 67 77 99 126 166 174 203 214 246 266 290 321 370 388 426
 441 456 459 523 539 576 595 614 637
6 33 44 60 98 125 156 176 204 217 241 250 318 329 353 363 417
 430 474 496 521 550 566 575 616 637
2 29 53 65 115 126 148 183 211 230 252 287 317 329 368 373 448
 449 452 498 505 545 556 598 619 636
1 38 48 85 113 132 143 183 197 208 275 284 336 338 359 363 423
 443 470 479 502 511 565 580 613 640
8 25 44 63 96 129 172 183 200 227 256 261 313 332 347 360 425
 436 456 500 526 535 560 592 621 639
18 30 68 85 101 124 149 161 206 218 259 261 311 321 379 387 439
 449 451 488 520 547 551 575 605 638
2 30 67 73 117 130 157 188 212 236 268 275 301 303 343 374 416
 440 461 496 524 536 588 590 610 639
6 35 52 56 90 106 160 174 200 234 255 287 315 331 341 374 415
 432 488 499 504 512 554 564 617 640
8 23 87 88 123 134 157 175 192 221 282 287 297 311 359 382 422
 434 468 473 507 546 570 577 609 637
22 27 66 88 109 113 171 185 216 235 242 256 329 330 346 356 400
 440 485 493 504 542 551 586 614 630
26 27 47 79 94 110 156 168 201 227 247 287 291 301 365 388 392
 439 479 483 514 522 553 569 615 635
8 37 43 58 106 124 152 159 203 216 264 276 292 338 353 375 403
 413 466 480 522 543 588 596 619 628
32 35 46 61 92 102 151 180 213 227 241 264 303 334 351 368 399
 450 464 485 527 547 580 595 609 631
2 6 50 64 100 101 145 155 220 235 282 283 310 313 364 365 410
 442 475 487 502 510 595 596 608 627
6 18 62 70 105 120 141 159 230 238 247 281 300 322 340 343 407
 431 456 494 533 542 562 565 609 633
15 25 50 54 103 115 164 168 237 238 241 275 298 324 375 377 408
 432 482 495 523 546 586 589 605 634
15 23 45 59 117 133 170 178 214 229 278 281 331 335 362 363 410
 446 454 464 526 541 551 553 619 629
19 25 71 81 120 136 150 162 192 201 284 286 303 305 372 373 410
 445 472 484 529 543 564 575 606 630
19 23 40 64 91 132 152 187 222 239 244 274 300 323 374 376 406
 430 485 498 532 538 583 592 605 635
27 37 42 63 93 104 184 188 211 234 250 269 326 334 362 372 401
 420 460 476 507 539 565 579 605 627
32 34 73 78 131 138 141 183 206 224 246 258 292 298 365 371 401
 427 454 458 512 521 570 583 607 630
18 26 57 75 111 123 147 178 198 203 242 275 302 305 368 389 406
 429 455 490 512 530 566 574 621 627
2 26 69 81 116 132 165 169 199 233 261 266 331 334 346 350 408
 431 457 466 508 550 577 591 607 626
23 35 55 73 98 107 142 166 195 208 254 267 304 319 340 347 394
 449 462 466 529 548 555 586 615 627
25 35 53 87 110 121 140 181 194 229 249 262 293 318 371 389 404
 421 451 469 524 538 565 596 614 626
30 35 51 59 119 125 144 159 193 235 251 271 317 325 357 370 401
 423 472 495 537 549 577 585 621 635
32 33 63 74 120 139 153 158 191 194 263 287 319 333 350 354 403
 423 455 467 532 536 551 576 608 634
2 22 48 80 94 136 149 167 215 239 250 278 298 325 341 342 409
 429 469 480 528 548 560 576 609 632
29 35 41 54 105 122 178 188 222 233 243 282 291 307 361 369 403
 426 470 474 516 520 560 571 620 630
18 22 42 55 96 108 152 164 209 224 285 287 316 320 357 358 410
 441 486 496 525 540 578 580 620 626
37 39 77 78 118 137 172 181 199 208 245 282 317 324 367 374 399
 417 486 490 503 514 551 562 606 632
28 37 49 61 117 125 149 155 195 233 262 287 290 305 345 356 397
 411 482 500 506 511 583 584 618 633
1 32 47 67 96 127 176 187 205 238 242 257 317 335 345 361 396
 433 451 487 507 548 564 591 623 628
15 29 52 58 93 109 163 169 221 239 246 286 293 304 351 379 396
 436 455 496 502 514 568 585 622 633
1 29 44 61 91 137 144 161 224 232 255 280 306 330 343 354 402
 434 457 469 523 543 552 553 624 627
15 31 66 74 119 126 155 177 197 227 267 269 311 339 369 376 402
 433 471 484 512 528 562 588 616 626
19 32 53 55 94 103 171 182 190 220 243 261 296 338 362 367 402
 447 461 468 531 537 566 572 617 633
21 35 42 57 112 126 172 185 218 225 258 284 299 328 377 382 405
 416 480 487 532 550 553 559 612 633
9 37 48 89 91 109 170 186 198 204 247 258 319 332 361 387 391
 415 472 492 531 546 595 598 610 626
26 28 40 86 96 139 148 160 220 236 264 269 299 321 340 363 398
 437 463 469 503 546 585 594 611 630
31 35 65 77 93 108 176 189 192 216 259 278 313 323 343 380 397
 419 465 479 515 531 574 594 607 634
15 32 40 85 107 122 165 174 212 235 249 253 328 332 353 372 392
 435 473 494 506 540 556 574 624 632
22 28 71 84 95 104 157 176 199 230 251 253 304 315 375 389 402
 439 453 458 532 535 571 595 613 629
16 37 53 64 99 127 153 154 215 228 275 279 297 304 357 380 395
 425 494 499 508 547 553 582 616 630
20 37 47 62 107 113 151 158 224 237 259 268 310 337 373 376 404
 422 459 478 530 550 560 585 617 629
1 31 54 68 123 129 148 184 191 214 247 270 303 315 349 357 400
 447 462 491 509 550 583 596 622 632
19 29 63 75 106 118 157 173 207 215 241 259 295 309 340 364 400
 435 454 483 511 549 559 597 623 626
15 30 71 83 97 110 145 167 211 233 244 288 299 319 380 385 400
 434 456 490 518 521 563 580 617 628
24 27 49 83 100 126 173 181 193 239 255 281 292 303 347 387 398
 438 468 474 530 540 582 591 613 634
5 15 48 65 98 106 153 180 224 225 256 282 294 321 386 389 407
 445 460 461 509 544 591 593 618 635
1 23 51 62 93 111 165 172 209 210 252 283 296 318 387 388 409
 432 453 467 518 527 588 597 618 630
29 34 70 84 90 134 152 182 208 214 249 269 294 301 342 356 391
 450 478 487 508 518 567 575 621 634
17 32 45 80 90 108 140 179 201 225 268 289 290 300 375 387 400
 436 470 477 503 545 558 577 616 627
1 25 41 57 92 108 142 167 220 228 263 266 292 311 356 378 407
 430 476 497 514 549 554 556 610 629
29 33 57 71 96 101 165 170 223 234 276 289 327 336 349 367 397
 427 459 471 524 534 582 586 609 635
20 36 63 68 94 126 163 176 198 229 272 276 294 314 374 381 394
 424 482 497 510 533 577 580 624 630
5 35 62 75 115 130 156 175 206 223 274 286 332 339 356 362 395
 414 457 491 503 510 576 578 613 628
19 30 70 87 113 128 153 160 199 204 272 278 292 327 355 377 392
 433 452 500 516 527 561 578 622 627
17 31 76 81 111 114 142 181 206 222 256 276 316 337 342 363 392
 434 495 499 505 536 579 595 623 633
30 33 40 62 104 123 155 173 205 219 248 256 293 338 341 383 391
 426 486 497 529 545 553 589 607 631
17 30 50 56 99 102 146 156 208 216 252 281 305 308 344 378 396
 447 460 463 532 534 560 570 624 626
30 34 53 86 114 137 147 186 217 225 240 267 309 326 346 388 403
 419 482 491 502 540 564 592 609 629
6 27 58 68 107 116 170 179 192 222 260 275 309 317 371 378 402
 437 481 500 518 525 576 593 612 631
11 32 58 76 115 128 145 166 215 236 245 255 305 311 366 381 391
 419 453 493 526 550 557 565 620 635
19 31 57 73 116 133 168 186 210 226 251 282 329 333 341 358 398
 436 478 489 501 547 565 584 624 628
17 29 69 89 124 125 175 185 213 229 263 275 320 322 365 386 398
 433 453 465 529 539 581 592 617 632
1 30 65 88 95 131 151 162 198 234 265 285 291 324 348 384 398
 435 466 475 526 538 567 576 616 633
16 36 73 89 90 129 161 171 199 209 262 281 299 307 353 368 393
 422 476 484 502 515 576 589 623 635
9 22 54 70 99 137 140 189 195 205 261 277 295 337 359 372 398
 448 455 464 510 521 554 588 612 635
8 22 41 81 97 125 161 174 198 225 270 279 310 339 367 383 396
 437 454 498 517 527 565 590 615 634
18 37 45 86 103 121 146 183 192 213 253 266 330 339 341 384 394
 428 474 487 519 536 563 597 622 635
6 20 71 79 115 134 153 186 190 218 262 265 330 335 347 351 406
 441 463 470 517 549 579 588 607 632
5 19 43 56 96 104 141 154 213 235 262 267 291 314 359 379 409
 446 481 490 505 550 552 558 610 634
18 36 76 78 98 133 140 157 216 239 269 283 291 336 345 350 405
 425 472 491 517 523 556 561 617 631
8 26 51 64 102 122 162 177 206 238 245 262 294 336 341 354 400
 438 452 496 531 539 555 573 612 629
9 26 53 59 90 131 142 164 191 218 250 282 314 327 366 376 396
 440 456 465 506 543 597 599 613 631
7 35 63 70 109 117 146 179 219 237 244 279 311 336 358 388 393
 412 458 475 505 543 566 591 611 632
23 33 76 80 122 127 150 180 203 211 240 270 324 330 365 379 393
 416 478 500 533 537 554 594 613 626
4 18 73 87 95 102 150 189 217 228 255 256 290 314 361 362 408
 443 471 498 518 522 559 585 608 632
8 38 74 79 135 138 150 178 209 213 251 268 309 327 344 380 391
 417 462 469 504 510 556 591 605 633
31 33 43 87 91 136 163 171 195 202 252 275 312 328 364 384 401
 450 456 488 503 517 569 591 620 629
17 25 84 88 100 107 160 177 202 218 246 280 333 334 361 380 409
 444 486 491 511 533 566 590 619 635
11 30 45 79 106 112 169 181 196 230 260 270 320 332 359 376 397
 450 476 489 523 548 566 573 608 630
6 16 59 88 92 135 146 181 212 225 269 272 295 296 354 379 408
 429 459 479 529 535 583 598 620 628
8 13 71 85 90 103 141 189 222 236 263 272 312 329 352 370 399
 420 475 491 530 548 553 568 618 626
2 36 46 58 111 122 143 185 195 232 244 247 321 327 352 362 404
 428 486 489 535 549 564 570 616 634
2 37 51 79 97 108 141 166 194 202 242 286 295 315 363 377 393
 418 468 471 520 544 567 592 624 631
13 16 42 56 114 134 162 168 203 220 254 289 325 332 343 369 404
 424 453 498 511 521 551 591 622 631
31 34 42 60 124 127 143 157 198 237 286 288 296 331 347 378 399
 426 452 469 506 542 558 587 608 635
13 20 49 87 116 130 148 167 208 238 243 248 320 326 360 379 405
 418 454 467 504 543 574 595 616 635
8 36 52 83 99 128 147 180 201 230 248 259 296 333 363 369 401
 411 457 487 525 538 586 599 610 632
25 33 45 56 97 131 143 159 209 221 257 269 306 323 346 381 395
 449 461 483 516 530 584 595 612 632
2 4 56 76 113 139 163 177 192 196 241 277 307 326 367 387 407
 441 458 462 506 538 553 581 621 628
25 34 40 83 102 113 176 184 215 232 282 289 302 320 350 370 393
 414 481 488 519 541 588 598 615 633
11 29 50 66 98 135 149 179 203 210 247 257 299 314 360 372 399
 423 468 499 519 538 578 590 607 629
17 23 47 86 118 126 149 182 223 232 265 288 312 313 353 357 408
 445 455 458 504 516 565 573 610 631
15 21 61 76 121 135 159 173 208 217 261 289 310 315 352 358 406
 444 452 465 507 513 569 576 610 630
16 38 70 81 124 131 173 184 196 236 274 287 313 318 351 361 405
 428 477 490 528 537 586 593 624 629
23 34 74 85 94 108 148 154 199 234 256 271 305 322 351 364 404
 412 474 492 513 523 590 599 612 628
4 27 44 85 118 130 153 166 213 233 285 289 296 323 342 382 396
 448 472 489 512 533 589 596 611 629
20 38 57 88 110 118 144 155 206 217 252 264 300 331 366 372 393
 425 461 492 525 548 571 581 622 634
3 23 53 79 124 129 179 188 197 207 272 285 302 328 341 345 407
 444 457 493 521 534 585 595 606 634
12 32 68 89 100 110 146 154 221 226 250 284 316 324 340 352 397
 426 457 498 504 544 561 588 621 629
19 21 74 89 95 101 147 184 193 233 249 279 330 337 360 381 407
 432 479 496 503 548 570 587 619 631
20 22 43 85 98 127 160 170 194 207 245 274 303 306 369 388 408
 442 465 476 501 545 563 570 621 633
27 38 62 73 92 101 148 187 221 232 253 277 294 325 377 385 403
 411 465 499 517 526 558 566 606 626
27 36 75 87 97 139 144 154 205 212 240 266 298 313 358 376 399
 415 453 470 509 534 555 575 619 633
18 38 50 84 117 128 175 186 193 227 250 288 323 328 354 367 404
 418 466 481 509 545 554 568 623 630
0 6 41 86 130 138 151 184 201 205 244 276 304 328 366 386 409
 443 452 468 515 523 551 584 621 626
3 25 66 70 127 138 148 156 212 231 255 259 316 319 367 384 406
 446 480 489 502 539 571 577 618 631
12 25 51 60 95 128 155 174 224 239 243 247 309 312 359 368 394
 416 465 477 508 534 551 579 611 628
13 18 48 60 112 135 142 160 201 233 240 273 293 317 349 364 395
 422 458 485 526 539 572 588 624 634
11 25 47 65 99 139 171 186 207 213 273 276 325 331 352 383 405
 412 473 496 518 520 562 583 613 627
13 27 55 70 122 136 151 161 191 197 246 283 297 331 381 389 397
 417 463 495 519 545 559 592 610 628
12 23 46 82 96 103 158 177 198 233 251 260 292 295 343 366 405
 414 460 499 502 545 569 575 614 632
20 26 52 66 112 129 173 182 195 204 279 280 323 324 370 371 410
 443 453 460 520 536 556 558 609 628
11 23 67 68 90 136 168 183 204 216 248 277 310 334 354 386 395
 421 471 490 540 549 571 587 611 633
7 15 67 69 112 128 171 189 198 206 271 287 306 326 340 344 409
 430 470 478 519 535 582 596 606 631
14 20 44 55 100 109 165 188 214 225 251 263 298 305 359 385 395
 428 452 488 522 538 562 594 623 631
21 33 48 81 119 129 152 189 212 230 245 246 291 335 378 385 404
 414 468 482 504 547 581 597 611 627
2 24 45 89 104 118 158 174 210 227 271 273 294 297 355 378 406
 443 451 491 521 543 586 594 620 633
2 13 77 83 105 119 150 156 218 234 249 260 306 338 358 386 394
 425 455 493 527 546 558 583 623 629
2 38 41 66 93 102 147 181 191 219 258 285 312 335 340 375 395
 424 473 500 501 513 552 575 617 635
14 16 75 80 137 138 170 187 210 230 256 284 311 334 348 370 394
 418 463 496 506 516 569 596 617 634
21 34 43 66 111 116 161 188 205 220 241 287 300 308 355 380 394
 421 459 472 526 544 568 573 613 632
1 5 77 87 122 125 146 158 215 230 276 277 299 301 346 347 410
 444 477 492 501 512 568 572 605 631
5 33 64 69 92 134 147 164 197 236 280 288 315 317 372 387 394
 412 454 489 515 522 560 561 614 633
16 22 49 67 103 122 156 172 221 229 264 288 309 333 349 376 407
 443 472 488 505 513 557 567 607 627
18 24 53 63 91 125 143 180 214 236 260 289 308 337 348 377 409
 442 473 484 504 514 555 571 607 628
11 31 48 83 103 117 174 185 199 228 280 285 300 318 373 379 403
 427 463 483 507 510 555 600 621 631
10 35 67 72 97 111 148 164 201 239 261 272 297 330 348 353 391
 427 460 481 501 511 562 581 608 629
16 26 44 54 119 133 175 179 208 211 253 259 292 312 381 383 409
 441 485 492 524 544 564 600 608 633
5 34 52 79 100 105 144 162 191 210 275 278 290 337 353 367 405
 449 485 497 507 535 557 563 611 626
0 22 77 82 90 107 162 188 213 232 252 258 293 311 360 363 406
 431 482 483 509 537 561 582 608 628
0 36 61 74 96 132 174 189 207 211 265 282 301 308 371 387 395
 418 480 495 529 542 557 566 622 629
13 28 67 88 98 108 145 163 223 227 281 284 302 337 371 383 403
 415 452 489 508 537 552 597 605 632
0 37 40 59 95 136 145 180 221 231 261 280 322 329 378 388 405
 424 462 470 512 524 573 578 623 634
3 29 72 78 104 117 147 189 194 209 266 284 310 325 347 366 392
 447 485 488 533 546 573 593 616 628
11 21 49 54 114 132 157 170 190 201 250 263 294 313 344 384 393
 449 486 494 512 527 552 585 614 628
28 36 44 65 102 121 158 169 218 235 254 275 300 316 349 388 391
 420 454 468 516 528 554 587 606 628
12 21 77 84 123 133 149 163 235 238 255 264 296 327 348 373 395
 412 470 476 521 536 592 593 615 626
12 29 81 88 94 130 172 187 197 204 262 273 308 321 358 375 401
 419 462 494 530 541 554 563 608 631
5 12 72 86 120 135 167 169 214 227 259 285 329 338 361 374 393
 421 453 495 506 517 570 582 612 627
3 31 46 84 112 132 150 159 223 236 262 277 297 298 360 388 396
 435 474 497 525 544 551 598 617 627
22 39 50 57 106 121 143 163 190 211 267 268 297 322 361 370 392
 438 457 467 515 526 575 583 611 631
36 39 60 72 113 131 166 175 220 225 271 280 303 335 341 360 397
 413 455 494 505 518 569 571 605 626
13 39 41 82 94 127 146 185 206 210 241 265 315 323 350 359 391
 411 456 484 524 540 585 593 619 627
12 30 47 64 109 116 175 184 190 200 254 277 290 306 363 389 399
 427 480 484 513 533 556 597 620 634
28 38 59 68 105 115 165 177 194 239 256 279 308 320 382 384 399
 413 478 483 515 521 564 572 610 627
26 39 45 62 98 128 150 167 212 226 258 276 307 308 351 357 402
 448 475 488 507 511 587 592 614 634
0 26 72 84 114 126 144 187 216 234 268 286 318 319 352 359 407
 442 454 500 519 547 572 589 620 632
7 19 52 80 123 139 143 161 216 227 254 258 317 320 366 385 408
 444 474 494 510 524 567 579 618 629
14 18 69 82 106 115 172 182 222 235 246 277 303 319 355 383 393
 424 469 479 507 534 584 599 616 629
38 39 46 86 100 134 142 179 215 229 261 270 291 306 355 373 401
 415 471 496 532 542 574 589 618 628
3 30 41 60 121 139 141 164 195 203 274 283 294 334 373 382 402
 436 479 492 504 541 557 582 623 632
3 32 51 82 98 136 143 178 218 230 273 279 313 326 356 374 398
 434 459 481 513 522 589 600 622 626
5 11 44 59 101 138 160 173 222 226 252 266 297 326 345 375 404
 416 455 484 531 542 567 580 615 632
2 14 72 85 92 125 152 179 205 223 255 267 324 333 344 389 405
 422 456 483 531 541 579 587 622 630
10 34 75 82 99 129 150 160 229 238 244 253 310 329 382 387 397
 423 461 466 514 528 552 579 620 631
1 10 49 59 120 134 154 188 202 217 245 260 321 323 368 383 392
 436 458 480 510 519 586 587 617 626
9 36 56 69 95 110 173 183 190 238 260 286 311 328 342 357 403
 417 459 485 501 541 590 594 618 627
7 33 50 89 93 137 141 178 200 228 253 265 303 321 342 376 405
 421 452 493 511 525 572 577 615 628
7 34 58 71 118 125 151 187 196 202 261 281 314 316 341 369 395
 416 467 479 509 546 556 600 614 627
10 19 42 62 100 135 170 183 196 231 264 271 301 312 350 389 396
 434 482 493 515 520 554 555 616 632
9 13 50 80 96 107 153 157 214 226 244 255 318 339 346 368 401
 413 479 497 513 520 573 581 606 633
24 28 43 60 120 132 144 186 196 209 246 272 311 324 362 386 400
 448 487 499 513 524 560 574 615 631
9 38 64 76 120 130 168 182 207 224 242 267 293 299 348 378 397
 420 474 488 527 535 577 600 619 632
10 17 48 64 105 138 166 172 193 237 248 287 302 314 346 352 402
 435 464 476 517 524 575 594 622 628
10 15 43 79 92 130 149 158 192 200 240 258 318 336 370 381 398
 447 486 498 508 542 571 599 623 627
10 33 52 55 95 132 167 168 218 232 268 281 295 339 345 355 399
 419 473 492 505 539 593 596 621 630
6 28 74 78 123 136 182 188 210 228 240 259 306 332 352 377 396
 438 466 477 505 541 580 581 614 635
1 21 46 63 97 105 155 175 196 203 268 273 304 329 342 371 408
 446 463 488 531 540 561 599 606 635
5 17 49 60 94 109 145 183 194 205 269 270 307 327 343 370 406
 432 466 473 525 547 559 600 606 629
8 24 56 77 92 111 169 184 217 229 265 284 298 319 345 364 402
 440 478 494 520 545 578 600 611 635
9 24 42 65 129 138 159 175 219 232 241 283 305 333 374 379 392
 437 470 471 508 548 563 572 614 629
7 11 61 88 104 124 153 182 193 231 268 283 298 307 349 363 394
 414 456 498 501 514 564 574 612 626
6 8 46 89 108 119 149 187 214 237 254 280 293 326 350 384 392
 448 461 490 501 534 557 559 613 630
0 38 54 71 91 139 159 169 200 226 245 278 296 302 356 365 394
 422 451 460 505 540 559 590 616 631
4 20 74 83 121 131 157 168 219 231 270 284 317 321 353 356 409
 431 464 499 531 534 568 592 620 627
7 12 41 78 91 106 145 165 192 217 242 272 301 333 357 360 404
 449 463 464 528 539 558 589 613 633
12 31 49 56 107 118 140 161 211 231 266 274 302 335 377 386 391
 423 475 496 522 535 572 599 609 630
3 5 42 83 90 137 151 166 190 221 247 251 308 336 364 383 408
 430 451 500 528 536 574 581 619 630
6 9 61 73 114 127 172 178 202 223 266 271 320 338 373 381 400
 439 460 473 528 538 561 568 611 634
0 13 43 65 101 123 164 177 204 212 257 271 290 309 342 347 393
 428 457 464 514 532 565 600 617 630
10 11 69 85 121 133 156 177 209 220 242 265 304 337 374 385 401
 426 477 500 509 543 559 598 609 634
4 16 65 68 97 128 142 185 200 237 246 251 301 338 345 372 406
 442 467 474 503 541 552 573 609 626
17 21 68 78 113 130 169 186 219 234 253 257 295 297 368 369 410
 430 456 469 522 537 555 557 618 634
1 7 55 72 102 119 140 163 199 236 248 250 309 332 365 382 406
 445 459 499 520 542 563 584 619 634
8 14 40 66 114 133 143 164 193 228 243 252 295 301 351 386 397
 415 451 458 533 550 563 576 606 627
4 28 52 82 91 101 151 183 203 215 243 288 318 335 344 358 392
 440 476 491 529 544 562 577 612 634
0 14 52 67 104 120 149 178 190 197 241 270 292 316 346 382 404
 425 465 475 503 518 555 598 624 635
14 27 53 57 119 132 162 176 200 202 273 288 307 310 340 379 391
 413 464 477 523 536 570 578 618 632
4 8 72 80 93 105 145 154 208 224 257 274 328 331 349 355 398
 439 482 484 536 549 566 598 614 631
3 21 58 73 99 134 144 181 200 204 242 243 322 339 349 350 409
 445 475 483 506 545 580 594 605 629
0 4 46 60 99 110 148 161 193 202 263 267 332 336 374 375 410
 429 478 493 507 516 593 597 607 633
4 9 67 75 124 134 146 180 194 234 273 278 300 312 360 385 402
 438 486 495 502 550 556 584 615 630
20 24 40 58 117 137 171 183 223 226 254 257 291 315 380 382 407
 429 477 495 527 539 575 599 608 626
7 17 44 82 110 116 157 174 191 195 240 245 325 338 348 351 407
 446 471 487 515 530 578 598 605 630
16 24 47 61 93 106 140 166 197 206 240 243 327 329 384 385 410
 431 481 497 532 546 587 590 621 632
6 39 63 76 103 112 152 165 197 231 248 286 290 325 368 380 398
 440 451 492 509 516 552 570 615 629
24 39 48 87 115 133 147 155 200 207 244 263 316 334 343 353 396
 439 459 462 519 537 558 567 612 630
3 7 75 85 114 131 176 185 211 226 260 264 290 293 354 355 410
 432 462 468 508 517 560 562 610 635
0 24 51 78 109 124 154 176 191 222 248 249 299 339 344 373 408
 441 461 489 511 526 554 569 609 627
14 39 51 84 116 129 140 156 196 237 257 278 321 330 364 366 403
 420 473 498 512 529 580 582 610 633
3 10 77 86 101 115 152 180 219 228 250 254 307 331 359 371 400
 433 467 472 530 535 569 590 624 633
14 28 47 54 111 112 167 174 192 219 274 289 314 322 347 354 401
 417 461 493 502 547 561 567 619 626
10 12 44 80 113 126 142 162 207 212 279 283 315 322 344 362 403
 450 451 490 525 546 568 584 607 635
9 14 45 81 123 126 160 171 217 231 249 285 304 336 343 365 399
 411 467 481 544 549 557 560 605 628
4 39 55 69 117 135 141 158 204 221 249 252 302 313 348 369 400
 437 480 497 523 547 564 579 613 635
