625 626 627 628 629 630 631 632 633 634 635 636 637 638 639 640 641
 642 643 644 645 646 647 648 649 650
152 153 155 156 159 295 296 297 298 299 352 353 354 356 359 366 370
 394 398 450 451 452 453 454 502 626
141 142 143 144 145 280 281 282 283 284 340 341 342 343 344 365 369
 392 396 440 441 442 443 444 501 626
150 151 154 157 158 290 291 292 293 294 350 351 355 357 358 364 368
 393 397 455 456 457 458 459 500 626
140 146 147 148 149 285 286 287 288 289 345 346 347 348 349 367 371
 395 399 445 446 447 448 449 503 626
45 46 47 48 49 90 93 94 95 99 125 126 127 128 129 170 171
 172 173 174 363 365 371 394 397 625
40 41 42 43 44 91 92 96 97 98 135 136 137 138 139 160 161
 164 165 166 360 367 370 393 396 625
50 51 52 53 54 85 86 87 88 89 130 131 132 133 134 162 163
 167 168 169 361 366 368 392 399 625
55 56 57 58 59 80 81 82 83 84 120 121 122 123 124 175 176
 177 178 179 362 364 369 395 398 625
185 186 187 188 189 270 271 272 273 274 315 316 317 318 319 361 367
 369 394 470 471 472 473 474 500 629
190 191 192 193 194 260 261 262 263 264 300 301 302 303 304 363 364
 370 392 461 463 464 468 469 503 629
180 181 182 183 184 275 276 277 278 279 305 306 307 308 309 360 365
 368 395 475 476 477 478 479 502 629
195 196 197 198 199 265 266 267 268 269 310 311 312 313 314 362 366
 371 393 460 462 465 466 467 501 629
23 29 32 39 64 69 73 76 124 126 133 137 301 308 314 319 427
 428 430 432 548 568 573 578 582 626
21 28 33 36 62 68 72 78 122 128 134 136 304 305 311 318 425
 426 435 436 547 567 574 577 584 626
25 27 34 35 63 67 74 79 121 129 132 139 303 309 313 317 420
 421 437 439 545 569 572 579 583 626
20 22 31 37 61 65 70 77 123 127 130 138 302 306 312 315 422
 424 434 438 546 565 571 575 581 626
24 26 30 38 60 66 71 75 120 125 131 135 300 307 310 316 423
 429 431 433 549 566 570 576 580 626
396 397 398 399 504 505 506 507 508 509 540 541 542 543 544 565 566
 567 568 569 600 601 602 603 604 629
360 361 362 363 504 520 521 522 523 524 555 556 557 558 559 590 591
 592 593 594 605 606 607 608 609 626
500 501 502 503 504 510 511 512 513 514 530 531 532 533 534 575 576
 577 578 579 585 586 587 588 589 625
364 365 366 367 504 515 516 517 518 519 525 526 527 528 529 570 571
 572 573 574 615 616 617 618 619 628
103 107 113 115 120 129 133 138 143 149 152 157 374 375 384 387 402
 403 410 412 532 536 555 574 610 629
104 105 114 117 124 127 134 135 141 148 154 159 372 377 383 388 400
 405 413 415 534 538 557 572 611 629
100 109 112 116 123 128 131 139 145 146 156 158 373 376 382 389 401
 406 409 417 530 539 556 573 612 629
102 106 111 118 122 125 132 137 144 147 150 155 380 381 386 390 404
 411 414 419 531 537 559 571 614 629
101 108 110 119 121 126 130 136 140 142 151 153 378 379 385 391 407
 408 416 418 533 535 558 570 613 629
30 31 32 33 34 235 236 237 238 239 330 331 332 333 334 363 366
 395 396 406 407 410 413 419 500 630
20 25 26 28 29 225 226 227 228 229 325 326 327 328 329 361 365
 393 398 404 405 409 412 418 503 630
35 36 37 38 39 220 221 222 223 224 320 321 322 323 324 362 367
 392 397 400 403 411 416 417 502 630
21 22 23 24 27 230 231 232 233 234 335 336 337 338 339 360 364
 394 399 401 402 408 414 415 501 630
65 66 67 68 69 210 211 212 213 214 361 364 371 382 383 384 385
 386 396 495 496 497 498 499 502 627
60 61 62 63 64 205 206 207 208 209 362 365 370 387 388 389 390
 391 399 480 481 482 483 484 500 627
75 76 77 78 79 215 216 217 218 219 363 367 368 372 375 376 378
 380 398 485 486 487 488 489 501 627
70 71 72 73 74 200 201 202 203 204 360 366 369 373 374 377 379
 381 397 490 491 492 493 494 503 627
368 369 370 371 504 550 551 552 553 554 580 581 582 583 584 610 611
 612 613 614 620 621 622 623 624 630
392 393 394 395 504 535 536 537 538 539 545 546 547 548 549 560 561
 562 563 564 595 596 597 598 599 627
161 163 171 176 224 226 232 238 245 246 250 259 375 381 383 389 463
 465 474 478 533 543 563 619 624 626
165 168 174 179 222 229 230 235 242 248 252 255 374 378 382 390 460
 468 470 477 534 542 562 615 623 626
166 169 172 178 220 227 231 237 241 247 253 256 373 380 385 388 462
 464 472 476 532 544 564 617 622 626
160 162 170 175 223 228 234 236 243 249 254 258 376 377 384 391 466
 469 471 479 531 540 560 616 620 626
164 167 173 177 221 225 233 239 240 244 251 257 372 379 386 387 461
 467 473 475 530 541 561 618 621 626
14 53 63 138 146 176 198 210 228 244 275 281 300 330 380 394 416
 435 455 491 527 534 553 568 594 649
11 48 72 124 150 161 181 217 239 254 265 298 316 327 382 392 408
 420 446 480 527 532 552 565 593 643
8 44 69 127 142 169 188 200 234 246 263 293 311 323 390 395 412
 421 453 488 525 530 553 566 593 632
16 57 77 133 153 174 193 207 221 259 274 289 309 339 373 393 413
 436 444 498 526 531 552 566 594 633
18 58 78 130 159 173 192 205 223 255 273 288 308 336 381 393 406
 433 441 499 529 532 553 569 591 635
9 47 74 122 151 164 180 219 237 250 267 299 319 329 384 392 401
 422 447 481 529 534 551 566 590 641
10 49 73 120 154 160 183 216 238 252 266 295 315 325 385 392 414
 425 445 482 528 530 554 569 594 644
1 42 66 129 144 167 186 202 230 249 264 292 314 324 388 395 409
 426 454 486 529 533 550 565 594 636
17 55 76 132 152 171 190 209 222 256 270 286 307 335 377 393 407
 434 440 495 527 530 550 567 590 637
7 43 68 125 145 168 187 201 232 240 262 291 313 321 391 395 405
 424 451 489 526 532 554 568 590 634
6 41 67 126 143 162 185 203 233 241 260 294 312 320 389 395 404
 423 450 487 528 534 552 567 591 640
5 50 60 137 148 178 197 212 225 242 278 283 304 333 376 394 403
 438 458 494 525 533 552 569 590 650
4 51 61 135 149 177 199 211 226 247 279 280 301 332 378 394 417
 439 459 493 529 531 554 567 593 646
13 52 64 136 147 179 195 213 227 243 277 284 303 334 375 394 400
 431 456 492 526 530 551 565 591 647
0 40 65 128 141 163 189 204 231 248 261 290 310 322 387 395 418
 427 452 485 527 531 551 569 592 638
3 45 70 121 158 166 182 218 235 251 269 297 318 326 383 392 402
 429 448 484 525 531 550 568 591 645
15 56 75 134 156 170 194 208 220 257 271 285 306 337 374 393 419
 437 443 497 528 533 551 568 593 639
2 46 71 123 157 165 184 215 236 253 268 296 317 328 386 392 415
 428 449 483 526 533 553 567 592 642
19 59 79 131 155 172 191 206 224 258 272 287 305 338 379 393 410
 430 442 496 525 534 554 565 592 631
12 54 62 139 140 175 196 214 229 245 276 282 302 331 372 394 411
 432 457 490 528 532 550 566 592 648
23 50 70 117 139 155 179 185 220 250 291 307 327 340 363 387 426
 445 466 498 505 519 535 553 588 646
35 45 60 116 124 142 164 190 231 243 288 312 331 352 361 374 436
 455 478 486 505 518 537 554 587 642
34 42 78 106 127 149 162 182 225 259 295 300 335 350 362 382 428
 442 472 490 507 518 535 551 589 634
30 43 77 109 126 147 167 183 229 256 299 304 338 358 362 383 420
 443 471 493 509 517 536 553 587 638
38 49 62 114 121 143 165 191 234 244 289 314 332 359 361 381 434
 458 476 489 506 517 539 551 588 643
25 55 65 103 134 150 172 196 238 240 283 319 324 348 360 378 431
 450 469 484 508 518 539 553 585 633
26 59 69 102 130 158 170 199 237 248 282 317 321 347 360 375 435
 454 461 482 505 517 538 552 589 637
21 52 71 118 138 153 175 189 222 251 294 308 329 342 363 388 421
 446 465 497 509 516 539 554 589 650
33 40 76 105 129 146 168 180 226 258 296 302 337 351 362 385 429
 441 473 492 508 516 537 552 588 632
39 48 63 111 123 141 160 193 232 247 285 311 333 354 361 379 433
 456 477 487 508 519 536 550 589 641
20 58 66 104 132 151 174 198 239 241 284 318 323 349 360 376 432
 452 463 483 507 515 536 554 588 639
24 51 74 113 136 159 178 187 221 254 293 306 325 343 363 389 427
 449 460 496 507 517 537 550 585 649
27 54 73 110 135 156 176 186 223 253 290 305 326 341 363 390 424
 447 467 495 506 518 536 552 586 647
28 56 67 100 133 154 173 195 236 246 280 316 322 346 360 380 438
 451 468 481 506 516 535 550 587 631
31 44 79 108 125 148 163 184 227 257 298 301 336 355 362 384 425
 444 470 491 505 515 539 550 586 640
37 46 64 115 122 145 166 192 230 245 287 310 330 356 361 377 437
 459 475 488 509 515 535 552 585 644
22 53 72 112 137 152 177 188 224 252 292 309 328 344 363 391 423
 448 462 499 508 515 538 551 587 648
36 47 61 119 120 144 161 194 233 242 286 313 334 353 361 373 430
 457 479 485 507 516 538 553 586 645
29 57 68 101 131 157 171 197 235 249 281 315 320 345 360 372 439
 453 464 480 509 519 537 551 586 635
32 41 75 107 128 140 169 181 228 255 297 303 339 357 362 386 422
 440 474 494 506 519 538 554 585 636
4 5 12 13 14 111 114 115 116 119 240 241 246 248 249 363 369
 393 399 420 422 425 428 429 502 628
15 16 17 18 19 105 106 107 108 109 242 243 244 245 247 360 371
 392 398 421 423 424 426 427 500 628
0 1 6 7 8 100 101 102 103 104 250 251 252 253 254 362 368
 394 396 430 433 434 436 437 503 628
2 3 9 10 11 110 112 113 117 118 255 256 257 258 259 361 370
 395 397 431 432 435 438 439 501 628
14 33 43 89 120 158 172 186 209 245 308 323 352 386 408 438 444
 460 487 503 551 560 572 604 606 646
19 23 52 83 128 144 164 196 218 256 315 332 350 391 412 433 449
 468 491 502 552 563 572 603 608 639
6 38 46 98 130 152 176 182 214 249 304 327 348 373 419 427 456
 470 481 501 554 561 572 600 609 632
0 39 49 92 131 159 177 184 210 246 303 329 349 374 407 426 457
 471 484 501 552 564 571 604 605 634
4 34 41 86 124 157 174 188 205 244 305 321 356 385 401 431 443
 466 485 503 550 563 571 602 609 650
10 28 58 99 138 148 169 193 203 254 313 338 340 378 411 429 454
 475 495 500 551 563 573 600 605 642
11 25 59 95 135 147 168 194 204 250 312 339 342 376 416 428 453
 476 499 500 550 561 574 604 608 644
12 32 44 88 123 151 173 189 208 243 307 324 353 383 414 439 442
 462 489 503 552 562 574 600 607 649
17 22 51 82 125 143 160 197 217 259 318 331 357 388 418 437 447
 461 492 502 553 562 573 604 609 631
8 35 47 97 134 153 179 181 212 241 300 328 345 381 410 424 459
 473 482 501 550 560 573 603 607 638
16 21 54 80 129 142 166 198 215 255 316 333 355 389 405 430 445
 469 493 502 551 561 571 601 607 637
13 30 42 87 121 150 171 185 207 242 306 322 354 384 415 435 441
 467 488 503 554 564 573 601 608 648
15 27 53 81 127 145 165 199 216 258 319 334 358 387 404 436 446
 463 494 502 550 564 570 600 606 635
7 37 45 96 132 156 175 180 213 248 301 325 346 379 413 423 458
 472 480 501 553 563 574 601 606 636
3 26 56 90 136 146 163 192 200 253 314 335 344 372 403 420 450
 479 498 500 554 562 571 603 606 641
5 31 40 85 122 154 170 187 206 247 309 320 359 382 402 432 440
 465 486 503 553 561 570 603 605 647
2 29 55 93 139 149 167 191 201 252 311 336 343 380 400 422 452
 478 497 500 552 560 570 601 609 645
1 36 48 91 133 155 178 183 211 240 302 326 347 377 406 421 455
 474 483 501 551 562 570 602 608 640
18 24 50 84 126 141 161 195 219 257 317 330 351 390 409 434 448
 464 490 502 554 560 574 602 605 633
9 20 57 94 137 140 162 190 202 251 310 337 341 375 417 425 451
 477 496 500 553 564 572 602 607 643
11 27 45 71 85 115 137 151 193 214 273 281 306 332 347 362 405
 426 450 485 530 544 560 615 624 631
7 20 44 67 83 107 131 141 183 205 265 289 319 335 352 363 411
 435 459 492 533 544 561 616 623 645
5 37 53 62 95 110 124 149 185 215 264 297 313 329 351 360 419
 433 444 496 530 543 562 616 622 638
10 21 47 70 86 116 135 150 191 213 270 282 309 330 349 362 412
 427 451 487 533 541 562 617 620 635
17 31 58 75 91 100 129 153 196 200 277 290 304 321 343 361 414
 428 448 480 534 541 564 616 624 646
1 28 40 69 82 108 132 145 182 208 268 288 315 339 354 363 403
 431 457 493 534 543 560 617 621 643
18 30 59 76 97 103 127 156 198 201 276 292 303 320 340 361 408
 425 449 481 531 544 562 619 621 650
4 35 54 64 99 118 120 146 187 218 261 299 311 327 357 360 413
 434 442 499 533 540 564 615 621 640
8 25 42 68 84 109 130 143 184 209 266 287 316 337 353 363 400
 432 455 494 531 541 563 615 622 641
12 39 50 61 90 113 121 147 186 217 262 295 310 328 355 360 406
 436 440 497 534 544 563 618 620 632
0 29 41 66 81 106 134 142 180 207 269 286 317 338 359 363 417
 438 456 491 532 540 562 618 624 644
15 34 55 77 92 101 128 155 195 202 278 294 301 323 344 361 415
 429 447 482 532 543 561 615 620 649
19 32 57 78 96 104 125 152 199 203 275 293 302 322 342 361 401
 420 445 484 533 542 560 618 622 647
16 33 56 79 98 102 126 159 197 204 279 291 300 324 341 361 402
 422 446 483 530 540 563 617 623 648
3 24 49 72 88 111 139 157 190 211 274 283 308 334 346 362 418
 424 454 488 534 540 561 619 622 639
9 22 46 73 87 114 136 158 194 210 272 280 307 333 345 362 404
 421 452 486 532 542 563 616 621 633
2 23 48 74 89 119 138 154 192 212 271 284 305 331 348 362 409
 423 453 489 531 543 564 618 623 637
13 38 51 63 94 112 122 148 189 216 263 296 312 326 350 360 407
 430 443 498 532 541 560 619 623 636
6 26 43 65 80 105 133 144 181 206 267 285 318 336 356 363 416
 439 458 490 530 542 564 619 620 642
14 36 52 60 93 117 123 140 188 219 260 298 314 325 358 360 410
 437 441 495 531 542 561 617 624 634
15 20 54 102 136 143 177 180 206 231 270 298 313 348 383 397 406
 428 468 488 514 519 560 580 594 650
4 23 42 112 125 151 169 191 210 238 276 285 317 341 377 398 403
 436 460 480 514 516 561 581 591 638
5 21 44 113 126 158 168 193 211 239 275 286 315 344 381 398 400
 437 466 481 512 518 564 580 592 636
19 28 50 103 135 142 175 183 209 232 274 296 314 345 382 397 419
 422 461 485 510 515 564 583 591 649
7 34 46 105 120 153 164 199 204 224 263 283 306 355 380 399 409
 432 471 495 512 519 562 584 591 643
6 31 49 106 124 156 166 197 202 221 262 284 307 358 378 399 412
 435 474 499 511 516 560 583 592 641
11 38 55 119 133 146 170 185 219 225 269 293 303 352 388 396 414
 424 477 493 514 515 563 584 592 635
16 25 52 104 137 145 176 181 205 233 271 295 311 346 384 397 407
 429 464 486 513 517 562 581 592 646
18 29 51 100 138 144 179 184 208 234 272 297 310 347 385 397 413
 420 463 487 511 518 561 584 590 648
14 24 40 110 127 150 167 192 214 236 277 289 318 342 374 398 417
 430 462 482 513 519 563 583 590 640
17 26 53 101 139 141 178 182 207 230 273 299 312 349 386 397 410
 425 469 489 512 516 563 582 593 647
2 35 57 114 130 147 172 188 216 228 265 290 301 354 389 396 402
 426 475 490 510 516 562 580 590 639
8 33 45 107 123 155 161 198 203 223 264 280 309 350 372 399 418
 431 470 497 514 517 564 582 590 644
0 30 48 108 122 152 165 195 200 220 260 282 308 357 376 399 405
 439 473 496 510 518 563 581 594 645
9 39 58 116 134 149 171 189 218 227 268 291 302 356 390 396 408
 423 479 494 512 517 561 583 594 631
3 36 59 115 132 148 173 186 215 229 266 294 300 359 391 396 401
 427 478 492 511 519 564 581 593 633
1 32 47 109 121 159 160 196 201 222 261 281 305 351 375 399 404
 438 472 498 513 515 561 580 593 642
12 22 41 118 129 154 163 190 213 235 278 287 319 340 373 398 416
 433 467 483 510 517 560 584 593 634
13 27 43 117 128 157 162 194 212 237 279 288 316 343 379 398 411
 434 465 484 511 515 562 582 594 632
10 37 56 111 131 140 174 187 217 226 267 292 304 353 387 396 415
 421 476 491 513 518 560 582 591 637
82 86 93 98 180 189 194 195 281 289 292 295 377 378 386 389 420
 424 432 433 505 525 555 564 577 630
81 89 90 96 181 185 193 197 282 287 290 296 374 380 383 391 421
 425 431 434 507 529 556 561 578 630
80 88 94 97 183 187 191 199 284 288 294 297 372 373 384 390 426
 428 437 438 508 527 558 563 576 630
83 87 91 95 184 188 192 198 283 286 291 299 375 379 382 388 427
 429 436 439 506 528 559 560 575 630
84 85 92 99 182 186 190 196 280 285 293 298 376 381 385 387 422
 423 430 435 509 526 557 562 579 630
8 9 12 16 23 28 34 37 165 167 170 178 281 286 290 298 484
 487 492 499 520 554 576 596 619 629
3 7 14 15 21 25 31 38 160 169 171 179 280 288 292 299 483
 485 490 496 521 552 578 595 618 629
2 4 6 17 20 27 30 39 161 168 173 175 283 287 293 297 482
 486 491 498 522 551 577 599 617 629
0 5 10 18 22 26 32 36 162 164 172 176 284 289 291 296 480
 488 493 497 523 550 579 598 615 629
1 11 13 19 24 29 33 35 163 166 174 177 282 285 294 295 481
 489 494 495 524 553 575 597 616 629
43 49 51 59 203 205 213 218 220 225 230 236 344 348 351 354 421
 422 432 436 527 549 586 607 624 629
41 48 50 57 204 206 214 215 222 227 234 238 343 349 350 353 424
 429 435 437 529 548 587 606 621 629
44 46 53 58 201 209 212 219 221 226 231 235 341 346 357 359 420
 426 430 431 528 546 589 608 620 629
40 47 52 56 202 207 210 216 223 229 232 239 340 347 352 355 423
 428 434 439 525 547 585 609 622 629
42 45 54 55 200 208 211 217 224 228 233 237 342 345 356 358 425
 427 433 438 526 545 588 605 623 629
5 20 55 74 86 118 145 160 184 207 220 290 300 332 371 372 408
 430 454 474 542 574 587 591 597 632
18 38 45 67 81 101 147 163 187 215 239 283 305 337 370 377 412
 422 457 462 542 573 589 594 596 646
3 30 41 64 93 119 159 176 199 202 231 285 315 328 368 382 411
 421 444 469 541 574 588 590 596 631
16 36 49 66 84 103 146 169 189 217 235 282 306 336 370 379 404
 428 459 466 543 572 587 590 599 647
1 21 53 77 96 107 154 172 194 214 225 298 310 321 369 390 407
 439 449 478 540 573 588 591 599 641
14 28 57 73 88 113 144 166 180 205 224 291 303 331 371 376 415
 434 450 470 541 570 589 593 599 638
2 32 40 62 99 116 155 177 197 200 230 286 316 325 368 384 416
 424 443 463 544 572 589 591 595 633
17 37 47 68 80 102 148 162 188 218 238 280 308 339 370 374 409
 420 456 467 544 570 588 592 597 649
13 26 58 70 85 110 143 161 183 208 222 292 301 333 371 380 401
 436 453 473 540 572 585 592 596 634
12 29 59 71 87 112 141 164 181 209 223 293 304 334 371 378 402
 437 451 472 543 571 588 594 595 640
6 24 52 78 91 108 158 171 191 212 228 296 313 324 369 387 413
 432 447 477 544 571 587 593 596 644
10 33 42 63 95 115 153 178 195 201 234 288 319 327 368 383 417
 423 440 461 542 571 586 592 599 639
7 22 50 76 92 106 151 170 192 211 229 297 311 322 369 389 410
 431 446 476 541 572 586 594 597 642
15 35 48 69 83 104 149 168 186 219 236 281 307 338 370 373 418
 425 458 465 541 571 585 591 598 648
11 34 44 61 94 114 156 179 196 203 232 287 318 329 368 386 403
 427 441 464 540 570 587 594 598 637
8 27 51 75 98 105 150 174 190 210 227 299 314 320 369 391 406
 438 445 475 543 574 589 592 598 645
9 31 43 60 90 111 152 175 198 204 233 289 317 326 368 385 400
 426 442 468 543 573 585 593 597 635
4 25 56 72 89 117 142 165 182 206 221 294 302 330 371 375 414
 433 452 471 544 573 586 590 598 636
0 23 54 79 97 109 157 173 193 213 226 295 312 323 369 388 419
 435 448 479 542 570 585 590 595 643
19 39 46 65 82 100 140 167 185 216 237 284 309 335 370 381 405
 429 455 460 540 574 586 593 595 650
123 129 134 137 244 248 254 256 262 266 272 279 342 349 352 357 481
 488 490 498 543 570 586 591 596 630
124 125 130 139 242 246 251 258 261 267 271 277 344 345 350 359 483
 487 493 495 544 574 585 594 599 630
121 128 133 135 241 245 252 257 263 268 273 275 340 348 353 358 480
 486 492 496 540 571 589 590 597 630
120 127 132 136 247 249 250 255 260 265 274 278 341 347 351 356 484
 489 491 497 541 573 587 592 595 630
122 126 131 138 240 243 253 259 264 269 270 276 343 346 354 355 482
 485 494 499 542 572 588 593 598 630
20 23 33 38 80 87 93 96 103 106 110 116 344 347 353 357 464
 465 471 475 526 534 550 569 593 627
24 25 32 37 83 85 90 97 100 105 118 119 341 349 354 358 461
 466 470 478 525 532 551 567 594 627
22 28 30 35 84 86 91 94 101 107 111 117 342 348 355 359 460
 463 472 479 529 530 552 568 592 627
21 26 34 39 81 88 98 99 104 108 112 115 343 345 351 352 467
 468 474 476 528 531 553 565 590 627
27 29 31 36 82 89 92 95 102 109 113 114 340 346 350 356 462
 469 473 477 527 533 554 566 591 627
5 7 9 17 303 305 314 316 323 328 330 336 342 347 350 354 373
 378 383 387 524 528 537 540 581 625
3 6 13 18 302 309 311 319 321 325 332 338 341 345 353 355 374
 376 386 388 520 527 535 543 580 625
1 10 14 16 301 307 312 317 322 329 334 337 343 348 356 357 372
 381 382 391 522 525 536 544 584 625
0 2 12 19 300 306 313 318 320 327 333 339 344 346 352 358 375
 377 385 390 521 529 539 541 582 625
4 8 11 15 304 308 310 315 324 326 331 335 340 349 351 359 379
 380 384 389 523 526 538 542 583 625
30 55 68 95 116 138 151 163 186 205 221 247 277 296 404 437 445
 468 490 501 520 525 538 540 582 643
35 52 70 80 100 125 159 165 180 211 225 249 263 287 408 435 440
 462 485 500 523 528 536 543 582 633
29 42 77 86 110 122 146 173 190 204 232 254 268 284 410 421 458
 470 484 502 521 528 538 544 580 646
32 58 67 94 115 135 158 167 188 206 220 242 276 295 418 434 446
 469 491 501 521 526 537 543 584 641
33 59 65 90 114 137 157 169 187 207 222 243 275 298 409 433 447
 463 493 501 522 528 535 541 583 645
20 41 78 88 117 120 147 170 193 201 230 253 267 280 407 427 455
 473 480 502 524 525 539 543 583 648
34 57 66 93 111 136 154 168 185 208 223 245 279 299 412 430 448
 461 494 501 523 527 539 544 581 642
37 54 71 81 103 126 155 160 182 212 227 246 262 289 401 439 441
 460 486 500 524 527 538 541 584 639
38 53 73 82 104 128 153 161 184 213 229 240 260 285 402 438 442
 466 488 500 520 529 537 544 583 637
21 45 64 97 106 131 143 178 196 216 236 257 274 291 416 420 452
 477 495 503 522 529 538 543 581 632
39 51 72 84 102 129 156 164 183 214 228 241 261 286 415 431 444
 465 489 500 521 525 535 542 581 635
23 47 60 91 105 130 145 177 195 215 235 259 272 293 411 425 450
 476 497 503 521 527 536 540 583 636
24 48 61 92 107 132 142 176 197 218 237 258 273 292 400 428 451
 475 498 503 520 528 539 542 584 638
22 49 63 98 109 134 144 175 199 219 239 255 270 290 403 429 453
 478 496 503 524 526 535 544 582 640
27 46 62 96 108 133 141 179 198 217 238 256 271 294 417 422 454
 479 499 503 523 525 537 541 580 634
28 44 75 85 112 121 149 172 192 202 233 250 266 282 413 424 456
 471 483 502 522 527 537 542 582 650
25 43 76 87 113 123 148 174 191 200 231 251 265 281 419 423 457
 474 482 502 523 529 535 540 584 647
31 56 69 99 119 139 150 162 189 209 224 244 278 297 405 436 449
 464 492 501 524 529 536 542 580 644
36 50 74 83 101 127 152 166 181 210 226 248 264 288 414 432 443
 467 487 500 522 526 539 540 580 631
26 40 79 89 118 124 140 171 194 203 234 252 269 283 406 426 459
 472 481 502 520 526 536 541 581 649
9 24 55 96 109 129 148 206 223 246 260 284 315 327 366 386 436
 459 476 485 522 562 568 589 613 648
17 33 50 94 119 124 145 213 228 253 266 292 306 338 367 381 439
 452 468 484 523 561 566 589 610 640
8 26 48 86 113 137 156 216 235 245 277 288 313 322 364 388 422
 442 471 491 524 561 567 588 613 633
15 32 51 95 111 120 142 212 229 251 268 290 309 336 367 377 435
 450 464 481 522 563 565 588 612 634
5 35 43 82 103 131 151 202 234 255 271 298 302 334 365 380 427
 448 467 498 521 563 567 589 611 644
19 31 54 93 115 121 141 210 225 254 267 291 308 337 367 373 431
 453 463 482 520 562 567 587 614 636
14 39 42 80 101 132 154 203 231 257 272 296 304 332 365 375 424
 446 466 499 524 562 566 585 612 645
16 30 53 99 114 123 144 211 227 250 269 294 305 335 367 374 432
 451 461 480 521 560 569 585 613 632
12 38 40 83 102 134 157 201 233 259 273 297 301 330 365 376 421
 445 460 495 523 564 565 587 613 641
1 20 49 89 112 135 153 215 237 243 278 286 311 320 364 387 420
 441 470 490 523 563 568 585 614 631
11 22 56 97 108 128 149 205 222 249 262 283 317 325 366 383 430
 455 475 487 521 564 566 588 614 647
13 37 41 84 104 133 158 200 232 258 270 299 300 331 365 378 426
 449 462 497 522 561 569 586 614 643
6 28 45 87 118 139 159 219 238 247 275 289 310 323 364 391 428
 443 473 494 521 562 565 586 610 637
18 34 52 90 116 122 143 214 226 252 265 293 307 339 367 379 438
 454 469 483 524 564 568 586 611 638
10 27 57 91 106 126 146 209 220 248 263 280 318 328 366 384 433
 457 478 489 520 561 565 585 611 650
4 36 44 81 100 130 150 204 230 256 274 295 303 333 365 372 423
 447 465 496 520 560 568 588 610 642
0 25 46 88 110 138 155 218 239 242 279 285 314 321 364 389 425
 440 472 492 522 560 566 587 611 635
7 29 47 85 117 136 152 217 236 244 276 287 312 324 364 390 429
 444 474 493 520 564 569 589 612 639
3 23 58 98 107 127 147 207 224 240 261 282 316 329 366 385 437
 458 477 486 523 560 567 586 612 649
2 21 59 92 105 125 140 208 221 241 264 281 319 326 366 382 434
 456 479 488 524 563 569 587 610 646
0 20 59 62 98 119 129 188 211 232 257 288 307 350 380 392 413
 450 460 494 509 513 520 573 620 647
7 28 55 60 97 114 126 189 214 230 258 285 309 357 375 392 406
 453 467 491 507 511 523 571 622 646
14 35 49 77 87 108 137 196 206 226 253 297 316 340 377 395 401
 456 461 497 507 512 520 574 623 635
2 24 54 65 95 104 122 183 202 235 244 280 303 353 391 393 403
 446 472 487 505 512 523 573 624 632
16 31 42 73 81 117 131 192 218 222 241 293 313 347 386 394 418
 443 478 481 508 510 523 574 620 643
11 21 51 69 90 101 123 180 201 238 242 284 300 356 387 393 411
 448 471 486 506 510 520 572 622 640
12 36 46 79 85 106 135 195 205 228 251 299 315 343 374 395 408
 458 463 498 508 514 524 573 622 637
8 29 56 61 91 115 125 185 213 231 255 289 305 358 376 392 407
 454 465 490 508 512 522 572 621 649
3 22 52 67 99 103 124 184 204 237 245 281 304 354 390 393 417
 445 473 489 507 514 522 570 620 636
5 38 47 76 89 107 139 199 208 227 254 295 318 341 379 395 415
 455 468 499 509 510 522 571 624 633
15 30 44 72 82 118 133 191 215 223 248 291 312 345 385 394 409
 440 475 484 507 513 524 572 624 641
13 39 45 78 86 105 138 197 209 229 250 298 317 344 373 395 414
 459 469 496 506 513 523 570 621 639
4 37 48 75 88 109 136 198 207 225 252 296 319 342 381 395 402
 457 464 495 505 511 521 572 620 631
18 33 41 70 83 112 132 194 217 221 246 290 314 348 384 394 405
 442 477 482 509 512 521 570 622 642
17 32 43 74 84 110 134 193 216 224 249 294 310 346 382 394 412
 441 476 483 505 514 520 571 621 645
9 27 50 68 93 100 120 182 203 239 243 282 301 359 388 393 416
 449 474 488 508 513 521 571 623 638
10 23 53 66 94 102 121 181 200 236 247 283 302 352 389 393 400
 447 470 485 509 511 524 574 621 634
6 25 58 64 96 111 128 186 210 234 259 286 306 351 372 392 410
 451 462 493 505 510 524 570 623 650
1 26 57 63 92 116 127 187 212 233 256 287 308 355 378 392 419
 452 466 492 506 514 521 574 624 648
19 34 40 71 80 113 130 190 219 220 240 292 311 349 383 394 404
 444 479 480 506 511 522 573 623 644
3 29 44 60 104 129 155 162 216 222 247 267 306 330 348 369 408
 457 461 499 506 526 556 563 577 638
0 35 53 76 115 136 150 175 203 237 259 262 315 336 353 371 409
 443 477 483 506 525 557 561 576 646
4 33 58 74 108 131 144 170 214 232 251 278 312 328 358 370 400
 445 472 488 506 527 555 562 578 633
19 22 45 69 110 120 148 165 207 226 241 271 303 324 343 368 406
 451 466 490 509 527 559 561 577 641
16 24 46 68 112 124 147 160 208 225 248 270 302 323 340 368 410
 450 465 491 506 529 558 564 579 645
12 30 56 73 105 132 143 172 212 230 254 275 311 329 350 370 417
 448 474 485 505 526 558 561 575 635
9 26 42 61 103 128 159 168 215 220 244 265 309 331 346 369 414
 456 463 495 509 525 558 560 578 640
5 34 59 70 109 133 142 171 210 233 253 277 310 325 357 370 411
 446 470 489 508 529 557 560 577 639
2 28 43 64 102 127 153 163 217 223 242 269 307 332 349 369 401
 455 464 496 508 528 555 561 579 636
1 37 51 78 114 139 151 176 204 235 257 260 316 338 352 371 412
 440 479 482 508 526 559 564 578 650
11 20 40 63 100 126 152 169 218 221 245 266 305 334 345 369 415
 458 469 497 505 529 559 562 576 634
18 27 47 66 118 123 149 166 206 228 240 274 304 322 344 368 407
 453 460 492 505 528 557 563 578 643
6 36 54 75 116 137 154 179 201 239 258 263 317 335 354 371 418
 444 476 484 509 529 555 563 575 649
14 32 55 72 106 130 141 174 213 234 250 279 313 326 355 370 403
 449 473 486 509 528 556 564 576 631
13 31 57 71 107 134 145 173 211 231 252 276 314 327 351 370 416
 447 471 487 507 525 559 563 579 637
17 21 48 65 117 121 146 164 205 229 246 272 301 320 341 368 419
 454 462 494 507 526 555 560 576 644
7 39 52 77 119 135 157 178 200 238 255 264 318 337 359 371 404
 442 475 481 505 527 556 560 579 648
10 25 41 62 101 125 156 167 219 224 243 268 308 333 347 369 402
 459 468 498 507 527 557 564 575 632
8 38 50 79 111 138 158 177 202 236 256 261 319 339 356 371 405
 441 478 480 507 528 558 562 577 647
15 23 49 67 113 122 140 161 209 227 249 273 300 321 342 368 413
 452 467 493 508 525 556 562 575 642
5 46 75 97 117 132 177 232 269 281 308 322 353 385 412 436 447
 469 490 500 517 556 565 599 623 640
19 41 74 85 102 123 171 229 263 289 316 334 351 388 403 425 452
 475 499 501 518 558 568 599 620 646
16 40 70 87 101 120 173 228 262 285 319 331 350 390 400 420 454
 476 496 501 515 556 567 598 624 650
14 47 79 92 112 133 175 230 265 284 306 321 359 383 418 433 445
 464 494 500 518 559 567 596 621 632
8 55 64 90 108 135 162 239 272 292 302 329 346 373 402 435 443
 460 489 502 519 559 569 599 624 642
10 52 69 81 114 129 161 221 276 299 310 336 344 376 419 424 455
 472 484 503 519 558 567 597 623 631
17 44 73 89 103 122 174 225 261 288 317 332 358 389 416 429 451
 479 497 501 519 557 565 596 622 648
15 42 71 88 100 124 172 226 260 286 318 330 355 391 411 422 453
 477 498 501 517 555 569 597 621 647
11 54 68 82 111 127 164 220 275 297 314 338 343 375 407 423 459
 470 483 503 516 556 569 596 620 633
0 57 61 95 105 139 169 236 270 294 304 325 347 381 408 431 442
 467 486 502 515 555 568 596 623 641
12 48 78 98 110 131 179 231 266 283 309 323 356 384 404 434 449
 461 493 500 516 557 568 597 624 636
2 50 66 80 115 128 160 224 277 298 312 335 341 378 413 421 457
 473 481 503 517 559 568 598 622 635
3 51 65 83 116 126 165 223 278 295 313 337 342 380 410 426 456
 474 480 503 515 557 566 599 621 637
9 53 67 84 119 125 166 222 279 296 311 339 340 372 406 427 458
 471 482 503 518 555 565 595 624 639
13 49 76 96 118 130 178 233 268 280 305 324 352 382 405 437 448
 463 491 500 519 555 566 598 620 638
1 56 60 94 106 138 168 238 273 290 303 327 345 379 401 432 444
 462 488 502 517 557 567 595 620 645
4 45 77 91 113 134 176 234 267 282 307 320 354 386 409 430 446
 468 492 500 515 558 569 595 622 634
6 59 63 99 107 136 167 235 271 291 301 328 349 377 414 438 441
 465 485 502 518 556 566 597 622 643
18 43 72 86 104 121 170 227 264 287 315 333 357 387 417 428 450
 478 495 501 516 559 566 595 623 649
7 58 62 93 109 137 163 237 274 293 300 326 348 374 415 439 440
 466 487 502 516 558 565 598 621 644
41 49 54 56 240 242 250 256 281 288 293 296 301 309 310 318 400
 408 409 410 559 581 589 600 616 627
44 45 50 59 244 249 252 259 284 285 290 299 302 308 313 316 404
 407 415 417 555 584 585 603 617 627
43 46 52 57 246 247 254 257 282 286 292 297 300 305 312 319 403
 406 414 418 557 583 588 601 615 627
42 47 51 58 245 248 253 258 283 289 294 298 303 307 311 315 402
 405 416 419 556 582 587 602 618 627
40 48 53 55 241 243 251 255 280 287 291 295 304 306 314 317 401
 411 412 413 558 580 586 604 619 627
400 401 418 419 421 429 430 438 440 449 450 459 463 467 471 477 480
 489 490 499 505 547 594 610 617 625
405 410 414 417 420 427 434 435 444 447 453 457 466 468 472 475 483
 486 494 497 508 549 591 613 619 625
403 404 408 413 422 426 433 439 443 448 451 455 465 469 470 476 482
 488 492 495 507 548 592 612 618 625
406 412 415 416 423 425 432 437 442 446 454 456 460 464 473 478 484
 485 493 498 506 546 590 614 616 625
402 407 409 411 424 428 431 436 441 445 452 458 461 462 474 479 481
 487 491 496 509 545 593 611 615 625
24 86 114 128 175 182 200 226 242 266 291 319 320 347 370 380 407
 437 444 499 514 536 565 607 618 642
22 89 115 126 179 180 202 228 247 268 293 316 321 349 370 372 419
 436 442 495 513 539 569 608 619 645
34 91 103 123 163 194 216 230 241 270 297 308 327 341 371 391 400
 435 458 493 513 537 566 605 618 631
20 84 108 139 172 187 213 223 259 263 281 314 333 356 368 374 414
 429 446 481 511 538 567 608 618 638
21 87 119 127 177 183 203 227 245 267 290 317 324 346 370 376 410
 433 440 498 511 537 568 609 615 643
25 82 106 136 173 188 212 222 258 264 282 310 332 352 368 373 415
 422 445 480 512 536 568 605 619 640
27 88 116 125 178 181 204 229 244 269 292 315 323 348 370 375 413
 430 441 497 510 535 567 605 616 641
28 81 105 137 171 186 211 220 255 261 284 312 330 353 368 379 402
 420 449 482 514 539 566 609 616 634
23 85 111 129 176 184 201 225 243 265 294 318 322 345 370 378 406
 434 443 496 512 538 566 606 617 644
31 97 104 120 167 190 217 234 248 273 296 305 329 344 371 389 411
 439 456 494 514 535 568 608 617 633
35 90 110 133 160 199 205 235 250 276 286 304 337 350 369 386 405
 423 452 488 511 539 565 605 617 649
26 83 109 138 174 185 214 224 257 262 280 311 334 359 368 377 408
 428 447 484 510 537 569 607 617 636
30 96 102 124 169 192 219 232 249 272 295 309 326 343 371 387 416
 438 457 492 512 539 567 607 615 639
32 98 101 122 168 191 218 233 246 274 298 306 328 340 371 388 417
 431 455 490 511 536 569 606 616 637
33 92 100 121 162 193 215 231 240 271 299 307 325 342 371 390 403
 432 459 491 510 538 565 609 619 635
37 93 112 134 161 197 206 236 251 275 288 303 335 355 369 385 404
 427 454 489 510 536 566 608 615 646
36 94 118 131 165 198 209 237 254 277 285 301 339 351 369 383 412
 424 450 486 512 535 569 609 618 648
39 95 117 130 166 196 208 239 252 278 289 300 338 357 369 384 409
 421 451 485 514 537 567 606 619 647
29 80 107 135 170 189 210 221 256 260 283 313 331 354 368 381 401
 425 448 483 513 535 565 606 615 632
38 99 113 132 164 195 207 238 253 279 287 302 336 358 369 382 418
 426 453 487 513 538 568 607 616 650
62 65 71 79 161 162 174 178 180 186 192 199 340 345 354 357 400
 407 412 414 521 561 568 587 612 628
63 66 73 77 163 164 170 179 182 188 191 197 342 346 351 353 405
 406 408 411 522 564 567 585 610 628
61 69 72 75 166 167 171 175 184 187 193 195 341 348 350 352 401
 404 410 416 523 562 569 588 611 628
60 68 74 76 165 169 173 176 183 185 194 196 344 349 355 356 402
 413 417 418 524 560 565 589 614 628
64 67 70 78 160 168 172 177 181 189 190 198 343 347 358 359 403
 409 415 419 520 563 566 586 613 628
4 7 10 19 122 127 133 139 184 186 194 197 222 228 231 239 441
 448 450 456 517 543 576 607 613 627
2 8 14 18 124 129 131 136 182 189 193 199 220 229 233 238 440
 447 451 458 515 540 575 608 614 627
5 6 11 16 121 125 134 138 183 188 190 195 223 226 230 237 442
 449 452 457 519 541 578 606 612 627
0 9 13 15 123 126 132 135 181 187 192 196 224 225 234 235 444
 445 454 455 516 544 577 609 610 627
1 3 12 17 120 128 130 137 180 185 191 198 221 227 232 236 443
 446 453 459 518 542 579 605 611 627
63 68 70 75 103 108 114 118 224 229 231 236 264 267 273 279 284
 286 293 295 552 561 573 602 606 625
61 67 71 76 104 109 110 111 221 228 230 238 263 269 272 278 282
 288 291 298 551 564 574 603 609 625
60 65 73 78 102 107 112 119 220 226 234 239 262 268 274 277 281
 287 294 299 550 562 572 601 605 625
64 66 72 79 101 105 113 116 222 225 232 237 260 266 271 276 280
 289 290 297 553 560 571 600 608 625
62 69 74 77 100 106 115 117 223 227 233 235 261 265 270 275 283
 285 292 296 554 563 570 604 607 625
47 62 87 104 138 142 187 204 220 249 266 301 335 358 386 398 406
 431 448 477 524 552 579 599 619 631
54 74 90 107 124 153 191 209 230 257 279 315 322 347 376 396 404
 429 456 462 521 553 577 598 619 634
43 75 83 115 130 146 197 211 238 243 260 309 329 340 390 397 415
 430 452 472 524 550 577 596 618 643
55 67 91 112 127 157 180 218 229 254 271 310 333 353 381 399 416
 426 444 461 524 554 578 598 617 647
51 71 99 106 121 152 194 206 232 255 277 319 323 346 372 396 409
 425 455 466 523 552 575 596 617 638
52 72 94 109 120 155 192 208 231 259 275 317 320 349 378 396 405
 422 458 467 520 550 578 599 616 632
57 69 98 118 128 151 183 217 225 253 272 313 330 359 374 399 400
 423 441 469 522 550 575 595 619 646
50 73 95 108 123 159 190 207 233 258 276 318 321 348 380 396 412
 420 459 465 524 551 576 595 615 636
58 65 97 113 125 154 182 215 228 250 270 314 334 352 379 399 417
 421 443 464 520 552 577 597 615 648
41 76 80 114 131 149 195 212 239 245 261 306 326 342 391 397 414
 436 454 470 520 553 579 595 617 641
56 68 92 110 129 158 181 219 227 252 274 312 332 354 377 399 411
 427 442 463 523 553 576 599 618 650
45 63 88 102 135 145 185 202 222 246 265 304 336 357 385 398 410
 432 449 479 520 551 575 598 618 633
49 60 86 100 136 141 186 201 224 241 269 302 339 350 384 398 419
 439 446 475 522 553 578 596 615 637
46 61 89 101 137 143 189 200 223 240 267 303 338 351 382 398 413
 435 445 478 521 550 576 597 617 639
53 70 93 105 122 156 193 205 234 256 278 316 324 345 375 396 418
 428 457 460 522 554 579 597 618 640
42 79 82 119 134 147 198 214 235 247 263 308 325 344 387 397 401
 434 451 474 522 552 576 598 616 642
40 78 81 111 133 148 196 213 237 244 264 307 328 341 389 397 408
 437 453 471 521 554 575 599 615 645
59 66 96 117 126 150 184 216 226 251 273 311 331 356 373 399 403
 424 440 468 521 551 579 596 616 649
48 64 85 103 139 144 188 203 221 248 268 300 337 355 383 398 407
 438 447 476 523 554 577 595 616 635
44 77 84 116 132 140 199 210 236 242 262 305 327 343 388 397 402
 433 450 473 523 551 578 597 619 644
8 31 53 78 80 118 126 157 164 186 208 232 242 265 282 303 325
 348 377 417 429 452 476 498 504 631
14 22 58 71 90 102 139 142 168 195 216 225 256 264 285 305 320
 353 384 413 427 459 474 484 504 643
2 37 44 63 86 106 120 159 171 181 214 237 240 272 294 314 337
 340 376 418 436 448 468 493 504 647
7 30 51 79 81 110 128 154 166 188 209 233 243 267 281 302 327
 349 381 403 428 454 477 497 504 633
1 34 54 76 83 117 125 158 161 189 207 234 247 266 284 304 328
 346 374 416 422 450 475 496 504 635
11 39 41 60 87 109 122 153 172 182 211 236 248 271 292 313 336
 341 372 412 434 445 463 492 504 649
4 24 59 73 93 101 138 145 162 196 217 227 255 263 286 309 322
 352 383 419 426 458 473 483 504 641
0 33 52 75 84 113 127 151 160 185 206 230 244 268 283 301 326
 345 373 411 420 451 478 499 504 637
10 38 43 61 85 108 124 155 173 180 210 235 241 274 290 311 335
 342 375 409 437 449 469 494 504 648
18 20 46 69 92 111 134 146 178 191 203 222 250 277 295 316 331
 358 391 402 439 444 467 485 504 636
19 26 49 68 91 119 132 149 179 193 204 223 251 276 298 319 330
 357 389 415 438 443 462 486 504 632
3 35 42 62 89 105 123 152 170 183 213 239 246 273 291 310 339
 343 378 404 430 447 464 491 504 650
5 23 57 72 99 100 135 143 163 198 219 229 258 262 288 306 324
 356 386 407 421 456 472 482 504 645
6 32 50 77 82 112 129 150 165 187 205 231 245 269 280 300 329
 347 379 400 425 453 479 495 504 639
12 27 55 70 94 104 136 144 169 197 215 226 257 261 289 308 321
 354 382 410 423 455 471 481 504 644
9 36 40 64 88 107 121 156 174 184 212 238 249 270 293 312 338
 344 380 405 433 446 461 490 504 646
15 28 47 65 96 115 131 147 176 190 200 221 252 279 297 317 333
 350 388 408 432 441 466 489 504 640
13 21 56 74 95 103 137 141 167 199 218 228 259 260 287 307 323
 359 385 406 424 457 470 480 504 642
16 29 48 67 97 116 130 148 175 194 202 224 253 275 299 318 332
 351 387 414 431 440 460 488 504 634
17 25 45 66 98 114 133 140 177 192 201 220 254 278 296 315 334
 355 390 401 435 442 465 487 504 638
4 28 49 79 104 123 164 185 212 259 277 292 337 347 366 390 416
 427 440 469 509 532 580 597 606 645
19 37 43 73 116 129 169 195 208 250 273 283 328 359 364 372 407
 435 446 477 507 531 580 598 609 640
7 23 59 61 118 134 174 182 202 245 260 296 333 343 367 384 418
 420 455 462 506 530 580 599 605 635
2 33 53 69 109 135 179 190 218 249 267 289 322 355 365 379 414
 437 450 474 507 532 581 596 605 650
6 21 57 60 110 132 170 184 200 244 261 295 334 340 367 383 409
 422 459 460 508 532 582 598 608 631
12 26 45 76 100 122 160 188 210 255 279 294 338 348 366 387 400
 424 444 464 507 533 583 599 608 643
3 32 54 66 108 138 178 194 219 248 265 287 320 350 365 381 415
 436 451 471 508 530 583 597 609 646
18 35 44 71 119 128 167 197 207 254 270 280 326 356 364 375 419
 432 445 476 508 534 581 599 606 634
1 22 55 62 113 131 173 181 203 242 263 299 330 341 367 385 405
 428 456 465 505 531 583 596 606 639
13 20 47 75 101 124 165 186 214 256 275 291 336 346 366 389 403
 421 442 461 508 531 584 595 605 644
8 24 58 63 117 133 172 180 204 243 262 297 332 344 367 382 404
 425 457 467 509 533 581 595 609 637
15 39 40 74 114 125 162 198 205 253 274 282 327 353 364 378 410
 438 448 478 509 530 584 596 608 636
10 34 51 68 107 137 175 192 215 246 269 285 324 358 365 373 408
 434 452 473 505 534 580 595 608 647
14 29 46 78 103 121 161 187 211 258 278 290 339 349 366 388 411
 423 443 468 505 530 581 598 607 641
11 31 50 67 105 136 176 191 216 240 268 286 323 357 365 374 401
 433 454 472 509 531 582 599 607 648
9 30 52 65 106 139 177 193 217 241 266 288 321 351 365 377 402
 430 453 470 506 533 584 598 606 649
0 27 56 64 112 130 171 183 201 247 264 298 331 342 367 386 412
 429 458 466 507 534 584 597 607 633
5 25 48 77 102 120 166 189 213 257 276 293 335 345 366 391 417
 426 441 463 506 534 582 596 609 642
17 36 42 70 111 126 163 199 206 252 271 281 329 352 364 376 413
 431 449 475 506 532 583 595 607 632
16 38 41 72 115 127 168 196 209 251 272 284 325 354 364 380 406
 439 447 479 505 533 582 597 605 638
13 36 55 73 98 125 142 193 236 245 265 297 337 349 368 387 409
 439 472 499 517 521 534 546 603 650
7 26 54 78 94 123 150 195 221 249 271 286 332 340 370 385 402
 421 478 494 515 522 534 548 604 638
14 37 59 74 91 128 143 190 239 247 269 295 336 345 368 390 405
 431 471 498 516 523 533 548 600 648
19 30 47 67 88 137 146 182 234 257 264 290 325 356 369 378 400
 436 465 483 519 523 532 546 604 637
17 34 49 69 85 138 147 181 231 258 260 291 326 353 369 372 417
 433 460 481 515 521 533 547 601 633
12 35 58 72 92 126 145 194 238 244 267 296 335 347 368 388 412
 438 470 496 519 522 531 549 601 647
2 22 42 60 83 133 156 187 227 251 279 282 323 351 371 381 407
 420 469 485 519 520 534 547 600 644
8 20 52 76 95 121 154 197 224 248 274 285 330 343 370 386 401
 426 479 493 518 521 532 549 600 640
6 29 53 79 90 120 151 196 220 246 270 288 333 342 370 382 415
 424 475 492 517 523 531 547 602 636
16 32 45 65 89 136 149 184 232 256 263 292 327 359 369 376 411
 437 467 482 516 524 534 549 602 635
4 38 57 70 97 129 141 192 237 242 268 298 338 346 368 391 404
 432 474 497 518 524 530 547 604 649
9 21 41 63 82 130 155 186 226 254 276 283 322 358 371 374 413
 428 464 489 515 523 530 549 603 645
5 39 56 71 96 127 144 191 235 243 266 299 339 348 368 389 418
 435 473 495 515 520 532 545 602 646
11 23 43 62 81 132 159 189 228 252 277 280 320 355 371 373 410
 429 461 488 518 522 533 546 602 641
0 28 51 77 93 124 158 198 222 240 273 287 334 341 370 384 414
 423 476 490 519 524 533 545 603 632
1 25 50 75 99 122 157 199 223 241 272 289 331 344 370 383 408
 427 477 491 516 520 530 546 601 634
10 24 44 64 80 134 152 185 229 253 278 281 321 350 371 379 406
 422 463 486 516 521 531 545 604 643
3 27 40 61 84 131 153 188 225 250 275 284 324 357 371 377 419
 425 468 487 517 524 532 548 601 642
15 33 46 66 86 139 148 183 233 255 262 293 329 354 369 375 416
 434 462 480 518 520 531 548 603 631
18 31 48 68 87 135 140 180 230 259 261 294 328 352 369 380 403
 430 466 484 517 522 530 545 600 639
6 47 83 114 155 163 193 209 225 255 268 292 331 343 360 385 417
 446 471 488 545 568 574 576 581 647
14 41 94 105 151 178 184 218 223 252 262 282 335 346 361 387 419
 453 465 493 545 565 573 577 580 633
7 48 84 115 159 162 191 208 226 256 269 290 334 344 360 386 416
 445 470 486 547 566 573 575 583 650
17 52 97 112 142 170 186 203 235 240 279 289 327 356 362 380 415
 457 463 496 548 569 574 575 580 641
15 50 91 110 144 174 189 201 237 246 275 287 325 352 362 372 402
 456 469 499 549 567 573 579 581 643
16 51 92 118 141 172 185 200 239 249 276 288 328 353 362 375 401
 458 468 495 546 568 570 577 583 644
9 59 89 104 146 160 195 214 231 242 274 297 324 355 363 381 412
 443 475 480 545 567 570 575 582 634
12 43 95 107 150 177 182 219 222 253 263 284 337 345 361 389 413
 454 466 491 547 569 570 578 581 631
5 42 93 108 157 175 181 216 221 250 261 280 338 349 361 390 406
 450 462 492 549 568 572 575 584 637
0 45 80 111 153 167 194 205 227 258 266 293 330 340 360 382 403
 447 474 489 546 567 572 578 580 648
19 53 98 117 143 173 187 202 238 248 277 286 326 354 362 376 408
 459 464 497 545 566 571 578 584 642
1 46 81 119 156 169 190 206 229 259 265 291 332 342 360 384 400
 448 473 487 549 569 571 577 582 649
10 55 87 100 147 166 199 212 232 244 273 298 320 351 363 374 418
 442 479 483 548 566 572 577 581 636
13 44 99 109 154 176 180 217 220 251 264 283 339 347 361 391 410
 452 460 490 548 567 571 576 583 635
8 49 82 116 152 168 192 207 228 257 267 294 333 341 360 383 411
 449 472 485 548 565 570 579 584 646
3 57 86 102 149 161 196 210 230 243 271 296 323 358 363 379 405
 440 476 481 546 569 573 576 584 640
18 54 96 113 145 171 188 204 236 241 278 285 329 359 362 378 414
 455 461 498 547 565 572 576 582 645
4 40 90 106 158 179 183 215 224 254 260 281 336 348 361 388 407
 451 467 494 546 566 574 579 582 639
2 56 85 101 148 164 198 211 234 245 270 295 321 357 363 373 404
 441 477 484 549 565 574 578 583 638
11 58 88 103 140 165 197 213 233 247 272 299 322 350 363 377 409
 444 478 482 547 568 571 579 580 632
24 28 31 39 143 146 151 155 181 188 194 199 201 207 213 215 245
 249 251 256 518 557 569 598 623 625
26 27 33 37 142 147 152 154 184 189 191 196 202 205 211 219 241
 242 254 259 519 556 568 595 621 625
23 25 30 36 141 149 153 158 180 187 190 197 203 208 214 216 244
 246 253 255 515 559 565 597 620 625
20 21 32 35 144 148 156 157 182 185 192 195 204 209 210 217 240
 247 252 258 517 558 566 596 624 625
22 29 34 38 140 145 150 159 183 186 193 198 200 206 212 218 243
 248 250 257 516 555 567 599 622 625
8 32 71 93 114 132 146 166 183 259 271 283 312 321 387 398 408
 456 468 496 529 547 586 605 620 648
19 25 61 86 112 126 154 178 198 249 261 297 307 336 374 396 411
 447 473 488 526 547 589 606 624 643
15 26 64 87 117 129 151 175 197 240 263 295 305 339 381 396 417
 449 470 487 527 546 587 605 622 645
4 22 68 96 105 121 155 167 189 253 265 288 300 334 376 397 412
 444 477 481 528 548 585 605 624 637
3 37 76 82 101 135 144 172 193 244 277 293 317 327 384 399 406
 452 465 494 528 547 587 607 623 634
10 39 79 83 103 136 145 170 190 242 275 294 316 326 386 399 413
 453 462 490 529 546 588 609 624 638
16 20 60 85 113 128 150 179 199 246 264 296 308 338 377 396 416
 448 472 489 528 545 586 609 621 641
17 29 62 88 118 127 158 176 195 241 262 298 309 337 379 396 403
 445 471 485 529 549 585 608 623 642
9 35 75 81 102 138 141 173 191 245 278 292 318 325 382 399 407
 450 466 493 526 548 586 608 622 632
6 34 72 95 119 131 148 160 180 256 273 282 314 322 390 398 402
 455 463 497 526 546 585 607 621 646
13 23 65 92 108 120 156 168 188 254 269 289 304 330 372 397 404
 440 478 483 529 545 589 607 622 631
14 27 69 97 107 122 159 163 185 251 266 286 302 333 378 397 409
 442 476 480 526 549 587 609 620 639
7 33 73 99 111 130 149 165 181 257 270 284 310 320 388 398 401
 457 469 498 525 545 587 608 624 649
18 28 63 89 110 125 157 177 196 248 260 299 306 335 373 396 400
 446 474 486 525 548 588 607 620 644
12 21 66 91 109 124 152 162 187 250 268 285 303 332 380 397 418
 441 475 482 525 546 586 606 623 633
5 24 67 98 106 123 153 169 186 252 267 287 301 331 375 397 405
 443 479 484 527 547 588 608 621 635
0 31 74 94 116 133 147 161 182 255 272 281 311 324 391 398 415
 459 461 495 528 549 588 606 622 650
2 38 78 84 100 137 142 174 194 247 276 291 315 329 383 399 410
 454 467 492 527 545 585 606 620 640
11 36 77 80 104 139 143 171 192 243 279 290 319 328 385 399 419
 451 460 491 525 549 589 605 621 636
1 30 70 90 115 134 140 164 184 258 274 280 313 323 389 398 414
 458 464 499 527 548 589 609 623 647
120 126 134 139 200 205 210 215 284 287 292 298 322 326 332 339 461
 465 472 477 537 575 590 600 620 628
121 127 131 137 204 208 213 219 280 286 294 296 321 327 331 336 460
 469 474 475 536 577 594 603 622 628
122 129 130 135 203 207 212 217 281 285 291 297 323 325 334 335 462
 468 471 478 539 578 592 602 621 628
124 128 132 138 201 206 211 216 282 289 293 299 324 328 333 337 464
 467 470 479 535 576 591 604 624 628
123 125 133 136 202 209 214 218 283 288 290 295 320 329 330 338 463
 466 473 476 538 579 593 601 623 628
2 7 13 16 82 88 90 91 203 206 210 219 261 266 273 278 408
 412 417 419 509 518 538 550 588 626
0 11 14 17 83 86 96 99 202 208 212 215 263 267 274 276 400
 402 404 406 508 517 535 554 586 626
6 10 12 15 84 89 93 97 204 207 211 218 264 265 272 277 401
 403 405 407 506 515 537 553 589 626
1 4 9 18 80 85 95 98 200 209 213 216 262 269 271 275 410
 411 415 418 507 519 539 552 587 626
3 5 8 19 81 87 92 94 201 205 214 217 260 268 270 279 409
 413 414 416 505 516 536 551 585 626
7 32 56 63 87 161 190 215 225 241 277 282 315 338 356 397 426
 447 460 499 531 539 555 570 611 632
15 29 43 70 99 178 188 214 239 259 266 296 303 322 341 399 433
 459 479 486 534 539 558 574 614 637
3 39 53 68 97 174 195 206 233 254 263 290 307 331 347 398 422
 441 472 493 533 539 559 572 610 644
18 25 40 73 94 175 185 211 235 256 267 298 300 323 343 399 436
 456 475 489 533 538 555 571 612 631
6 33 55 61 88 164 192 216 227 248 276 281 316 339 359 397 421
 448 466 496 533 536 557 573 614 634
13 22 48 79 80 169 182 201 223 244 274 286 310 329 358 396 432
 450 468 482 533 537 556 574 611 646
4 21 46 76 84 163 181 202 220 243 273 289 313 325 350 396 438
 453 461 484 534 536 559 570 612 648
0 34 58 60 89 166 191 217 229 249 275 280 319 337 354 397 424
 449 465 498 530 538 559 574 613 640
8 30 57 62 85 160 194 218 226 240 278 284 317 336 352 397 427
 446 462 495 534 535 556 571 610 636
19 20 42 72 90 176 189 212 236 255 269 299 301 321 340 399 437
 457 476 487 530 537 557 570 610 633
1 31 59 64 86 165 193 219 228 246 279 283 318 335 353 397 423
 445 467 497 532 537 558 572 612 638
12 24 47 77 81 168 184 203 224 247 271 288 314 326 357 396 435
 452 469 480 530 535 555 572 614 650
11 37 52 66 92 173 199 209 234 253 261 291 309 333 348 398 425
 443 474 490 534 537 555 573 613 645
9 38 54 69 91 172 197 205 232 252 264 294 306 334 349 398 420
 440 473 491 531 535 557 574 612 642
2 36 51 67 96 170 196 207 231 250 262 292 308 330 345 398 429
 442 470 494 530 536 558 571 611 643
17 28 41 71 95 179 187 210 237 257 265 295 302 324 344 399 430
 458 478 488 531 536 556 572 613 635
5 27 49 78 83 167 180 200 222 245 272 285 312 327 355 396 431
 451 464 483 531 538 558 573 610 649
10 35 50 65 98 171 198 208 230 251 260 293 305 332 346 398 428
 444 471 492 532 538 556 570 614 641
16 26 44 74 93 177 186 213 238 258 268 297 304 320 342 399 434
 455 477 485 532 535 559 573 611 639
14 23 45 75 82 162 183 204 221 242 270 287 311 328 351 396 439
 454 463 481 532 539 557 571 613 647
27 41 77 90 103 148 177 208 249 277 291 311 330 352 381 392 418
 432 472 496 516 542 576 608 612 637
39 55 66 85 107 158 165 204 259 267 288 305 325 340 391 394 419
 420 464 488 516 541 575 607 611 640
21 43 79 94 100 149 176 207 248 278 293 314 331 353 377 392 404
 431 473 499 519 544 575 605 613 639
26 50 72 96 114 153 173 218 247 270 281 303 337 358 384 395 411
 430 460 483 518 543 575 609 612 644
33 48 60 81 118 143 167 210 250 263 297 315 321 346 378 393 415
 427 479 490 515 544 579 607 612 647
32 49 61 80 117 145 163 214 254 264 299 317 323 345 380 393 402
 423 477 492 518 541 577 608 613 650
35 59 68 88 106 154 161 200 256 268 289 306 329 341 387 394 406
 429 469 487 515 542 578 609 613 636
23 44 78 95 101 146 175 206 241 279 292 310 334 354 374 392 405
 438 474 495 517 541 579 609 614 633
29 52 74 98 111 156 172 215 242 273 280 302 335 357 383 395 416
 436 466 482 515 541 576 605 610 643
37 57 67 89 108 150 164 201 255 266 285 307 326 344 388 394 410
 428 463 485 517 540 577 605 612 632
36 58 69 87 105 157 160 202 257 269 287 309 327 342 389 394 407
 422 468 489 518 544 576 606 614 638
31 45 62 84 112 144 168 212 253 260 295 319 322 349 375 393 408
 421 475 493 519 540 576 609 611 649
38 56 65 86 109 151 166 203 258 265 286 308 328 343 390 394 413
 425 461 486 519 543 579 608 610 634
22 40 75 93 104 147 178 209 246 276 294 313 332 356 379 392 409
 435 470 498 518 540 578 607 610 635
25 53 71 91 116 159 170 217 245 274 284 301 338 350 385 395 403
 434 467 481 519 542 577 607 614 645
34 47 64 82 110 141 169 211 251 262 296 316 320 348 376 393 414
 426 478 491 517 542 575 606 610 648
20 51 73 97 115 155 171 219 244 271 282 304 339 355 382 395 400
 433 462 484 516 540 579 606 613 642
30 46 63 83 113 142 162 213 252 261 298 318 324 347 372 393 401
 424 476 494 516 543 578 605 614 646
28 54 70 92 119 152 174 216 243 272 283 300 336 351 386 395 417
 437 465 480 517 544 578 608 611 641
24 42 76 99 102 140 179 205 240 275 290 312 333 359 373 392 412
 439 471 497 515 543 577 606 611 631
101 109 115 118 161 169 170 177 204 205 212 216 302 307 314 318 444
 449 451 456 518 523 534 545 601 630
102 108 116 117 160 167 174 176 203 209 211 215 303 306 310 319 442
 448 453 458 516 522 532 547 603 630
103 105 111 112 162 166 173 179 200 207 214 219 301 305 313 315 440
 446 452 455 517 520 533 549 604 630
104 106 113 119 163 165 172 175 201 208 210 218 304 309 312 316 441
 447 454 459 519 521 530 548 602 630
100 107 110 114 164 168 171 178 202 206 213 217 300 308 311 317 443
 445 450 457 515 524 531 546 600 630
82 85 94 96 142 146 157 159 224 227 230 239 304 307 313 319 482
 487 490 497 506 531 581 597 608 628
80 89 91 99 141 147 151 156 222 226 233 236 300 309 314 315 484
 488 494 496 505 532 584 599 609 628
83 88 92 93 143 148 150 153 220 228 232 235 302 305 310 317 481
 486 493 499 507 530 582 595 606 628
84 87 90 98 145 149 154 155 221 229 234 237 303 308 312 318 480
 485 491 495 508 533 580 596 607 628
81 86 95 97 140 144 152 158 223 225 231 238 301 306 311 316 483
 489 492 498 509 534 583 598 605 628
10 31 76 88 128 142 177 214 223 250 271 287 300 354 360 388 404
 420 458 460 512 526 596 602 610 645
0 24 70 82 137 149 170 209 238 241 265 299 305 355 361 372 416
 421 441 468 511 526 599 600 612 636
11 30 78 89 129 145 178 210 224 251 270 289 301 353 360 390 418
 422 456 466 511 528 595 603 611 642
9 32 79 86 127 143 179 211 221 253 273 285 304 352 360 391 409
 429 457 465 510 527 599 601 614 644
18 39 62 91 120 150 169 202 225 258 279 281 312 346 363 383 401
 437 452 470 510 526 597 603 613 637
8 21 73 83 139 147 173 206 237 249 269 296 306 357 361 378 403
 423 444 463 513 527 597 602 611 634
2 34 75 87 126 144 176 213 222 254 274 288 302 359 360 387 405
 425 459 462 514 525 597 604 612 641
5 28 66 90 130 156 161 218 231 244 263 294 319 343 362 377 410
 439 445 477 513 526 595 604 614 648
19 36 63 97 124 151 168 200 227 259 278 280 310 348 363 386 402
 434 454 471 513 528 596 601 612 635
14 26 67 95 134 155 165 217 232 243 261 293 315 341 362 373 407
 432 448 475 511 529 597 601 610 650
12 20 68 99 133 159 166 216 234 242 260 292 317 342 362 379 419
 431 447 478 512 527 598 603 612 646
3 33 77 85 125 141 175 212 220 252 272 286 303 356 360 389 412
 428 455 467 513 529 598 600 613 643
17 38 64 92 123 154 167 204 226 255 275 282 313 345 363 384 408
 436 450 472 511 525 598 602 614 639
4 29 65 94 132 153 160 219 233 245 264 291 316 344 362 374 406
 435 449 476 510 525 596 600 611 647
16 35 61 96 122 158 162 201 229 257 277 283 314 349 363 385 415
 433 453 474 514 527 595 600 610 631
6 22 74 81 135 146 174 208 236 240 266 298 308 350 361 375 411
 426 440 464 512 525 595 601 613 638
1 23 71 84 136 148 171 205 239 248 267 297 309 358 361 380 417
 424 442 469 510 528 598 604 610 632
15 37 60 98 121 157 163 203 228 256 276 284 311 347 363 382 414
 430 451 473 512 529 599 604 611 633
13 25 69 93 131 152 164 215 230 247 262 290 318 340 362 381 413
 438 446 479 514 528 599 602 613 649
7 27 72 80 138 140 172 207 235 246 268 295 307 351 361 376 400
 427 443 461 514 529 596 603 614 640
144 146 153 154 162 165 171 177 262 265 273 276 323 326 333 338 422
 427 431 437 505 513 522 574 622 627
145 148 151 152 161 167 172 179 261 269 274 279 320 325 331 337 421
 428 433 435 506 512 524 571 620 627
143 147 158 159 164 169 174 175 264 268 271 278 322 327 330 335 424
 425 430 439 508 511 520 570 624 627
142 149 150 156 160 163 173 178 260 267 272 275 321 328 334 339 426
 429 432 434 509 514 523 572 623 627
140 141 155 157 166 168 170 176 263 266 270 277 324 329 332 336 420
 423 436 438 507 510 521 573 621 627
42 46 50 56 104 107 116 118 180 188 193 196 320 326 334 336 482
 489 493 496 511 527 596 604 613 626
40 45 51 57 103 109 117 119 181 186 191 195 321 329 333 335 483
 488 491 499 512 528 597 600 614 626
43 48 54 58 101 106 112 114 184 185 190 199 324 325 330 339 481
 485 492 497 513 525 599 603 610 626
44 49 52 55 102 105 110 115 182 187 194 198 322 328 331 338 480
 487 494 498 510 529 595 602 612 626
41 47 53 59 100 108 111 113 183 189 192 197 323 327 332 337 484
 486 490 495 514 526 598 601 611 626
6 9 14 19 44 48 51 56 62 66 70 76 145 147 153 157 467
 469 472 478 514 538 569 605 615 630
7 11 12 18 42 49 53 57 64 65 74 75 142 148 155 158 465
 468 473 479 513 536 567 609 617 630
8 10 13 17 40 46 54 59 60 67 72 77 144 149 151 159 464
 466 474 477 510 539 568 606 618 630
1 2 5 15 41 45 52 58 61 68 73 79 141 146 150 152 460
 461 471 476 511 535 566 607 619 630
0 3 4 16 43 47 50 55 63 69 71 78 140 143 154 156 462
 463 470 475 512 537 565 608 616 630
17 61 81 116 136 157 172 183 219 234 251 285 300 322 340 366 405
 432 470 499 513 543 545 552 559 636
11 79 93 107 130 144 160 187 200 229 241 296 307 330 346 364 417
 436 467 484 512 543 548 551 557 650
9 77 99 105 131 142 161 185 201 228 248 295 308 332 348 364 403
 437 462 483 511 541 547 550 559 647
12 69 86 103 125 153 176 192 206 239 256 280 312 325 351 367 415
 426 477 494 511 540 545 551 556 645
4 67 87 102 128 152 178 193 208 235 258 284 314 329 355 367 408
 424 478 490 513 541 549 553 557 644
15 63 80 119 137 158 173 184 217 230 250 289 302 320 343 366 412
 431 472 495 510 540 547 554 557 638
3 75 95 106 133 145 164 189 203 226 249 298 305 333 349 364 400
 434 460 482 510 544 545 553 558 648
6 71 92 117 122 149 169 198 213 224 242 290 315 337 352 365 406
 420 461 489 513 540 548 550 558 633
7 70 98 113 124 146 167 196 212 223 247 294 317 339 353 365 407
 425 463 488 510 542 549 551 559 631
13 66 89 100 127 155 175 190 205 238 257 281 313 328 357 367 402
 427 476 493 512 542 547 552 558 641
0 73 91 118 121 148 168 199 214 221 243 292 316 335 356 365 410
 422 464 487 514 543 547 553 556 639
10 78 90 109 132 141 165 188 202 227 240 297 306 331 345 364 416
 430 465 481 514 540 549 552 555 646
18 60 82 115 139 154 174 181 218 232 253 286 301 324 342 366 404
 435 471 496 514 541 546 551 558 632
14 68 85 104 126 156 177 191 207 237 255 283 310 327 350 367 414
 421 479 492 510 543 546 550 555 642
16 62 83 111 135 151 171 182 216 231 254 287 303 321 344 366 409
 438 473 497 511 542 548 553 555 640
5 65 88 101 129 159 179 194 209 236 259 282 311 326 358 367 401
 423 475 491 514 544 548 554 559 643
19 64 84 114 138 150 170 180 215 233 252 288 304 323 341 366 418
 439 474 498 512 544 549 550 556 634
1 72 97 110 123 147 162 197 210 220 245 293 319 336 359 365 413
 429 468 485 512 541 545 554 555 637
2 76 94 108 134 143 166 186 204 225 246 299 309 334 347 364 411
 433 466 480 513 542 546 554 556 649
8 74 96 112 120 140 163 195 211 222 244 291 318 338 354 365 419
 428 469 486 511 544 546 552 557 635
14 30 54 61 98 100 148 170 181 222 259 268 319 344 364 379 412
 426 452 489 537 579 591 602 622 644
19 21 55 75 89 111 159 161 188 235 253 262 312 347 365 384 417
 432 458 492 535 579 594 600 621 638
9 29 45 72 83 108 154 169 199 230 240 277 300 353 367 389 419
 434 441 498 536 579 592 604 620 650
17 24 57 79 87 115 156 165 189 239 250 264 311 348 365 385 411
 438 455 493 538 578 591 603 620 634
10 20 48 71 82 105 158 163 196 233 249 279 303 359 367 390 410
 436 443 499 535 578 590 601 622 649
8 36 41 65 99 110 145 175 191 225 247 273 307 355 366 375 415
 420 448 481 537 578 594 604 623 639
3 28 46 74 80 109 150 168 197 234 241 276 301 352 367 387 407
 433 442 497 538 575 594 602 624 647
0 38 44 68 90 117 144 178 190 228 245 271 309 351 366 378 401
 428 446 482 536 575 591 601 621 631
11 26 47 73 84 106 157 167 198 231 246 278 302 354 367 391 413
 437 440 496 539 577 591 600 623 646
6 37 42 69 94 113 141 177 194 229 243 274 305 357 366 380 408
 429 445 483 539 579 590 603 624 635
12 31 52 63 96 101 149 174 183 220 258 269 316 341 364 381 409
 427 450 488 538 577 590 604 621 642
15 22 59 78 85 116 153 166 185 238 254 261 314 346 365 386 400
 439 457 491 536 576 590 602 623 632
13 34 50 62 97 102 146 172 184 221 255 267 315 342 364 377 418
 423 451 486 536 578 593 600 624 645
2 25 49 70 81 107 151 162 195 232 248 275 304 356 367 388 406
 430 444 495 537 576 593 603 621 648
18 23 56 77 88 114 152 160 186 237 251 263 313 349 365 382 416
 431 459 494 537 577 592 601 624 640
16 27 58 76 86 119 155 164 187 236 252 260 310 345 365 383 403
 435 456 490 539 575 593 604 622 636
1 39 43 67 93 118 142 179 192 226 244 270 306 350 366 376 402
 425 447 480 538 576 592 600 622 633
4 32 53 60 92 103 147 171 180 223 257 266 318 343 364 373 405
 421 454 487 535 575 592 603 623 643
7 35 40 66 95 112 143 176 193 227 242 272 308 358 366 372 414
 422 449 484 535 577 593 602 620 637
5 33 51 64 91 104 140 173 182 224 256 265 317 340 364 374 404
 424 453 485 539 576 594 601 620 641
62 67 73 75 80 86 90 92 247 248 251 259 324 327 334 338 441
 449 453 455 512 515 560 581 590 629
60 69 70 79 84 88 95 96 240 245 254 255 320 328 332 335 443
 447 452 456 513 516 564 584 594 629
63 65 72 76 81 85 91 93 242 249 253 257 323 329 331 339 442
 445 451 459 511 517 563 580 591 629
64 68 71 77 83 89 94 98 241 244 250 258 322 325 333 336 440
 448 454 457 514 518 562 583 593 629
61 66 74 78 82 87 97 99 243 246 252 256 321 326 330 337 444
 446 450 458 510 519 561 582 592 629
9 25 78 92 115 124 144 163 183 207 236 263 320 357 379 394 424
 448 460 497 556 580 588 600 617 637
18 21 61 93 102 133 151 165 190 212 224 266 327 354 372 395 429
 443 472 491 556 583 585 604 616 647
17 23 63 90 104 131 150 166 194 211 223 268 325 359 375 395 422
 444 473 490 558 584 587 600 615 650
8 39 70 89 106 128 148 176 187 219 230 276 334 342 385 393 439
 450 461 483 555 580 587 601 616 643
12 33 67 82 117 138 156 171 199 200 225 274 336 349 391 392 430
 456 476 486 559 580 585 602 615 638
0 37 72 87 107 125 146 179 186 216 233 278 332 343 383 393 432
 453 469 481 558 583 589 602 617 642
19 27 60 99 101 134 158 160 192 213 221 265 329 353 380 395 428
 440 470 493 555 581 588 602 619 648
2 26 77 97 111 121 145 169 180 209 239 260 324 350 374 394 427
 445 465 499 557 584 586 602 616 631
3 20 79 91 114 122 142 167 181 208 238 262 322 351 373 394 423
 449 466 495 555 582 589 604 615 635
16 22 64 95 100 132 157 161 191 214 220 267 326 352 378 395 425
 441 471 494 557 580 589 603 618 649
14 34 65 84 118 135 152 173 197 201 227 271 338 347 389 392 436
 457 477 488 558 582 588 603 616 636
13 32 68 81 113 139 153 170 198 202 226 272 335 348 390 392 433
 458 475 485 557 581 587 604 617 640
11 28 76 98 116 120 141 162 184 206 235 264 321 358 381 394 421
 447 462 498 558 581 585 601 618 639
5 30 69 80 112 136 155 174 196 204 228 273 337 346 388 392 434
 459 478 487 555 583 586 600 618 634
10 29 75 96 119 123 143 168 182 205 237 261 323 355 377 394 426
 446 467 496 559 583 587 603 619 633
15 24 62 94 103 130 154 164 193 210 222 269 328 356 376 395 420
 442 474 492 559 582 586 601 617 646
1 38 74 88 105 126 149 175 188 217 231 277 333 340 386 393 435
 451 463 484 556 581 586 603 615 644
7 36 71 86 108 129 147 177 185 218 234 275 331 341 382 393 438
 452 464 482 557 582 585 600 619 641
4 31 66 83 110 137 159 172 195 203 229 270 339 345 387 392 437
 455 479 489 556 584 589 601 619 632
6 35 73 85 109 127 140 178 189 215 232 279 330 344 384 393 431
 454 468 480 559 584 588 604 618 645
23 26 31 35 41 46 51 55 264 266 274 275 376 379 383 390 441
 446 451 457 513 544 547 551 555 628
27 28 32 38 42 48 52 59 262 267 270 278 372 374 385 389 444
 448 452 459 512 540 546 553 559 628
22 25 33 39 44 47 54 57 260 269 273 277 377 380 382 387 443
 449 454 458 511 543 549 554 558 628
20 24 34 36 43 45 53 56 261 268 272 276 378 381 384 388 440
 445 453 456 510 541 548 552 556 628
21 29 30 37 40 49 50 58 263 265 271 279 373 375 386 391 442
 447 450 455 514 542 545 550 557 628
15 36 57 76 90 112 138 159 167 182 213 232 241 267 283 316 332
 357 390 503 505 545 592 613 616 644
9 33 49 71 97 101 133 150 176 188 208 229 247 261 287 313 335
 343 376 502 505 546 591 611 618 636
0 21 42 67 85 114 120 145 174 197 219 223 256 277 297 302 328
 348 379 500 505 548 593 614 619 649
16 39 59 75 94 110 139 152 163 180 212 234 240 265 280 315 330
 358 388 503 507 547 591 614 615 642
10 30 45 74 92 104 130 157 179 189 206 225 245 262 286 314 339
 341 380 502 508 547 593 612 616 640
1 27 44 65 87 111 124 143 170 195 218 224 255 276 296 300 325
 349 373 500 509 547 590 613 618 646
14 20 50 64 81 109 125 149 164 194 200 235 254 273 294 309 324
 354 385 501 506 547 592 611 619 637
6 23 40 68 86 115 123 142 172 199 217 222 257 278 299 303 326
 346 381 500 507 549 594 611 616 648
18 37 55 79 99 117 137 153 168 183 210 231 249 268 282 318 334
 350 389 503 506 549 593 610 618 641
4 26 52 62 82 107 126 148 166 190 201 236 250 272 290 306 323
 353 382 501 508 545 594 614 618 635
11 32 46 70 91 102 131 154 175 186 207 227 244 260 288 311 337
 344 378 502 507 545 590 610 619 638
7 24 41 69 89 116 121 144 173 198 216 220 259 279 298 304 329
 345 377 500 508 546 592 610 615 647
5 29 54 63 84 105 128 147 165 192 203 238 251 274 292 307 321
 352 384 501 507 546 593 613 617 631
2 31 47 72 98 103 132 158 178 185 205 226 243 263 285 310 338
 342 372 502 506 548 594 613 615 634
19 38 58 77 95 118 136 156 162 181 211 230 246 266 281 317 331
 355 387 503 508 548 590 611 617 645
8 22 43 66 88 119 122 141 171 196 215 221 258 275 295 301 327
 347 374 500 506 545 591 612 617 650
17 35 56 78 93 113 135 155 169 184 214 233 248 269 284 319 333
 351 391 503 509 546 594 612 619 643
12 25 51 60 80 108 127 146 161 193 202 237 252 270 291 305 322
 359 386 501 509 548 591 610 616 639
3 34 48 73 96 100 134 151 177 187 209 228 242 264 289 312 336
 340 375 502 509 549 592 614 617 632
13 28 53 61 83 106 129 140 160 191 204 239 253 271 293 308 320
 356 383 501 505 549 590 612 615 633
