625 626 627 628 629 630 631 632 633 634 635 636 637 638 639 640 641
 642 643 644 645 646 647 648 649 650
35 36 37 38 51 52 53 54 55 56 79 80 81 82 95 96 97
 98 99 100 111 112 113 123 126 625
39 40 41 42 57 58 59 60 61 62 83 84 85 86 101 102 103
 104 105 106 114 115 116 124 125 625
25 28 29 31 33 43 47 49 50 63 67 69 70 74 76 77 88
 89 92 94 109 110 117 119 120 625
26 27 30 32 34 44 45 46 48 64 68 71 72 73 75 78 87
 90 91 93 107 108 118 121 122 625
130 134 137 143 150 154 164 166 169 174 200 201 202 203 204 225 226
 227 228 247 248 249 250 251 252 625
136 144 146 148 153 156 159 160 163 165 180 183 191 192 195 206 208
 210 212 229 230 232 234 237 254 625
129 131 135 138 142 152 167 170 171 175 181 182 190 193 194 205 207
 209 211 231 233 235 236 238 253 625
128 132 139 141 151 155 161 168 172 177 185 187 188 196 199 215 217
 218 219 221 223 239 241 244 245 625
133 140 145 147 149 157 158 162 173 176 184 186 189 197 198 213 214
 216 220 222 224 240 242 243 246 625
66 83 89 91 97 182 185 195 197 201 307 316 332 335 353 362 363
 385 386 387 465 468 483 484 486 637
65 84 90 92 98 183 184 194 196 201 318 321 344 347 354 368 369
 393 394 395 466 467 481 482 485 636
66 67 87 95 101 180 184 187 190 200 306 308 311 315 336 355 356
 377 378 379 457 458 459 474 504 641
65 68 88 96 102 181 185 186 191 200 317 320 325 328 351 357 358
 380 381 382 455 456 460 473 503 640
66 78 86 94 100 181 183 189 199 203 305 310 314 333 337 374 375
 376 401 402 498 499 500 501 502 645
65 77 93 99 106 180 182 188 198 203 319 322 326 346 350 371 372
 373 399 400 493 494 495 496 497 639
66 70 71 79 103 191 193 196 198 204 309 329 334 339 340 359 360
 361 383 384 463 464 477 478 479 642
65 69 72 80 104 190 192 197 199 204 324 341 343 348 352 365 366
 367 391 392 461 462 475 476 480 643
65 75 76 82 105 187 189 193 195 202 323 327 342 345 349 370 396
 397 398 404 471 472 490 491 492 638
66 73 74 81 85 186 188 192 194 202 312 313 330 331 338 364 388
 389 390 403 469 470 487 488 489 644
65 66 127 178 179 605 606 607 608 609 610 611 612 613 614 615 616
 617 618 619 620 621 622 623 624 625
73 89 95 103 132 135 158 163 166 178 455 475 481 490 493 531 532
 540 546 549 571 592 599 600 602 645
72 88 98 105 145 148 154 155 170 179 464 470 486 502 504 549 550
 551 552 553 555 559 560 564 565 639
80 92 93 102 144 150 152 157 177 179 463 468 469 474 501 538 539
 546 547 548 557 562 566 583 587 638
71 74 100 101 130 138 141 160 162 178 460 467 480 492 497 536 537
 539 545 553 579 593 595 601 604 637
70 86 87 97 128 131 137 140 165 178 462 472 485 496 503 542 543
 544 548 552 568 572 573 574 580 644
79 85 91 94 129 134 136 139 176 178 461 466 471 473 495 534 535
 541 547 551 570 575 578 594 598 641
76 90 96 106 149 153 168 169 175 179 459 479 484 489 500 532 533
 541 544 545 558 581 588 589 590 643
68 77 82 104 146 151 167 173 174 179 458 478 483 488 499 531 535
 537 543 554 556 561 567 585 586 636
69 75 84 99 143 147 156 171 172 179 457 465 477 487 498 530 534
 536 540 542 563 582 584 591 603 640
67 78 81 83 133 142 159 161 164 178 456 476 482 491 494 530 533
 538 550 554 569 576 577 596 597 642
47 54 60 64 127 144 155 169 171 173 270 274 275 284 299 315 330
 332 333 339 455 466 476 492 496 633
46 53 59 63 127 129 140 160 161 166 255 259 260 267 292 320 342
 344 346 352 459 468 478 487 502 632
34 50 56 62 127 147 148 152 168 174 271 276 281 282 297 307 310
 311 338 340 467 475 491 495 503 629
38 42 48 49 127 145 146 150 172 175 272 277 280 302 304 306 309
 312 316 337 460 461 472 481 494 628
29 40 45 52 127 131 136 141 158 164 256 261 265 269 288 318 326
 328 343 349 465 479 488 501 504 631
27 28 51 58 127 132 137 138 159 176 263 285 287 289 293 322 341
 345 347 351 458 469 477 486 500 627
36 39 43 44 127 128 134 142 162 163 257 262 268 290 303 317 321
 324 327 350 457 463 470 484 499 626
32 33 37 61 127 143 151 153 157 170 273 279 283 295 298 305 308
 313 334 353 462 473 482 490 497 635
30 31 41 55 127 149 154 156 167 177 278 294 296 300 301 314 329
 331 335 336 456 471 480 485 493 634
25 26 35 57 127 130 133 135 139 165 258 264 266 286 291 319 323
 325 348 354 464 474 483 489 498 630
255 263 274 277 281 283 288 290 291 294 355 360 368 382 387 392 397
 399 402 403 533 534 537 548 549 625
259 262 266 269 270 278 285 297 298 302 357 362 366 379 384 389 395
 400 401 404 530 531 539 544 551 625
256 258 260 268 279 282 289 296 299 304 365 370 372 375 378 380 383
 385 388 394 538 540 541 543 553 625
264 265 271 273 275 280 287 292 301 303 359 364 371 374 377 381 386
 391 393 396 535 542 545 546 550 625
257 261 267 272 276 284 286 293 295 300 356 358 361 363 367 369 373
 376 390 398 532 536 547 552 554 625
73 94 97 101 127 205 229 239 240 247 357 369 370 371 392 405 406
 437 438 439 556 558 564 566 603 642
67 91 100 103 127 208 218 226 242 253 366 373 381 394 397 417 418
 419 420 444 565 582 585 587 589 644
76 93 98 104 127 212 238 245 246 252 355 363 364 375 384 435 436
 450 451 452 569 571 575 580 604 640
68 92 99 105 127 211 224 228 244 254 360 376 378 386 389 431 432
 433 434 449 574 593 596 598 602 643
69 82 90 102 127 222 223 236 237 251 359 379 385 390 402 428 429
 430 448 454 572 578 592 597 601 639
71 81 86 89 127 216 217 232 233 249 365 382 393 398 400 414 415
 416 443 453 559 562 581 586 591 641
74 79 83 87 127 214 215 225 230 231 367 380 395 396 399 409 410
 411 412 413 555 563 567 583 588 645
70 78 85 95 127 206 207 213 241 248 358 368 372 391 404 407 408
 440 441 442 557 560 561 584 590 637
72 77 84 96 127 209 210 221 243 250 356 362 374 383 403 426 427
 445 446 447 570 573 577 595 600 638
75 80 88 106 127 219 220 227 234 235 361 377 387 388 401 421 422
 423 424 425 568 576 579 594 599 636
8 16 17 19 24 30 50 54 61 178 211 222 234 245 250 358 365
 371 395 397 459 464 465 469 499 628
14 21 22 23 24 28 39 45 53 179 208 217 231 240 248 356 359
 375 387 389 455 462 467 471 494 630
0 3 5 15 21 47 48 55 62 178 219 236 243 252 254 366 369
 372 382 396 457 478 486 489 501 635
1 2 4 15 16 43 46 51 57 179 214 232 241 247 253 360 363
 374 379 388 460 476 485 490 495 631
5 12 13 19 20 29 35 44 59 179 207 215 216 226 229 376 377
 384 385 403 456 466 472 475 497 627
4 10 11 20 23 34 37 41 49 178 210 220 223 228 238 373 380
 392 393 404 458 468 470 479 498 633
3 8 9 11 18 26 52 58 63 179 205 213 218 230 249 355 383
 386 390 401 473 480 481 491 496 626
2 7 13 14 18 33 42 56 64 178 212 221 224 235 251 357 391
 394 398 399 474 477 484 488 502 634
1 6 9 12 22 31 32 38 60 178 209 227 237 244 246 367 368
 370 381 400 463 483 487 500 504 629
0 6 7 10 17 25 27 36 40 179 206 225 233 239 242 361 362
 364 378 402 461 482 492 493 503 632
5 10 16 18 22 65 81 87 94 103 144 149 170 172 174 259 261
 289 291 303 422 428 432 435 446 637
4 12 17 18 21 66 82 84 88 93 129 132 162 164 165 274 276
 298 301 304 406 413 416 420 442 643
3 6 13 16 23 66 77 80 90 105 134 135 140 141 159 271 272
 278 283 299 409 417 437 440 453 640
2 6 11 19 21 65 78 79 89 101 147 150 153 155 167 256 257
 263 266 292 421 431 445 450 454 644
0 2 8 20 22 66 72 76 99 102 130 131 161 163 176 275 281
 295 296 302 405 412 415 419 441 636
7 8 12 15 23 65 67 71 85 97 146 154 157 168 171 255 258
 262 265 293 425 427 430 434 452 645
1 3 14 17 20 65 70 73 83 100 143 148 173 175 177 260 269
 286 287 290 424 429 433 436 447 641
9 10 14 15 19 66 68 69 98 106 137 139 142 158 160 270 273
 277 282 300 408 411 414 418 439 638
1 5 7 11 24 66 75 92 96 104 128 133 136 138 166 279 280
 284 294 297 407 410 438 443 444 639
0 4 9 13 24 65 74 86 91 95 145 151 152 156 169 264 267
 268 285 288 423 426 448 449 451 642
411 415 417 424 427 432 438 442 448 450 458 464 466 480 484 487 490
 494 501 503 513 521 522 524 525 625
408 412 420 425 429 431 437 443 446 451 456 462 468 477 481 489 492
 495 499 504 514 519 520 523 526 625
405 413 414 423 434 435 440 444 447 454 460 465 470 471 474 475 478
 482 496 500 505 507 510 511 518 625
406 410 418 422 430 436 441 445 449 453 457 467 469 472 473 476 479
 483 493 502 506 508 509 512 517 625
407 409 416 419 421 426 428 433 439 452 455 459 461 463 485 486 488
 491 497 498 515 516 527 528 529 625
40 44 51 63 178 181 187 192 198 201 280 281 298 299 300 422 431
 447 448 452 561 562 563 564 589 630
49 55 61 64 179 180 186 193 199 201 268 269 291 292 293 413 417
 439 441 443 577 578 579 580 602 629
37 48 50 60 179 187 191 194 197 203 255 256 285 286 303 410 414
 419 437 442 568 569 570 592 593 634
35 43 45 58 178 186 190 195 196 203 270 271 294 295 304 423 430
 433 446 450 555 556 557 581 582 632
30 33 38 62 179 181 184 188 195 204 257 258 259 287 288 406 408
 409 415 444 571 572 594 595 596 633
26 28 36 59 178 180 185 189 194 204 272 273 274 296 297 421 427
 429 435 449 558 559 583 584 585 631
31 34 42 54 179 182 189 192 196 200 265 266 267 289 290 405 407
 411 420 453 574 575 576 600 601 635
27 29 53 57 178 183 188 193 197 200 282 283 284 301 302 425 426
 432 436 454 565 566 567 590 591 626
32 41 47 56 179 183 185 190 198 202 260 261 262 263 264 412 416
 418 438 440 573 597 598 599 604 628
25 39 46 52 178 182 184 191 199 202 275 276 277 278 279 424 428
 434 445 451 560 586 587 588 603 627
6 15 18 20 24 305 309 315 319 320 324 335 338 347 349 564 580
 582 583 586 590 593 594 597 600 625
3 4 7 19 22 307 308 312 314 317 339 343 345 346 354 555 558
 561 573 575 579 587 591 592 596 625
2 5 9 17 23 306 318 322 325 327 331 333 340 352 353 560 563
 566 568 571 577 581 585 598 601 625
0 11 12 14 16 310 316 323 328 330 334 336 341 344 350 556 562
 565 570 572 576 584 588 602 604 625
1 8 10 13 21 311 313 321 326 329 332 337 342 348 351 557 559
 567 569 574 578 589 595 599 603 625
25 44 53 58 66 148 157 167 169 172 358 392 394 396 400 508 513
 516 518 523 568 578 596 600 604 631
32 49 54 62 65 131 139 159 162 166 356 384 386 388 402 507 514
 516 517 524 555 562 585 590 603 634
27 43 52 59 66 145 153 171 174 177 366 368 371 380 398 506 507
 515 520 521 570 571 574 579 597 630
31 48 56 61 65 128 135 160 164 176 360 362 375 377 390 505 508
 515 519 522 557 558 563 565 586 633
36 45 57 63 66 150 156 168 170 173 357 367 372 393 397 511 512
 514 522 528 569 573 594 601 602 627
33 34 55 60 65 129 133 137 141 163 359 363 378 401 403 512 518
 521 526 527 564 567 581 584 587 628
38 41 50 64 65 134 138 158 161 165 355 361 374 385 389 509 510
 513 520 528 556 560 583 589 591 635
28 35 40 46 66 143 146 149 152 155 370 373 382 391 395 505 509
 524 526 529 572 575 577 593 599 626
30 37 42 47 65 130 132 136 140 142 364 376 379 383 387 506 511
 523 525 529 559 561 566 582 588 629
26 29 39 51 66 144 147 151 154 175 365 369 381 399 404 510 517
 519 525 527 576 580 592 595 598 632
88 90 99 104 178 205 206 214 217 226 259 263 265 268 286 305 312
 332 336 340 507 512 513 519 529 638
69 93 96 105 178 216 230 239 248 253 256 262 267 287 291 307 315
 331 334 337 506 510 516 522 526 636
85 87 89 100 179 209 212 219 222 228 274 278 280 282 295 319 327
 343 344 351 508 510 514 521 529 642
70 81 91 101 179 234 238 243 244 251 273 276 294 299 302 321 325
 341 346 349 511 513 515 517 526 645
71 83 94 95 179 223 235 246 250 254 271 277 284 296 298 318 320
 345 348 350 505 512 516 520 525 644
75 77 98 102 178 208 213 215 233 247 260 266 288 293 303 306 310
 313 335 339 508 511 520 524 527 643
74 78 97 103 179 211 220 221 237 252 275 283 297 300 304 317 323
 326 347 352 507 509 522 523 527 641
72 82 92 106 178 229 231 241 242 249 258 261 285 290 292 308 316
 329 333 338 509 514 515 518 525 640
68 76 80 84 178 207 218 225 232 240 255 257 264 269 289 309 311
 314 330 353 505 517 521 523 528 639
67 73 79 86 179 210 224 227 236 245 270 272 279 281 301 322 324
 328 342 354 506 518 519 524 528 637
66 109 111 121 124 221 228 234 236 246 262 286 288 289 292 471 476
 481 497 503 558 560 562 567 582 649
65 107 111 117 125 213 226 231 232 239 277 295 297 299 301 469 478
 484 498 504 571 573 576 578 593 650
65 115 118 119 126 207 217 230 242 247 271 274 279 300 302 474 479
 486 487 499 570 580 596 599 601 649
66 120 122 125 126 210 222 235 244 252 256 259 264 290 293 473 475
 485 492 494 557 564 585 588 591 647
66 113 116 117 118 211 212 223 227 243 257 260 265 285 291 456 461
 467 490 496 561 565 581 583 603 646
65 113 114 120 121 205 208 216 225 241 272 275 282 294 298 458 463
 465 489 502 574 577 592 594 604 648
66 107 110 112 115 209 220 245 251 254 255 261 266 268 287 460 462
 466 491 493 555 566 584 586 589 648
65 108 109 112 116 206 215 240 249 253 270 276 280 283 296 457 464
 468 488 500 568 575 595 597 602 647
66 108 114 119 123 219 224 237 238 250 258 263 267 269 303 455 472
 480 482 495 556 559 563 587 590 650
65 110 122 123 124 214 218 229 233 248 273 278 281 284 304 459 470
 477 483 501 569 572 579 598 600 646
107 116 120 123 146 147 169 170 177 178 320 321 322 323 343 356 360
 364 385 401 406 407 412 414 417 649
109 118 123 125 141 142 165 166 176 179 313 314 315 316 340 358 366
 370 393 399 424 426 430 431 435 648
112 114 117 122 138 139 140 163 164 179 336 337 338 339 353 372 381
 392 395 398 425 428 447 449 450 649
112 119 121 125 155 156 157 174 175 178 349 350 351 352 354 374 378
 384 387 390 411 416 437 441 444 646
110 116 121 126 135 136 137 161 162 179 311 312 333 334 335 369 380
 391 397 400 423 429 432 445 452 650
108 117 124 126 152 153 154 172 173 178 327 328 346 347 348 363 377
 383 389 402 410 415 420 439 440 648
110 111 114 118 143 144 145 167 168 178 317 318 319 341 342 355 359
 362 376 388 408 413 419 438 453 647
108 111 115 120 128 129 130 158 159 179 305 306 307 329 330 357 365
 368 373 396 422 427 433 451 454 646
109 113 115 122 148 149 150 151 171 178 324 325 326 344 345 361 375
 379 386 403 405 409 418 442 443 650
107 113 119 124 131 132 133 134 160 179 308 309 310 331 332 367 371
 382 394 404 421 434 436 446 448 647
25 45 51 59 65 209 223 224 234 252 308 330 335 337 340 412 439
 442 444 453 531 534 538 545 552 626
28 44 52 57 65 210 211 219 246 251 306 314 332 334 338 405 408
 410 416 417 539 541 542 549 554 632
30 49 56 60 66 207 208 214 239 249 317 322 344 348 349 423 427
 428 431 436 534 544 546 553 554 635
26 40 43 53 65 212 220 236 244 250 310 312 315 329 353 407 413
 415 418 437 530 532 535 548 553 627
29 36 46 58 65 221 222 227 238 254 307 309 313 333 336 409 414
 420 438 441 537 540 544 547 550 630
33 41 48 54 66 205 215 232 242 248 320 326 327 341 354 422 426
 429 434 450 532 537 538 542 551 629
32 42 50 55 66 206 216 218 231 247 325 342 343 347 350 424 446
 449 452 454 533 535 539 540 552 633
34 38 47 61 66 213 217 225 229 253 318 323 324 346 351 421 430
 432 447 451 530 543 545 547 549 634
31 37 62 64 66 226 230 233 240 241 319 321 328 345 352 425 433
 435 445 448 531 536 541 548 550 628
27 35 39 63 65 228 235 237 243 245 305 311 316 331 339 406 411
 419 440 443 533 536 543 546 551 631
24 63 64 106 126 176 177 204 253 254 303 304 353 354 403 404 453
 454 503 504 529 554 603 604 624 645
24 56 58 71 109 163 173 182 241 252 291 301 306 343 376 380 421
 437 482 487 517 551 572 589 616 638
5 52 60 93 109 135 168 195 242 250 268 273 309 351 389 392 412
 454 485 502 524 536 561 576 612 641
4 36 42 72 109 137 167 198 217 237 255 284 310 349 377 395 417
 433 473 489 510 538 571 603 621 637
4 27 33 103 126 150 160 199 231 246 265 294 319 330 358 385 437
 447 457 491 524 544 559 598 620 636
5 26 31 83 126 134 171 198 234 239 282 285 305 342 356 393 441
 450 460 488 523 549 572 587 617 643
24 46 47 103 112 141 147 203 230 235 258 273 312 327 362 368 405
 436 456 458 528 552 562 578 621 643
24 51 62 93 120 140 153 193 221 249 265 277 314 325 367 378 419
 429 466 470 508 530 556 599 617 637
24 37 44 77 125 158 171 196 206 227 287 302 311 323 363 382 413
 428 480 502 514 538 558 598 610 644
24 29 41 79 108 137 157 180 233 244 275 286 337 344 366 388 406
 446 484 491 505 549 561 601 622 640
24 32 36 70 116 129 149 188 210 226 266 271 316 351 355 398 434
 439 476 501 523 553 563 592 618 636
24 31 40 99 122 162 174 191 215 238 272 292 330 348 394 401 408
 430 486 490 510 533 566 573 607 641
14 46 50 101 126 131 151 195 213 228 272 291 317 329 364 366 416
 425 466 500 512 538 563 600 605 639
8 45 47 86 126 133 148 194 221 226 257 298 306 341 360 370 411
 428 468 493 510 535 579 590 612 640
8 53 62 90 109 136 143 199 207 224 266 304 331 350 363 381 414
 422 458 492 515 549 573 583 605 642
19 32 53 74 125 133 154 195 238 241 281 289 318 337 357 361 417
 429 457 496 529 546 570 586 615 643
6 35 41 68 109 144 162 194 219 247 281 287 308 352 383 398 407
 451 465 494 512 544 565 578 617 645
23 40 50 96 108 142 145 199 226 254 260 274 308 323 390 400 405
 450 477 485 517 546 567 594 606 637
15 26 56 76 116 140 167 199 228 229 298 303 328 332 361 368 426
 444 469 494 526 540 555 601 610 641
19 31 39 82 108 166 168 194 220 232 291 302 322 332 378 391 409
 447 473 501 520 552 582 604 623 642
6 44 49 85 126 132 149 200 232 236 260 275 307 318 399 401 444
 449 462 464 515 536 556 569 621 638
15 42 63 100 122 134 147 195 207 223 261 301 313 341 378 400 410
 451 455 464 507 548 558 577 622 636
3 54 59 87 109 138 154 186 208 244 257 277 305 323 362 391 416
 448 479 495 518 540 566 569 624 636
14 51 61 75 109 145 161 200 230 238 261 278 332 354 372 402 406
 427 463 475 523 535 581 593 620 644
2 37 39 73 109 139 152 183 222 225 265 299 320 329 355 400 444
 446 472 486 522 554 579 584 613 643
23 30 36 94 125 152 160 200 216 219 286 304 339 341 368 386 412
 445 488 490 518 530 580 589 623 639
20 38 40 87 120 157 160 194 218 251 263 271 317 333 363 372 426
 443 464 471 506 531 576 603 616 643
20 25 32 84 112 158 168 200 205 212 292 299 331 345 360 366 410
 423 494 499 527 547 559 572 624 637
3 29 30 102 126 146 166 187 209 240 263 273 338 350 361 394 413
 451 476 498 522 551 574 581 609 637
2 28 34 84 126 142 169 186 206 245 258 278 337 349 367 386 422
 438 478 497 520 548 565 592 616 641
20 43 62 95 121 149 164 183 231 245 273 293 323 332 357 383 431
 453 461 487 510 537 568 587 622 639
20 46 55 92 115 162 170 187 208 250 265 270 337 341 390 399 421
 440 483 503 523 541 571 591 610 642
15 34 35 94 124 138 145 187 212 249 269 275 321 334 358 387 409
 454 487 493 519 538 573 585 618 643
15 49 59 82 118 133 169 183 218 235 287 295 326 336 365 389 437
 445 463 503 511 549 563 575 607 637
19 26 47 85 111 163 174 187 224 233 283 287 316 320 367 375 420
 423 479 485 513 539 577 603 620 639
23 33 46 86 111 164 175 186 218 237 266 296 315 321 361 371 410
 432 475 486 514 534 561 604 617 638
23 42 51 68 119 129 177 183 213 227 256 275 338 348 362 397 435
 443 457 497 513 532 555 572 612 642
19 52 62 75 119 130 170 186 212 239 272 290 336 347 359 400 426
 442 468 476 505 543 589 598 621 645
21 30 63 104 112 145 159 194 227 241 262 295 310 325 385 399 432
 439 479 492 505 542 587 600 613 641
3 53 60 68 120 152 164 184 215 234 291 295 316 324 374 404 438
 452 477 493 507 541 559 601 621 644
13 43 60 79 122 131 146 200 217 243 287 297 314 319 390 397 422
 439 468 482 525 540 560 604 619 643
4 50 59 80 121 130 172 193 230 243 263 270 313 318 375 381 407
 434 484 493 514 554 564 572 623 641
4 62 63 79 118 128 154 190 216 234 269 283 333 351 364 394 405
 428 483 494 520 532 584 593 608 638
16 28 64 102 112 128 167 195 225 243 277 286 308 326 393 401 420
 452 475 487 506 553 590 598 614 642
11 25 62 81 122 160 177 198 211 247 268 295 315 318 387 391 420
 427 472 500 528 551 567 592 610 640
5 34 53 89 115 165 175 203 214 221 293 299 308 328 364 397 408
 449 463 480 505 551 597 603 623 636
13 38 46 88 116 163 168 198 236 248 269 294 308 347 365 386 411
 435 492 498 508 554 566 570 622 644
1 35 64 67 125 132 153 198 205 250 278 288 317 338 375 396 414
 432 461 468 517 552 584 601 607 636
5 39 49 99 121 129 173 185 212 247 258 283 314 341 361 395 414
 448 491 504 506 545 557 600 606 644
3 31 45 101 112 165 169 185 207 222 281 303 334 347 373 388 434
 443 461 502 525 530 567 571 620 638
2 27 50 85 112 166 170 184 210 217 269 304 335 348 376 396 418
 448 463 496 526 537 558 576 617 640
11 27 55 77 116 139 143 194 214 234 267 275 309 327 357 375 416
 430 475 504 525 548 589 596 611 637
4 30 35 70 115 174 176 192 218 236 256 277 327 332 356 400 425
 438 482 502 527 545 583 602 615 640
13 48 53 70 124 139 144 186 227 253 263 298 335 343 378 393 405
 427 491 499 509 536 571 588 607 639
5 46 56 77 124 142 156 201 217 220 256 295 330 345 355 381 406
 429 461 464 518 539 574 590 608 645
0 35 60 90 119 128 147 204 211 232 293 298 337 346 355 380 418
 424 471 488 514 550 566 600 620 637
21 54 58 73 120 134 156 199 209 214 258 302 318 334 377 398 418
 435 468 503 527 533 561 593 614 639
7 28 60 100 121 139 150 182 213 254 259 281 321 331 365 377 413
 426 479 490 523 552 556 597 608 640
1 33 59 99 108 165 167 200 213 245 271 285 309 343 369 387 418
 428 470 492 522 541 562 577 615 645
0 49 58 98 108 141 144 198 231 251 257 279 320 331 374 397 425
 442 475 483 529 530 558 574 618 641
13 39 47 96 118 160 170 204 214 244 266 301 338 345 373 402 441
 452 465 481 521 538 556 568 615 641
9 27 54 76 115 135 146 204 224 241 260 276 317 336 387 393 410
 446 497 501 510 530 564 578 608 644
16 39 56 91 120 133 155 200 233 254 269 300 312 342 383 392 430
 442 497 500 514 542 571 583 609 636
1 36 41 93 119 159 169 187 231 243 259 282 328 353 376 391 405
 430 464 481 527 534 579 586 605 644
4 26 55 69 124 157 166 191 207 245 290 299 306 326 362 398 412
 432 467 500 529 550 556 594 619 644
5 42 43 97 118 152 158 188 208 228 263 296 334 354 367 401 442
 447 459 492 517 550 578 586 611 640
0 34 52 70 125 134 172 194 208 224 284 292 319 353 365 379 406
 452 456 500 522 537 555 599 606 638
12 40 55 78 109 140 172 204 205 210 285 295 307 321 388 397 411
 436 455 474 520 545 586 598 609 639
2 36 61 90 120 138 172 192 228 240 260 301 315 326 382 384 408
 423 483 491 525 552 570 587 612 645
9 55 59 71 120 132 175 195 220 248 279 303 311 319 395 402 405
 431 476 488 513 547 565 573 613 640
0 31 44 103 111 138 155 183 214 250 255 276 313 343 386 404 429
 439 474 494 506 543 581 594 605 640
1 27 49 101 111 140 156 182 219 248 261 270 323 340 394 403 415
 452 473 499 505 550 583 592 612 643
7 34 43 106 112 130 144 199 211 216 288 301 309 344 356 370 429
 440 473 486 513 531 563 569 609 644
5 40 54 91 119 161 167 180 246 249 287 304 313 324 357 360 425
 440 467 498 521 552 588 592 613 638
5 25 30 106 111 131 150 197 230 244 260 298 311 347 374 398 417
 430 455 470 519 537 575 584 616 642
11 50 57 99 118 132 146 186 233 252 261 299 324 353 368 377 411
 429 471 502 516 544 587 595 618 642
11 30 51 74 124 164 168 182 206 243 272 303 320 333 370 384 418
 433 462 474 521 549 578 591 606 636
9 25 61 79 121 140 171 187 232 251 290 304 310 343 373 389 435
 438 456 486 512 546 590 595 611 636
22 44 54 92 116 145 164 195 221 233 263 282 331 348 373 379 424
 437 473 478 528 545 580 584 619 645
12 25 48 104 126 141 170 183 220 249 267 281 339 351 371 379 408
 433 471 484 517 540 577 583 614 644
10 32 43 105 126 147 165 182 215 251 269 284 336 352 375 382 419
 427 469 481 518 545 561 594 613 642
7 37 57 78 120 131 174 198 229 245 267 274 335 341 381 389 409
 424 457 481 505 553 578 581 624 638
7 38 45 77 115 137 147 183 205 219 291 296 342 353 358 384 420
 448 470 476 515 546 588 593 619 641
22 29 61 97 122 132 169 194 212 242 266 277 340 342 374 380 433
 440 457 480 526 554 562 594 608 639
17 28 41 95 122 133 170 199 227 230 255 299 316 317 369 384 415
 454 488 495 508 545 574 582 611 638
4 38 39 71 119 135 143 197 206 221 261 281 315 344 396 401 439
 450 456 469 511 541 574 585 624 639
10 38 57 91 109 153 164 187 216 235 260 297 322 330 359 369 434
 441 480 499 529 548 555 600 614 640
9 29 48 105 112 129 143 198 208 223 289 297 324 332 358 364 415
 445 474 485 514 533 556 579 616 645
4 28 32 104 111 134 148 196 235 242 275 291 328 335 372 390 414
 431 459 472 521 530 566 595 609 645
17 37 45 69 116 138 144 200 218 246 258 272 310 346 396 403 431
 441 484 485 507 551 586 599 608 642
15 36 60 75 117 148 176 181 245 248 283 292 312 318 373 385 416
 446 474 480 517 531 574 588 617 642
14 29 60 95 118 159 172 189 225 236 258 276 335 352 360 371 443
 450 470 473 529 539 573 589 610 636
15 27 31 86 123 161 173 202 208 211 256 271 308 325 384 392 413
 422 481 484 529 547 584 595 621 639
6 33 58 96 121 154 158 192 211 217 276 303 316 342 372 379 412
 436 466 498 505 548 579 585 607 642
14 38 44 76 124 141 174 190 242 254 293 301 305 325 388 395 407
 445 468 496 522 534 559 592 611 642
6 52 64 74 115 142 157 185 234 248 259 301 310 348 360 369 419
 447 458 472 514 540 575 581 618 639
8 27 37 92 124 155 165 189 209 247 259 277 307 324 359 372 417
 423 456 488 517 532 563 604 622 641
6 43 48 102 111 133 151 202 207 210 265 282 333 346 387 395 406
 435 477 480 516 552 589 602 624 641
21 44 56 69 115 136 177 186 225 238 283 285 319 339 370 374 415
 434 459 481 512 552 576 585 622 637
6 55 57 73 119 136 145 181 215 228 255 273 340 345 356 365 420
 428 484 496 509 530 557 604 616 636
16 41 63 97 121 151 163 186 209 226 256 284 309 322 396 402 408
 424 467 474 515 530 559 575 610 643
22 36 64 89 124 140 143 183 211 215 258 294 311 322 366 390 442
 451 460 479 516 535 564 576 615 638
17 32 52 67 124 163 167 204 223 240 267 282 312 323 374 399 422
 443 466 486 511 544 557 593 623 640
8 25 41 100 118 129 153 201 241 246 270 303 312 349 356 382 409
 449 475 477 522 543 566 576 619 639
17 31 58 80 118 131 147 187 210 248 268 277 339 344 357 363 432
 444 489 497 509 535 559 597 606 645
22 33 40 98 118 134 177 182 222 229 255 297 325 337 383 396 416
 423 458 476 519 536 590 602 623 644
21 29 42 81 121 138 148 204 220 239 264 278 308 320 363 368 419
 430 496 499 524 541 563 602 619 638
16 26 37 88 115 161 169 182 216 237 257 280 318 338 366 378 436
 439 471 477 524 537 557 573 611 645
20 42 52 90 110 133 156 190 225 244 274 303 307 322 358 375 425
 439 478 490 509 551 562 595 617 644
20 26 33 101 113 128 145 201 206 209 289 301 339 352 389 397 414
 430 495 501 516 554 588 599 621 640
12 53 64 94 116 130 151 190 222 232 287 300 340 349 362 372 410
 421 470 481 524 533 574 587 606 640
2 60 63 81 108 162 175 196 229 252 282 288 336 345 358 362 417
 434 462 498 506 535 583 599 611 639
10 28 62 97 108 135 156 202 218 222 292 298 324 339 376 399 407
 436 460 504 513 538 570 581 619 636
2 35 48 74 116 159 171 201 213 244 261 279 314 350 359 392 420
 436 459 503 510 531 559 594 623 638
3 27 56 88 125 130 149 180 223 253 255 279 321 333 367 389 408
 450 465 472 527 535 562 600 619 642
10 50 58 82 122 136 175 201 219 240 262 275 305 346 360 367 426
 453 456 474 524 553 571 584 615 644
2 47 59 98 122 135 157 188 237 249 289 294 307 328 356 404 413
 424 461 499 512 542 589 593 606 642
12 46 54 69 125 128 150 181 212 240 261 271 322 335 383 404 419
 449 482 489 513 549 567 579 611 641
12 33 39 80 122 156 161 189 250 253 282 286 306 347 364 382 431
 438 479 496 515 531 555 578 618 637
2 26 38 92 125 129 148 202 215 243 268 300 334 343 371 402 425
 453 455 458 505 544 569 582 608 637
12 43 61 100 108 136 155 197 235 248 272 289 325 338 355 393 412
 448 478 493 527 544 596 603 610 638
10 30 52 89 116 128 148 189 231 252 255 302 315 354 381 388 440
 448 477 497 512 547 556 577 607 643
3 34 51 67 116 150 158 191 235 239 268 274 313 352 376 395 415
 446 471 483 515 542 590 604 615 639
18 48 51 89 125 131 173 199 225 237 262 273 336 342 373 403 407
 423 464 467 520 541 566 596 618 640
3 25 42 95 108 161 174 181 210 214 262 294 326 353 359 370 414
 421 466 469 514 536 565 580 608 643
3 49 57 96 122 137 155 190 206 224 288 298 327 329 371 385 419
 435 467 487 523 547 576 586 623 645
10 45 55 76 125 151 159 197 211 249 266 274 312 320 377 394 438
 447 463 495 506 536 560 572 622 645
18 47 57 80 108 143 176 195 209 239 265 300 310 321 380 384 443
 449 459 494 518 537 560 592 607 644
17 43 64 104 113 135 154 184 219 229 256 302 313 320 359 373 411
 449 491 500 523 534 562 573 616 637
19 25 64 105 123 156 164 188 213 236 255 280 305 341 363 380 405
 446 463 467 525 544 585 599 609 641
14 34 63 105 111 132 171 180 222 247 257 294 312 348 381 384 412
 426 482 501 509 541 568 586 614 637
22 48 63 84 113 137 153 185 214 238 271 290 315 323 365 376 425
 444 488 493 524 539 560 578 609 642
18 45 50 83 111 139 157 204 229 238 268 280 314 322 379 382 440
 445 487 492 527 532 565 574 621 636
23 32 63 102 123 138 174 189 221 232 268 270 319 329 369 377 436
 442 461 465 526 549 588 596 616 644
8 29 64 84 111 149 160 181 217 252 272 285 327 334 378 392 407
 424 483 495 511 546 555 597 613 644
22 55 58 91 110 142 150 184 223 232 283 286 328 338 371 384 407
 427 492 502 510 543 563 599 624 643
23 29 62 100 107 167 176 185 206 250 279 291 330 346 379 398 411
 423 463 481 509 542 564 569 611 643
18 53 61 72 119 146 158 182 223 226 264 294 327 339 369 388 409
 431 500 503 506 539 569 584 617 641
8 56 59 78 119 137 144 196 236 240 268 278 316 325 364 373 410
 447 490 504 516 537 591 594 614 643
19 40 56 73 117 129 169 189 219 230 293 294 309 350 379 393 419
 432 462 483 507 538 560 595 624 640
16 32 35 89 114 137 177 181 220 230 265 276 306 324 389 394 426
 441 478 492 525 534 558 569 606 639
17 56 57 87 110 141 171 192 226 243 292 296 337 347 387 404 414
 451 463 473 524 532 556 596 613 639
14 37 58 87 119 162 168 202 234 253 266 284 314 326 368 385 415
 449 461 478 519 546 564 577 609 640
23 38 58 78 117 128 170 191 224 247 264 282 332 349 366 403 413
 429 459 493 525 536 562 575 613 636
23 44 55 88 114 131 153 203 222 239 284 289 316 354 360 391 418
 451 487 491 511 531 583 595 608 641
16 31 59 96 107 139 148 197 205 228 293 304 333 349 359 399 415
 451 457 482 528 539 561 599 618 644
19 37 46 76 114 134 173 192 231 244 288 304 340 351 369 401 427
 443 474 493 516 542 565 597 619 637
19 41 43 81 107 141 143 193 237 240 274 285 306 348 372 386 444
 452 502 503 519 547 588 600 608 636
21 40 49 80 107 163 171 202 216 221 259 273 335 354 355 358 410
 433 495 500 525 543 565 601 615 642
21 34 36 74 114 146 161 197 207 251 270 291 305 345 371 383 424
 444 485 504 508 532 562 598 607 640
14 36 48 67 115 155 166 193 229 246 264 295 331 347 380 401 428
 453 465 495 513 548 561 595 606 643
14 40 47 82 121 128 153 184 207 227 267 296 319 340 386 392 417
 446 460 469 527 551 569 591 618 645
8 32 51 94 115 141 156 184 228 233 290 297 309 346 385 391 413
 450 455 489 506 554 565 568 607 638
8 31 57 98 121 152 159 203 223 242 269 280 315 317 398 403 406
 421 462 478 513 540 588 598 615 637
9 41 53 75 110 131 155 191 216 252 258 271 305 321 379 399 420
 447 461 469 521 554 558 602 612 637
9 45 49 103 113 130 167 189 215 254 262 299 338 351 363 391 406
 424 459 482 519 548 570 591 617 639
7 44 50 86 113 143 159 188 220 253 277 292 336 349 369 383 412
 435 455 483 521 551 557 601 620 643
11 42 53 93 117 141 149 202 209 229 270 286 311 317 360 365 441
 448 482 486 520 542 585 594 620 645
7 47 58 99 107 151 164 181 208 246 278 290 311 352 388 393 439
 454 464 472 526 532 570 583 623 637
7 35 61 93 110 134 175 189 210 241 263 300 320 330 366 386 415
 428 467 504 511 540 567 568 621 642
0 30 43 84 123 139 175 191 226 246 261 283 307 342 389 391 421
 443 458 496 508 538 564 601 614 645
1 39 55 87 117 130 146 188 238 242 256 298 310 352 358 386 423
 453 466 477 528 549 558 597 614 638
7 48 52 94 114 162 169 180 209 217 260 283 325 329 363 404 411
 431 469 475 528 550 572 582 615 636
1 61 63 95 107 142 144 203 215 224 265 302 307 347 361 392 416
 445 471 489 521 553 572 585 619 640
1 26 54 77 114 160 172 184 226 235 262 281 314 349 364 380 442
 454 462 486 509 547 581 602 622 642
9 51 64 70 114 136 170 202 242 245 257 296 307 344 377 382 430
 437 494 498 507 539 567 600 623 643
13 25 34 102 113 136 173 193 218 250 259 300 316 322 368 388 416
 450 457 462 510 550 558 593 613 645
0 54 57 71 117 158 177 201 207 237 259 272 308 351 375 399 438
 445 470 491 526 535 568 582 609 643
13 26 50 103 123 153 162 181 223 225 293 302 331 344 372 387 433
 438 476 504 518 542 575 586 612 638
13 37 40 71 110 148 166 185 211 213 270 289 327 336 367 374 406
 454 489 494 515 534 580 587 614 636
11 33 45 85 123 135 172 180 216 227 290 300 332 345 374 395 419
 451 478 503 517 553 566 597 605 643
10 35 42 75 120 154 163 185 246 253 285 299 340 344 371 390 413
 445 462 501 528 537 590 596 605 641
11 38 59 73 110 151 176 203 212 231 262 276 339 348 378 382 417
 422 465 485 523 550 590 601 609 638
0 28 42 79 107 165 168 184 238 249 260 300 305 327 381 403 432
 437 465 476 516 531 557 579 610 639
0 45 56 92 114 132 154 193 210 213 273 286 315 352 385 400 409
 422 460 499 521 533 575 603 611 644
12 41 52 72 120 139 173 203 206 236 257 297 313 345 387 394 432
 453 459 460 526 546 563 580 620 642
1 28 48 106 123 157 163 190 228 239 266 276 318 330 383 397 409
 448 456 502 507 535 580 591 613 637
13 52 61 68 117 150 165 196 220 233 262 296 333 341 356 396 436
 444 487 495 529 533 564 592 605 637
9 33 57 82 107 138 149 196 225 234 256 281 312 350 366 376 427
 440 455 468 508 550 580 603 606 641
11 29 32 106 113 152 161 192 224 248 274 293 314 321 362 396 428
 437 460 464 512 543 571 582 614 641
12 26 49 86 112 142 177 192 242 252 263 284 311 346 357 359 409
 446 465 490 508 541 560 593 605 636
10 33 44 83 112 146 176 193 244 247 267 278 328 333 355 365 421
 442 467 489 507 546 573 582 612 639
20 39 50 98 107 140 150 180 236 241 264 284 334 351 362 370 420
 422 480 488 507 534 581 596 607 645
18 25 60 97 107 145 166 192 219 253 257 271 328 329 375 395 429
 441 458 497 511 533 591 598 622 638
20 30 53 67 114 135 147 196 247 254 280 285 326 330 367 402 416
 435 473 484 526 543 560 579 618 638
18 27 38 69 114 133 152 185 232 252 278 292 313 350 356 397 405
 433 466 479 519 553 561 568 610 645
21 51 60 72 110 160 174 188 205 222 269 279 306 323 361 393 440
 449 456 484 516 548 575 582 605 645
21 31 46 85 113 144 158 190 245 249 286 297 350 353 380 402 417
 426 472 477 511 545 564 596 612 636
16 27 47 83 113 129 168 191 240 251 288 295 337 354 377 400 407
 431 470 480 509 540 580 585 605 638
17 44 47 101 123 137 152 197 212 241 259 279 309 326 381 390 427
 453 471 498 520 533 555 602 617 636
22 46 49 83 123 136 154 196 205 243 264 274 310 324 378 398 408
 454 469 497 522 531 568 589 620 640
16 36 62 68 110 132 157 201 208 235 267 302 329 343 370 403 410
 450 496 498 519 545 560 597 620 641
17 35 62 72 117 142 151 180 214 251 280 289 335 342 368 401 434
 437 455 479 522 547 591 604 612 644
22 41 51 90 117 166 171 197 218 254 276 288 319 334 357 364 411
 421 472 499 518 553 557 577 621 641
18 37 59 91 117 147 159 190 217 250 275 290 331 354 361 370 408
 452 460 501 508 544 567 602 616 639
15 39 54 78 110 149 165 193 227 239 280 288 346 353 390 394 412
 433 458 475 512 539 559 570 616 640
6 28 61 81 118 130 173 191 205 221 267 280 311 350 385 404 418
 425 485 501 518 534 555 571 622 643
18 29 34 104 123 140 155 201 231 234 287 296 306 317 400 402 418
 434 489 490 528 536 557 570 624 642
15 28 30 105 113 162 172 203 233 237 264 279 340 343 355 357 441
 447 466 468 515 532 567 576 624 644
6 45 54 88 124 175 176 188 230 251 264 297 329 344 376 392 414
 452 457 490 520 543 577 587 610 637
24 26 42 67 98 131 143 186 219 232 259 276 333 345 385 392 431
 440 463 493 522 545 567 570 614 646
4 40 64 76 81 139 147 200 208 209 262 279 316 347 371 376 409
 429 478 480 512 549 557 568 612 646
5 32 58 88 100 140 146 194 225 245 288 300 315 348 359 404 405
 445 484 495 515 538 591 602 620 646
24 48 57 81 88 134 167 184 212 218 270 293 307 352 370 402 412
 447 479 497 525 546 574 584 605 650
24 35 49 78 105 160 168 197 209 225 290 296 313 328 369 379 416
 422 477 496 513 535 571 587 608 649
24 25 38 72 83 132 144 189 207 228 256 283 321 336 357 390 418
 452 478 495 524 542 579 581 623 648
23 25 54 75 103 137 151 194 229 243 269 301 307 350 355 367 415
 431 460 502 529 541 557 597 607 649
6 34 59 69 97 164 170 198 241 254 286 302 314 327 355 394 423
 443 455 469 524 535 588 595 605 646
2 41 45 70 82 145 160 182 239 250 283 293 311 324 381 401 410
 435 466 489 529 540 562 596 609 646
8 39 48 77 95 138 177 195 216 251 274 292 328 340 367 388 418
 432 482 498 523 544 564 575 621 646
15 33 52 73 102 155 159 198 226 238 291 304 311 344 362 367 407
 449 471 499 525 545 568 591 608 648
19 28 38 86 93 136 171 200 214 223 295 303 329 352 362 394 424
 440 489 491 517 537 564 602 618 649
20 27 60 82 94 142 154 198 221 230 266 272 343 353 382 388 444
 451 459 467 513 542 557 602 614 650
3 44 61 94 99 133 168 204 231 237 256 270 335 344 364 398 420
 426 458 460 517 548 560 599 613 646
14 30 57 79 92 163 169 199 205 220 271 289 313 346 362 382 442
 452 472 504 510 536 585 597 617 646
20 47 51 91 104 165 172 186 211 248 255 282 329 350 398 401 409
 445 482 504 524 546 558 601 608 647
23 57 64 69 95 148 162 182 244 249 263 295 309 342 364 395 422
 444 456 501 527 543 558 570 620 648
15 29 37 93 103 128 156 186 205 251 260 281 316 348 356 395 421
 453 492 500 521 535 560 596 623 650
19 48 58 92 97 149 161 204 206 235 269 299 310 319 356 381 416
 451 470 490 506 534 567 601 612 648
4 29 54 83 90 163 170 203 213 219 292 300 311 325 370 389 427
 444 461 477 506 548 586 604 618 647
4 47 52 78 106 138 146 201 215 222 271 286 331 342 357 378 415
 435 462 463 517 534 565 600 610 650
1 29 56 72 85 150 162 195 211 218 267 299 305 354 359 382 435
 439 458 493 520 530 568 588 606 649
11 43 54 72 86 129 157 187 225 254 278 291 340 347 381 385 408
 436 488 494 511 536 558 599 615 650
1 34 40 79 88 135 151 183 240 252 277 303 331 341 385 398 427
 441 459 496 514 539 582 596 621 648
11 36 47 87 105 158 175 199 232 250 281 285 325 335 359 394 406
 425 487 497 507 554 557 575 619 648
13 31 51 78 84 130 157 195 219 231 260 284 312 324 355 371 414
 428 479 503 526 551 585 602 611 648
5 28 37 72 101 164 177 193 224 232 262 271 312 344 358 402 411
 451 483 496 527 540 589 594 607 647
16 42 45 74 99 153 166 199 236 242 282 287 321 339 355 404 416
 427 456 483 505 547 564 568 616 650
7 41 46 89 98 172 176 200 207 234 268 298 323 338 359 367 433
 437 496 501 506 533 585 595 613 650
7 31 53 73 105 142 153 204 218 243 261 275 306 351 385 395 423
 442 495 498 512 537 562 580 610 647
21 26 61 70 96 141 152 195 246 247 255 275 322 336 376 394 411
 422 461 470 514 531 591 597 624 650
0 32 59 77 81 136 150 187 222 253 258 301 317 332 392 401 411
 433 467 477 505 532 560 580 617 648
13 28 55 75 83 158 174 183 209 241 257 304 315 346 364 392 419
 434 464 473 519 544 562 601 606 650
17 49 53 91 106 128 174 194 213 237 265 278 334 345 376 382 412
 450 474 476 528 540 564 595 622 648
4 45 60 67 96 140 177 202 212 233 289 302 305 350 369 386 408
 421 464 475 509 537 563 578 613 648
5 33 51 71 105 139 169 190 210 240 292 302 310 317 368 390 420
 424 465 493 529 543 569 583 622 650
5 27 61 74 98 147 163 181 218 227 274 286 329 349 379 391 434
 453 468 494 516 541 556 573 609 648
10 46 60 74 80 132 167 183 224 226 280 290 325 334 356 372 415
 430 465 491 520 551 558 580 624 646
0 37 63 68 83 135 149 199 212 248 263 297 306 349 371 388 420
 430 463 466 518 552 591 595 615 649
12 27 62 89 96 134 144 187 213 238 264 296 312 326 360 395 424
 439 462 502 518 554 582 601 616 646
9 44 62 67 80 165 173 194 217 228 261 294 320 337 362 371 441
 454 477 490 527 553 575 588 609 650
3 32 39 69 79 132 145 203 211 229 259 296 330 349 363 393 407
 425 474 503 508 537 577 589 612 650
2 30 40 77 97 133 144 193 223 248 276 290 305 351 366 377 414
 449 481 487 528 541 555 604 620 650
9 36 50 78 102 141 154 182 212 214 287 298 330 354 356 392 432
 443 472 478 515 541 582 599 622 647
22 35 50 71 104 129 156 200 224 239 257 273 326 333 388 404 417
 447 481 486 508 548 588 597 610 648
16 49 52 71 84 152 176 187 227 229 266 294 305 352 364 372 418
 429 455 484 510 552 567 596 619 647
8 36 49 73 104 147 164 191 244 253 289 300 308 319 387 396 426
 440 466 502 520 539 572 581 611 650
6 56 63 75 86 139 146 184 231 250 274 289 326 334 363 366 433
 441 456 470 513 545 566 592 623 647
15 32 40 92 95 130 175 197 217 234 257 278 322 339 380 403 420
 435 491 502 522 542 556 578 605 647
22 25 56 68 101 159 175 204 216 245 265 284 313 327 372 401 413
 448 468 485 509 549 570 582 618 650
20 58 64 77 79 152 166 189 237 239 261 298 312 325 365 387 408
 434 457 485 521 545 565 569 605 649
6 46 62 70 99 138 169 197 223 229 262 300 306 354 375 397 413
 446 473 488 521 546 559 576 614 648
14 31 35 91 102 140 170 188 206 252 262 274 309 318 365 374 410
 431 458 491 518 532 579 603 619 650
17 38 63 85 90 130 155 182 208 220 273 285 314 328 360 398 438
 446 457 475 516 538 567 580 607 650
21 33 35 87 106 166 173 183 223 233 268 272 307 349 360 381 405
 452 469 480 523 530 560 570 611 647
10 54 63 93 101 133 143 191 217 236 293 296 338 343 368 374 409
 423 472 484 523 531 565 598 606 648
12 28 56 90 103 131 145 188 234 247 270 290 320 353 378 396 443
 445 480 498 510 547 561 569 615 648
2 31 52 87 104 132 143 181 216 254 264 270 316 346 361 397 427
 437 467 470 527 538 578 590 622 649
10 47 53 71 102 134 145 180 205 245 256 276 314 347 391 403 433
 444 483 490 514 544 563 576 611 649
2 29 55 68 86 134 168 190 230 246 259 280 323 339 373 387 429
 442 469 482 515 553 600 603 607 648
12 50 51 73 106 133 167 196 208 251 259 283 315 327 380 386 441
 451 461 501 505 536 559 573 619 649
3 37 43 75 85 160 167 201 221 242 264 276 322 337 365 384 405
 432 455 504 512 533 572 583 618 648
3 33 36 84 91 131 144 202 220 241 280 293 340 348 375 400 411
 454 456 459 506 549 556 593 610 649
18 43 55 90 101 148 161 198 227 233 258 277 330 351 376 404 410
 426 462 465 522 546 575 585 623 649
19 49 51 87 102 135 148 203 217 246 267 301 321 353 366 383 434
 438 488 492 509 533 584 594 610 646
14 26 41 80 94 146 164 196 211 214 279 292 307 351 400 403 419
 448 457 492 511 552 571 590 616 648
8 42 44 82 89 139 170 180 243 248 271 288 330 352 361 380 436
 438 485 500 519 530 587 593 624 648
19 27 42 70 80 151 162 201 205 254 258 297 315 328 373 374 412
 428 471 487 508 549 569 581 613 647
23 26 60 89 99 136 149 190 241 251 267 277 313 347 384 396 406
 447 499 503 528 538 565 579 609 647
16 29 38 75 101 142 173 196 210 249 255 298 319 331 375 391 412
 449 486 503 507 532 578 587 615 646
17 42 46 94 96 157 159 193 215 252 257 281 319 332 389 393 418
 423 480 504 515 543 584 592 609 649
23 35 47 73 84 150 161 193 234 242 297 303 336 343 363 399 408
 448 473 500 516 553 574 586 622 646
22 26 62 74 82 155 158 203 210 253 260 278 309 341 358 377 443
 452 482 484 512 534 566 574 613 649
21 25 37 86 90 154 176 180 215 235 261 282 309 317 386 397 407
 447 476 487 526 539 556 571 606 646
14 25 55 85 93 138 147 185 226 237 288 302 324 333 383 393 422
 437 459 490 505 554 555 574 615 647
18 30 39 76 100 137 171 186 210 215 267 297 308 318 360 372 437
 454 461 483 513 550 562 599 605 648
8 38 43 68 103 140 169 192 238 239 279 286 335 345 377 399 416
 454 467 501 514 551 577 584 606 647
10 59 64 92 100 131 168 192 214 227 264 283 306 350 358 383 406
 450 471 486 526 530 586 592 621 650
9 34 39 81 92 153 176 190 219 226 255 272 326 335 357 374 413
 436 464 492 516 540 561 572 620 649
13 27 41 67 99 128 175 192 222 249 273 291 310 318 363 370 442
 445 455 478 523 539 555 594 624 649
12 34 58 76 95 143 160 185 233 243 256 280 329 354 389 399 417
 428 476 499 507 552 566 594 617 650
1 50 52 91 105 137 149 192 207 221 258 295 320 339 393 402 413
 421 457 494 519 531 566 604 611 646
11 39 64 88 97 159 174 196 207 246 260 273 337 343 379 397 415
 426 489 493 518 547 563 593 617 647
1 45 62 94 98 161 171 191 220 225 263 301 316 327 365 390 417
 449 474 497 526 544 561 600 624 647
9 43 56 83 93 166 172 181 206 222 266 275 308 341 369 403 417
 425 471 479 528 543 559 593 607 646
11 44 60 70 98 130 156 185 235 240 265 304 308 342 366 402 409
 432 469 495 510 532 577 586 616 649
0 46 61 67 82 137 148 188 209 216 299 303 314 348 357 387 407
 450 479 481 507 536 583 598 616 647
7 30 59 88 95 141 173 201 232 238 266 282 324 334 390 396 419
 446 494 500 509 548 598 603 612 649
0 33 53 78 104 162 171 185 228 230 269 277 322 338 370 377 446
 453 464 485 511 547 589 592 619 646
7 55 63 72 103 152 165 202 240 244 272 287 318 332 379 380 414
 450 497 499 508 534 576 590 618 646
13 30 58 69 81 129 155 180 228 242 265 281 323 353 369 375 410
 424 460 463 520 531 573 590 621 647
20 28 54 68 85 141 153 197 252 253 268 294 310 342 361 400 406
 428 474 481 525 550 563 573 623 646
17 48 59 76 79 156 158 181 221 247 284 291 321 338 386 400 430
 440 458 462 529 553 576 587 620 647
16 40 48 69 100 154 165 188 224 231 268 275 311 345 368 384 421
 438 468 473 511 554 581 600 617 649
22 34 57 77 100 128 157 202 230 236 285 304 320 336 361 391 431
 439 465 466 517 533 559 571 612 647
18 41 44 74 96 135 150 189 208 245 269 295 340 346 368 378 414
 425 476 486 525 535 572 603 614 647
15 45 61 80 89 129 174 184 206 244 284 285 317 331 383 399 405
 429 472 498 524 550 589 604 614 649
18 31 36 71 106 136 151 184 236 247 263 299 323 337 358 389 419
 436 468 475 521 542 555 577 608 646
21 32 57 76 97 142 172 191 213 250 287 294 333 344 373 378 448
 453 475 488 519 551 579 583 621 649
6 50 53 84 87 163 177 189 235 249 279 288 332 341 373 384 430
 439 460 489 522 550 561 598 608 650
24 33 68 97 114 130 148 187 214 236 261 274 331 346 384 393 417
 445 461 500 520 540 557 576 613 626
24 52 69 85 107 161 175 183 243 247 289 298 317 340 373 377 409
 450 483 492 518 548 559 602 609 634
5 63 73 82 114 141 157 200 206 211 264 277 321 335 373 375 415
 421 476 477 510 544 555 570 605 629
4 56 94 102 107 153 158 194 244 248 258 280 324 336 384 397 424
 453 486 496 523 536 567 577 605 632
5 38 70 84 107 154 159 199 222 233 267 270 326 338 380 387 419
 431 474 490 512 535 558 604 621 626
4 25 87 99 114 142 155 195 227 240 293 297 320 334 365 403 436
 440 481 501 515 535 589 601 617 634
24 43 82 87 124 150 159 185 205 224 255 300 318 339 364 400 424
 441 475 498 526 541 565 595 612 635
24 55 84 94 118 135 155 192 213 251 262 282 308 322 361 381 415
 433 468 472 507 537 569 588 620 631
24 60 73 76 111 165 170 201 216 223 263 278 310 326 383 391 411
 425 457 460 515 547 585 596 606 632
24 59 89 90 113 142 146 202 239 246 269 281 329 341 372 374 420
 432 473 474 527 536 555 568 611 633
24 27 100 102 119 164 172 190 220 229 257 299 334 342 386 399 414
 427 485 489 512 531 560 575 615 629
24 34 80 101 110 139 154 181 237 242 260 295 332 350 360 396 435
 442 481 488 506 544 577 591 619 627
6 37 67 106 107 129 172 195 214 252 269 296 325 339 390 391 426
 438 467 499 510 549 562 574 620 627
3 50 72 81 114 128 171 183 246 248 266 300 309 328 378 399 406
 423 468 490 529 545 578 585 616 627
23 61 87 92 113 139 156 198 207 252 276 287 312 328 370 401 419
 454 476 484 520 537 559 600 615 632
6 29 71 98 114 165 174 199 243 253 290 295 312 322 357 386 410
 448 459 471 523 538 584 599 612 633
19 60 88 91 113 138 157 199 210 247 261 296 311 327 364 399 433
 453 478 481 522 530 572 590 607 630
14 43 78 96 114 156 176 194 223 249 259 299 311 343 361 396 420
 434 483 497 524 549 566 580 621 628
15 58 70 72 111 135 153 200 215 220 259 274 337 350 364 370 443
 448 465 467 528 554 587 598 611 634
23 27 81 104 110 158 169 195 215 236 290 298 314 344 381 383 421
 441 474 495 522 552 593 603 618 628
3 35 76 103 107 136 157 182 217 227 282 292 315 341 357 402 442
 449 470 485 520 554 563 595 614 628
2 53 83 88 107 137 156 187 211 242 262 272 313 319 368 383 428
 443 475 501 517 545 556 575 624 633
8 55 74 105 107 128 173 200 229 235 263 276 344 353 374 400 408
 435 461 479 524 538 582 592 617 630
20 36 88 103 118 139 171 195 224 249 256 278 306 346 369 374 407
 448 462 469 505 533 567 604 609 629
15 64 83 99 119 141 150 194 210 216 276 289 323 329 381 402 423
 438 459 462 508 551 561 571 619 626
14 54 89 104 107 130 152 198 210 218 283 303 337 345 369 378 413
 430 456 487 515 544 560 594 612 631
8 28 80 91 114 166 175 198 212 215 256 301 323 333 368 379 439
 446 470 503 512 536 586 596 620 635
19 45 84 95 110 128 146 198 228 253 259 275 313 325 398 402 436
 437 480 486 518 541 576 583 606 629
20 31 81 93 124 137 146 199 213 235 257 283 340 354 379 396 438
 449 455 465 514 553 570 589 613 632
2 49 93 100 114 151 158 204 233 234 255 271 332 347 370 390 407
 432 456 457 518 551 573 588 614 630
20 48 86 96 117 132 174 182 234 240 258 300 313 344 355 391 417
 454 463 492 512 530 555 598 619 631
15 44 81 84 120 151 166 182 224 230 286 296 310 351 359 397 440
 450 461 504 509 544 566 579 615 633
19 63 71 96 116 131 172 183 242 251 278 286 324 330 370 387 413
 449 458 495 527 550 557 571 617 635
23 43 91 98 116 132 173 204 209 230 281 292 305 326 358 378 428
 438 472 489 505 539 576 591 605 634
23 56 74 106 122 143 165 187 205 246 257 302 335 351 365 402 407
 446 466 478 506 550 587 602 621 631
20 57 74 75 123 129 144 204 217 222 262 277 311 328 386 394 437
 450 493 500 515 552 561 577 611 635
19 55 67 104 122 144 176 182 221 225 260 271 334 349 368 389 406
 448 460 498 514 532 559 568 605 626
15 41 87 88 112 136 152 204 213 221 290 302 330 342 371 375 417
 431 482 483 516 536 581 592 606 627
0 29 80 87 116 133 153 182 245 247 262 304 329 345 390 393 408
 447 455 502 513 534 585 593 621 629
11 48 80 103 119 142 148 200 222 241 288 296 305 322 389 398 413
 452 466 483 526 545 573 603 622 632
0 38 94 105 122 166 167 186 234 241 265 274 311 354 373 383 414
 436 462 484 527 539 563 597 612 627
21 50 75 100 124 135 169 198 232 244 265 296 316 352 357 403 408
 428 458 482 506 547 555 580 609 626
13 32 82 101 119 171 176 199 208 252 280 286 307 320 383 395 408
 432 470 493 528 548 576 581 608 631
3 28 78 98 124 129 151 192 216 250 261 302 319 336 360 380 430
 444 484 492 528 546 568 603 617 629
7 39 70 90 123 158 167 187 230 252 289 295 333 348 371 403 416
 449 460 468 524 530 565 594 622 629
9 47 90 97 124 162 177 200 210 231 280 291 313 349 361 365 419
 450 495 502 505 531 584 596 614 627
4 48 98 101 120 136 168 189 211 226 278 287 348 353 361 399 441
 446 455 487 518 543 562 597 611 626
4 44 100 105 117 144 161 184 205 252 266 273 322 329 367 387 430
 443 488 503 505 540 570 590 606 628
11 46 95 102 120 165 171 204 219 242 283 289 331 349 376 400 439
 447 467 484 519 535 555 569 607 628
1 44 97 102 110 129 147 199 234 249 264 272 315 345 372 389 411
 446 479 482 529 537 565 571 623 634
1 37 84 89 122 141 145 204 208 236 291 300 333 350 357 377 412
 434 469 491 513 543 575 590 617 632
21 52 83 92 118 140 151 200 237 253 281 293 327 330 384 391 414
 446 493 498 513 553 558 594 616 628
5 45 79 102 117 143 162 192 235 241 255 278 307 323 371 378 418
 426 481 500 513 554 559 580 618 633
5 50 68 95 116 155 176 202 205 237 290 301 319 337 363 394 409
 427 462 479 511 530 562 579 614 632
11 61 76 91 112 154 162 183 236 239 259 271 306 319 367 403 414
 424 455 477 509 538 561 574 623 631
13 62 73 92 112 137 172 182 232 246 256 274 305 317 361 404 412
 430 459 480 511 535 565 577 618 630
12 47 75 79 114 149 159 182 218 228 268 302 308 348 358 374 414
 429 467 488 522 548 564 571 624 632
9 40 72 89 123 159 168 186 235 247 286 301 334 346 375 404 428
 444 457 466 523 537 574 583 619 628
9 30 99 101 117 134 157 183 221 253 269 274 316 345 359 380 407
 422 475 489 524 552 569 586 610 632
17 39 68 74 111 136 172 198 209 249 271 293 336 354 366 385 405
 421 490 502 526 548 569 590 619 633
10 51 77 86 107 155 162 204 207 212 286 294 316 318 389 396 405
 425 459 473 522 540 587 597 616 629
13 57 89 93 111 154 161 194 240 254 279 290 339 349 358 401 418
 446 458 461 507 545 563 572 610 629
3 38 89 106 118 156 162 193 226 245 275 289 310 320 379 392 410
 427 482 488 526 552 557 598 605 630
4 61 73 77 123 131 149 185 249 254 257 282 337 352 359 368 410
 452 474 492 513 551 576 582 607 627
7 32 80 83 117 155 160 186 236 249 302 303 326 340 376 397 406
 451 458 485 510 541 584 600 611 630
5 64 80 85 120 137 145 191 223 231 266 281 336 346 370 386 416
 436 482 499 522 532 582 595 610 631
5 36 69 86 122 130 153 196 209 213 269 276 320 332 388 399 437
 452 458 471 509 546 565 596 624 628
7 51 69 101 118 149 163 194 215 250 264 304 305 328 387 400 417
 436 478 491 514 547 560 574 614 633
2 54 67 105 118 136 174 185 220 231 286 298 309 321 372 403 439
 451 480 500 508 546 572 591 621 632
4 53 85 92 122 159 173 181 239 251 296 303 309 323 355 366 411
 445 465 497 519 552 581 599 614 629
16 53 76 86 118 138 150 198 206 219 273 290 307 348 380 390 406
 434 466 504 527 531 577 582 613 634
1 42 71 76 113 155 164 194 222 230 268 283 335 346 356 366 408
 422 498 503 518 546 556 598 618 627
0 26 100 106 110 159 170 200 221 240 256 294 324 340 363 395 416
 434 472 487 520 546 561 578 607 633
17 34 86 98 119 149 166 195 205 244 262 283 330 343 372 377 419
 445 460 477 525 554 578 583 610 630
11 40 90 94 111 137 173 195 245 253 264 302 338 352 356 399 434
 442 456 463 508 540 559 579 608 635
7 49 68 79 124 161 170 195 222 226 276 285 315 350 368 375 447
 453 480 489 527 542 566 599 616 631
5 57 67 90 112 151 160 189 238 248 257 275 316 343 383 400 413
 433 469 503 520 534 564 599 619 634
4 58 68 89 112 133 171 188 229 250 260 272 321 340 391 402 419
 422 471 504 522 539 580 588 622 635
22 59 67 75 111 152 162 199 206 251 256 300 351 353 360 393 409
 436 489 496 525 551 556 600 622 628
16 33 72 95 124 136 147 194 239 252 260 270 314 351 373 386 413
 425 463 472 513 533 586 601 624 630
13 45 100 104 120 142 149 187 237 247 276 292 309 354 362 380 415
 425 469 496 516 549 584 598 623 635
12 36 92 101 107 135 174 186 223 230 275 288 314 342 363 365 418
 447 477 494 529 551 568 590 613 635
5 41 76 78 123 132 148 184 251 253 265 272 339 350 362 365 423
 439 473 487 514 548 567 593 615 630
1 25 78 82 116 134 152 186 217 254 273 289 306 344 384 399 419
 425 465 480 506 532 564 573 620 633
9 35 77 85 118 148 164 199 238 240 259 284 329 347 378 397 412
 421 460 484 506 542 562 592 624 635
0 41 69 73 113 140 174 195 217 235 266 280 333 347 358 360 413
 427 497 504 517 541 569 587 623 626
10 31 90 95 114 129 150 186 221 229 279 287 310 327 366 387 412
 452 464 496 517 554 591 593 609 631
2 25 71 80 124 128 149 203 208 238 274 287 338 342 369 385 411
 426 473 504 507 530 561 602 605 628
22 30 85 96 119 151 165 198 225 235 270 292 306 321 363 392 429
 453 491 501 507 540 565 593 611 627
4 31 75 97 116 141 175 180 224 225 259 295 338 341 382 383 418
 454 466 499 516 546 560 569 616 630
8 34 83 96 120 162 167 188 227 232 261 273 339 347 366 375 437
 448 472 474 529 534 560 602 608 632
15 25 91 96 115 143 163 196 222 231 263 272 314 352 377 404 406
 432 488 496 520 553 562 569 612 629
6 42 91 92 123 160 171 203 240 245 291 298 336 351 388 396 415
 429 475 479 527 554 560 573 606 626
8 40 70 75 112 132 150 190 214 237 282 291 314 320 369 389 451
 453 484 497 518 550 570 585 610 633
22 42 69 78 112 135 173 187 226 234 279 293 318 329 382 386 406
 426 470 495 521 544 583 604 607 632
6 47 72 100 116 156 166 196 216 238 277 293 317 353 371 389 422
 442 474 491 519 541 567 572 613 631
16 58 67 93 123 130 145 183 207 244 292 297 327 335 361 382 411
 447 462 488 512 541 592 603 608 633
16 34 82 85 117 131 156 204 215 246 263 279 315 325 362 369 414
 433 494 502 523 546 579 589 622 626
15 38 74 104 121 131 177 180 240 250 266 299 307 327 376 393 428
 442 473 477 518 533 565 599 620 632
22 27 79 106 120 141 148 186 207 250 262 280 332 352 355 369 420
 449 490 498 511 538 572 586 606 634
14 59 72 74 112 134 149 191 219 233 265 298 315 322 363 397 438
 454 481 498 517 543 557 596 608 629
17 60 71 77 112 153 161 186 228 231 264 300 307 341 379 394 407
 435 472 501 519 549 594 603 615 626
6 26 95 104 117 137 168 193 208 222 261 304 321 330 374 382 405
 424 468 497 506 551 563 596 615 634
14 32 86 99 120 135 144 201 239 243 255 304 327 338 358 379 421
 444 479 480 520 550 567 575 622 627
6 51 76 83 122 128 152 180 220 226 258 270 331 343 358 359 416
 432 481 502 511 537 570 603 609 635
20 63 78 80 125 136 169 188 233 246 276 291 308 327 359 395 418
 427 460 486 519 540 556 574 612 634
21 59 68 94 123 128 143 182 210 242 288 299 312 347 367 379 425
 441 464 491 510 546 581 604 610 634
17 26 97 105 120 150 176 183 217 238 270 288 308 350 388 391 410
 428 456 478 521 536 589 600 618 629
21 64 98 103 117 133 175 187 206 228 267 271 314 324 388 400 412
 427 465 473 515 537 566 572 608 627
20 56 89 105 108 138 151 191 227 242 259 304 314 318 356 371 411
 452 476 489 511 548 578 584 620 626
3 46 97 104 119 139 153 189 233 251 285 301 311 318 358 403 412
 422 463 494 510 553 582 602 606 633
3 64 82 86 110 163 172 197 238 247 265 297 331 351 356 368 418
 431 464 497 505 538 588 594 611 632
2 32 96 103 110 164 173 180 207 219 277 285 310 354 364 365 409
 430 468 471 513 536 564 574 610 626
10 61 78 88 111 166 177 190 208 243 258 281 309 345 363 400 437
 449 466 488 510 542 588 601 618 626
2 58 75 94 113 165 177 197 226 236 267 273 317 330 378 395 440
 452 479 494 514 549 586 595 619 629
12 42 77 87 111 169 176 191 211 241 269 273 324 331 369 402 444
 450 468 491 512 553 591 599 623 630
12 45 81 105 119 152 163 201 214 245 260 277 319 333 361 366 407
 454 458 473 523 542 558 595 607 634
3 40 74 93 113 170 176 196 228 232 258 284 306 342 381 387 439
 445 475 499 513 544 584 597 622 634
10 48 85 99 110 140 152 196 230 250 257 301 308 349 357 385 424
 443 476 500 527 549 585 604 608 630
18 62 77 78 113 163 175 200 242 244 255 270 334 348 385 393 438
 451 469 471 529 552 563 579 606 631
12 30 83 98 110 138 153 202 217 224 291 299 309 352 373 401 405
 426 457 503 514 535 557 592 622 631
2 62 69 91 111 141 146 189 205 227 284 303 308 344 380 389 416
 447 464 493 523 533 557 580 615 627
12 57 68 70 113 147 166 180 221 231 278 303 305 318 390 392 415
 423 486 492 506 538 575 589 608 628
10 26 79 84 119 138 173 188 248 254 265 295 317 335 370 379 417
 451 475 502 515 533 562 568 623 628
10 39 67 72 113 141 169 181 213 234 263 304 307 319 384 398 410
 429 485 487 505 535 566 602 610 635
18 46 79 105 110 130 177 194 206 246 282 293 316 326 377 392 444
 448 455 499 517 530 573 581 615 635
2 44 95 106 119 140 154 191 209 218 291 297 312 341 375 393 406
 433 465 492 524 547 567 597 618 635
3 41 71 92 111 142 147 188 212 225 267 304 325 332 377 397 428
 441 462 500 524 531 564 570 607 631
22 47 93 95 125 139 167 192 220 247 269 272 305 344 385 397 410
 434 477 503 515 550 581 595 616 626
8 33 79 93 116 142 174 197 208 219 264 299 318 336 402 404 433
 443 460 487 509 552 558 600 609 627
19 34 99 103 109 159 177 184 209 248 264 298 333 342 382 390 410
 425 461 484 511 553 556 580 611 631
14 52 77 103 122 129 154 197 232 245 263 280 308 321 370 376 423
 441 489 503 516 530 583 601 613 633
23 52 76 101 121 144 166 188 214 235 285 300 324 337 382 385 420
 433 464 482 508 535 573 584 624 629
21 27 95 105 109 131 157 196 212 226 300 303 338 346 365 401 429
 438 460 483 528 534 577 588 623 633
14 49 81 90 116 157 165 181 241 250 256 297 339 342 367 377 405
 451 486 493 521 537 582 598 624 626
14 62 71 88 123 133 150 192 209 215 275 285 349 353 355 373 432
 440 485 499 506 540 558 578 623 632
19 33 90 100 115 132 152 191 243 249 262 284 323 335 388 392 435
 441 494 504 528 535 563 574 616 632
17 51 92 103 108 134 146 185 216 236 266 295 311 349 375 392 408
 426 487 496 512 550 579 588 624 634
17 33 75 81 125 140 168 203 207 254 263 275 324 329 356 380 439
 448 481 483 510 539 565 575 614 631
19 36 77 83 121 145 165 190 218 252 265 279 338 344 360 404 415
 422 455 500 526 536 566 578 614 634
16 44 79 104 109 160 175 202 213 223 258 274 347 353 356 357 419
 423 493 501 526 550 574 591 607 629
18 54 70 102 122 142 168 183 216 228 279 285 312 352 363 396 417
 421 493 504 505 534 556 595 620 630
8 46 81 106 117 135 145 185 210 225 284 287 305 343 384 394 431
 442 457 471 527 548 556 601 623 629
22 52 86 88 108 147 160 193 228 241 287 299 335 350 395 403 430
 438 461 474 523 532 569 585 614 635
8 35 88 101 122 158 172 202 231 254 267 283 310 322 362 393 429
 444 463 476 521 541 561 580 616 634
8 60 69 87 123 134 151 193 206 220 260 294 338 354 357 376 420
 445 486 494 505 545 562 571 618 631
19 57 72 94 126 140 175 185 208 227 268 276 326 331 355 396 407
 430 477 482 521 531 562 593 622 633
23 48 82 83 109 130 147 192 233 245 259 294 317 334 374 394 439
 449 496 504 521 547 590 599 610 627
16 60 78 92 126 143 158 180 218 238 262 301 320 340 387 398 405
 448 461 489 508 543 555 595 623 627
23 31 72 79 115 133 172 201 212 253 273 288 311 320 372 376 416
 424 469 492 507 544 556 592 614 626
18 28 73 99 116 154 160 187 207 220 284 288 307 325 366 374 450
 453 463 482 514 543 578 588 612 628
21 41 77 91 126 130 168 181 224 229 277 289 315 343 390 395 436
 443 463 490 507 550 568 584 618 632
23 59 70 93 126 155 163 184 211 225 261 280 310 345 357 388 414
 426 480 483 519 533 578 582 619 635
14 27 84 97 117 136 167 203 216 244 268 281 306 320 390 404 409
 435 464 476 514 545 587 599 607 635
7 54 74 84 108 140 148 190 223 247 256 273 316 319 382 401 432
 441 463 471 519 554 571 589 605 627
9 46 84 100 109 133 174 180 211 239 263 302 328 339 385 396 452
 453 462 470 525 532 557 594 618 634
9 37 94 104 108 150 163 188 207 243 278 293 315 342 360 394 416
 429 465 503 509 545 555 576 621 630
0 51 85 88 121 142 143 189 229 244 271 291 326 339 356 394 410
 454 468 480 528 544 571 586 613 628
0 50 93 97 115 160 173 190 215 227 278 289 312 321 359 398 431
 444 473 498 525 549 577 590 624 631
12 63 91 99 124 148 158 193 219 225 266 279 317 337 356 391 435
 437 469 485 525 537 581 597 621 633
9 42 73 88 126 128 144 197 233 250 292 295 314 323 372 384 409
 434 458 467 526 534 589 597 615 631
1 58 74 90 126 139 174 193 212 216 255 296 308 324 362 373 406
 431 455 501 511 542 560 576 610 628
7 62 76 87 126 129 145 196 237 248 286 299 313 322 374 392 418
 421 456 465 525 539 586 602 607 626
0 39 75 89 126 157 164 192 205 223 270 287 309 325 368 376 417
 435 459 495 509 553 567 573 608 634
10 56 70 104 118 157 161 203 209 232 272 288 323 331 386 395 420
 454 455 457 525 541 564 579 617 627
7 29 82 91 125 135 177 191 214 228 257 270 310 347 355 372 405
 422 462 487 516 545 559 577 617 628
13 49 72 97 125 138 143 184 230 245 282 303 325 330 360 400 420
 421 471 501 512 532 561 597 609 632
13 36 76 85 108 133 177 203 205 234 261 277 334 352 379 381 413
 431 467 486 524 543 591 600 616 633
9 28 87 96 125 147 161 201 229 236 265 283 309 348 388 398 433
 442 493 499 511 551 587 604 605 633
10 29 73 96 124 130 171 184 237 241 268 271 341 353 397 401 416
 431 478 494 508 552 575 583 620 634
13 63 87 98 115 164 167 197 210 239 258 275 340 350 382 389 407
 429 490 500 517 547 579 582 620 628
11 35 69 83 108 131 169 184 208 221 255 301 312 351 361 372 435
 453 490 499 515 539 564 598 613 629
12 37 74 102 118 137 175 184 239 254 292 294 332 343 375 398 422
 440 464 495 528 530 585 600 612 626
11 56 67 84 121 134 170 197 215 237 277 287 329 346 358 388 405
 449 492 501 529 531 580 581 612 630
0 64 96 101 109 129 146 203 218 220 282 290 318 335 367 384 428
 440 469 490 519 542 559 596 622 630
1 47 68 81 115 131 154 189 206 223 292 304 322 334 355 395 426
 437 475 484 508 536 587 594 609 630
1 30 80 86 109 158 170 185 229 251 275 293 312 319 378 404 420
 450 467 478 516 533 563 570 608 626
11 31 68 100 125 145 163 193 217 251 258 298 307 326 364 369 440
 446 459 476 524 534 568 583 624 627
1 53 69 103 121 168 176 201 210 233 257 274 325 336 371 401 440
 451 472 488 525 538 555 593 616 635
13 54 94 106 121 132 147 202 206 238 255 295 306 328 359 366 443
 447 483 485 522 553 583 596 617 626
11 28 71 82 115 140 144 181 226 244 269 282 313 354 363 371 412
 423 457 461 522 533 560 600 621 634
7 26 81 102 109 132 156 197 227 231 269 271 327 337 360 373 408
 445 459 466 507 543 564 604 606 635
21 43 71 99 125 137 170 189 218 234 260 280 328 331 362 392 409
 451 466 474 509 554 590 592 620 629
18 32 85 98 109 128 169 193 214 254 256 272 311 341 371 387 415
 447 456 498 509 531 587 601 619 632
20 61 69 71 126 159 167 202 214 219 288 297 316 321 378 381 442
 446 496 502 528 532 566 575 606 630
22 43 73 80 115 138 168 180 213 252 267 298 316 349 394 402 414
 445 456 464 529 542 567 598 617 633
18 40 67 68 126 138 156 203 241 243 266 283 332 344 359 365 412
 424 470 472 516 547 558 571 611 629
22 37 70 105 121 133 146 181 219 249 268 301 330 347 362 399 418
 450 459 475 520 547 601 603 605 631
17 29 78 99 115 139 145 202 232 235 294 303 315 351 367 383 417
 452 467 468 518 531 558 572 605 635
17 55 89 102 121 160 169 196 224 253 261 297 305 348 355 370 409
 425 470 494 517 542 561 570 621 627
20 45 97 106 109 134 155 181 232 243 267 279 336 348 364 368 413
 432 477 491 508 539 585 592 615 628
18 49 75 95 115 134 153 188 211 240 281 286 333 343 362 381 411
 430 478 485 526 538 559 604 613 627
6 39 93 94 112 131 148 201 218 224 285 294 313 323 377 380 408
 427 476 478 529 532 591 601 611 628
15 53 77 101 108 132 170 192 225 246 268 297 333 354 386 398 419
 424 456 479 510 534 557 572 609 628
21 38 67 102 108 139 149 201 211 230 284 290 340 341 364 404 423
 437 497 502 521 540 573 586 617 631
16 55 70 106 108 164 171 189 212 217 264 281 313 317 367 385 444
 445 458 481 516 551 566 593 612 632
18 35 86 92 121 141 167 191 222 248 260 302 345 353 364 367 427
 439 457 495 507 549 576 589 609 633
15 50 79 90 125 144 164 185 209 242 267 294 306 345 391 401 415
 436 470 497 523 543 602 603 613 630
16 25 73 98 125 146 162 190 221 248 285 296 332 346 376 381 443
 454 479 491 521 548 563 594 621 635
6 30 82 103 120 143 161 190 212 213 268 284 328 337 393 403 411
 434 486 495 517 539 558 568 619 630
2 3 10 12 24 115 117 121 123 127 194 195 198 199 200 509 511
 516 519 521 532 534 539 543 550 647
7 9 16 20 21 111 116 119 122 127 184 185 192 193 203 517 518
 520 522 529 535 536 538 544 549 648
11 13 15 17 22 107 109 114 126 127 188 189 190 191 201 505 506
 513 514 527 530 537 541 546 552 646
4 5 6 8 14 108 110 113 125 127 182 183 186 187 204 507 508
 525 526 528 531 533 542 547 553 649
0 1 18 19 23 112 118 120 124 127 180 181 196 197 202 510 512
 515 523 524 540 545 548 551 554 650
