625 626 627 628 629 630 631 632 633 634 635 636 637 638 639 640 641
 642 643 644 645 646 647 648 649 650
26 27 37 38 39 71 78 79 80 81 241 242 253 254 255 490 491
 492 503 504 535 536 537 550 554 645
36 42 43 44 45 77 87 88 89 90 251 252 257 258 259 499 500
 501 502 508 545 546 547 548 549 645
33 34 35 40 41 74 75 76 85 86 246 247 248 249 250 496 497
 498 507 509 540 541 542 543 544 645
28 29 30 31 32 72 73 82 83 84 243 244 245 256 260 493 494
 495 505 506 538 539 551 552 553 645
0 2 7 13 20 25 94 102 103 108 112 191 202 203 204 205 216
 217 218 228 229 246 253 256 257 634
0 18 19 22 23 24 93 97 104 106 113 200 201 212 213 214 225
 226 227 239 240 245 250 255 259 630
0 3 4 9 17 21 95 96 100 101 111 197 198 199 210 211 223
 224 236 237 238 242 249 258 260 632
0 1 6 10 11 14 92 98 99 114 115 194 195 196 208 209 220
 221 222 234 235 244 248 252 254 633
0 5 8 12 15 16 91 105 107 109 110 192 193 206 207 215 219
 230 231 232 233 241 243 247 251 631
2 5 14 18 21 46 47 58 59 60 320 322 329 338 339 390 391
 406 407 408 415 416 417 429 430 645
7 9 10 15 22 56 57 67 68 69 315 318 327 330 334 402 403
 404 405 414 425 426 427 428 438 645
3 6 16 19 20 55 64 65 66 70 316 321 326 335 337 400 401
 411 412 413 421 422 423 424 437 645
4 8 11 24 25 52 53 54 62 63 317 323 324 328 331 396 397
 398 399 410 420 433 434 435 436 645
1 12 13 17 23 48 49 50 51 61 319 325 332 333 336 392 393
 394 395 409 418 419 431 432 439 645
141 152 153 154 155 245 247 254 258 263 265 268 274 276 282 396 406
 409 411 414 555 556 557 567 568 634
150 151 162 163 164 243 249 252 253 263 266 267 271 288 289 395 399
 405 408 413 565 566 576 577 578 630
147 148 149 160 161 248 255 257 260 263 269 272 278 285 287 391 394
 398 401 404 562 563 564 574 575 631
144 145 146 158 159 241 244 246 259 263 270 277 281 283 286 390 393
 397 400 403 560 561 572 573 579 632
142 143 156 157 165 242 250 251 256 263 273 275 279 280 284 392 402
 407 410 412 558 559 569 570 571 633
0 28 33 37 42 116 129 130 131 140 141 142 144 150 160 365 366
 367 375 376 418 421 425 429 433 642
0 32 35 39 44 125 126 127 128 139 146 149 151 155 157 374 386
 387 388 389 417 419 428 436 437 644
0 31 38 41 45 123 124 136 137 138 145 148 154 156 164 373 382
 383 384 385 416 420 424 432 438 643
0 27 30 36 40 121 122 133 134 135 143 153 159 161 163 370 371
 372 380 381 415 423 427 435 439 641
0 26 29 34 43 117 118 119 120 132 147 152 158 162 165 368 369
 377 378 379 422 426 430 431 434 640
117 125 129 133 136 216 220 230 236 239 264 291 294 295 297 301 391
 395 397 412 414 535 538 540 545 629
122 124 131 132 139 224 229 233 235 240 264 292 298 302 307 311 392
 399 401 403 406 537 544 549 553 626
120 121 128 130 138 218 222 227 232 238 264 300 305 308 312 314 398
 400 402 408 409 543 548 550 552 627
116 119 127 135 137 217 219 221 223 226 264 290 304 309 310 313 390
 394 405 410 411 542 547 551 554 625
118 123 126 134 140 225 228 231 234 237 264 293 296 299 303 306 393
 396 404 407 413 536 539 541 546 628
0 261 262 263 264 605 606 607 608 609 610 611 612 613 614 615 616
 617 618 619 620 621 622 623 624 645
48 58 62 64 67 93 99 100 105 108 264 368 370 373 375 386 490
 493 499 509 558 560 565 567 574 636
47 55 61 63 69 94 101 106 109 115 264 376 379 381 385 388 492
 498 506 508 557 561 564 571 578 635
51 54 57 60 66 92 97 107 111 112 264 367 378 380 384 389 491
 495 497 502 556 563 566 570 573 639
50 53 59 68 70 95 103 110 113 114 264 366 369 372 383 387 494
 501 504 507 555 559 572 575 577 638
46 49 52 56 65 91 96 98 102 104 264 365 371 374 377 382 496
 500 503 505 562 568 569 576 579 637
31 37 40 44 51 53 58 65 69 216 221 227 233 237 263 470 474
 479 483 484 580 594 595 596 604 640
32 33 38 43 47 49 54 64 68 218 220 223 231 240 263 465 467
 471 478 485 589 590 591 592 593 641
29 36 39 41 48 52 55 57 59 219 222 225 229 236 263 468 472
 475 487 489 586 587 588 602 603 642
26 30 35 42 56 60 61 62 70 226 228 230 235 238 263 466 476
 477 480 482 582 583 584 585 601 643
27 28 34 45 46 50 63 66 67 217 224 232 234 239 263 469 473
 481 486 488 581 597 598 599 600 644
74 78 82 87 194 197 202 206 212 262 366 370 378 382 388 393 398
 405 406 412 589 594 597 601 602 650
76 81 84 90 193 199 205 209 214 262 367 373 377 381 387 390 395
 396 401 402 585 588 593 600 604 649
73 80 86 89 201 204 208 211 215 262 369 371 376 384 386 391 403
 409 410 413 580 581 584 587 592 648
72 77 79 85 196 203 207 210 213 262 374 375 379 380 383 394 399
 400 407 414 583 586 591 596 599 646
71 75 83 88 191 192 195 198 200 262 365 368 372 385 389 392 397
 404 408 411 582 590 595 598 603 647
117 130 134 137 139 192 203 209 211 212 451 452 453 454 464 471 475
 480 484 486 557 560 570 575 576 645
120 126 131 135 136 196 199 200 202 215 448 449 450 462 463 472 474
 476 478 481 555 561 563 565 569 645
127 132 133 138 140 191 193 194 201 210 445 446 447 460 461 466 467
 468 483 488 556 558 562 572 578 645
119 122 123 128 129 198 205 206 208 213 442 443 444 458 459 473 479
 482 485 487 559 564 566 567 579 645
116 118 121 124 125 195 197 204 207 214 440 441 455 456 457 465 469
 470 477 489 568 571 573 574 577 645
192 202 208 210 214 263 290 295 299 305 307 346 347 354 359 364 419
 424 427 429 434 490 498 502 505 638
194 200 205 207 211 263 294 296 302 304 314 340 342 356 358 363 418
 420 423 428 430 491 494 496 508 636
195 199 201 203 206 263 291 298 303 308 310 344 349 353 360 362 415
 421 426 432 436 495 501 503 509 635
193 196 198 204 212 263 297 300 306 309 311 345 350 351 355 361 417
 422 433 438 439 497 499 504 506 637
191 197 209 213 215 263 292 293 301 312 313 341 343 348 352 357 416
 425 431 435 437 492 493 500 507 639
79 83 86 90 220 226 229 232 237 261 423 429 431 436 438 520 522
 526 532 533 555 558 564 573 576 650
75 81 82 89 216 219 234 238 240 261 417 418 424 426 435 515 516
 518 521 527 557 566 569 572 574 646
71 84 85 87 218 221 224 225 230 261 416 421 428 434 439 513 525
 528 529 531 559 560 563 568 578 648
72 74 80 88 222 223 228 233 239 261 415 419 420 422 425 511 519
 523 530 534 561 562 567 570 577 649
73 76 77 78 217 227 231 235 236 261 427 430 432 433 437 510 512
 514 517 524 556 565 571 575 579 647
166 182 183 184 185 218 219 235 237 239 265 269 275 281 289 341 342
 350 353 359 371 375 378 385 387 645
179 180 181 188 189 216 222 224 226 231 268 271 277 284 287 348 355
 362 363 364 367 372 379 382 386 645
175 176 177 178 187 221 228 232 236 240 267 272 274 279 286 346 349
 351 352 356 365 369 373 380 388 645
172 173 174 186 190 223 227 229 230 234 278 280 282 283 288 340 343
 345 354 360 366 368 374 381 384 645
167 168 169 170 171 217 220 225 233 238 266 270 273 276 285 344 347
 357 358 361 370 376 377 383 389 645
144 147 153 157 164 218 226 233 234 236 262 320 323 327 333 337 445
 448 451 455 458 492 494 502 509 637
149 150 152 156 159 216 223 225 232 235 262 317 318 335 336 339 441
 444 447 454 463 491 499 505 507 635
142 148 155 158 163 217 222 230 237 240 262 316 325 329 331 334 450
 453 457 459 461 490 496 501 506 639
143 146 154 160 162 219 220 224 227 228 262 315 326 328 332 338 440
 443 446 462 464 495 498 500 504 636
141 145 151 161 165 221 229 231 238 239 262 319 321 322 324 330 442
 449 452 456 460 493 497 503 508 638
166 168 187 188 190 241 245 249 257 264 417 423 425 432 434 441 442
 446 448 453 580 582 588 589 599 633
169 177 181 185 186 247 252 255 256 264 415 424 428 431 433 457 458
 460 463 464 581 583 593 594 603 632
171 172 176 180 184 244 250 253 258 264 416 418 422 427 436 440 444
 445 450 452 584 586 590 597 604 631
170 174 178 182 189 242 243 248 259 264 420 426 429 437 439 443 449
 454 455 461 585 592 596 598 602 634
167 173 175 179 183 246 251 254 260 264 419 421 430 435 438 447 451
 456 459 462 587 591 595 600 601 630
0 49 53 55 60 67 72 75 78 90 265 266 277 278 279 290 300
 301 302 303 442 447 450 455 464 648
0 52 58 61 66 68 74 79 84 89 275 276 286 287 288 297 298
 299 313 314 441 452 458 461 462 647
0 47 50 57 62 65 71 77 82 86 274 283 284 285 289 295 296
 310 311 312 443 445 453 456 463 649
0 51 56 59 63 64 73 81 85 88 271 272 273 281 282 293 294
 307 308 309 444 446 449 451 457 650
0 46 48 54 69 70 76 80 83 87 267 268 269 270 280 291 292
 304 305 306 440 448 454 459 460 646
50 52 60 64 69 143 144 148 151 152 168 172 177 183 189 194 198
 203 214 215 261 537 539 543 547 629
46 51 55 62 68 150 154 157 158 161 167 178 180 185 190 192 196
 197 201 205 261 535 542 549 552 628
49 57 58 63 70 142 145 149 153 162 169 173 176 182 188 200 204
 206 209 210 261 536 544 545 551 627
54 59 61 65 67 141 146 147 156 163 166 171 174 175 181 193 195
 202 211 213 261 538 541 548 554 626
47 48 53 56 66 155 159 160 164 165 170 179 184 186 187 191 199
 207 208 212 261 540 546 550 553 625
25 45 70 115 140 165 190 215 240 260 289 314 339 364 389 414 439
 464 489 509 534 554 579 604 624 650
15 40 64 101 140 146 185 204 226 254 288 295 336 356 377 398 416
 442 472 501 514 553 570 598 623 646
21 27 68 102 137 141 170 194 227 251 289 303 337 346 386 397 431
 444 477 506 530 544 563 588 621 646
12 33 57 96 137 158 186 202 239 254 267 314 320 357 372 401 436
 446 482 499 515 539 571 596 619 648
22 45 61 108 116 152 170 210 231 244 272 311 326 360 387 408 435
 448 487 496 522 535 570 594 609 648
3 38 60 108 120 155 182 195 225 251 267 295 332 348 381 403 433
 452 479 494 521 542 562 599 620 650
20 44 67 98 137 143 187 206 225 260 288 292 323 342 379 409 429
 457 476 497 524 535 572 590 612 649
4 37 48 103 125 154 189 209 240 251 288 309 330 358 378 400 415
 445 481 505 517 541 564 582 611 648
1 31 62 107 122 160 171 210 239 246 288 303 316 363 369 402 417
 454 478 492 512 547 568 603 622 650
18 29 65 114 138 157 188 203 223 247 286 302 330 350 376 395 435
 440 482 490 524 546 563 598 616 650
11 29 69 91 137 149 184 197 240 246 266 295 333 360 367 407 423
 449 466 504 525 548 567 581 614 647
19 28 48 92 118 143 190 202 238 247 277 310 329 356 387 399 438
 444 484 492 529 545 562 592 607 647
15 27 54 99 123 142 190 199 216 259 276 307 338 341 388 394 422
 456 466 494 524 543 576 603 606 648
10 28 59 105 120 161 176 198 226 246 289 292 328 347 374 412 432
 461 470 491 523 546 557 593 618 648
19 33 52 105 123 147 180 209 217 242 265 291 315 345 380 408 419
 463 477 508 525 553 572 580 613 650
14 32 66 109 140 148 180 211 227 246 267 309 318 341 370 392 434
 455 487 503 518 545 555 583 616 649
17 26 65 94 140 153 178 208 239 251 271 292 317 345 383 390 428
 450 475 495 522 543 574 589 608 647
10 33 55 103 138 152 182 207 224 255 283 293 319 349 370 410 417
 459 476 502 530 538 576 604 623 647
13 36 47 99 120 156 188 192 239 260 266 309 315 349 366 396 437
 458 483 496 529 537 573 584 615 646
18 26 69 111 130 159 169 193 234 257 275 294 316 349 382 399 419
 443 489 493 514 542 555 590 621 648
8 32 67 112 130 154 182 214 221 249 273 298 325 340 372 391 422
 463 468 492 522 546 579 601 614 646
20 32 50 100 116 145 186 196 233 250 287 301 338 346 371 396 426
 459 475 491 514 548 578 582 607 650
11 26 51 93 116 163 179 203 232 258 278 299 315 357 385 412 417
 460 472 494 513 544 579 592 611 649
5 41 61 95 125 159 177 205 227 254 266 292 324 362 375 404 422
 453 488 502 528 551 569 592 610 650
8 35 46 100 120 144 169 191 240 254 271 303 326 350 384 394 427
 441 484 508 533 538 559 602 617 649
1 45 60 95 131 158 181 212 218 243 276 291 330 352 374 410 423
 444 468 498 514 536 574 595 615 649
25 38 61 107 118 149 180 212 236 252 283 302 334 344 371 411 429
 446 474 493 523 543 559 600 611 646
14 44 63 100 123 159 185 214 229 243 268 300 332 344 369 412 425
 445 480 496 515 554 563 591 605 647
2 42 52 92 122 157 166 207 227 260 271 295 325 361 373 411 426
 460 471 507 532 536 561 597 605 648
19 42 57 103 134 155 178 198 233 244 278 308 324 341 382 395 430
 441 478 498 531 554 558 581 612 646
19 37 59 96 126 145 185 207 220 257 279 298 333 364 368 405 435
 454 473 506 528 543 556 584 620 649
12 37 55 92 127 156 187 198 218 259 268 296 331 360 377 391 427
 462 486 493 527 544 577 583 608 650
25 31 56 95 134 144 185 195 232 250 285 304 319 345 379 406 437
 462 467 490 519 545 566 588 614 648
22 41 70 107 127 161 184 195 216 242 282 300 325 346 376 399 430
 458 481 500 520 539 560 589 623 649
17 29 53 93 123 151 167 193 218 248 282 313 326 364 365 403 415
 453 476 491 526 545 571 597 622 646
24 40 47 110 131 149 171 194 228 242 268 313 321 353 368 395 438
 457 475 502 518 552 579 599 617 648
21 40 49 99 116 157 187 213 230 253 285 308 328 355 378 403 424
 454 468 508 534 539 555 600 610 647
13 27 64 110 138 160 176 213 237 252 277 297 324 340 389 406 426
 448 480 505 525 542 571 587 608 649
18 43 53 94 128 141 182 197 230 244 287 304 336 347 380 413 438
 446 486 509 517 537 569 603 605 649
11 34 58 94 135 154 170 193 236 255 277 305 335 342 374 392 425
 456 471 501 531 539 566 584 617 650
2 33 48 106 124 162 175 198 234 241 273 290 317 363 371 414 437
 452 466 501 526 552 563 594 610 649
22 38 62 95 119 146 186 215 222 257 273 306 322 342 380 395 421
 455 483 505 533 544 557 597 606 647
4 33 59 92 136 165 168 201 232 253 287 311 316 359 381 393 428
 455 480 500 524 551 567 595 617 646
12 42 59 106 135 151 179 209 237 256 270 302 318 346 384 398 422
 443 467 509 516 535 568 599 615 647
9 44 50 109 124 161 171 191 222 245 279 294 335 354 378 390 433
 462 482 509 525 536 576 592 609 646
23 44 46 112 136 153 189 211 219 244 285 299 334 351 368 399 421
 442 466 507 530 550 571 593 615 650
24 36 64 102 132 154 174 199 232 244 269 301 320 363 376 405 419
 453 470 497 521 536 559 583 624 647
9 39 63 112 122 152 174 196 226 251 266 314 329 353 365 393 424
 440 467 493 531 540 575 580 606 649
2 37 57 105 139 148 171 201 223 252 281 305 326 352 379 396 439
 442 469 494 520 540 569 601 621 647
22 31 60 115 135 142 187 205 224 247 281 297 317 357 368 413 419
 445 465 503 532 548 575 602 618 646
1 41 56 108 139 153 174 215 237 255 286 310 338 361 367 412 434
 447 473 508 517 552 577 590 619 646
3 41 62 115 128 143 188 212 233 253 269 299 318 340 365 390 431
 449 469 501 527 538 556 591 613 648
9 35 66 98 132 142 166 214 231 253 278 304 333 352 383 397 415
 443 474 499 529 552 557 587 623 650
7 29 58 111 136 146 177 208 231 250 269 308 331 358 366 411 439
 447 477 492 515 549 576 599 618 649
24 30 68 99 139 165 166 204 236 247 270 293 332 354 382 408 421
 450 488 491 527 547 564 596 614 649
16 29 51 94 124 155 174 200 220 249 284 306 339 352 375 398 427
 458 480 503 530 547 572 600 607 648
6 30 49 110 125 147 172 199 225 246 271 314 322 351 385 410 425
 443 486 490 520 549 556 594 607 646
17 43 58 91 126 160 180 203 235 245 273 312 327 356 381 397 424
 459 488 497 520 554 577 602 615 648
7 43 51 114 125 142 168 193 226 260 267 303 321 343 371 406 420
 463 473 498 527 550 560 586 609 647
16 34 53 111 122 145 181 203 225 254 289 309 334 354 388 391 418
 448 465 500 519 552 558 585 613 647
17 34 69 114 134 156 190 200 219 253 272 301 322 344 386 400 433
 461 485 502 532 553 568 601 619 649
15 36 49 97 118 164 167 194 224 256 286 305 316 345 375 391 436
 449 479 507 510 554 557 582 609 649
9 32 46 113 131 164 175 206 216 248 265 296 324 361 381 400 431
 446 489 490 513 547 570 584 618 647
7 26 53 91 129 161 172 200 224 252 270 310 320 359 373 409 437
 441 468 506 518 541 570 591 606 650
16 26 58 114 131 143 166 197 217 259 274 300 319 363 384 404 436
 451 487 505 534 540 578 593 620 646
23 32 63 98 129 156 168 191 237 247 283 305 337 362 380 405 430
 452 472 504 534 549 574 585 622 648
25 41 60 104 126 163 167 210 221 241 284 294 337 341 366 409 426
 440 486 499 511 553 564 593 617 647
20 35 63 113 119 150 179 211 220 241 275 312 330 360 373 406 439
 450 470 502 510 539 562 603 613 646
23 35 67 109 117 160 172 196 218 242 274 307 339 358 382 413 435
 460 479 501 523 551 573 588 619 647
14 35 50 112 118 141 178 206 223 255 270 297 331 364 385 402 423
 451 483 500 521 553 565 586 610 648
5 45 62 104 129 162 183 195 223 256 277 293 333 358 388 401 427
 461 475 497 513 550 555 580 605 646
3 45 56 107 130 147 176 205 220 245 280 290 331 350 386 393 415
 456 472 507 518 537 578 596 612 647
6 27 47 97 136 150 183 204 233 258 272 304 325 362 374 402 434
 464 482 493 526 541 572 602 620 647
12 28 52 103 119 153 170 201 235 249 280 294 321 355 388 404 416
 464 474 490 521 548 573 591 622 649
24 27 49 101 124 144 181 192 221 257 280 312 318 361 387 413 430
 461 476 495 515 540 567 586 611 650
8 44 66 113 138 163 173 196 236 256 281 310 322 348 377 404 418
 454 477 498 526 537 567 589 624 648
4 42 55 105 133 149 172 202 221 245 275 306 338 362 383 403 431
 451 465 496 512 550 566 598 624 649
16 43 69 93 139 150 175 208 238 256 283 297 328 353 372 394 416
 455 481 496 511 536 556 588 612 650
2 28 55 96 132 159 181 209 230 250 272 299 327 353 389 409 420
 456 479 504 533 547 565 589 616 646
11 43 65 111 127 144 186 200 228 243 265 307 329 355 370 402 432
 452 469 507 528 535 564 587 624 646
5 38 56 115 117 157 168 210 229 259 265 313 335 351 372 398 418
 459 470 495 529 541 565 581 621 649
18 34 51 91 121 148 176 208 229 242 276 296 323 348 387 405 421
 464 467 499 512 538 561 582 610 646
21 36 54 110 119 148 184 204 234 245 284 298 319 357 365 400 428
 447 484 498 523 535 565 585 605 650
10 42 48 96 121 146 169 201 216 243 274 313 337 340 385 407 434
 450 485 497 519 537 575 600 609 650
6 36 68 101 117 145 177 213 217 243 282 296 317 359 367 392 417
 440 474 509 533 550 562 601 612 648
14 39 67 113 134 162 167 191 230 258 269 311 321 356 367 410 432
 458 465 505 516 543 561 596 621 650
23 39 66 100 133 158 177 206 235 257 284 290 328 343 376 408 438
 449 471 494 519 541 568 604 608 646
20 39 46 109 135 147 184 214 238 252 286 293 336 355 366 414 420
 453 485 495 512 544 558 595 620 648
8 39 50 98 121 165 188 211 228 259 282 291 327 347 375 401 416
 447 478 506 532 542 566 594 611 647
10 37 52 106 128 164 173 202 231 258 285 301 339 350 369 392 423
 457 488 495 511 542 560 585 606 646
3 31 61 104 121 150 173 215 217 248 268 307 320 349 378 397 428
 442 471 504 516 546 558 586 607 649
21 30 64 97 127 162 179 192 229 248 274 291 334 342 383 393 433
 441 473 492 511 548 569 604 616 648
13 30 54 101 128 158 169 194 219 250 278 311 335 348 373 414 429
 451 481 503 528 546 577 580 622 647
15 30 47 102 126 152 178 213 222 249 275 290 323 344 384 401 418
 460 469 504 517 545 560 595 618 650
1 38 70 104 132 151 175 205 219 258 287 308 323 354 370 407 425
 463 484 506 510 540 573 598 608 648
5 31 70 108 133 141 189 212 234 249 279 312 315 359 377 394 436
 457 485 491 531 549 561 587 616 647
6 40 54 102 129 155 189 192 238 255 281 302 327 343 369 407 432
 462 489 499 522 551 578 597 613 649
4 28 57 106 117 163 183 207 228 248 276 300 336 343 386 390 424
 448 483 503 510 549 559 590 614 650
7 34 65 93 133 164 183 197 222 241 280 298 332 351 389 396 429
 444 478 508 516 551 575 583 623 648
13 40 68 97 130 151 173 199 235 241 279 306 329 347 379 411 420
 445 487 500 513 538 574 581 619 650
25 37 66 72 114 135 146 176 192 225 249 282 311 320 353 382 402
 431 459 466 508 510 574 592 605 629
15 28 65 78 100 124 165 189 205 225 252 269 313 325 360 380 397
 417 451 467 498 511 555 584 619 627
21 41 67 88 103 132 149 190 208 226 243 270 312 316 350 380 396
 418 462 471 503 513 571 594 620 629
12 31 68 81 111 126 143 182 191 226 252 278 291 339 351 376 400
 434 456 475 496 510 567 597 610 626
22 37 50 83 94 133 157 181 199 219 248 266 293 316 356 384 406
 434 452 477 499 523 579 591 612 627
4 35 51 77 108 134 147 187 194 239 243 277 298 318 354 376 411
 416 459 489 504 526 569 593 606 627
3 34 47 89 112 116 161 168 209 227 243 281 306 333 356 382 414
 436 447 476 490 511 559 603 608 626
18 45 55 76 98 134 160 174 204 238 241 271 313 334 346 378 392
 436 463 483 494 528 567 591 618 629
1 36 53 76 105 127 152 185 211 240 253 273 297 337 343 382 404
 429 456 482 495 513 561 599 607 627
11 45 57 85 109 121 141 177 199 226 253 275 302 332 361 368 391
 437 459 484 505 511 572 589 622 628
20 38 69 73 99 129 158 171 207 226 249 274 299 324 345 387 392
 415 447 486 500 516 563 602 624 627
17 33 70 90 102 128 148 166 196 225 243 286 294 328 362 368 406
 427 456 483 492 516 570 581 611 625
15 41 63 77 92 120 151 181 197 228 245 278 297 320 358 371 392
 421 454 485 490 522 572 604 621 625
19 31 54 71 91 139 159 168 196 228 258 271 290 330 342 366 391
 431 461 487 509 521 571 600 623 627
10 43 46 74 110 123 155 181 210 227 253 279 310 317 342 376 401
 439 451 472 493 516 573 582 614 629
19 43 50 85 99 136 149 170 205 237 241 288 300 320 348 365 410
 427 460 489 495 519 557 601 616 626
14 42 64 75 107 117 153 186 197 225 253 284 305 330 349 387 394
 420 462 488 506 526 579 580 618 626
11 33 61 87 97 139 145 178 191 219 260 284 300 327 340 377 413
 415 444 470 490 512 555 599 606 629
18 33 56 77 101 127 154 172 206 222 256 266 299 321 341 369 397
 439 448 484 491 532 574 600 620 626
10 31 64 80 94 125 163 180 206 238 259 275 311 333 354 365 396
 430 464 468 507 533 563 599 619 625
8 42 68 86 108 118 159 175 200 222 242 269 309 333 357 374 406
 424 442 486 495 524 578 604 622 629
5 32 48 71 101 119 142 174 203 239 252 272 300 323 347 382 403
 423 462 477 507 516 556 604 617 628
20 42 49 76 95 120 163 168 208 219 255 282 298 339 363 388 397
 438 445 469 493 525 570 596 616 628
13 26 59 84 115 139 144 184 206 227 249 268 301 334 358 380 410
 424 456 478 499 526 562 598 609 628
8 29 60 79 96 133 156 178 204 227 252 285 307 321 363 387 393
 425 459 481 509 513 557 590 613 625
12 35 65 89 115 122 162 185 199 217 245 272 305 324 348 366 407
 438 455 468 491 530 560 590 611 629
1 37 46 73 111 134 149 183 213 229 247 284 314 315 347 373 397
 422 455 476 501 521 578 589 609 625
19 35 58 87 95 121 152 171 192 234 256 289 301 325 351 367 403
 420 446 472 503 524 564 591 608 625
25 34 49 88 109 130 143 175 201 237 244 268 295 330 343 383 401
 417 458 477 491 528 565 602 606 625
17 45 52 86 113 133 142 184 192 228 254 270 308 335 340 379 405
 417 455 479 493 517 563 593 607 626
25 36 69 74 96 125 162 187 196 231 255 265 312 325 347 384 390
 421 444 480 494 518 558 598 622 626
2 27 62 83 98 118 145 172 193 240 249 265 308 336 348 376 412
 428 462 487 502 511 575 596 615 625
22 32 55 79 110 118 144 188 208 217 258 289 294 332 343 373 398
 415 454 466 497 531 569 595 619 626
19 27 56 84 112 119 156 169 197 231 248 267 302 328 354 375 409
 417 445 475 501 520 561 595 624 629
14 38 53 82 101 116 147 173 201 228 247 275 292 325 363 389 400
 427 449 473 499 531 576 588 615 629
24 28 58 81 109 138 158 187 195 229 258 266 306 337 364 371 394
 428 443 478 507 517 570 601 613 629
21 28 51 80 98 123 152 173 212 219 257 286 295 324 358 372 402
 437 450 465 509 520 578 583 617 626
2 35 69 90 107 133 165 173 213 224 244 276 309 337 342 365 398
 432 463 475 490 515 577 592 620 628
13 41 66 87 105 119 157 183 200 238 244 274 303 317 364 381 391
 425 457 467 504 514 576 596 611 626
22 34 54 90 100 131 153 180 207 221 256 288 308 339 347 385 393
 437 453 482 504 527 562 587 621 629
4 31 47 78 114 127 153 175 214 230 257 270 314 326 348 375 392
 426 444 472 497 523 576 581 613 628
2 31 49 79 93 128 161 186 211 235 251 274 293 331 344 367 405
 422 448 489 498 529 572 598 617 629
18 39 54 73 103 124 143 186 210 232 248 289 297 333 362 377 411
 425 450 479 508 518 560 601 615 628
22 36 58 86 92 128 147 189 191 223 241 267 307 324 353 383 412
 418 464 476 506 514 568 600 614 628
16 45 48 74 112 135 144 167 213 235 242 278 295 322 362 369 396
 428 446 470 506 527 576 590 616 627
7 45 59 75 100 122 150 188 194 230 255 274 306 323 341 377 400
 419 452 474 495 520 571 592 614 625
1 32 57 78 102 120 150 184 193 224 259 280 299 322 356 383 411
 435 457 480 509 519 564 580 610 629
11 30 46 71 108 140 151 176 207 223 259 273 301 316 362 378 409
 438 458 474 498 515 575 588 613 626
12 27 60 82 113 117 154 166 208 223 246 287 306 327 344 365 399
 437 457 472 508 528 558 604 609 627
3 32 52 81 99 117 141 167 200 232 257 277 292 334 353 384 407
 439 445 482 498 512 577 594 623 625
9 38 51 84 110 140 162 189 202 235 250 270 300 337 349 374 391
 435 453 469 508 532 567 603 612 625
23 38 58 72 102 130 165 185 198 230 248 271 310 318 357 388 396
 423 440 481 502 512 572 587 609 626
24 44 56 75 114 116 148 178 202 224 241 289 291 336 358 381 407
 422 458 471 493 533 556 587 622 627
24 26 55 82 108 126 142 177 211 233 248 288 305 322 350 372 414
 432 444 467 500 525 573 600 605 625
9 40 52 87 94 136 160 188 195 240 243 283 290 322 357 387 409
 422 451 473 491 510 558 583 621 628
6 44 61 86 91 131 154 169 198 239 253 280 293 329 364 380 398
 426 447 465 494 510 560 588 616 625
9 29 70 71 92 121 154 179 213 233 257 281 303 336 345 388 410
 429 452 488 496 518 565 593 619 629
16 33 60 88 99 125 164 169 211 229 245 269 310 336 346 379 402
 435 461 474 504 531 579 597 608 628
7 33 62 89 110 126 156 179 214 236 244 282 292 329 361 378 394
 423 464 479 503 519 578 598 621 627
17 39 47 83 105 137 163 182 205 234 250 277 307 330 361 369 398
 421 441 474 500 534 556 583 609 629
7 39 49 82 92 138 159 180 215 239 249 276 304 326 346 368 407
 433 451 470 501 513 564 585 612 626
17 30 67 79 115 131 155 183 201 231 257 283 309 320 346 377 412
 420 440 484 507 525 566 603 610 627
16 30 63 80 95 130 157 170 202 240 252 287 296 315 341 368 390
 432 447 479 497 526 568 586 623 629
23 42 54 74 115 132 161 182 203 236 241 266 296 326 345 386 402
 416 457 473 505 515 555 595 607 625
9 42 47 85 104 119 143 180 193 229 254 286 301 331 359 389 413
 432 454 481 494 530 574 594 614 627
25 32 59 80 97 132 160 177 197 234 251 276 310 335 355 385 395
 427 442 476 496 532 560 596 613 627
15 26 48 73 104 127 141 188 196 237 246 285 298 335 352 381 408
 420 464 465 502 515 559 597 612 629
23 29 56 80 105 135 145 166 194 216 258 288 312 329 349 389 401
 433 455 486 498 522 559 591 610 628
14 29 61 81 103 122 164 172 192 237 259 279 304 328 357 386 414
 421 463 469 497 514 562 589 617 627
20 29 62 78 106 134 148 169 199 221 251 268 297 327 359 374 408
 418 446 473 507 534 573 592 623 626
3 37 67 82 91 122 151 170 204 222 250 286 291 317 343 385 394
 430 446 480 502 529 555 593 624 628
5 37 63 84 93 121 155 190 194 236 246 269 290 319 355 383 413
 426 463 482 500 533 570 590 615 626
6 41 46 90 106 118 146 170 203 230 260 275 307 319 352 372 405
 433 445 478 491 518 567 580 608 627
24 41 50 89 96 117 155 176 193 235 256 271 304 315 360 370 400
 429 442 465 492 534 563 595 606 628
12 43 63 75 102 138 146 183 212 221 242 285 292 316 354 367 414
 415 441 487 494 532 565 584 607 628
4 27 70 73 109 120 164 178 203 220 250 283 313 329 342 367 404
 419 442 468 499 527 568 594 605 626
8 38 65 83 97 131 152 187 209 238 246 278 294 338 359 386 405
 439 458 488 501 519 571 586 605 628
10 35 53 88 104 135 158 189 204 232 260 280 296 338 344 375 395
 424 452 487 492 525 556 589 621 626
5 34 68 87 98 140 163 186 198 216 245 285 302 326 353 373 410
 419 449 480 492 517 573 586 620 627
16 39 68 72 106 123 153 168 195 224 246 272 312 331 340 378 395
 429 460 484 499 514 569 584 624 625
11 39 64 84 96 136 161 175 212 217 247 280 303 339 341 379 403
 418 443 483 502 522 577 582 605 627
2 43 66 86 101 137 151 190 195 233 255 268 294 315 351 375 393
 435 450 468 505 512 559 585 618 627
3 36 51 75 106 126 165 171 206 218 254 283 304 338 355 373 399
 425 461 477 505 522 575 581 616 629
18 30 50 78 107 129 146 190 209 218 258 267 298 317 361 379 404
 424 449 470 496 530 558 587 617 625
10 27 61 72 100 132 148 179 200 218 247 273 295 321 351 366 390
 436 454 489 500 517 566 580 612 628
15 44 60 76 94 129 145 179 201 234 242 272 314 328 350 370 411
 431 453 478 505 529 577 586 614 626
20 40 59 77 91 124 142 167 212 223 244 265 314 332 349 386 404
 434 460 481 492 533 566 585 608 629
13 44 62 85 111 140 164 166 209 232 255 276 290 321 360 372 403
 430 440 485 506 523 569 602 607 629
14 40 57 89 93 138 144 174 205 231 260 273 291 335 359 388 399
 431 450 486 504 523 568 582 620 625
21 26 52 72 107 125 150 174 191 221 250 281 296 332 364 370 401
 438 448 485 501 524 557 581 615 627
23 40 55 88 111 123 141 184 215 220 256 267 311 323 363 374 390
 426 441 488 490 529 575 601 611 627
21 44 70 74 93 130 156 172 207 217 254 277 311 327 352 371 395
 434 449 467 495 521 564 603 618 628
8 40 48 90 114 137 150 177 210 218 245 287 293 334 345 389 412
 430 443 469 503 521 561 584 606 626
6 26 57 83 95 128 160 167 214 216 247 279 309 323 360 371 393
 416 461 471 508 530 565 599 624 626
1 34 64 77 113 129 159 182 202 233 260 279 313 331 355 384 408
 428 440 466 503 520 557 588 611 628
5 36 65 85 103 139 158 173 214 220 242 287 303 318 356 385 409
 433 448 466 493 534 566 597 618 625
6 28 53 79 112 137 162 171 215 236 259 284 308 318 350 381 406
 419 460 485 496 528 574 582 623 628
4 43 67 76 97 124 157 176 215 216 254 281 299 319 344 366 408
 423 443 475 506 531 562 583 622 625
7 30 66 81 104 116 149 181 198 220 251 265 305 319 340 369 399
 416 453 483 509 524 561 602 619 628
13 28 69 71 113 136 147 185 210 222 251 282 302 338 352 370 413
 436 441 471 497 527 579 585 610 625
29 38 40 42 191 196 206 211 214 264 272 276 277 280 289 315 316
 317 319 320 511 517 520 527 528 644
26 28 41 44 192 194 199 204 213 264 265 267 273 283 287 326 330
 331 333 339 512 516 519 531 532 641
27 31 35 43 198 201 202 207 209 264 266 269 282 284 286 322 323
 332 334 335 513 514 518 522 534 642
32 34 36 37 195 205 210 212 215 264 270 271 274 275 278 321 327
 328 329 336 515 524 525 526 530 643
30 33 39 45 193 197 200 203 208 264 268 279 281 285 288 318 324
 325 337 338 510 521 523 529 533 640
25 65 76 92 117 148 170 206 226 258 279 293 322 340 375 403 419
 441 481 504 515 552 578 603 615 641
15 66 88 96 128 153 171 203 240 248 277 306 332 359 366 410 430
 463 470 493 532 535 578 588 610 643
12 69 77 95 132 141 180 204 225 248 281 290 329 340 373 412 435
 458 478 495 534 550 576 582 617 644
21 57 84 108 129 143 181 196 240 241 282 304 321 344 385 398 419
 455 488 507 512 546 576 584 608 640
11 67 80 107 126 158 188 198 227 256 272 313 336 359 383 406 421
 445 489 508 521 540 576 585 607 641
1 52 71 110 130 145 187 197 226 256 269 307 326 344 381 414 430
 450 483 499 530 541 566 592 616 644
18 66 71 115 125 152 167 202 237 243 280 308 327 363 373 394 433
 442 475 500 523 544 572 584 614 641
3 46 72 94 139 156 186 194 226 241 276 308 325 359 369 404 435
 443 465 497 525 545 565 604 611 642
20 68 75 115 121 149 189 193 239 258 273 310 328 352 384 393 430
 448 479 490 528 553 576 583 605 642
22 51 74 103 120 145 183 211 230 252 268 290 335 361 365 407 436
 443 488 492 524 553 574 588 624 641
4 61 83 112 138 142 185 208 225 241 274 301 315 355 374 401 430
 449 484 509 518 547 577 597 621 641
14 70 79 105 124 146 168 199 239 256 278 296 334 355 365 409 435
 444 471 502 517 542 578 602 614 640
19 53 89 107 120 142 175 194 229 249 285 293 327 362 385 390 439
 440 471 505 514 535 567 583 619 644
10 47 81 91 133 144 190 211 225 256 287 300 324 352 378 411 419
 440 473 501 522 544 565 596 622 643
19 49 80 114 122 141 183 191 236 243 273 299 338 360 379 398 428
 453 481 499 518 542 573 604 618 643
17 64 82 103 135 165 169 195 227 241 265 299 323 352 367 391 438
 454 482 496 523 549 578 586 606 644
15 52 83 115 116 159 176 211 218 255 284 303 329 354 383 395 437
 446 481 497 516 549 567 601 620 640
8 56 78 103 136 151 180 213 234 260 274 305 332 353 376 390 423
 461 465 499 528 544 570 603 607 640
20 61 71 96 123 157 182 194 232 245 270 309 322 343 367 399 427
 464 478 501 511 540 574 587 618 640
10 65 90 108 119 160 168 192 236 250 268 314 336 341 384 399 415
 449 465 506 513 536 572 601 610 644
5 49 89 100 134 154 184 202 226 248 283 294 317 352 389 402 421
 460 487 506 524 537 577 599 613 640
18 68 83 96 122 147 179 215 221 253 283 300 335 358 375 396 432
 457 466 498 521 545 570 602 608 644
13 60 86 114 123 161 174 207 240 258 275 305 318 355 377 397 421
 446 475 492 519 551 565 594 612 644
11 49 73 106 133 152 166 205 233 242 267 310 334 364 366 400 416
 462 480 497 533 546 574 603 621 644
8 59 87 111 116 155 172 205 239 248 286 312 337 344 379 392 438
 464 466 505 527 536 565 580 623 641
17 63 78 104 139 147 177 207 216 244 289 306 321 357 384 402 429
 462 468 501 529 542 567 582 616 641
25 57 81 101 131 156 189 208 230 245 286 303 333 342 370 408 422
 460 470 500 526 542 575 591 607 644
24 46 77 105 125 143 173 208 218 249 272 302 335 357 367 393 426
 452 483 506 519 554 555 603 623 643
21 50 90 92 139 163 185 200 231 246 280 313 323 349 376 414 422
 446 479 505 531 550 574 602 613 643
25 50 84 91 127 164 182 213 238 254 272 306 318 363 368 412 415
 450 471 498 524 549 573 580 621 642
22 64 87 109 122 156 167 209 228 249 287 310 319 350 374 397 429
 450 489 494 515 550 556 581 610 640
14 54 85 95 133 151 187 200 217 251 283 299 336 350 382 401 426
 464 470 492 520 552 567 584 609 642
1 58 75 96 119 164 190 214 228 251 281 311 334 362 376 398 437
 460 486 491 525 538 555 586 612 641
19 67 86 102 125 144 179 210 219 252 276 306 331 349 381 392 416
 449 482 491 534 552 575 589 605 640
2 63 74 99 127 160 178 215 225 258 280 302 333 359 372 400 438
 453 477 503 514 538 566 593 609 640
19 60 73 100 137 160 173 193 222 253 270 296 319 353 388 414 434
 458 470 507 522 549 569 598 611 641
12 70 72 98 136 144 171 197 229 255 275 309 317 356 386 408 426
 453 479 498 513 546 556 600 606 641
7 46 79 95 127 165 174 209 233 245 277 295 328 349 385 413 418
 457 487 499 510 543 563 601 622 641
16 50 81 108 128 162 184 201 221 260 276 302 329 345 382 397 425
 454 472 502 533 541 571 583 618 641
22 59 78 99 140 154 173 203 238 243 284 304 331 351 371 401 431
 441 479 502 525 540 561 590 622 644
22 63 82 111 125 148 175 192 235 253 277 313 338 345 377 409 423
 460 478 509 530 546 559 596 620 642
4 58 88 115 118 150 186 213 219 246 279 291 321 361 382 409 427
 453 467 494 522 537 563 585 623 644
2 51 87 104 117 144 182 199 222 247 288 311 328 346 383 404 423
 447 485 493 518 554 571 584 613 644
24 70 85 94 137 159 167 198 231 252 274 298 338 343 378 402 418
 455 472 490 532 538 562 580 615 644
3 54 77 98 135 164 177 201 230 246 273 300 315 364 387 406 418
 441 475 493 530 536 564 598 619 640
9 55 89 114 129 151 169 212 232 246 284 307 325 342 368 396 416
 448 477 495 517 554 562 596 610 641
23 47 76 108 122 146 173 197 232 252 265 294 327 364 383 410 422
 461 484 503 527 539 563 582 612 642
9 49 86 107 135 155 185 203 234 259 287 292 321 358 373 408 434
 444 483 504 511 538 571 601 624 642
1 68 88 112 133 148 188 207 238 250 265 292 320 360 388 413 433
 443 472 505 526 554 560 600 617 640
24 69 79 98 120 153 179 205 223 243 279 311 319 341 389 391 424
 446 477 501 512 541 560 597 607 642
11 60 89 102 124 147 190 206 237 250 274 309 326 347 372 395 428
 454 488 493 510 550 561 591 623 642
6 51 78 109 119 159 166 210 240 256 285 291 320 340 386 396 438
 452 476 500 531 543 577 598 618 642
18 52 75 112 140 158 175 199 233 252 282 312 319 342 386 412 427
 454 465 504 529 551 564 599 609 643
12 46 85 97 128 142 172 195 236 257 289 313 330 363 370 396 424
 447 480 504 522 553 561 592 612 640
9 53 73 102 118 157 177 209 239 241 268 311 339 340 370 394 421
 461 472 498 520 548 566 590 620 643
2 56 82 109 123 150 189 200 236 254 278 298 316 347 387 410 431
 440 483 497 534 548 560 599 608 641
13 55 73 107 131 163 170 214 223 254 269 312 328 351 382 407 428
 452 473 509 532 545 572 582 606 640
9 60 80 106 138 149 186 192 217 244 271 298 323 356 375 412 439
 456 485 500 527 541 555 588 622 640
23 62 81 92 137 155 175 204 224 243 275 301 335 347 366 404 415
 448 467 508 520 543 579 586 616 640
23 57 90 91 140 157 179 195 217 249 269 297 338 354 369 400 420
 444 476 493 528 537 557 594 617 641
16 47 84 92 134 158 172 210 216 255 273 292 332 350 365 405 420
 442 477 509 510 548 555 587 611 644
25 47 90 113 121 145 174 198 235 247 267 299 316 358 386 394 425
 451 468 495 525 535 569 597 623 640
7 54 72 105 121 162 178 212 237 254 287 294 322 360 376 392 424
 445 476 507 529 547 579 588 620 644
14 48 77 94 130 149 166 215 224 250 282 303 324 351 377 405 424
 461 482 494 511 535 573 595 613 641
15 61 75 93 136 143 184 209 223 257 271 296 337 347 369 406 433
 459 468 503 531 552 573 596 624 644
20 52 88 93 131 146 178 210 234 247 266 304 318 348 378 391 432
 456 480 506 520 550 559 604 619 641
17 56 87 99 138 162 181 214 233 246 275 296 339 343 380 411 436
 442 481 506 521 535 575 592 617 642
16 62 90 101 136 152 176 191 227 248 270 298 330 355 371 407 419
 457 486 494 529 554 566 589 619 642
17 59 74 109 129 152 186 204 221 259 269 303 315 348 389 399 423
 445 471 490 510 552 569 600 612 643
7 48 85 98 131 147 182 192 227 258 284 297 316 344 388 390 435
 442 467 491 533 539 577 581 624 643
12 54 79 94 134 150 176 214 222 260 265 310 337 358 368 403 417
 449 488 500 514 540 559 594 616 643
8 64 74 104 134 157 171 208 224 257 267 300 329 360 385 414 431
 456 474 491 517 551 572 585 615 642
4 66 75 110 139 141 169 205 222 259 272 295 339 345 371 405 432
 440 476 492 513 539 558 591 615 640
3 69 85 105 118 154 181 191 235 259 285 314 323 346 366 395 417
 450 473 503 526 551 570 587 605 641
5 53 86 106 132 156 176 196 238 257 288 291 332 341 367 411 428
 451 469 490 530 539 579 602 609 641
6 59 82 104 130 153 190 191 231 242 266 297 336 342 373 403 436
 459 469 498 519 547 563 583 611 640
24 48 72 95 140 161 183 206 220 253 286 307 327 348 384 411 417
 463 486 496 531 548 571 585 621 640
3 48 79 97 129 148 185 193 228 244 266 312 339 354 372 410 426
 451 474 508 524 544 568 589 618 644
5 67 73 114 128 145 180 199 228 255 280 295 337 357 378 399 439
 441 467 496 526 547 557 595 608 642
2 64 78 111 121 142 170 196 219 245 283 292 318 364 369 395 436
 458 486 508 513 541 562 595 614 643
21 62 76 91 138 153 177 202 220 259 278 309 325 353 379 413 425
 452 489 491 516 553 559 595 609 644
6 56 74 111 124 163 188 201 218 251 270 301 324 356 368 394 429
 463 487 504 512 539 557 604 605 644
21 65 81 113 118 161 169 215 218 244 288 290 315 362 388 392 420
 459 480 499 532 540 556 599 614 642
15 58 71 112 132 163 172 212 220 260 268 293 317 346 387 400 432
 455 482 508 519 542 569 581 622 642
18 61 88 110 137 165 183 196 216 249 278 305 331 356 370 403 437
 445 473 495 533 536 568 593 613 642
13 53 80 100 117 143 178 195 231 245 281 314 316 361 374 405 416
 463 466 502 516 544 564 600 616 642
10 50 76 101 126 150 166 212 229 251 277 308 326 357 380 391 420
 458 466 490 518 551 568 590 624 640
11 55 86 100 130 162 168 213 216 251 286 304 320 354 387 404 439
 457 478 503 523 553 556 597 615 643
16 57 76 113 116 165 180 194 237 257 266 307 317 351 374 409 415
 462 485 492 521 538 560 598 605 643
14 69 72 97 119 155 188 202 232 242 288 293 326 361 371 397 418
 456 468 509 528 549 575 593 608 643
8 51 82 99 132 146 184 198 217 255 279 314 330 362 381 413 429
 448 475 507 511 545 568 591 621 643
23 65 84 101 120 149 167 207 234 253 281 291 331 346 372 406 425
 464 487 497 517 547 558 592 606 643
20 58 83 110 117 151 174 201 224 254 285 290 333 341 380 402 433
 444 489 496 527 546 561 589 611 643
10 62 84 113 124 141 187 203 219 242 271 305 320 343 389 393 422
 447 474 496 514 545 564 581 620 641
5 55 80 102 116 164 171 200 235 260 282 297 330 348 380 393 434
 443 484 501 515 543 558 593 614 644
6 63 87 103 126 161 187 193 223 250 276 295 334 363 375 408 431
 455 484 495 516 537 579 587 619 643
1 66 83 93 126 154 168 204 230 242 289 302 324 349 379 390 427
 451 485 507 515 548 562 594 606 642
4 68 71 93 135 160 181 206 229 244 267 294 325 350 377 407 437
 447 469 502 534 543 557 580 607 643
7 70 77 97 123 158 170 211 221 247 271 301 333 353 381 398 417
 462 469 505 523 537 558 590 610 642
13 67 89 106 127 159 189 197 220 247 289 308 322 345 365 401 434
 459 474 494 512 536 570 586 617 643
25 35 55 71 99 124 153 183 193 227 287 291 329 357 369 405 418
 449 485 505 520 546 570 599 612 632
15 43 55 84 95 135 148 173 191 239 274 308 333 361 386 399 429
 440 480 491 521 541 579 594 613 633
12 36 56 83 100 129 149 175 203 227 276 311 322 364 378 413 420
 450 469 492 531 542 572 593 623 633
21 32 56 86 94 121 158 183 209 225 279 297 326 363 366 399 432
 460 474 502 527 554 567 598 606 631
11 37 56 90 110 132 143 167 211 239 283 306 325 348 388 408 424
 441 485 509 514 551 563 586 618 634
18 37 70 89 99 119 163 177 191 224 265 295 318 344 374 393 420
 451 478 497 522 552 571 588 607 631
1 26 54 89 109 136 157 173 198 225 277 312 321 346 375 405 415
 446 469 496 533 553 575 604 614 634
22 35 48 81 102 123 163 176 197 233 283 314 321 359 379 391 433
 447 471 495 528 547 555 598 615 633
4 29 50 74 102 131 159 173 195 226 273 305 334 341 373 413 417
 464 485 508 529 535 556 596 608 631
3 30 58 76 103 123 144 175 196 239 284 302 336 360 389 405 434
 457 468 500 532 550 557 592 621 631
20 34 56 79 92 126 141 173 192 240 269 300 317 362 370 395 416
 443 468 494 523 547 571 580 609 632
10 39 58 77 107 116 156 183 199 240 270 294 323 345 372 413 431
 442 480 498 528 552 562 597 616 634
19 36 62 72 109 116 151 182 208 216 280 314 334 352 377 406 432
 451 488 504 532 541 563 590 617 632
19 39 51 90 115 130 164 181 204 223 274 292 322 359 370 397 426
 462 466 496 517 539 559 599 622 631
14 27 55 87 91 128 165 175 210 226 281 298 315 358 384 395 433
 453 474 507 519 539 574 590 607 634
17 31 55 85 112 117 146 179 194 240 280 310 324 347 371 408 425
 458 469 499 524 536 555 585 620 631
15 32 62 74 114 133 147 170 198 229 281 304 339 349 367 409 424
 450 484 500 528 536 571 599 611 630
5 42 50 72 111 138 147 167 204 240 268 299 328 342 381 405 437
 444 474 503 522 540 560 603 619 633
10 36 70 82 112 131 157 186 193 237 272 290 332 358 379 397 416
 441 486 503 512 543 567 592 613 630
13 33 58 78 98 133 155 167 215 226 272 296 330 354 385 399 422
 454 469 495 518 548 559 588 605 632
8 45 58 73 101 139 161 179 202 225 265 304 316 343 365 395 426
 445 485 504 530 543 573 583 610 633
20 27 48 89 111 139 152 180 195 230 279 296 320 350 383 398 425
 449 483 498 532 551 579 593 622 630
18 31 57 74 100 118 151 166 192 220 272 292 337 355 381 410 418
 447 481 501 525 550 579 583 606 634
11 31 48 75 113 120 157 172 204 231 276 294 318 353 380 401 429
 453 473 500 530 554 578 601 608 632
8 27 57 88 94 127 147 168 212 235 288 301 319 364 373 407 421
 440 479 496 516 552 555 592 618 632
17 37 62 88 97 120 159 174 206 217 287 302 337 351 387 414 416
 460 465 498 518 539 576 587 614 633
1 35 59 79 101 138 143 170 200 216 267 290 327 345 378 396 421
 453 465 493 511 549 579 581 605 631
25 26 68 77 100 138 155 171 209 219 280 307 336 362 365 391 423
 455 473 497 529 539 561 594 618 630
2 41 54 81 114 130 152 179 206 239 285 313 332 356 374 413 427
 455 474 506 525 549 558 582 624 632
19 41 68 78 94 131 162 172 211 232 281 295 323 355 389 394 415
 459 483 493 515 546 568 585 609 633
22 42 66 73 91 136 162 174 194 218 279 292 336 344 372 396 417
 456 484 490 534 542 564 586 613 632
12 29 66 76 99 130 161 189 210 228 283 301 323 361 385 406 428
 444 465 501 533 554 569 580 620 630
25 30 51 86 105 136 141 186 214 224 266 313 327 350 388 400 430
 454 487 501 516 536 562 590 608 633
19 29 46 75 101 129 163 187 215 235 287 309 332 340 383 402 436
 456 467 502 523 536 560 594 621 634
14 34 62 80 96 139 142 189 213 218 266 294 319 346 381 411 438
 441 472 495 510 546 572 594 624 631
21 43 48 82 115 133 145 171 214 232 271 302 331 341 374 404 421
 458 476 504 510 542 570 580 619 634
24 43 59 83 107 134 164 189 196 217 275 295 326 340 388 409 425
 447 482 503 529 544 574 604 610 632
7 37 60 87 101 118 153 184 196 232 273 313 324 354 386 401 432
 443 471 496 534 538 572 603 616 630
16 37 61 77 102 117 161 188 214 234 267 308 338 342 389 410 438
 450 467 507 513 553 567 602 622 632
12 41 47 80 93 140 147 169 196 224 279 308 334 343 387 397 423
 452 470 505 524 547 566 601 605 634
3 42 63 83 114 124 158 184 213 231 288 310 327 351 370 391 419
 464 483 491 513 543 569 588 617 634
1 42 67 84 94 123 165 177 192 223 285 294 329 348 371 400 436
 448 470 504 518 544 556 602 623 630
22 26 47 88 98 124 151 185 202 236 276 303 328 340 367 400 439
 459 486 507 521 551 558 580 616 631
22 30 53 85 96 138 150 168 206 234 269 295 329 352 386 392 422
 462 475 508 512 554 573 593 611 634
2 29 67 85 110 116 153 185 212 238 267 296 335 362 384 397 419
 461 478 500 510 537 564 604 606 633
2 36 61 73 113 140 155 168 197 221 277 291 323 350 368 402 424
 443 481 491 519 544 576 591 619 631
18 40 63 79 108 117 164 180 198 219 270 303 325 352 366 401 428
 456 476 505 519 548 556 592 624 633
4 36 60 84 98 130 146 180 200 233 289 293 335 360 369 394 438
 460 473 490 516 540 571 589 610 634
11 44 47 72 103 117 142 181 215 238 269 298 337 345 373 393 427
 446 487 491 520 542 568 598 610 630
24 33 65 80 112 121 151 184 210 230 277 309 339 344 373 404 431
 462 473 494 514 549 557 602 612 633
23 34 60 71 103 127 150 171 199 231 286 292 315 340 371 398 424
 451 489 506 533 545 567 596 605 633
9 34 61 78 105 128 144 187 204 220 282 310 316 341 372 407 420
 460 475 505 521 549 563 604 615 630
24 38 67 87 92 133 150 169 203 237 282 314 333 355 369 390 437
 456 487 498 530 553 569 582 618 631
9 45 65 72 99 126 159 172 201 219 267 297 319 347 367 398 430
 457 471 492 526 544 559 582 613 634
6 38 50 88 105 134 142 179 197 227 286 290 339 353 377 399 428
 448 468 497 515 538 564 584 622 634
13 32 70 75 91 134 152 181 201 236 288 307 331 357 375 390 438
 443 470 508 511 550 563 597 620 633
9 28 54 75 108 127 145 167 208 227 275 293 320 351 379 395 423
 463 480 501 534 537 568 602 611 631
25 42 46 82 93 137 152 188 199 220 281 300 321 354 380 392 428
 461 479 492 514 541 577 587 610 631
7 40 50 80 115 119 154 175 207 225 278 307 337 350 367 408 436
 461 480 493 512 545 569 589 615 632
17 40 46 81 107 132 145 168 202 222 274 297 318 360 375 410 437
 464 477 494 531 546 564 590 605 630
16 44 54 82 96 118 160 183 205 226 282 301 318 349 383 408 439
 452 468 490 517 544 561 581 617 633
15 33 51 79 113 122 149 177 195 238 280 301 326 342 382 390 434
 445 486 506 534 546 565 587 615 634
17 44 68 73 92 119 144 176 212 230 266 305 338 363 385 401 435
 463 489 503 511 541 558 599 623 634
20 45 53 84 97 125 153 166 198 222 283 307 315 356 376 407 431
 454 467 503 515 542 565 601 617 631
23 27 52 77 114 126 162 186 205 238 268 309 316 352 385 403 429
 447 470 509 531 538 570 589 614 631
16 31 59 86 98 119 149 178 199 218 277 299 325 343 370 414 433
 440 488 508 515 537 570 582 621 630
14 45 51 83 102 127 143 169 207 236 287 312 317 353 366 403 422
 442 478 490 525 541 557 585 619 630
7 31 52 76 109 132 155 169 213 223 289 300 338 356 372 393 421
 449 486 502 526 535 574 584 611 633
9 27 59 90 93 125 158 182 215 228 285 305 317 360 382 411 418
 458 484 497 512 553 578 591 616 633
23 45 69 82 110 128 163 178 209 229 273 303 320 355 375 411 434
 462 465 491 524 540 562 584 623 632
5 35 52 78 97 137 161 181 208 237 273 311 336 349 368 400 425
 440 478 494 527 545 578 600 624 634
3 35 57 80 110 136 159 190 203 221 265 293 328 363 377 392 429
 458 467 506 517 548 574 597 609 630
4 41 64 79 91 116 158 166 191 234 268 302 322 347 388 402 439
 463 479 495 530 545 575 584 612 630
12 39 53 87 108 131 148 190 213 220 271 299 335 349 371 402 430
 445 477 497 511 551 557 598 614 632
8 34 70 81 106 125 160 185 194 223 284 299 320 361 380 403 432
 450 487 493 529 548 576 595 612 634
24 32 61 76 111 135 162 190 207 222 285 303 330 359 365 412 416
 451 479 499 520 537 572 581 608 634
6 32 60 85 93 122 165 176 202 219 268 312 333 345 376 404 420
 441 483 501 517 535 576 600 621 632
10 41 49 71 111 129 165 178 214 217 288 306 335 353 386 406 435
 446 484 494 526 548 561 583 615 631
3 26 49 87 113 137 146 189 207 229 272 297 329 341 376 396 427
 463 488 509 523 552 566 595 622 633
5 30 69 75 92 124 160 182 211 217 286 308 321 364 374 396 431
 445 472 499 519 535 559 589 606 630
2 39 65 88 95 129 154 176 194 231 275 300 334 357 381 394 434
 454 476 509 527 553 573 581 607 630
16 40 67 71 104 120 148 186 209 236 275 304 324 364 376 393 417
 444 466 495 532 549 577 591 609 634
11 40 66 78 95 118 156 182 201 229 271 312 338 358 365 414 419
 448 482 506 516 547 560 593 612 631
10 29 63 86 97 140 143 171 205 230 265 298 322 346 382 394 437
 448 471 499 521 550 577 595 611 632
6 33 69 81 100 135 157 174 212 228 289 298 331 348 383 409 430
 442 488 505 513 545 573 603 609 631
18 44 49 84 105 132 150 170 195 228 284 309 324 359 384 414 423
 459 472 492 527 543 575 597 619 632
21 33 53 71 109 134 146 188 205 235 276 305 333 351 384 412 426
 457 481 493 522 547 562 586 624 630
15 38 46 89 103 121 160 166 200 221 266 311 331 343 379 412 419
 444 475 509 526 539 556 585 616 632
21 38 66 77 106 122 144 178 193 216 269 293 330 347 368 409 436
 464 472 496 525 551 577 601 607 633
13 38 63 90 96 135 141 172 208 233 284 291 326 356 378 404 417
 461 489 507 524 552 560 583 614 630
20 28 47 74 107 128 154 177 200 237 271 291 319 354 377 403 435
 455 466 499 513 554 575 586 621 633
23 28 64 86 95 139 164 188 193 221 278 314 317 344 378 407 427
 459 477 500 518 535 561 603 620 634
14 28 68 76 104 125 156 184 203 233 274 290 316 348 368 398 439
 446 476 508 522 536 566 587 606 632
8 28 49 85 115 126 148 174 197 216 270 311 315 342 369 411 415
 452 482 502 514 550 558 588 608 630
5 26 64 90 112 123 149 187 201 222 289 304 327 361 366 392 435
 452 481 498 510 538 568 596 607 632
1 30 65 74 106 137 142 180 191 232 282 306 328 358 387 391 426
 442 489 502 531 537 565 591 620 632
6 43 52 73 108 121 156 185 206 224 278 306 330 346 389 390 418
 453 466 492 523 540 555 596 617 630
4 39 69 89 104 140 145 170 192 218 278 310 332 363 380 406 422
 457 482 507 520 538 565 600 618 633
7 44 64 83 106 120 141 190 210 235 286 296 325 357 382 410 415
 455 475 504 528 540 566 600 613 631
13 43 57 72 104 122 154 187 211 234 270 313 339 362 387 412 433
 449 477 490 533 543 578 595 623 631
4 13 14 16 22 121 126 129 132 137 261 265 271 280 285 286 491
 493 498 501 592 599 601 603 604 637
2 3 11 15 23 119 125 131 134 138 261 270 279 282 287 289 492
 495 496 499 580 583 590 600 602 638
6 9 12 18 25 116 120 123 133 139 261 269 273 274 277 288 502
 503 506 507 581 585 586 589 595 636
5 10 17 20 24 118 122 127 130 136 261 267 276 278 281 284 504
 505 508 509 584 588 591 594 598 639
1 7 8 19 21 117 124 128 135 140 261 266 268 272 275 283 490
 494 497 500 582 587 593 596 597 635
1 3 5 22 25 28 39 40 43 166 169 172 178 179 262 296 298
 301 305 309 563 567 571 572 576 643
7 11 16 17 18 27 32 41 42 171 173 185 187 189 262 290 291
 293 311 314 557 559 562 565 573 640
2 4 10 12 19 30 34 38 44 167 174 177 184 188 262 297 303
 304 307 312 555 570 574 578 579 642
6 13 15 21 24 29 35 37 45 168 175 180 182 186 262 292 294
 299 300 310 558 561 566 568 575 641
8 9 14 20 23 26 31 33 36 170 176 181 183 190 262 295 302
 306 308 313 556 560 564 569 577 644
1 2 9 16 24 263 366 377 380 385 386 441 445 449 459 464 516
 522 523 524 528 539 542 545 550 626
4 5 6 7 23 263 365 370 379 384 387 446 450 454 456 458 511
 514 521 525 532 544 546 552 554 629
11 12 20 21 22 263 369 375 381 382 389 440 442 451 461 463 517
 518 519 526 529 536 538 543 549 625
3 8 10 13 18 263 367 368 371 383 388 444 453 455 460 462 510
 515 520 531 534 535 541 547 553 627
14 15 17 19 25 263 372 373 374 376 378 443 447 448 452 457 512
 513 527 530 533 537 540 548 551 628
1 4 15 18 20 80 82 85 90 144 155 156 161 162 264 340 351
 353 357 364 471 474 477 487 488 647
10 16 21 23 25 73 75 79 87 142 147 151 154 159 264 348 356
 359 360 361 469 475 478 482 483 649
2 6 8 17 22 71 72 76 89 141 143 149 158 164 264 341 349
 354 355 358 467 470 472 473 480 650
3 7 12 14 24 78 84 86 88 145 152 157 160 163 264 342 345
 347 352 362 466 481 484 485 489 646
5 9 11 13 19 74 77 81 83 146 148 150 153 165 264 343 344
 346 350 363 465 468 476 479 486 648
91 97 100 103 115 262 267 275 277 282 285 422 428 429 432 435 472
 477 483 485 486 536 540 547 552 626
101 104 105 112 114 262 269 271 276 279 283 415 418 434 437 438 478
 479 480 488 489 535 539 544 548 625
92 93 95 102 109 262 265 270 272 284 288 424 425 430 436 439 465
 466 473 474 475 537 538 542 546 627
94 96 99 107 113 262 268 273 278 286 289 416 419 423 426 433 467
 469 476 484 487 541 549 550 551 629
98 106 108 110 111 262 266 274 280 281 287 417 420 421 427 431 468
 470 471 481 482 543 545 553 554 628
48 60 63 65 68 116 128 132 134 136 249 254 256 259 262 342 343
 349 361 364 512 518 520 523 525 631
49 59 62 66 69 117 121 123 127 131 241 250 252 260 262 350 354
 356 357 362 517 521 522 530 531 634
46 53 57 61 64 119 124 126 130 133 243 246 255 258 262 345 346
 348 353 358 524 527 529 532 534 633
50 54 55 56 58 120 122 125 137 140 242 244 247 257 262 340 344
 352 355 359 510 511 513 516 526 630
47 51 52 67 70 118 129 135 138 139 245 248 251 253 262 341 347
 351 360 363 514 515 519 528 533 632
96 97 108 109 114 144 149 154 163 165 290 292 296 297 308 514 516
 520 529 530 580 585 591 597 603 645
91 95 99 106 112 143 145 147 150 155 294 303 305 311 313 513 515
 517 523 532 583 587 589 598 604 645
102 105 111 113 115 151 153 156 158 160 293 295 298 300 304 511 518
 524 531 533 582 586 592 594 600 645
93 98 101 103 107 141 148 157 159 162 301 306 307 310 314 510 519
 522 525 527 584 593 595 599 602 645
92 94 100 104 110 142 146 152 161 164 291 299 302 309 312 512 521
 526 528 534 581 588 590 596 601 645
78 83 85 89 91 92 101 108 113 123 125 130 132 135 171 178 183
 186 188 263 319 328 334 337 339 649
72 81 86 87 93 96 110 112 115 120 124 127 129 134 166 170 173
 177 180 263 316 323 330 336 338 647
76 79 82 88 100 102 106 107 114 119 121 136 139 140 167 172 181
 182 187 263 315 324 329 333 335 648
75 77 80 84 99 103 104 109 111 118 128 131 133 137 168 174 176
 179 185 263 317 322 325 326 327 650
71 73 74 90 94 95 97 98 105 116 117 122 126 138 169 175 184
 189 190 263 318 320 321 331 332 646
25 29 64 89 98 128 150 181 207 239 242 270 290 338 351 381 404
 432 445 484 531 544 555 601 609 639
15 39 70 86 111 117 150 187 202 227 244 273 302 319 348 385 396
 415 461 473 525 547 574 591 617 637
12 26 67 74 101 121 164 168 205 240 244 284 293 338 353 374 411
 433 454 483 520 545 563 587 613 638
21 42 69 78 112 126 164 176 195 239 247 287 307 335 343 377 410
 439 453 487 533 552 572 591 611 636
3 44 59 71 102 133 162 180 208 240 247 278 313 319 361 375 402
 420 448 486 514 539 573 601 606 635
11 35 68 82 105 129 164 174 210 225 257 268 308 319 356 371 390
 422 464 481 532 537 571 595 616 639
18 35 64 72 92 131 145 184 205 236 251 285 306 315 343 372 409
 434 461 469 516 554 576 594 622 635
22 29 49 77 112 139 160 190 198 232 254 275 291 337 348 370 390
 420 457 474 516 541 578 584 605 638
20 30 57 87 114 132 164 185 215 227 242 277 294 331 347 365 394
 417 452 465 522 541 567 600 615 635
1 33 63 72 91 118 163 189 199 227 257 274 304 335 350 389 403
 416 458 475 527 535 558 601 618 638
4 45 49 81 94 119 151 171 196 227 247 269 296 327 349 372 412
 429 441 466 519 553 560 587 620 639
19 26 63 76 110 133 154 186 195 218 260 286 311 318 347 386 407
 418 442 474 511 547 576 602 610 639
15 42 53 81 98 139 154 183 210 217 250 267 312 322 355 368 393
 423 458 489 523 538 563 592 608 635
10 40 60 83 109 139 162 170 197 239 257 282 299 331 362 373 400
 418 463 467 524 554 559 587 607 637
19 40 61 82 98 127 158 176 203 224 251 269 294 339 361 384 396
 425 455 485 526 550 565 603 614 638
17 36 66 80 108 124 150 172 209 226 247 285 300 331 342 388 407
 426 446 478 528 538 579 595 621 638
14 41 65 73 110 135 150 182 198 240 257 276 301 327 354 379 393
 436 460 477 529 550 570 600 622 636
5 27 51 76 96 131 151 188 191 225 244 275 310 331 345 369 414
 424 455 471 523 548 564 601 623 636
10 26 66 85 102 134 145 175 215 223 245 266 291 325 355 387 398
 429 445 479 527 549 571 603 617 636
8 37 47 75 95 123 162 166 203 226 244 280 297 335 346 370 409
 428 449 489 512 549 562 600 619 639
18 36 67 81 95 136 142 178 207 235 246 268 310 326 354 389 398
 431 452 485 511 539 578 580 611 637
11 36 50 79 104 123 160 169 202 230 249 281 292 330 351 386 411
 430 455 467 527 552 570 604 620 635
8 41 69 84 102 122 142 186 201 220 258 277 296 336 351 378 408
 437 451 476 523 554 574 599 616 638
20 41 51 72 101 133 160 175 209 231 259 289 305 329 344 368 410
 428 441 482 521 537 555 597 614 637
13 31 46 88 92 116 162 177 193 225 242 283 298 327 341 386 398
 423 450 482 517 540 557 591 624 638
21 39 61 85 114 120 160 189 201 233 256 265 306 317 354 373 405
 423 456 486 515 545 579 590 623 639
24 39 60 74 91 119 141 185 209 216 260 283 308 316 351 383 392
 427 448 469 526 546 578 592 619 636
22 27 65 75 105 130 155 177 196 229 260 270 299 333 363 378 410
 416 446 485 510 545 577 585 617 635
25 44 48 78 110 122 158 168 200 223 248 275 308 315 346 367 413
 416 456 488 522 538 557 583 620 637
17 35 54 84 106 116 154 188 215 229 252 279 295 316 353 370 404
 430 444 486 519 550 572 596 618 637
25 33 67 83 111 119 161 173 194 233 259 271 297 332 352 387 407
 424 453 472 517 550 568 584 616 635
1 29 47 87 100 125 141 176 201 217 241 278 293 318 342 372 399
 424 462 479 532 543 570 585 624 637
14 30 52 90 111 120 154 171 212 216 241 272 310 333 343 375 413
 428 459 467 534 544 571 598 612 638
19 45 47 79 111 132 157 189 206 221 246 282 305 336 357 371 404
 433 450 480 516 538 577 588 606 636
12 45 64 71 114 118 155 173 211 216 250 266 298 328 359 380 390
 425 460 476 512 552 564 602 621 637
19 32 69 88 108 138 161 166 199 230 254 284 313 317 358 369 393
 429 464 469 510 544 566 586 615 637
2 32 53 77 115 136 163 169 192 226 242 286 306 319 360 378 401
 425 444 488 521 543 568 587 612 636
11 38 59 76 112 128 159 183 192 224 245 288 296 321 352 376 394
 426 450 477 534 545 558 594 619 637
3 27 53 74 92 140 149 174 214 219 256 274 294 330 357 379 408
 432 459 478 533 549 560 584 610 637
4 26 46 86 99 122 148 182 212 231 256 282 290 337 356 389 395
 425 462 470 528 548 572 586 619 635
2 26 50 75 97 135 156 180 210 220 243 269 314 324 343 388 403
 421 457 484 517 546 567 588 623 637
22 44 52 80 101 134 165 182 193 220 246 274 302 320 362 366 394
 424 444 469 513 552 565 582 608 639
1 27 69 86 103 116 146 167 206 236 245 271 300 339 359 368 401
 420 452 467 529 546 569 583 613 639
9 37 64 76 115 137 147 178 200 230 256 276 312 332 362 371 399
 417 447 487 519 546 573 597 617 638
13 42 65 79 109 125 145 190 212 224 248 273 304 323 353 369 408
 427 447 472 521 539 567 593 621 639
7 35 47 73 96 130 148 167 195 219 259 288 302 317 355 380 412
 431 448 488 531 536 567 604 607 638
16 35 49 83 103 140 156 177 212 222 258 281 313 320 347 381 399
 426 456 473 512 535 563 580 614 636
9 43 62 79 103 130 163 184 194 225 247 272 291 338 364 384 392
 437 442 470 515 551 561 600 608 637
23 30 59 89 94 118 148 187 210 233 254 280 300 330 353 367 397
 437 463 485 513 542 576 597 624 636
22 33 46 84 114 117 159 171 204 237 251 278 312 323 364 388 411
 432 449 468 511 537 566 583 607 636
6 34 48 84 107 138 151 178 211 226 257 265 311 338 357 366 397
 427 457 479 534 536 569 591 614 635
9 30 48 88 91 117 156 173 205 221 255 289 299 326 355 376 406
 436 455 478 514 543 572 599 605 639
24 34 57 73 115 123 146 172 191 238 251 287 290 325 349 375 406
 423 454 474 513 535 577 593 616 637
18 28 62 87 102 135 149 168 211 231 254 279 307 332 345 385 400
 426 458 468 526 540 577 604 612 639
24 31 66 90 103 129 147 188 197 219 254 273 296 329 346 374 403
 439 460 480 511 543 565 590 609 635
12 32 58 90 104 124 159 178 194 238 253 282 295 315 350 379 410
 421 448 473 523 541 575 603 624 639
2 45 68 80 91 120 146 187 214 237 248 284 301 321 345 370 399
 418 451 482 531 551 556 603 611 635
17 38 57 75 98 125 161 170 213 232 256 268 298 329 350 366 413
 434 451 466 514 547 561 604 613 636
16 38 52 85 100 127 163 190 204 239 244 279 305 327 358 367 406
 431 443 476 518 546 575 595 610 635
25 27 58 85 106 129 157 184 211 222 243 278 292 326 349 377 393
 438 463 465 521 547 556 582 619 638
20 37 54 86 104 138 165 172 197 235 243 272 303 334 361 372 390
 419 458 472 531 545 557 599 610 636
14 37 49 74 108 136 158 179 193 238 245 289 307 323 340 380 404
 437 440 475 532 547 559 581 623 635
23 37 68 85 107 124 152 169 208 228 260 277 304 322 341 381 412
 436 453 468 516 548 565 598 613 637
7 36 63 71 107 137 144 166 201 238 248 279 299 339 348 374 395
 422 459 465 517 553 555 594 608 636
16 36 46 78 115 138 141 179 198 228 250 288 294 333 344 387 403
 434 463 471 520 551 574 596 606 639
9 41 58 82 97 134 141 168 207 218 252 280 309 328 348 369 401
 419 450 466 533 535 579 598 607 635
23 41 53 83 99 121 144 180 202 223 251 272 298 321 342 377 414
 417 443 480 510 536 578 581 618 639
15 31 50 87 106 130 158 174 208 236 253 265 309 321 362 389 407
 435 441 476 520 544 562 593 605 636
17 28 60 77 110 121 157 175 191 220 255 288 304 334 359 382 396
 422 449 487 515 544 560 580 624 635
7 28 61 90 99 134 151 186 206 240 242 281 312 335 363 383 391
 434 440 472 530 542 556 595 605 637
24 42 51 71 100 128 156 170 215 234 246 265 297 334 356 379 401
 415 440 468 510 551 576 589 620 638
6 42 58 80 113 127 148 181 205 232 249 283 303 332 347 378 414
 435 449 475 529 553 571 590 606 637
12 40 62 73 112 125 165 181 200 234 258 286 300 326 341 383 405
 429 459 471 525 537 562 588 618 635
8 30 55 77 93 119 145 189 195 237 253 276 292 339 356 366 402
 419 446 471 518 540 563 581 609 637
5 29 54 88 113 126 144 170 209 224 253 274 314 325 354 371 412
 438 442 483 512 542 574 583 612 635
3 29 68 90 109 127 142 183 202 234 255 271 311 324 344 380 409
 416 454 470 519 540 579 582 615 636
4 32 65 87 107 123 143 179 204 235 255 266 308 320 352 368 414
 418 461 486 533 542 561 588 609 638
18 38 48 86 109 126 153 181 194 217 260 281 301 328 360 365 402
 422 441 480 513 549 566 596 623 638
5 44 57 79 99 135 152 175 197 218 250 271 306 316 340 376 397
 432 464 473 518 553 562 585 611 638
2 40 70 84 100 126 147 183 208 232 259 266 310 330 340 382 392
 433 446 465 530 535 557 586 622 639
8 43 61 80 92 129 153 167 199 229 250 289 290 318 352 382 400
 417 457 483 525 539 575 598 620 636
14 43 56 71 106 131 161 177 204 219 249 277 314 337 360 383 396
 419 454 479 524 538 558 597 611 639
20 43 60 81 105 140 159 188 213 236 248 280 311 325 358 385 405
 436 462 484 530 552 568 581 606 638
23 43 70 78 96 116 143 174 192 222 246 276 293 324 350 373 391
 428 445 474 526 553 566 599 621 635
13 34 52 82 95 124 149 179 196 230 259 267 293 337 359 376 402
 415 442 484 522 554 556 590 618 636
3 33 50 73 93 132 153 187 192 216 252 275 303 322 358 374 398
 438 440 487 528 554 561 585 614 639
21 34 55 83 104 136 155 166 206 228 252 273 314 318 345 367 394
 435 445 470 514 537 560 592 622 638
15 34 59 72 108 137 157 169 214 235 258 283 291 324 363 365 413
 439 462 483 518 550 564 589 607 639
11 28 70 88 101 122 155 180 214 218 241 285 297 322 349 384 405
 431 447 475 524 541 569 596 609 636
6 31 67 77 96 140 152 184 200 229 241 287 305 328 361 388 395
 415 451 477 527 542 559 592 615 639
10 32 51 89 95 137 153 172 213 228 241 269 302 316 364 377 408
 433 456 481 529 540 558 602 605 635
21 31 63 89 105 131 165 167 203 222 255 267 301 336 340 387 411
 427 443 466 528 541 573 589 612 637
10 45 54 78 93 117 149 185 191 233 249 286 309 329 363 381 409
 421 443 477 532 539 569 586 608 638
16 28 56 89 97 133 146 182 196 223 253 268 303 323 357 373 392
 430 453 489 525 543 564 594 615 638
6 39 62 75 94 132 144 173 207 237 245 267 313 315 344 382 391
 439 444 481 524 548 570 593 610 638
1 44 55 81 97 121 147 186 203 231 249 270 295 317 341 365 406
 438 461 481 534 551 559 584 621 636
5 33 66 82 94 120 143 185 213 221 258 270 307 334 360 386 395
 420 447 489 520 536 575 582 622 637
4 40 56 72 113 128 152 190 193 217 252 284 292 333 346 385 391
 421 452 478 515 536 573 602 616 636
7 38 55 74 113 139 143 176 199 234 243 285 309 336 364 375 397
 430 460 482 522 548 568 580 617 639
13 39 56 76 93 118 142 171 198 221 243 287 295 320 342 384 400
 435 464 488 530 549 555 589 613 635
0 169 174 180 183 187 395 400 404 406 410 466 469 471 472 479 491
 500 506 509 511 512 515 522 529 638
0 170 172 175 185 188 391 393 399 402 411 470 475 476 485 488 494
 498 499 503 516 517 525 533 534 639
0 166 167 176 186 189 390 392 398 413 414 468 473 477 478 484 493
 496 502 504 513 519 520 521 524 635
0 168 173 178 181 184 394 396 403 408 412 467 474 482 486 489 492
 497 501 505 510 518 528 530 532 636
0 171 177 179 182 190 397 401 405 407 409 465 480 481 483 487 490
 495 507 508 514 523 526 527 531 637
243 250 254 257 261 293 297 302 305 310 315 321 323 325 339 365 378
 381 383 386 466 470 478 486 487 632
241 248 256 258 261 292 295 303 309 314 319 327 331 335 338 368 376
 380 382 387 468 469 474 480 485 630
247 253 259 260 261 290 294 298 306 312 320 324 326 334 336 367 369
 370 374 385 467 475 477 479 481 633
244 249 251 255 261 291 296 300 307 313 316 318 322 328 333 366 371
 373 379 389 465 472 482 484 488 634
242 245 246 252 261 299 301 304 308 311 317 329 330 332 337 372 375
 377 384 388 471 473 476 483 489 631
30 37 41 43 98 100 109 112 113 261 345 349 357 359 363 395 398
 403 407 411 444 448 456 461 464 644
31 34 39 42 97 99 101 102 110 261 350 352 358 360 364 390 399
 404 409 412 446 452 455 459 463 641
28 35 36 38 91 93 94 111 114 261 340 341 346 361 362 393 401
 408 410 414 442 445 454 457 462 640
27 29 33 44 95 104 107 108 115 261 343 347 353 355 356 391 392
 396 400 405 441 443 450 451 460 643
26 32 40 45 92 96 103 105 106 261 342 344 348 351 354 394 397
 402 406 413 440 447 449 453 458 642
0 320 325 328 330 335 341 344 345 356 364 538 544 547 550 567 569
 573 575 578 585 587 590 594 599 628
0 316 324 327 332 339 342 346 355 357 360 537 541 545 552 556 559
 561 574 576 580 586 593 598 601 625
0 315 322 331 336 337 352 353 354 361 363 535 543 546 551 555 560
 562 566 571 581 582 591 602 604 626
0 318 319 323 326 329 343 351 358 359 362 536 542 548 553 557 558
 563 577 579 584 589 596 600 603 629
0 317 321 333 334 338 340 347 348 349 350 539 540 549 554 564 565
 568 570 572 583 588 592 595 597 627
