625 626 627 628 629 630 631 632 633 634 635 636 637 638 639 640 641
 642 643 644 645 646 647 648 649 650
523 524 525 526 527 538 539 540 541 542 599 600 601 602 613 614 615
 616 617 618 619 620 621 622 624 650
528 529 530 531 532 533 534 535 536 537 595 596 597 598 603 604 605
 606 607 608 609 610 611 612 623 650
510 511 512 513 514 515 516 517 518 543 580 581 582 583 584 585 586
 587 588 589 590 591 592 593 594 650
505 506 507 508 509 519 520 521 522 544 565 566 567 568 569 570 571
 572 573 574 575 576 577 578 579 650
0 1 2 3 4 545 546 547 548 549 550 551 552 553 554 555 556
 557 558 559 560 561 562 563 564 650
3 15 25 54 73 175 185 214 234 253 274 305 325 345 374 393 414
 433 453 473 493 505 516 533 540 645
3 14 33 45 74 174 194 213 233 245 265 314 334 353 373 395 415
 425 454 465 494 507 517 534 542 646
3 13 34 53 65 173 193 205 225 254 273 313 333 354 375 394 413
 434 445 474 485 509 515 536 538 647
0 19 42 46 76 179 204 217 239 248 267 323 344 362 380 396 421
 426 460 466 495 508 515 533 542 648
0 24 38 58 68 182 197 208 227 258 279 317 339 358 383 404 422
 437 446 478 488 509 517 535 540 649
0 18 28 56 82 181 186 224 244 255 277 306 326 348 379 399 416
 440 462 480 502 506 518 534 538 645
1 20 26 62 75 178 187 216 236 263 284 308 327 346 378 397 418
 443 456 483 497 508 517 536 539 645
1 6 40 59 84 167 195 222 243 257 275 315 335 360 366 387 405
 438 463 479 504 506 515 537 540 646
1 23 35 48 77 183 200 219 237 247 268 319 340 356 382 403 424
 427 457 467 500 505 518 535 542 647
1 21 44 55 66 177 202 207 228 259 276 324 343 363 381 398 420
 436 448 477 486 509 516 534 541 648
2 22 27 57 78 184 188 220 240 256 280 307 328 347 384 402 423
 439 455 476 498 507 515 535 541 645
2 17 39 47 83 180 196 223 242 246 266 316 336 359 377 400 419
 428 464 468 503 506 516 536 542 649
2 16 36 63 67 176 198 206 226 262 282 320 338 355 376 401 417
 444 447 484 487 509 518 533 539 646
2 8 43 60 79 166 203 218 238 260 278 322 342 364 367 385 407
 435 459 475 496 505 517 537 538 648
0 7 37 64 80 165 199 215 235 264 283 318 337 357 365 386 406
 442 458 482 499 507 516 537 539 647
4 12 30 51 71 172 191 211 230 250 271 310 331 350 372 392 412
 430 449 469 491 508 516 535 538 646
4 11 32 50 70 170 192 210 231 251 270 312 332 352 371 389 411
 429 451 470 489 507 518 536 540 648
4 10 31 49 72 171 189 212 232 249 269 309 329 351 370 391 409
 431 452 471 492 506 517 533 541 647
4 9 29 52 69 169 190 209 229 252 272 311 330 349 369 390 410
 432 450 472 490 505 515 534 539 649
3 5 41 61 81 168 201 221 241 261 281 321 341 361 368 388 408
 441 461 481 501 508 518 537 541 649
1 98 115 132 150 179 196 210 233 250 277 311 341 358 374 401 409
 435 455 474 499 512 522 525 532 642
1 95 110 140 156 171 201 215 240 255 271 317 336 349 376 393 421
 434 454 475 489 513 521 527 529 644
1 94 117 129 159 175 197 220 231 260 273 316 330 361 370 396 417
 440 458 469 494 514 519 524 531 643
1 91 118 135 153 176 190 213 235 254 278 321 339 359 380 391 414
 430 451 480 498 510 520 526 530 640
4 85 108 126 146 165 187 205 226 245 267 305 328 348 367 387 408
 427 448 468 488 512 519 523 529 640
4 88 105 128 148 167 185 206 227 246 268 307 326 346 365 388 407
 425 445 466 486 511 522 527 530 643
4 87 106 125 147 168 188 208 228 248 265 306 327 345 366 385 406
 428 447 467 485 514 520 525 528 644
4 86 107 127 145 166 186 207 225 247 266 308 325 347 368 386 405
 426 446 465 487 510 521 524 532 641
2 99 113 130 154 174 200 211 239 251 274 309 337 354 379 398 410
 438 456 478 501 514 521 523 530 642
2 97 111 136 160 181 193 216 230 257 279 319 329 357 369 395 420
 433 461 470 495 512 520 527 531 641
2 93 120 134 151 177 189 217 241 258 275 318 333 356 373 390 416
 429 449 473 497 511 519 526 532 644
2 90 116 138 152 169 199 221 236 253 270 313 340 351 381 399 415
 437 460 479 491 513 522 524 528 640
0 100 109 137 157 180 194 209 237 249 280 310 335 355 378 394 411
 441 453 477 496 510 519 527 528 642
0 96 119 131 155 173 191 219 238 259 281 315 338 353 377 389 418
 431 450 476 493 514 522 526 529 641
0 92 114 139 149 170 195 218 234 256 269 320 334 350 375 397 419
 436 457 481 490 513 520 523 532 643
0 89 112 133 158 178 198 214 229 261 276 314 331 360 371 400 413
 439 459 471 500 511 521 525 531 640
3 104 123 142 162 183 204 212 242 252 284 312 342 363 384 404 412
 442 462 484 504 511 520 524 529 642
3 103 124 143 163 182 192 223 243 262 283 322 343 362 382 392 423
 432 452 483 502 512 521 526 528 643
3 102 121 144 161 172 203 222 244 263 272 324 344 352 383 402 424
 444 464 482 492 513 519 525 530 641
3 101 122 141 164 184 202 224 232 264 282 323 332 364 372 403 422
 443 463 472 503 510 522 523 531 644
1 10 15 16 19 29 38 39 41 51 53 56 60 70 74 78 80
 290 294 297 299 511 523 528 544 641
2 9 14 18 21 31 34 35 37 50 54 58 59 71 75 76 81
 289 295 296 298 510 525 529 544 643
0 11 13 17 20 30 33 36 40 49 55 57 61 69 73 77 79
 291 292 293 300 512 524 530 544 644
3 12 22 23 24 32 42 43 44 52 62 63 64 72 82 83 84
 301 302 303 304 514 527 532 544 640
4 5 6 7 8 25 26 27 28 45 46 47 48 65 66 67 68
 285 286 287 288 513 526 531 544 642
3 85 89 90 91 105 109 110 111 125 129 130 131 145 149 150 151
 285 289 290 291 506 535 539 543 648
0 87 93 95 101 107 116 117 123 126 132 136 143 148 153 154 161
 287 294 296 303 505 536 541 543 646
1 86 96 97 102 108 113 114 122 128 133 134 142 147 152 157 163
 288 292 295 301 507 533 538 543 649
2 88 92 94 103 106 112 115 121 127 135 137 141 146 155 156 162
 286 293 297 302 508 534 540 543 647
4 98 99 100 104 118 119 120 124 138 139 140 144 158 159 160 164
 298 299 300 304 509 537 542 543 645
485 486 487 488 489 490 491 492 493 494 495 496 497 498 499 500 501
 502 503 504 543 544 564 623 624 639
227 229 241 242 285 293 298 303 347 352 353 357 409 414 417 421 427
 436 438 443 528 538 545 572 582 639
234 236 240 244 290 292 296 302 354 355 358 363 405 406 407 408 429
 430 431 432 531 542 548 570 583 639
225 232 235 237 287 291 299 301 346 350 361 362 410 415 416 420 428
 435 439 444 529 540 547 571 581 639
226 230 233 243 288 289 297 304 345 349 356 364 411 413 418 419 426
 437 440 442 530 541 546 573 580 639
228 231 238 239 286 294 295 300 348 351 359 360 412 422 423 424 425
 433 434 441 532 539 549 574 584 639
59 60 61 64 245 246 247 248 269 270 271 272 433 439 440 443 474
 477 478 484 526 543 548 578 611 627
48 51 57 58 252 262 263 264 265 273 274 281 426 429 435 436 468
 471 479 480 527 543 549 579 612 628
47 50 53 62 249 256 259 261 267 277 279 283 425 430 438 444 467
 472 473 475 524 543 546 576 610 626
45 52 55 56 251 253 257 258 266 278 280 282 427 431 434 442 466
 469 481 483 525 543 547 575 608 629
46 49 54 63 250 254 255 260 268 275 276 284 428 432 437 441 465
 470 476 482 523 543 545 577 609 625
12 50 69 92 108 154 182 185 215 278 299 313 341 353 384 424 426
 447 477 497 506 531 555 592 600 625
13 45 81 99 122 146 180 204 220 271 290 306 339 357 371 418 444
 452 479 486 505 532 557 593 599 625
11 51 72 102 106 150 173 186 221 275 298 317 337 362 378 419 425
 448 484 498 505 531 558 594 601 629
24 46 80 98 112 147 183 194 216 270 296 305 333 361 372 423 436
 450 475 487 506 530 556 593 602 629
7 56 76 97 109 156 166 191 223 284 303 311 332 351 366 408 439
 457 473 494 509 530 557 594 600 628
21 48 84 104 117 145 174 196 214 269 292 307 338 364 369 416 434
 451 482 488 508 528 558 593 600 626
10 52 71 90 107 162 176 187 218 281 300 324 335 356 374 421 428
 445 478 502 507 531 557 591 602 626
18 64 68 85 114 164 169 198 210 273 294 322 336 347 373 420 431
 453 467 504 508 530 554 591 601 625
8 57 83 101 113 149 168 189 213 277 297 310 330 352 365 405 433
 460 483 500 509 529 558 590 602 625
14 53 73 96 124 153 181 203 208 268 285 316 328 355 381 410 442
 463 471 489 508 532 555 594 602 627
16 47 79 100 111 148 179 200 224 272 302 308 343 360 370 414 437
 449 481 485 507 529 555 593 601 628
6 62 77 89 115 161 165 190 217 274 295 312 329 350 368 407 440
 454 476 503 509 528 555 591 599 629
9 49 70 95 105 157 177 188 222 283 304 320 342 359 379 415 427
 446 474 493 508 531 556 590 599 628
15 61 65 87 121 158 171 202 211 279 289 315 340 346 380 417 432
 462 468 496 507 532 554 590 600 629
19 58 82 103 119 151 175 195 205 266 287 319 327 363 376 409 441
 459 472 491 507 530 558 592 599 627
20 59 66 88 110 160 170 197 212 282 301 318 344 348 377 413 430
 455 465 501 505 528 554 592 602 628
17 63 78 91 120 163 178 199 207 265 286 323 326 358 375 411 438
 461 469 492 505 529 556 591 600 627
22 60 67 86 116 159 172 193 209 276 293 321 334 345 382 422 429
 456 466 499 506 529 554 594 599 626
23 55 75 93 118 155 184 201 206 267 288 314 325 354 383 412 435
 458 470 490 506 528 557 590 601 627
5 54 74 94 123 152 167 192 219 280 291 309 331 349 367 406 443
 464 480 495 509 532 556 592 601 626
14 30 63 85 127 147 190 224 236 279 287 309 352 382 396 419 434
 455 477 493 511 537 557 579 622 638
19 32 55 87 128 146 189 214 240 273 285 311 350 377 395 424 437
 456 484 502 510 537 556 576 619 635
23 31 53 86 125 148 191 220 244 282 286 312 349 380 400 415 436
 453 478 497 512 537 558 577 620 636
21 42 60 96 137 158 186 213 230 274 291 318 358 370 388 423 427
 447 472 504 513 536 557 577 619 637
24 39 61 93 130 160 188 219 232 284 295 322 355 371 387 414 426
 445 469 499 513 534 558 576 621 638
17 29 58 88 126 145 192 216 234 276 288 310 351 373 403 421 444
 462 474 498 514 537 555 575 621 637
13 35 64 91 132 159 187 223 229 280 297 315 363 372 385 416 425
 446 470 501 513 533 555 579 620 635
16 33 59 103 142 164 185 217 231 277 303 321 354 369 386 418 428
 448 471 496 513 535 556 575 622 636
20 25 56 102 143 162 193 210 238 269 304 314 361 376 390 406 438
 460 468 486 510 535 555 577 618 638
22 28 54 92 131 157 197 211 243 272 300 323 357 381 391 408 435
 454 467 487 511 536 558 575 618 635
6 36 51 97 138 151 203 215 225 267 296 307 359 374 404 411 443
 452 481 500 514 534 554 577 622 635
7 34 49 101 144 163 201 218 228 266 302 305 353 378 401 410 440
 451 479 495 511 535 554 576 620 637
12 40 45 98 129 156 200 208 242 283 294 324 346 367 399 413 429
 461 476 490 510 533 558 578 622 637
8 44 50 94 140 153 195 221 227 265 290 308 356 379 394 412 439
 450 482 503 512 533 554 575 619 638
11 43 46 99 136 152 196 205 237 281 289 320 347 366 393 422 430
 458 483 492 511 534 555 578 619 636
15 27 62 90 134 154 198 212 235 271 298 316 364 383 389 405 441
 457 466 485 512 534 556 579 618 637
18 26 57 95 135 150 202 209 241 270 299 319 360 375 392 407 442
 464 465 488 514 533 557 576 618 636
9 41 47 104 141 161 194 207 239 275 301 313 345 365 397 417 431
 459 480 489 512 535 557 578 621 635
10 37 48 100 133 149 204 206 233 278 293 317 348 368 402 420 432
 463 473 491 514 536 556 578 620 638
5 38 52 89 139 155 199 222 226 268 292 306 362 384 398 409 433
 449 475 494 510 536 554 579 621 636
26 55 84 103 105 159 181 233 249 281 295 313 336 352 380 404 406
 439 449 487 505 523 560 589 606 637
27 63 79 96 107 160 175 239 252 283 297 317 340 350 373 394 408
 443 451 486 506 525 563 589 607 636
30 52 70 94 114 148 174 228 264 284 298 319 328 358 368 393 413
 444 460 496 506 526 561 588 606 635
28 58 80 91 108 158 184 237 251 275 303 324 334 349 377 401 407
 433 452 485 508 524 561 589 604 638
25 53 81 93 106 164 178 242 250 278 291 320 344 351 382 398 405
 440 450 488 507 527 562 589 603 635
37 46 82 102 111 155 171 234 246 265 294 321 335 364 371 392 410
 427 455 497 509 524 560 586 607 635
41 45 73 92 117 163 169 244 247 267 289 318 342 360 372 389 409
 428 456 498 509 527 563 585 606 638
32 49 71 97 121 145 179 226 261 280 299 316 327 354 365 399 422
 436 454 504 505 526 562 587 607 638
31 51 69 89 116 146 183 227 260 277 304 323 325 355 366 397 420
 434 464 501 507 526 563 586 604 637
44 59 77 100 123 150 166 235 253 279 288 306 330 353 376 400 423
 429 445 492 508 523 563 587 605 635
33 54 65 86 119 161 176 232 258 270 290 311 343 348 384 385 419
 438 458 500 508 527 559 588 607 637
38 64 76 99 115 157 168 238 263 282 287 307 331 356 375 395 414
 432 448 489 506 524 562 585 605 637
29 50 72 101 110 147 180 225 257 274 300 314 326 363 367 402 417
 437 457 499 508 526 560 585 603 636
34 61 74 98 113 162 165 243 256 276 285 308 332 359 383 396 416
 431 447 491 505 527 561 586 605 636
36 60 83 104 109 154 167 241 255 273 286 305 329 362 381 403 418
 430 446 490 507 525 560 588 605 638
42 56 68 88 124 149 177 229 254 271 296 309 338 345 378 387 424
 435 461 503 507 524 559 587 606 636
43 47 78 95 122 151 170 236 245 268 293 315 337 361 369 391 412
 426 453 502 509 525 561 587 603 637
40 48 75 90 112 153 172 240 248 266 301 322 341 357 370 390 411
 425 462 493 509 523 562 588 604 636
39 57 67 85 118 152 182 230 259 269 302 312 333 346 379 386 421
 441 463 494 505 525 559 585 604 635
35 62 66 87 120 156 173 231 262 272 292 310 339 347 374 388 415
 442 459 495 506 523 559 586 603 638
28 32 35 36 41 105 115 116 119 122 405 410 413 421 423 468 469
 473 477 482 517 520 553 601 623 636
27 29 34 40 42 108 109 117 120 121 406 412 414 419 420 465 471
 475 478 483 518 522 552 599 623 635
26 31 33 38 43 106 111 114 118 123 408 411 416 417 424 466 472
 474 476 479 516 521 550 602 623 638
25 30 37 39 44 107 110 112 113 124 407 409 415 418 422 467 470
 480 481 484 515 519 551 600 623 637
7 12 15 17 21 86 89 95 99 103 328 330 333 335 344 425 431
 435 437 443 518 520 551 597 624 638
6 9 13 19 22 85 93 94 100 102 326 332 338 340 341 428 430
 433 436 442 517 521 552 596 624 637
8 10 14 20 24 87 91 92 97 104 325 331 336 337 343 427 429
 440 441 444 515 522 550 595 624 636
5 11 16 18 23 88 90 96 98 101 327 329 334 339 342 426 432
 434 438 439 516 519 553 598 624 635
45 49 58 60 62 147 149 153 160 162 307 311 313 315 323 386 392
 393 398 400 518 519 550 596 601 639
46 52 53 57 59 146 151 157 159 161 308 309 314 317 322 388 389
 399 401 403 516 520 552 595 600 639
48 50 56 61 63 148 150 152 155 164 305 310 316 318 324 385 391
 395 397 404 515 521 553 597 599 639
47 51 54 55 64 145 154 156 158 163 306 312 319 320 321 387 390
 394 396 402 517 522 551 598 602 639
41 58 83 95 125 164 165 204 218 253 292 331 346 370 394 424 438
 455 470 487 526 534 552 573 594 634
44 46 70 101 134 156 181 197 209 247 291 338 354 384 397 414 425
 452 468 491 525 537 550 573 591 633
37 53 77 90 126 158 168 194 222 255 302 332 347 369 404 419 435
 456 469 486 526 533 550 574 592 631
36 45 71 89 135 152 175 193 212 246 303 343 358 378 402 416 426
 450 467 489 523 537 552 574 590 630
34 48 72 97 131 161 178 202 210 245 297 339 355 379 393 423 428
 449 466 490 524 537 551 572 592 634
43 55 76 102 127 160 167 200 215 256 290 330 345 372 401 415 441
 462 471 488 526 536 553 572 591 630
38 47 69 94 143 149 184 198 211 248 295 333 363 374 399 418 427
 451 465 492 527 537 553 571 594 631
40 63 74 92 128 159 166 196 221 263 296 329 348 371 398 421 442
 453 472 485 526 535 551 571 590 633
33 51 84 100 130 162 169 192 207 254 287 328 357 377 388 422 440
 457 475 497 525 533 553 570 590 634
42 50 79 104 132 157 171 191 206 258 285 327 361 382 386 413 433
 464 479 498 523 534 551 570 591 631
31 64 65 93 140 147 179 186 214 252 293 335 359 381 389 407 444
 461 483 494 523 535 553 573 592 632
27 56 75 87 141 151 182 199 219 260 300 334 352 368 400 410 430
 448 474 504 527 533 551 573 593 630
29 61 68 91 138 146 174 185 224 249 301 342 356 376 392 405 436
 458 476 495 525 536 551 574 594 632
26 54 78 85 133 153 173 201 223 257 304 344 350 365 403 409 429
 447 478 496 524 534 553 574 593 633
30 59 67 96 144 145 183 187 220 251 294 341 362 375 391 406 437
 459 473 503 527 534 550 572 590 632
28 62 73 86 136 155 177 195 213 264 299 336 351 367 396 411 432
 445 484 501 525 535 552 572 593 631
35 49 80 99 142 150 172 190 208 259 286 325 364 373 387 417 439
 460 481 502 527 536 552 570 592 633
39 52 81 98 137 154 170 189 205 262 288 326 360 380 385 420 443
 454 482 493 524 535 550 570 594 630
25 57 82 88 129 163 176 203 217 261 298 340 349 366 395 412 431
 446 477 499 523 536 550 571 593 634
32 60 66 103 139 148 180 188 216 250 289 337 353 383 390 408 434
 463 480 500 524 533 552 571 591 632
14 17 19 23 169 170 171 172 365 366 367 368 394 398 401 404 414
 416 418 423 531 543 559 567 618 632
7 9 16 20 168 173 174 175 372 382 383 384 387 391 399 400 407
 411 420 421 532 543 560 566 619 634
8 12 13 18 167 177 178 183 370 374 376 380 386 389 395 402 408
 410 419 422 528 543 561 565 621 633
6 11 15 24 166 176 180 184 369 373 379 381 388 392 396 397 406
 409 413 424 529 543 562 569 620 630
5 10 21 22 165 179 181 182 371 375 377 378 385 390 393 403 405
 412 415 417 530 543 563 568 622 631
146 152 153 158 232 242 243 244 327 330 337 338 368 373 374 375 466
 470 475 477 535 544 560 584 613 628
147 151 156 164 229 234 237 238 328 329 341 343 365 379 380 383 465
 469 479 484 536 544 563 580 616 626
145 155 160 161 231 233 235 240 326 331 333 342 366 378 381 382 468
 472 478 481 533 544 561 582 615 625
148 149 159 163 230 236 239 241 325 332 335 339 367 376 377 384 467
 471 474 482 534 544 562 581 614 629
150 154 157 162 225 226 227 228 334 336 340 344 369 370 371 372 473
 476 480 483 537 544 559 583 617 627
111 112 117 122 189 190 191 192 393 397 399 402 435 438 441 442 445
 446 447 448 542 544 554 589 611 632
108 110 119 123 188 196 198 203 386 391 394 403 425 432 436 440 449
 456 460 461 540 544 557 586 608 630
106 109 116 124 187 195 200 202 388 390 400 404 426 431 433 444 451
 454 455 458 538 544 556 585 609 633
107 114 115 120 185 193 194 201 385 389 396 398 427 430 437 439 452
 462 463 464 539 544 558 587 612 634
105 113 118 121 186 197 199 204 387 392 395 401 428 429 434 443 450
 453 457 459 541 544 555 588 610 631
54 56 57 62 125 126 127 128 335 337 341 342 413 417 420 422 449
 450 451 452 513 542 564 567 605 627
45 51 59 63 131 133 137 139 327 332 333 336 407 410 414 424 446
 458 460 462 512 541 564 568 603 626
46 50 55 60 141 142 143 144 328 331 339 340 405 409 416 419 445
 453 454 461 514 539 564 566 604 628
47 52 58 61 129 132 135 140 325 329 338 344 406 411 415 423 448
 456 457 463 511 538 564 565 607 625
48 49 53 64 130 134 136 138 326 330 334 343 408 412 418 421 447
 455 459 464 510 540 564 569 606 629
11 29 71 123 141 163 208 245 273 304 308 338 357 380 398 407 441
 455 473 500 506 513 547 597 615 631
17 43 67 117 140 150 217 257 284 297 313 331 348 383 388 410 436
 452 467 493 507 510 548 598 613 631
13 25 74 116 134 160 224 262 266 289 312 335 358 365 391 424 439
 448 475 490 508 514 545 595 617 631
12 31 70 109 133 155 205 248 279 300 307 343 361 373 401 405 442
 456 480 503 505 513 545 598 614 634
24 28 76 110 135 159 214 259 268 294 310 342 354 368 390 419 443
 447 479 492 507 512 547 596 617 634
23 40 66 111 138 154 213 260 280 295 317 332 345 375 386 409 444
 450 468 502 508 511 548 597 616 634
14 41 65 112 139 157 223 264 277 291 324 329 347 376 387 412 437
 451 466 497 505 514 548 596 615 630
9 30 72 115 129 153 206 247 276 299 306 333 364 377 404 408 438
 453 483 495 507 513 549 595 616 630
21 26 77 121 143 164 220 254 265 301 311 337 355 367 389 421 433
 446 481 491 506 511 546 598 617 630
7 38 82 120 130 152 209 256 278 296 315 325 352 370 403 413 428
 454 484 486 508 512 549 598 615 632
15 33 81 108 127 148 222 252 269 285 323 336 356 378 399 423 430
 459 470 499 509 514 547 598 616 633
10 32 69 113 136 151 207 246 282 298 305 339 360 382 394 406 435
 462 476 494 508 513 546 596 613 633
19 37 68 122 144 162 219 261 274 303 320 330 346 381 385 411 434
 449 465 498 506 512 548 595 614 633
16 27 83 114 131 158 216 258 267 293 309 341 363 366 392 415 440
 445 482 489 505 510 549 597 617 633
18 42 80 106 128 145 218 249 272 287 314 340 359 384 393 418 429
 463 469 501 509 512 545 597 613 630
6 44 75 119 137 149 210 255 283 292 321 328 351 372 395 417 426
 464 478 485 505 511 547 595 613 632
22 39 79 105 126 147 221 251 271 286 319 344 353 374 397 416 432
 458 471 504 509 510 546 595 615 634
8 36 78 124 142 161 211 253 281 302 318 327 349 371 396 420 425
 457 474 488 506 510 545 596 616 632
20 35 84 107 125 146 215 250 270 288 316 334 362 379 402 414 431
 461 472 496 509 511 549 596 614 631
5 34 73 118 132 156 212 263 275 290 322 326 350 369 400 422 427
 460 477 487 507 514 546 597 614 632
10 42 54 67 93 110 141 169 200 205 263 277 292 316 353 392 411
 439 446 486 520 537 561 584 616 629
11 39 62 65 103 114 129 172 204 207 255 280 296 314 356 391 410
 433 447 488 522 537 563 582 614 628
12 35 57 68 96 121 136 170 194 206 253 284 290 323 359 390 409
 440 448 485 521 537 560 581 615 626
9 33 56 66 91 116 133 171 196 208 256 274 302 319 362 389 412
 443 445 487 519 537 562 580 613 625
18 44 45 69 86 111 144 165 188 214 262 275 297 309 361 404 421
 430 457 496 522 536 562 584 615 627
15 36 46 72 88 117 139 168 187 224 259 278 295 311 357 394 415
 429 464 504 521 535 561 580 614 627
6 43 61 80 92 105 143 178 191 213 252 266 298 306 354 403 420
 437 455 489 519 533 559 584 614 626
16 25 49 76 89 118 126 180 195 211 247 273 301 317 352 385 423
 442 461 497 522 534 561 583 613 626
14 29 55 82 100 113 132 173 198 222 260 270 286 318 346 393 408
 426 452 503 520 535 562 582 617 626
7 41 59 79 90 108 135 181 189 219 250 265 304 307 363 396 422
 444 453 490 521 536 559 582 613 629
19 31 63 73 104 115 130 182 202 218 257 271 288 321 347 399 406
 425 450 500 519 536 561 581 617 628
21 28 52 74 101 120 125 183 203 210 246 279 293 313 350 387 418
 441 458 498 521 533 562 583 616 628
8 40 64 81 102 107 131 184 192 217 249 268 299 305 358 400 417
 434 456 491 520 534 559 580 615 628
17 32 53 75 98 109 142 176 197 221 264 269 287 315 345 402 407
 427 449 495 521 534 563 584 617 625
22 38 48 71 87 122 140 166 185 216 254 283 291 312 360 401 419
 431 460 501 519 534 560 582 616 627
24 27 51 77 94 124 128 179 201 209 245 282 289 324 351 386 416
 438 459 493 520 536 560 583 614 625
20 34 47 70 85 112 138 167 186 220 258 281 303 310 364 398 424
 432 454 499 520 533 563 581 613 627
13 26 50 83 97 119 127 174 199 212 248 276 294 320 349 388 414
 435 463 502 519 535 563 583 615 629
23 30 58 78 99 123 137 177 193 215 261 272 285 322 348 397 405
 428 451 494 522 533 560 580 617 629
5 37 60 84 95 106 134 175 190 223 251 267 300 308 355 395 413
 436 462 492 522 535 559 581 616 625
21 41 57 72 94 133 160 166 222 242 258 271 287 305 334 354 380
 411 467 502 522 539 555 586 609 632
17 35 46 74 93 127 149 182 220 235 249 274 304 324 327 360 369
 408 484 489 522 538 554 588 608 634
11 25 58 84 87 138 157 179 212 244 256 268 297 321 333 353 367
 420 469 503 521 539 557 588 611 633
16 37 62 69 97 141 159 167 218 237 254 270 285 306 344 358 373
 412 468 493 521 541 558 585 608 632
12 28 53 79 85 140 162 174 209 234 263 266 295 318 339 362 366
 417 470 500 522 541 556 587 611 630
23 39 45 76 91 128 161 173 216 241 252 277 300 320 328 364 370
 406 477 491 521 540 554 587 609 631
24 40 54 70 89 136 164 168 215 233 262 269 286 308 340 363 377
 410 466 498 519 538 557 587 610 632
14 42 47 77 103 125 152 176 214 238 251 284 299 317 326 357 372
 405 474 490 519 541 554 586 612 633
6 38 50 73 98 134 145 172 219 229 246 273 302 323 337 348 376
 415 483 496 520 541 557 589 609 634
22 31 61 66 90 137 163 175 206 225 264 275 294 311 331 352 379
 418 475 488 520 542 555 587 608 633
19 33 48 83 96 126 156 177 224 243 250 280 298 313 325 361 371
 407 478 492 520 539 554 585 610 630
13 43 56 71 101 129 158 165 221 239 259 272 288 307 336 355 382
 409 465 497 520 540 556 588 612 632
8 34 51 82 99 135 148 170 223 232 247 279 292 314 341 345 381
 421 476 504 519 539 556 589 608 631
20 29 64 67 95 142 155 181 207 227 261 278 289 309 332 350 374
 423 479 485 519 542 558 588 609 630
18 30 60 65 92 132 151 184 208 226 257 281 301 312 330 351 378
 414 482 486 521 542 556 586 610 634
10 27 55 81 86 139 150 183 211 236 255 265 303 322 338 359 365
 413 472 495 519 540 555 585 611 634
9 26 63 80 88 144 154 180 210 240 253 267 291 315 343 356 368
 422 471 494 520 538 558 586 611 631
7 36 52 75 100 143 147 171 217 230 245 276 290 316 342 347 375
 424 480 501 522 540 558 589 610 633
15 32 59 68 102 130 153 178 205 228 260 283 293 310 329 349 384
 416 481 487 522 542 557 585 612 631
5 44 49 78 104 131 146 169 213 231 248 282 296 319 335 346 383
 419 473 499 521 538 555 589 612 630
25 59 70 86 120 132 149 202 221 237 252 267 302 316 331 357 434
 447 476 502 517 530 560 567 621 630
36 62 80 96 123 140 146 200 223 228 258 269 289 321 326 352 435
 453 465 491 515 531 562 568 621 634
33 47 76 92 107 134 150 203 205 240 264 276 304 309 339 346 433
 450 469 504 518 528 560 568 620 632
28 60 71 88 118 130 161 198 215 242 249 265 292 319 332 361 437
 448 483 493 515 532 563 567 620 633
42 48 74 102 105 135 154 195 208 236 261 282 300 311 333 347 440
 452 470 496 516 529 563 566 621 632
44 57 81 103 109 138 147 196 219 226 254 272 294 318 325 350 438
 462 466 489 517 531 561 566 620 631
26 64 69 87 124 137 152 197 222 239 250 266 290 314 329 364 436
 445 473 498 518 529 561 567 622 634
35 45 83 90 106 143 157 201 207 234 260 279 299 312 338 348 443
 449 471 499 515 530 561 569 619 632
34 56 79 93 115 139 145 204 213 227 262 270 301 315 328 349 441
 456 467 492 516 531 560 569 622 633
31 55 78 97 112 129 164 187 209 243 246 274 287 317 342 353 430
 460 482 485 518 532 559 569 621 631
43 51 65 104 110 126 155 189 220 229 253 283 295 308 334 358 428
 463 477 495 518 530 562 566 618 633
27 61 72 85 119 142 156 193 218 233 251 268 296 323 330 360 444
 446 480 497 516 528 562 567 619 631
38 54 84 91 113 144 148 194 217 225 259 271 293 322 327 351 442
 455 468 490 518 531 563 565 619 630
39 46 77 95 108 131 162 199 206 244 257 273 298 310 343 345 439
 451 472 501 517 532 562 565 622 632
40 50 68 100 116 125 163 190 216 232 255 281 297 307 344 354 427
 459 484 494 516 532 561 568 618 630
29 63 75 94 122 136 158 188 212 238 247 277 285 313 335 362 429
 454 481 488 516 530 559 565 620 634
30 53 82 89 117 141 160 185 210 241 248 280 288 324 337 359 432
 457 479 487 517 529 559 568 619 633
37 52 67 99 121 128 153 191 224 231 256 275 291 305 336 363 426
 461 474 500 517 528 563 569 618 634
32 58 73 101 111 133 159 186 211 235 245 284 286 320 341 356 431
 464 475 486 515 528 559 566 622 630
41 49 66 98 114 127 151 192 214 230 263 278 303 306 340 355 425
 458 478 503 515 529 560 565 618 631
19 44 79 97 120 154 168 190 220 242 264 268 289 314 348 378 392
 431 474 487 513 540 553 565 604 626
10 35 65 102 123 164 180 197 213 241 251 276 302 307 350 366 399
 426 475 493 512 539 551 565 606 627
11 42 66 95 115 159 174 198 219 243 252 279 290 305 351 365 402
 428 481 497 510 538 550 568 604 627
12 33 67 90 113 160 179 202 223 238 249 273 296 306 349 368 397
 427 482 498 511 540 552 566 603 627
9 39 68 92 109 158 183 193 217 235 250 282 292 308 352 367 393
 425 479 502 514 541 553 569 607 627
16 40 71 86 105 146 182 201 210 229 256 284 287 318 364 381 394
 433 480 492 514 542 550 565 603 629
14 36 84 94 118 150 165 189 216 237 261 266 294 323 345 384 389
 432 478 486 513 538 551 569 603 628
21 43 70 88 107 147 173 199 211 232 263 280 285 321 360 376 404
 440 473 490 512 542 552 569 604 625
15 26 82 96 112 149 169 196 215 227 245 275 300 312 354 382 385
 444 469 495 510 541 552 565 605 628
17 38 81 101 124 162 167 191 214 233 260 267 301 319 347 379 391
 429 477 485 513 539 552 568 607 629
20 28 78 93 111 152 172 194 218 226 247 283 298 311 363 380 388
 434 471 503 514 540 551 568 605 625
8 32 76 100 114 155 175 187 208 244 262 271 291 313 359 369 403
 438 465 499 511 541 551 567 604 629
22 25 75 91 117 156 170 204 222 228 246 281 299 309 355 373 386
 437 472 500 512 538 553 566 605 629
23 34 80 89 119 157 166 192 224 239 257 265 293 316 346 374 390
 430 484 488 513 541 550 566 606 625
18 27 73 103 122 161 171 200 221 225 248 278 304 310 358 377 387
 436 470 494 511 539 550 569 605 626
6 30 74 104 121 163 181 188 205 234 259 270 303 317 356 370 400
 435 466 501 510 539 553 567 603 625
24 41 69 85 106 148 177 203 212 231 255 274 288 315 357 375 401
 439 483 491 510 542 551 566 607 626
13 37 72 87 108 145 176 195 209 230 253 277 286 322 361 383 398
 443 476 489 511 542 553 568 606 628
7 31 77 98 110 153 184 185 207 236 258 272 297 320 362 371 395
 441 468 504 514 538 552 567 606 626
5 29 83 99 116 151 178 186 206 240 254 269 295 324 353 372 396
 442 467 496 512 540 550 567 607 628
49 50 51 52 85 86 87 88 175 178 181 184 194 196 200 204 235
 238 241 243 509 513 548 617 623 632
46 56 58 64 89 92 96 100 167 172 174 176 188 189 201 202 225
 231 236 242 505 512 546 616 623 631
47 57 60 63 90 93 97 99 165 171 173 183 185 192 195 197 228
 229 233 244 508 510 547 614 623 630
48 55 59 62 91 94 95 98 168 169 180 182 186 191 193 203 226
 232 234 239 507 511 545 615 623 633
45 53 54 61 101 102 103 104 166 170 177 179 187 190 198 199 227
 230 237 240 506 514 549 613 623 634
21 33 82 85 122 139 154 172 197 206 237 297 308 342 351 374 400
 406 461 489 515 526 545 576 612 629
11 34 83 91 124 134 155 183 188 215 230 287 311 344 360 368 399
 417 453 486 517 523 548 575 612 626
14 28 69 95 109 128 160 178 192 220 225 302 321 338 356 383 385
 409 460 504 516 523 549 578 610 629
22 30 68 98 106 133 161 167 199 213 238 289 316 325 363 369 394
 421 452 497 518 523 547 576 611 628
20 32 65 99 108 141 149 166 201 217 243 294 319 326 355 370 404
 415 450 498 516 525 545 579 611 626
19 25 72 90 123 127 159 184 191 216 227 292 318 343 359 375 387
 410 454 496 518 525 546 578 612 625
12 38 77 93 119 135 163 180 187 221 231 285 309 334 364 365 393
 420 462 487 515 525 548 577 610 628
16 42 73 87 112 144 150 170 193 207 242 295 307 335 349 379 403
 408 458 491 517 526 547 579 610 625
23 27 71 92 113 126 164 181 190 214 228 290 315 333 362 376 388
 411 464 499 517 524 545 578 608 628
24 35 78 86 117 138 162 171 198 205 239 291 306 341 352 378 395
 407 463 490 516 526 546 575 609 628
9 44 74 96 118 143 151 179 185 218 232 286 310 336 357 366 402
 413 456 488 518 524 548 579 609 629
6 37 79 101 114 130 146 173 196 212 236 299 324 331 345 380 390
 423 446 494 518 527 545 575 610 627
17 26 70 102 115 125 158 175 189 224 226 296 322 339 353 381 386
 412 457 501 515 527 547 578 609 626
13 39 75 88 111 140 157 169 202 208 233 303 305 337 350 384 396
 405 459 492 518 526 549 577 608 626
10 36 76 103 120 131 153 174 186 222 229 288 312 340 361 367 397
 422 455 485 516 527 548 576 608 625
8 41 84 89 121 132 147 182 200 209 240 298 320 332 348 373 391
 418 445 495 516 524 547 577 612 627
15 31 67 100 105 136 156 165 203 219 241 301 314 327 358 372 398
 419 451 502 515 524 549 575 611 625
18 29 66 104 107 129 152 168 195 223 235 293 323 328 354 371 401
 424 449 493 517 527 546 577 611 629
7 43 81 94 116 142 145 177 194 210 244 300 317 329 346 377 392
 414 447 500 515 523 546 579 608 627
5 40 80 97 110 137 148 176 204 211 234 304 313 330 347 382 389
 416 448 503 517 525 549 576 609 627
18 41 63 77 87 118 142 149 174 191 205 246 280 308 344 381 390
 452 475 499 531 540 549 572 580 637
11 35 56 67 104 111 135 147 178 185 222 264 267 322 330 377 394
 454 478 491 532 541 545 571 583 637
12 39 54 66 100 117 134 146 184 186 218 261 265 315 329 382 404
 460 474 489 530 539 547 572 583 636
15 37 55 83 85 120 137 161 179 192 208 247 284 307 334 376 391
 450 479 501 531 538 546 571 584 636
7 44 51 73 93 121 129 157 167 198 216 251 269 313 339 368 385
 455 472 502 529 542 545 574 580 636
22 40 53 76 88 119 132 152 183 189 207 245 274 306 336 383 392
 451 481 496 531 539 545 573 581 638
9 42 57 65 98 122 131 148 181 187 215 260 266 321 331 373 398
 457 484 492 528 540 546 574 583 638
13 29 46 84 90 115 128 164 170 203 211 258 283 319 325 378 400
 447 480 494 529 541 548 572 584 638
17 25 64 71 94 108 144 151 173 200 213 255 279 311 342 371 397
 463 466 487 528 541 549 570 581 636
8 38 49 75 103 110 133 154 165 193 224 252 270 324 338 366 388
 453 469 498 532 542 546 572 581 635
10 33 62 68 99 112 143 145 175 188 221 257 268 318 332 380 401
 464 477 490 529 538 549 573 583 635
6 34 52 78 96 116 141 150 168 197 214 249 271 320 343 367 386
 462 470 497 530 542 549 571 582 638
20 43 58 74 86 124 130 156 180 190 206 248 277 305 340 375 389
 449 482 504 531 541 547 574 582 635
24 31 45 79 95 113 127 158 172 195 210 254 281 316 326 384 403
 448 473 495 528 539 548 571 580 635
23 28 61 70 97 106 139 153 182 196 217 253 273 309 335 372 402
 459 465 486 529 539 546 570 582 637
19 27 59 69 101 105 138 155 176 194 223 263 276 312 337 370 393
 461 467 488 532 538 547 570 580 638
16 32 48 81 92 123 125 160 171 199 209 259 275 314 328 374 396
 446 483 503 530 538 548 574 581 637
14 26 60 72 89 107 140 163 177 204 219 256 282 310 341 369 399
 458 468 485 530 540 545 570 584 635
21 30 47 80 102 109 126 159 169 201 212 262 278 323 327 379 395
 445 476 500 532 540 548 573 582 636
5 36 50 82 91 114 136 162 166 202 220 250 272 317 333 365 387
 456 471 493 528 542 547 573 584 637
187 189 194 197 203 248 252 254 256 257 286 289 292 299 303 368 371
 376 379 382 516 522 564 597 601 637
188 190 193 195 204 245 249 258 260 263 288 291 294 298 302 365 372
 374 377 381 518 521 564 598 600 636
186 192 198 200 201 246 250 253 259 264 285 296 297 300 301 366 369
 375 380 384 517 519 564 595 599 638
185 191 196 199 202 247 251 255 261 262 287 290 293 295 304 367 370
 373 378 383 515 520 564 596 602 635
6 12 14 16 106 110 120 122 227 235 239 244 269 276 280 281 305
 311 319 322 524 536 564 573 590 631
7 10 13 23 105 114 117 124 226 238 240 242 270 274 275 279 308
 310 321 323 525 534 564 571 592 630
8 11 19 21 108 112 116 118 225 233 234 241 272 282 283 284 306
 309 315 316 527 535 564 574 591 634
15 18 20 22 109 113 115 123 229 230 231 232 265 266 267 268 313
 317 320 324 526 537 564 570 593 632
5 9 17 24 107 111 119 121 228 236 237 243 271 273 277 278 307
 312 314 318 523 533 564 572 594 633
65 69 76 78 84 206 210 219 221 224 228 230 234 235 242 446 452
 454 456 459 519 543 552 597 602 636
68 72 74 75 79 207 211 214 215 223 226 231 237 241 244 445 450
 455 460 463 520 543 550 598 599 637
67 70 77 81 82 208 212 213 216 218 225 229 239 240 243 448 449
 453 458 464 522 543 553 596 600 638
66 71 73 80 83 205 209 217 220 222 227 232 233 236 238 447 451
 457 461 462 521 543 551 595 601 635
126 129 134 137 144 166 171 174 178 182 268 270 277 281 282 345 350
 357 359 363 515 544 552 598 601 638
125 135 136 139 142 167 169 173 179 184 266 271 274 276 283 348 352
 355 356 361 517 544 550 597 600 635
127 130 133 140 143 168 170 176 181 183 267 272 273 275 280 346 351
 353 358 364 516 544 551 596 599 636
128 131 132 138 141 165 172 175 177 180 265 269 278 279 284 347 349
 354 360 362 518 544 553 595 602 637
29 30 31 32 131 134 135 143 233 237 239 242 253 255 256 263 385
 386 387 388 509 531 554 593 624 627
27 36 39 43 125 132 133 144 227 231 234 243 247 249 254 264 390
 395 398 399 508 529 557 592 624 629
26 35 40 44 126 130 139 141 225 230 238 244 246 252 258 261 391
 393 396 401 507 528 556 594 624 625
25 33 34 41 128 136 137 140 226 229 235 236 248 251 259 260 392
 402 403 404 506 532 558 591 624 628
28 37 38 42 127 129 138 142 228 232 240 241 245 250 257 262 389
 394 397 400 505 530 555 590 624 626
9 10 11 12 130 132 137 142 195 199 201 203 214 216 220 224 465
 466 467 468 509 526 559 589 605 639
8 16 17 22 128 129 139 143 186 190 194 202 205 212 215 219 470
 473 478 479 508 525 562 586 606 639
6 20 21 23 127 131 136 144 185 189 198 204 208 209 221 223 469
 474 475 480 507 523 561 585 607 639
7 18 19 24 125 134 140 141 187 192 193 196 206 211 213 222 471
 476 477 481 505 524 563 588 603 639
5 13 14 15 126 133 135 138 188 191 197 200 207 210 217 218 472
 482 483 484 506 527 560 587 604 639
67 71 74 84 109 112 114 119 168 171 177 184 247 252 253 260 326
 337 339 344 512 536 555 576 622 639
66 70 76 79 121 122 123 124 165 169 176 178 246 249 255 257 325
 333 334 341 514 535 558 579 619 639
68 69 81 83 110 115 117 118 166 172 173 181 245 251 256 264 327
 335 340 343 511 533 556 577 621 639
65 72 77 80 111 113 116 120 167 170 175 182 248 250 261 263 328
 336 338 342 510 534 557 575 620 639
73 75 78 82 105 106 107 108 174 179 180 183 254 258 259 262 329
 330 331 332 513 537 554 578 618 639
166 169 175 183 285 295 299 302 310 314 315 320 448 452 455 461 466
 478 480 482 536 546 568 588 624 644
167 171 180 181 287 292 297 298 312 322 323 324 447 450 456 458 465
 473 474 481 535 549 566 587 624 640
165 170 174 184 286 291 296 304 311 316 317 321 445 449 459 462 467
 477 479 483 533 545 565 585 624 641
168 172 178 179 288 290 300 303 309 313 318 319 446 451 453 463 468
 475 476 484 534 547 569 586 624 643
173 176 177 182 289 293 294 301 305 306 307 308 454 457 460 464 469
 470 471 472 537 548 567 589 624 642
89 94 97 101 205 206 207 208 249 250 251 252 315 318 321 322 415
 419 421 424 544 548 593 605 618 645
88 91 99 102 209 214 218 219 248 255 258 264 308 312 313 316 408
 409 420 423 544 546 590 603 622 646
86 92 93 98 212 222 223 224 245 253 254 261 307 310 317 319 406
 410 417 418 544 549 591 604 619 648
85 95 96 104 211 216 217 221 246 256 260 262 306 311 314 324 405
 411 414 422 544 547 592 606 620 647
87 90 100 103 210 213 215 220 247 257 259 263 305 309 320 323 407
 412 413 416 544 545 594 607 621 649
13 28 51 103 123 144 168 206 236 256 301 316 329 360 373 393 427
 450 478 499 510 559 573 600 609 648
18 43 53 100 112 131 182 212 228 251 292 311 325 356 365 396 443
 461 468 498 513 560 571 599 609 646
24 25 50 96 109 139 165 207 240 263 293 319 330 364 380 399 428
 452 474 501 511 559 574 601 608 646
15 40 58 104 122 143 173 209 226 250 302 309 326 359 368 395 439
 458 467 497 513 563 572 602 608 648
23 33 46 94 110 132 178 218 230 262 299 307 337 352 381 387 431
 462 473 485 510 563 574 599 611 649
17 42 45 97 116 130 184 222 231 259 298 308 341 350 376 385 432
 453 480 488 511 560 573 602 611 647
21 27 49 91 115 140 167 205 244 253 294 314 332 357 382 397 426
 449 484 496 514 559 571 602 610 649
22 41 55 99 111 134 176 210 227 252 296 310 327 362 367 400 440
 463 465 493 513 561 574 600 610 647
6 32 54 95 118 129 183 224 238 248 297 318 334 347 378 398 444
 445 471 491 512 560 570 600 608 649
12 34 60 87 105 127 169 217 237 264 288 317 338 363 371 391 438
 464 481 494 512 562 574 602 609 645
20 37 63 98 117 135 177 211 225 249 290 312 328 353 366 403 433
 459 466 502 513 562 573 601 612 649
16 26 52 93 113 138 166 208 234 255 289 323 331 361 377 402 425
 451 477 504 512 559 572 599 612 647
8 30 56 90 120 136 180 214 243 245 295 321 344 346 384 401 436
 446 472 489 514 563 570 601 609 647
11 38 59 85 107 128 171 213 242 261 286 313 343 355 372 390 435
 457 482 495 514 561 573 599 608 645
9 36 64 86 106 126 170 219 233 257 285 324 339 354 370 392 441
 460 475 503 511 563 571 600 612 645
14 39 48 101 121 142 175 215 229 258 304 306 335 351 375 388 430
 456 476 487 512 561 571 601 611 648
19 35 47 89 114 137 181 221 232 254 300 305 342 349 383 386 429
 455 483 486 514 562 572 600 611 646
7 29 62 92 119 133 179 220 241 246 291 322 340 345 379 404 434
 448 470 492 510 561 570 602 612 646
10 44 61 88 108 125 172 223 239 260 287 320 333 358 369 389 442
 454 479 500 510 560 572 601 610 645
5 31 57 102 124 141 174 216 235 247 303 315 336 348 374 394 437
 447 469 490 511 562 570 599 610 648
19 40 52 65 91 106 142 160 165 198 236 247 310 353 379 422 435
 464 473 489 541 560 577 593 598 643
15 44 47 71 98 116 128 155 174 204 237 257 322 352 375 408 440
 446 471 498 539 559 577 592 596 644
16 35 61 82 95 124 133 145 184 189 228 263 313 357 367 419 430
 450 466 494 540 563 577 591 595 642
14 43 49 68 93 108 137 159 168 202 240 246 312 362 374 413 438
 457 480 491 539 563 575 593 597 641
18 36 48 70 99 110 127 163 179 194 242 260 315 350 383 406 433
 445 472 497 541 559 575 594 595 640
21 39 64 73 90 119 141 148 178 190 226 256 317 361 366 424 429
 452 465 495 538 560 575 590 596 642
13 42 59 78 92 118 136 147 175 192 227 255 324 364 368 415 431
 449 468 500 539 562 576 594 598 642
20 38 45 72 100 121 126 151 183 196 239 264 321 349 381 405 439
 447 470 493 538 559 576 591 597 643
17 37 51 66 96 105 132 164 166 193 244 248 309 356 384 417 441
 454 483 490 540 561 576 593 596 640
12 25 55 80 101 115 131 152 171 188 241 254 308 348 369 411 444
 459 478 504 542 563 579 594 596 643
7 30 54 83 88 122 138 150 182 195 231 252 314 355 380 416 427
 456 475 485 541 562 578 591 596 641
24 33 60 75 102 120 129 146 181 191 225 253 320 360 365 421 432
 451 467 503 541 561 579 592 597 642
23 41 50 67 103 107 130 158 167 197 234 245 311 359 378 420 442
 460 476 492 538 562 579 593 595 644
22 34 46 69 104 114 125 153 180 200 233 261 318 351 376 407 443
 448 469 502 540 559 579 590 598 641
11 28 63 81 89 113 143 156 169 187 235 258 307 345 370 412 436
 463 474 496 542 560 576 592 595 641
9 27 53 84 97 123 135 149 172 186 238 262 305 346 371 409 437
 458 477 501 542 561 575 591 598 644
6 29 57 76 87 111 139 162 177 201 232 251 316 358 382 418 425
 453 482 487 538 563 578 592 598 640
10 26 58 79 94 109 134 161 170 185 243 259 306 347 372 410 434
 461 484 499 542 562 577 590 597 640
8 31 62 74 85 117 144 157 176 199 229 250 319 354 377 423 426
 462 481 486 540 560 578 594 597 644
5 32 56 77 86 112 140 154 173 203 230 249 323 363 373 414 428
 455 479 488 539 561 578 590 595 643
22 35 51 101 112 160 174 195 217 226 255 278 285 343 346 389 406
 453 474 492 524 557 567 584 597 649
23 38 57 104 108 156 175 186 210 236 249 276 289 344 357 385 410
 445 481 503 526 556 569 584 596 646
12 27 58 102 118 148 168 196 207 229 257 270 291 342 355 396 418
 454 473 502 523 554 568 584 595 647
20 39 50 89 122 159 179 203 213 228 253 275 287 338 347 392 408
 462 478 490 527 556 567 580 598 647
17 34 62 100 106 152 181 185 211 240 252 282 294 334 361 387 409
 446 482 500 526 557 565 580 595 648
11 26 53 92 120 145 165 200 206 232 260 271 303 335 363 395 423
 460 480 493 525 554 566 580 596 649
15 42 49 94 111 164 183 199 223 225 256 281 288 339 348 390 407
 456 477 489 525 558 567 582 595 646
10 25 63 95 119 146 167 194 208 230 264 272 295 341 354 400 416
 457 483 498 524 554 569 582 598 648
19 36 54 98 107 149 178 188 209 244 251 279 301 336 364 388 412
 448 479 494 526 555 566 582 597 647
7 40 60 85 123 155 170 202 214 239 254 277 298 327 356 402 415
 452 469 487 527 555 569 583 595 649
21 29 45 93 114 150 176 191 215 243 248 268 302 329 352 394 422
 459 468 501 524 556 566 581 595 645
14 44 56 99 105 161 184 187 212 234 250 273 293 340 360 386 411
 447 475 495 526 558 568 581 598 649
18 33 52 97 117 158 180 201 219 227 263 283 286 333 345 391 405
 455 484 491 523 555 567 581 596 648
9 28 55 90 124 147 166 204 205 231 261 269 297 337 358 403 414
 464 476 497 527 554 565 581 597 646
16 31 46 91 121 154 177 192 221 238 245 266 292 330 350 404 413
 463 467 499 527 557 568 582 596 645
6 41 64 88 113 153 171 193 220 237 262 284 300 325 353 399 419
 449 472 488 525 556 568 583 597 648
13 32 47 96 110 162 182 190 222 241 247 265 296 331 351 401 420
 458 466 496 523 558 569 580 597 645
8 37 61 86 115 151 169 197 216 242 259 280 304 326 362 393 424
 451 471 485 523 557 566 583 598 646
24 30 48 103 116 157 173 189 218 235 246 267 290 332 349 398 417
 461 465 504 525 555 565 584 598 645
5 43 59 87 109 163 172 198 224 233 258 274 299 328 359 397 421
 450 470 486 524 558 565 583 596 647
15 50 84 93 124 131 193 236 264 280 286 306 342 350 370 401 421
 448 465 500 530 550 578 586 613 649
12 56 65 94 107 138 190 233 246 275 292 320 327 357 383 403 423
 453 471 501 529 550 576 585 617 648
13 60 82 98 121 125 201 235 252 268 295 309 343 347 377 397 411
 460 473 488 531 551 575 585 613 646
18 51 79 91 119 143 197 240 261 284 288 305 335 352 369 398 415
 447 466 503 532 552 578 585 616 647
24 59 73 99 114 126 199 241 249 266 297 311 338 346 382 402 412
 454 480 485 531 553 577 586 616 648
11 54 68 97 105 140 189 239 247 278 302 324 328 361 375 400 418
 462 472 499 528 552 579 586 617 646
20 52 80 103 118 134 202 244 260 274 285 307 341 351 371 394 419
 446 467 495 529 553 578 587 615 646
10 57 66 89 106 144 191 237 245 283 296 313 326 364 376 396 414
 456 470 504 532 553 575 588 617 649
7 63 69 102 112 132 204 232 259 273 289 319 334 359 367 388 405
 449 478 489 528 550 575 587 616 645
21 61 78 100 110 128 195 238 250 267 303 312 339 345 373 399 410
 464 483 487 531 550 579 588 615 647
8 53 71 95 111 137 196 231 258 276 301 323 340 353 368 387 406
 452 484 490 530 553 579 585 614 645
19 45 77 88 109 136 186 228 256 270 304 322 331 354 374 391 417
 463 482 497 529 551 579 589 616 649
22 49 81 96 120 135 198 234 257 277 287 308 337 349 372 404 424
 445 468 494 528 551 578 588 614 648
16 64 75 104 116 127 203 243 251 265 291 310 333 348 380 393 409
 457 476 486 531 552 576 587 614 649
9 62 67 101 108 139 192 242 248 281 290 317 325 360 381 395 416
 455 469 496 530 551 577 587 617 647
6 58 70 90 117 142 200 230 254 282 293 314 336 362 365 385 408
 450 477 492 532 551 576 586 615 645
14 46 83 86 123 129 185 226 263 271 300 315 332 358 379 390 420
 459 481 498 528 553 576 589 613 647
23 47 74 87 115 133 187 225 255 269 298 318 330 355 384 392 422
 461 479 493 530 552 575 589 615 648
17 48 76 85 113 141 188 227 253 272 299 321 329 363 378 389 413
 458 475 502 532 550 577 589 614 646
5 55 72 92 122 130 194 229 262 279 294 316 344 356 366 386 407
 451 474 491 529 552 577 588 613 645
37 40 41 43 185 186 187 188 314 316 319 323 333 338 339 343 349
 350 351 352 543 554 570 605 617 642
25 31 36 42 190 196 197 201 306 310 313 322 328 332 334 337 346
 356 360 363 543 556 572 607 615 641
28 29 33 44 189 193 199 200 305 312 315 317 327 331 341 344 347
 355 359 364 543 557 571 606 614 643
26 32 34 39 191 194 195 198 307 309 321 324 325 330 340 342 348
 357 358 362 543 555 573 603 616 644
27 30 35 38 192 202 203 204 308 311 318 320 326 329 335 336 345
 353 354 361 543 558 574 604 613 640
69 70 71 72 91 93 96 103 345 346 347 348 395 396 400 403 475
 479 481 482 509 564 583 611 618 642
68 76 80 82 86 90 94 104 350 353 355 360 388 391 398 402 468
 470 474 483 505 564 580 610 622 644
65 73 74 81 88 95 97 100 352 362 363 364 386 390 397 401 467
 469 476 478 506 564 584 612 619 640
67 78 79 83 87 89 98 102 351 354 356 357 387 389 393 404 465
 472 477 480 508 564 581 608 620 643
66 75 77 84 85 92 99 101 349 358 359 361 385 392 394 399 466
 471 473 484 507 564 582 609 621 641
18 55 74 89 108 138 153 170 216 238 264 271 302 382 388 417 428
 446 473 492 515 558 573 607 614 642
10 46 73 85 116 135 158 166 215 228 252 280 301 383 395 418 438
 449 474 503 518 558 570 603 615 643
11 47 75 86 121 131 160 168 218 227 250 274 294 376 403 416 442
 452 477 494 515 556 570 606 616 640
12 48 78 88 114 143 159 165 222 225 251 277 289 381 400 414 441
 450 484 495 517 557 570 607 613 644
9 45 82 87 110 134 164 167 221 226 249 284 293 375 396 423 435
 451 478 500 516 555 570 604 614 641
15 63 76 101 106 140 151 172 220 243 261 270 292 377 386 420 427
 445 480 490 517 555 574 606 615 642
22 58 77 97 107 144 155 169 224 241 260 269 290 380 387 413 425
 447 483 489 516 556 571 603 613 642
14 52 66 102 119 136 145 182 211 242 254 267 297 370 397 407 439
 453 479 499 518 556 574 605 614 644
8 59 80 93 122 125 156 174 207 230 256 273 300 378 404 409 432
 464 466 493 518 555 571 607 617 640
24 57 71 100 115 142 154 178 223 234 248 275 285 367 391 415 434
 458 472 486 518 554 573 606 613 641
23 51 68 95 120 141 147 176 212 233 259 266 291 371 399 408 433
 456 482 496 515 555 572 605 613 643
17 50 65 90 118 133 146 177 209 239 262 268 303 372 393 406 440
 455 481 504 517 558 571 605 616 641
20 53 83 94 105 139 163 171 214 235 257 272 296 373 385 422 426
 448 476 491 518 557 572 604 616 642
6 60 81 91 112 126 152 179 206 231 263 279 304 384 394 410 431
 457 465 502 516 558 572 606 617 644
13 62 70 104 113 137 150 184 219 244 245 278 287 366 390 421 437
 461 471 487 516 554 574 607 616 643
19 49 67 92 124 129 148 173 210 237 258 265 295 369 402 405 443
 462 475 501 516 557 573 605 615 640
7 61 84 96 111 127 161 180 205 229 255 282 299 374 398 412 429
 460 467 498 517 556 573 604 617 643
21 56 69 98 123 130 157 175 217 240 247 281 286 365 392 419 444
 463 470 485 517 554 572 603 614 640
16 54 72 99 109 132 162 181 213 236 246 283 288 368 389 424 436
 459 469 488 515 554 571 604 615 644
5 64 79 103 117 128 149 183 208 232 253 276 298 379 401 411 430
 454 468 497 515 557 574 603 617 641
9 32 51 117 127 152 165 202 213 234 258 268 300 322 344 376 418
 439 461 485 506 550 582 610 620 642
18 38 46 105 137 160 173 190 207 243 253 269 303 316 341 367 412
 444 456 500 507 551 583 612 620 644
13 41 54 120 143 155 172 196 216 228 249 282 285 317 330 379 407
 426 457 504 507 550 581 611 622 640
10 30 50 111 128 156 168 198 217 244 254 266 304 315 334 381 423
 443 458 488 505 552 581 612 621 642
24 37 56 118 131 163 170 200 220 226 252 276 287 313 329 374 405
 425 464 496 508 552 582 611 619 644
15 34 45 107 142 159 182 189 206 238 255 272 291 319 337 366 411
 436 455 503 508 553 583 610 621 640
12 29 49 112 125 161 166 197 219 236 262 267 298 321 336 375 416
 433 463 486 507 553 580 608 619 642
22 36 47 108 130 164 177 191 208 235 263 270 297 314 335 368 409
 434 462 495 505 550 583 609 619 643
6 35 55 109 140 148 175 199 218 242 245 277 301 309 333 371 422
 432 447 498 508 550 580 612 618 641
23 26 59 116 129 162 179 188 211 229 264 278 292 305 326 373 419
 441 452 489 509 551 581 610 619 641
11 31 52 122 126 149 167 193 223 240 259 265 299 318 340 383 414
 440 459 487 508 551 584 609 622 642
20 44 48 106 132 158 176 192 205 241 256 271 295 323 342 365 410
 437 453 494 506 552 583 608 622 641
8 39 63 123 138 145 181 201 222 237 248 274 293 311 339 372 413
 431 448 497 507 552 584 610 618 643
17 27 60 110 136 157 174 187 210 232 261 275 302 306 325 380 424
 442 450 491 509 553 582 612 622 643
16 43 57 119 134 153 169 204 214 225 250 279 286 324 332 378 406
 427 454 501 506 551 580 611 621 643
21 40 62 124 135 151 171 194 224 227 251 273 288 320 331 384 408
 428 460 499 505 553 584 611 620 641
14 25 61 114 141 154 183 186 209 231 257 283 290 307 327 377 421
 435 449 492 509 552 580 609 620 640
7 42 58 113 139 146 178 203 221 233 247 280 294 312 343 369 417
 430 445 493 506 553 581 609 618 644
19 28 64 121 133 150 180 185 212 230 260 281 296 308 328 382 415
 438 451 490 509 550 584 608 621 644
5 33 53 115 144 147 184 195 215 239 246 284 289 310 338 370 420
 429 446 502 505 551 582 608 618 640
12 36 59 74 111 141 158 173 204 240 268 287 325 351 379 385 436
 451 483 499 519 546 591 606 618 649
11 44 60 76 117 133 164 182 194 236 266 285 326 349 374 387 444
 449 476 501 520 549 590 607 618 647
9 38 61 83 112 136 159 176 200 244 265 288 328 350 378 386 434
 452 473 504 522 545 592 603 618 648
10 34 64 77 122 129 160 177 196 234 267 286 327 352 384 388 437
 450 480 496 521 547 594 604 618 646
17 41 52 68 123 131 156 179 195 225 270 295 337 364 382 395 430
 447 471 486 519 545 590 604 620 645
23 37 49 65 109 143 152 174 203 227 271 297 341 360 377 396 429
 448 472 487 520 547 591 603 621 645
13 31 48 80 107 139 151 181 198 231 284 302 344 345 367 392 438
 454 477 498 522 547 590 605 619 649
8 42 55 70 119 126 162 172 185 235 275 289 329 355 375 399 443
 455 467 494 521 549 593 603 620 649
18 25 62 78 121 130 148 166 189 233 276 300 338 362 372 394 427
 458 479 489 520 548 592 604 622 649
21 32 46 79 106 138 163 184 193 229 277 290 336 346 368 391 442
 457 478 493 519 549 592 605 621 646
16 30 45 84 108 140 155 178 197 232 274 296 340 347 365 390 441
 464 474 502 520 546 594 605 620 648
24 29 47 81 105 144 153 175 202 230 280 292 334 348 366 389 435
 460 484 497 521 545 591 605 622 647
6 33 63 71 124 125 157 170 186 241 278 294 330 363 383 393 439
 456 468 495 522 546 593 604 621 647
15 28 57 75 114 132 145 167 190 239 282 304 343 353 371 404 428
 461 475 491 519 548 594 603 619 647
20 27 54 82 116 137 147 165 191 242 273 299 339 356 369 401 425
 463 481 492 521 548 590 606 621 648
7 35 53 72 118 128 154 169 188 243 281 293 331 358 376 397 433
 462 465 503 519 547 593 607 622 648
19 43 50 66 113 135 161 183 201 226 269 291 335 357 373 400 432
 446 469 485 522 549 594 606 622 645
14 40 51 67 115 134 149 180 199 228 272 303 342 361 380 403 431
 445 470 488 521 546 592 607 619 645
22 26 56 73 110 142 146 168 192 237 279 298 333 359 370 398 426
 459 482 490 522 548 591 607 620 646
5 39 58 69 120 127 150 171 187 238 283 301 332 354 381 402 440
 453 466 500 520 545 593 606 619 646
14 38 62 79 88 116 131 164 201 205 230 247 275 330 359 371 402
 406 436 502 533 547 566 588 600 642
19 34 57 84 86 110 143 158 199 208 231 246 278 329 356 372 397
 408 444 493 534 545 568 587 601 642
23 36 56 81 85 121 134 159 195 207 232 248 283 331 353 369 393
 407 437 498 536 549 565 586 602 642
21 25 51 83 92 111 142 153 187 219 239 249 270 326 347 383 401
 413 432 494 537 547 565 587 599 644
24 26 49 74 90 122 132 155 186 217 242 251 272 328 345 376 394
 420 430 500 537 549 568 585 600 643
17 44 54 80 87 114 135 160 203 206 229 245 281 332 362 370 399
 405 434 497 535 546 569 585 599 642
13 27 52 76 95 112 130 163 185 213 237 250 269 327 348 381 404
 417 429 503 537 546 566 586 601 641
16 28 50 77 102 117 137 151 188 223 233 252 271 325 346 375 398
 422 431 495 537 545 569 588 602 640
20 31 60 68 101 119 128 150 200 222 234 262 280 333 357 368 396
 412 428 489 534 546 565 589 600 640
22 29 59 65 89 124 127 154 196 218 244 259 284 339 361 365 395
 411 427 491 533 549 569 589 601 644
6 42 53 69 99 107 133 156 202 216 226 253 265 342 352 377 391
 416 441 499 535 548 565 588 601 643
7 39 55 71 104 106 136 149 197 224 225 263 268 341 349 373 389
 423 438 496 533 548 568 586 599 640
12 37 47 73 91 123 139 147 189 210 243 260 282 340 354 378 388
 421 439 488 534 549 567 588 599 641
8 33 58 72 98 105 141 152 198 220 228 255 267 335 350 382 390
 414 442 501 536 548 569 587 600 641
11 41 48 82 93 109 144 146 190 211 238 257 276 336 358 384 386
 415 443 485 533 546 567 587 602 643
15 30 64 66 97 118 125 162 194 221 240 258 277 338 360 367 403
 410 426 492 536 545 566 589 599 643
18 32 61 67 94 120 126 157 204 215 236 254 274 343 364 366 400
 409 425 490 535 547 568 589 602 641
9 40 46 78 103 113 140 145 191 212 241 264 279 334 355 374 385
 424 440 486 536 547 567 585 601 640
10 43 45 75 96 115 138 148 192 209 235 261 273 344 363 379 387
 419 433 487 535 545 567 586 600 644
5 35 63 70 100 108 129 161 193 214 227 256 266 337 351 380 392
 418 435 504 534 548 566 585 602 644
33 35 39 42 151 153 155 163 165 166 167 168 209 210 211 212 434
 436 437 444 531 564 578 589 617 645
28 30 34 43 146 149 154 164 171 175 176 179 207 216 219 222 425
 429 439 442 528 564 577 585 615 649
25 32 38 40 147 150 158 161 169 174 177 181 206 218 220 223 426
 430 441 443 529 564 575 586 614 647
26 29 36 37 148 156 157 160 172 182 183 184 205 213 214 221 428
 431 438 440 532 564 579 587 613 648
27 31 41 44 145 152 159 162 170 173 178 180 208 215 217 224 427
 432 433 435 530 564 576 588 616 646
79 80 81 84 129 133 136 141 309 310 311 312 375 376 381 383 425
 426 427 428 526 554 567 583 623 645
68 71 77 78 127 132 134 139 305 313 314 321 366 370 377 379 432
 442 443 444 527 558 566 584 623 648
67 72 73 76 125 137 138 143 308 315 319 324 365 371 373 384 430
 434 435 440 523 556 565 582 623 649
66 69 74 82 126 131 140 142 307 316 320 322 368 372 378 380 429
 433 437 438 525 557 569 581 623 647
65 70 75 83 128 130 135 144 306 317 318 323 367 369 374 382 431
 436 439 441 524 555 568 580 623 646
215 218 221 222 273 276 279 282 291 295 297 303 325 326 327 328 389
 390 391 392 542 559 578 593 623 642
206 212 214 217 265 270 280 283 287 289 300 302 330 336 339 341 387
 397 398 403 538 561 577 594 623 641
205 210 216 223 268 272 274 278 286 290 298 301 331 334 335 338 386
 396 399 404 541 563 576 590 623 644
208 211 219 220 266 269 275 277 288 293 296 299 332 342 343 344 388
 393 394 395 539 560 579 591 623 640
207 209 213 224 267 271 281 284 285 292 294 304 329 333 337 340 385
 400 401 402 540 562 575 592 623 643
74 76 77 83 145 146 147 148 193 197 198 202 275 278 281 283 409
 410 411 412 513 559 570 611 624 645
68 70 73 84 151 152 154 160 187 191 201 204 265 272 276 277 407
 417 419 423 510 562 571 608 624 647
65 71 79 82 150 153 156 159 188 192 194 199 267 269 274 282 405
 418 420 424 511 561 572 609 624 649
67 69 75 80 161 162 163 164 186 189 195 196 268 271 279 280 408
 413 414 415 514 560 574 612 624 648
66 72 78 81 149 155 157 158 185 190 200 203 266 270 273 284 406
 416 421 422 512 563 573 610 624 646
4 42 61 75 89 123 134 173 194 220 234 278 297 319 336 381 401
 422 438 482 502 571 585 596 622 628
4 39 59 82 97 115 143 177 200 214 236 281 291 323 334 383 394
 417 442 475 498 574 588 597 620 625
4 35 60 73 94 113 131 176 196 224 240 283 303 314 344 375 404
 420 441 479 497 573 587 598 621 629
4 33 64 78 101 109 135 182 204 216 244 275 295 316 340 376 398
 413 435 481 493 572 586 595 619 626
3 37 57 70 92 116 140 180 198 207 238 268 288 311 327 370 387
 416 430 478 495 572 589 597 622 629
3 36 58 66 93 112 128 181 199 210 239 271 299 308 330 366 391
 419 427 476 496 570 585 598 620 626
3 29 48 79 86 118 137 167 187 217 228 279 296 320 337 377 399
 409 439 469 489 573 586 596 618 625
3 26 51 76 98 108 136 171 190 218 231 280 293 318 338 379 400
 405 437 467 486 571 588 595 621 627
2 25 52 77 104 105 133 172 192 215 232 277 294 315 339 378 396
 408 436 465 485 573 585 597 619 627
2 40 56 72 95 114 144 179 197 205 235 265 285 312 325 372 388
 418 432 477 500 574 589 596 621 626
2 38 55 65 96 117 125 178 195 212 237 272 304 305 332 368 392
 421 425 480 499 570 587 595 622 625
2 32 45 80 85 124 132 168 185 219 225 276 292 317 335 380 397
 412 440 472 492 572 588 598 618 628
0 44 53 67 91 122 127 175 201 211 233 270 298 307 329 367 390
 424 428 483 504 570 586 597 621 628
0 41 62 71 102 110 138 183 202 206 243 266 286 309 328 369 385
 414 429 474 494 571 589 598 619 625
0 31 47 84 88 120 142 166 188 213 226 273 290 324 341 382 393
 410 443 470 491 574 585 595 618 629
0 27 50 74 99 106 129 169 189 222 230 284 301 321 343 374 403
 407 434 468 487 572 587 596 620 627
1 43 54 69 90 121 139 174 193 208 241 267 287 310 326 371 386
 423 431 484 503 573 589 595 620 628
1 34 63 68 103 111 126 184 203 209 242 269 300 306 331 365 389
 415 426 473 501 570 588 596 619 629
1 30 46 81 87 119 130 165 186 223 227 282 302 313 342 373 402
 411 433 471 490 571 587 597 618 626
1 28 49 83 100 107 141 170 191 221 229 274 289 322 333 384 395
 406 444 466 488 574 586 598 622 627
4 20 41 76 96 129 154 184 199 233 254 279 302 322 335 393 416
 436 464 484 500 575 584 599 603 633
4 22 37 74 103 136 150 178 201 239 258 273 292 315 342 399 414
 444 457 477 503 577 580 602 604 630
4 18 40 83 93 133 162 175 203 237 259 282 290 321 337 397 423
 437 454 474 495 579 582 600 606 631
4 15 43 77 91 141 157 181 195 242 262 276 296 318 341 402 418
 434 460 478 494 576 581 601 607 634
3 19 30 75 95 139 152 166 200 229 249 275 286 307 339 389 420
 440 447 468 499 575 583 602 607 631
3 21 38 67 97 132 146 170 188 235 255 266 300 310 340 396 407
 438 450 471 497 578 580 601 606 633
3 11 27 80 100 127 153 177 197 226 246 277 295 319 331 385 421
 431 456 479 490 577 581 600 603 632
3 8 35 69 88 134 158 179 191 236 257 269 294 317 328 398 411
 428 458 480 487 576 582 599 605 630
1 24 36 65 101 137 145 169 185 238 256 265 298 309 344 400 408
 442 449 470 502 578 581 599 604 631
1 17 31 82 92 138 161 168 204 230 251 283 285 305 338 390 422
 439 445 465 496 579 583 601 603 630
1 9 25 79 99 125 155 182 198 225 245 280 303 323 329 388 419
 429 462 482 491 576 584 602 606 632
0 6 39 72 86 135 164 174 192 240 260 272 289 313 327 401 412
 427 461 473 486 579 581 602 605 633
0 16 34 66 94 130 147 172 187 241 253 268 304 312 336 395 405
 435 452 472 498 578 584 600 607 630
0 14 32 78 90 144 156 167 196 232 252 278 288 308 333 392 417
 433 448 467 501 577 583 599 606 634
0 12 26 81 104 128 151 176 193 228 247 274 297 316 332 387 415
 432 455 475 492 575 582 601 604 632
2 23 29 73 102 140 149 165 194 231 250 281 287 306 343 391 413
 443 446 466 504 576 583 600 604 633
2 13 44 68 89 142 148 171 186 243 263 267 299 311 334 403 406
 441 451 469 493 578 582 602 603 634
2 10 28 84 98 126 163 173 202 227 248 284 291 314 330 386 424
 430 453 481 489 579 580 599 607 632
2 7 33 70 87 131 159 183 190 234 261 271 301 324 326 394 409
 426 463 483 488 577 584 601 605 631
1 5 42 71 85 143 160 180 189 244 264 270 293 320 325 404 410
 425 459 476 485 575 580 600 605 634
0 22 45 70 118 141 145 171 203 223 236 250 295 305 330 356 388
 420 438 484 485 565 592 612 617 636
0 21 63 65 105 134 162 168 200 216 231 245 299 322 325 349 402
 409 430 479 503 567 594 608 613 635
0 10 59 83 121 140 152 184 190 210 225 262 285 319 342 345 398
 408 425 469 497 566 593 609 614 637
4 19 62 81 111 132 163 174 197 215 238 253 293 324 333 355 403
 419 439 480 504 569 590 609 613 636
4 23 54 79 112 142 151 180 202 222 235 256 294 313 338 358 395
 421 440 483 501 568 594 612 614 638
4 17 56 84 122 137 153 183 198 218 241 263 289 317 343 354 396
 415 433 476 499 566 592 610 615 635
4 14 57 80 117 130 155 179 193 221 243 255 301 320 339 363 400
 424 443 473 496 565 591 608 616 637
3 20 46 71 120 133 148 169 195 219 240 251 297 306 329 359 386
 417 435 477 488 569 594 610 617 637
3 16 55 68 107 135 157 165 196 220 230 248 298 315 326 351 397
 410 429 475 500 567 592 609 616 638
3 9 60 77 114 138 156 178 189 211 227 259 287 316 335 348 401
 406 426 470 498 568 593 608 615 636
3 7 50 78 115 126 160 176 186 208 237 260 292 309 336 360 390
 418 436 466 491 565 590 611 614 635
2 6 49 82 123 128 158 182 187 207 233 264 290 310 344 361 389
 414 434 467 490 566 594 611 616 636
2 24 53 66 108 143 150 167 204 224 229 247 300 321 327 350 393
 411 431 482 494 567 590 612 615 637
2 15 48 69 119 129 147 170 201 213 244 249 303 308 331 362 387
 422 442 474 486 568 591 609 617 635
2 11 64 74 110 139 161 175 191 209 228 254 288 323 341 346 404
 405 427 471 502 565 593 610 613 638
1 18 47 72 124 136 146 172 199 217 234 252 291 307 332 353 385
 413 441 478 487 566 590 608 617 638
1 13 58 67 106 131 154 166 194 214 232 246 304 318 328 352 399
 412 432 481 495 567 591 610 614 636
1 12 61 76 116 144 149 181 192 212 226 258 286 314 337 347 394
 407 428 472 493 569 593 612 616 635
1 8 52 73 109 127 164 173 188 206 239 261 296 312 334 357 392
 416 437 468 492 568 592 611 613 637
0 5 51 75 113 125 159 177 185 205 242 257 302 311 340 364 391
 423 444 465 489 569 591 611 615 638
4 53 55 58 63 110 114 116 121 213 217 219 223 357 360 361 364
 374 378 379 384 578 583 605 624 632
3 47 49 56 59 106 113 117 119 206 209 215 216 347 350 356 358
 367 371 380 381 579 584 604 624 634
1 45 50 57 64 105 112 120 123 205 211 218 224 345 351 355 362
 368 369 377 383 577 582 607 624 633
0 48 52 54 60 108 111 115 124 207 212 220 221 346 352 354 359
 366 372 373 376 576 580 603 624 631
2 46 51 61 62 107 109 118 122 208 210 214 222 348 349 353 363
 365 370 375 382 575 581 606 624 630
4 13 16 21 24 149 152 156 161 257 260 261 264 353 356 359 362
 453 455 456 462 570 589 618 623 627
3 6 10 17 18 147 154 155 159 247 250 256 258 346 349 355 357
 448 451 459 460 574 587 619 623 628
0 8 9 15 23 146 150 160 163 246 251 254 263 347 351 361 363
 447 449 454 463 573 588 622 623 626
1 7 11 14 22 148 151 158 162 248 249 253 262 348 350 354 364
 446 450 461 464 572 585 621 623 625
2 5 12 19 20 145 153 157 164 245 252 255 259 345 352 358 360
 445 452 457 458 571 586 620 623 629
0 25 29 35 43 85 97 98 103 265 271 275 282 368 370 381 384
 445 451 456 464 568 590 610 616 639
4 34 36 38 44 90 92 95 102 274 277 280 284 373 377 380 382
 458 459 461 463 567 593 611 617 639
3 28 31 39 40 87 94 96 99 267 270 276 278 365 369 376 378
 446 449 455 457 566 591 612 613 639
2 26 30 41 42 86 91 100 101 268 269 273 283 366 371 374 383
 448 450 454 462 569 592 608 614 639
1 27 32 33 37 88 89 93 104 266 272 279 281 367 372 375 379
 447 452 453 460 565 594 609 615 639
23 25 60 69 100 122 135 145 168 199 205 243 258 284 296 324 336
 350 379 389 417 425 455 471 495 650
21 36 53 68 87 113 129 155 180 192 218 236 252 275 304 319 341
 348 372 386 414 439 454 466 492 650
18 39 49 84 102 116 139 156 176 185 220 239 245 279 285 318 331
 363 368 403 411 435 450 483 485 650
17 28 59 72 104 112 134 148 165 201 208 238 254 280 290 320 340
 352 374 392 420 426 456 472 494 650
16 44 58 65 85 115 136 163 183 191 222 240 249 278 300 316 337
 345 371 388 416 443 460 465 490 650
15 35 52 79 92 110 144 152 177 186 216 233 248 273 287 321 332
 355 365 400 412 438 452 476 488 650
12 41 46 75 97 124 126 150 175 198 213 232 256 272 293 312 326
 356 377 398 406 434 446 479 496 650
11 37 45 78 94 119 125 154 181 202 217 229 263 269 301 310 325
 359 382 401 408 437 445 475 504 650
7 32 57 74 91 107 137 164 172 200 212 227 257 267 295 306 338
 361 381 393 419 432 459 474 497 650
20 42 51 81 90 114 140 161 182 188 224 237 246 276 286 315 330
 354 367 395 409 442 451 473 487 650
19 26 61 71 99 117 131 147 167 203 207 235 262 277 302 317 334
 351 384 390 413 427 453 470 503 650
6 31 56 83 103 108 132 160 169 194 211 228 261 268 291 308 339
 364 375 402 421 429 458 484 493 650
24 34 55 67 88 123 133 151 174 190 221 244 250 283 299 323 335
 347 370 385 418 433 457 468 489 650
22 33 50 80 95 121 138 149 173 187 214 242 247 282 288 322 329
 358 366 396 410 441 449 480 486 650
14 27 64 70 98 111 143 146 166 195 206 241 259 274 292 313 344
 349 378 391 422 428 462 469 500 650
13 38 63 66 86 109 141 153 179 189 215 234 251 281 298 314 342
 346 369 387 423 440 464 467 491 650
10 40 47 82 101 118 127 157 178 193 219 231 253 271 289 311 328
 362 373 404 407 436 447 482 501 650
9 43 48 73 89 120 128 162 184 197 223 230 255 270 294 309 327
 353 380 394 405 444 448 481 499 650
8 29 54 77 96 106 130 159 171 204 210 226 264 266 303 307 333
 360 383 397 415 430 461 477 502 650
5 30 62 76 93 105 142 158 170 196 209 225 260 265 297 305 343
 357 376 399 424 431 463 478 498 650
