625 626 627 628 629 630 631 632 633 634 635 636 637 638 639 640 641
 642 643 644 645 646 647 648 649 650
6 8 10 16 18 187 189 191 193 201 203 205 207 209 211 323 326
 328 329 331 334 348 350 351 353 630
7 9 11 17 19 188 190 192 194 202 204 206 208 210 212 324 325
 327 330 332 333 347 349 352 354 630
0 2 4 12 14 175 177 179 181 183 185 195 197 199 213 315 318
 319 322 336 337 339 342 344 345 630
1 3 5 13 15 176 178 180 182 184 186 196 198 200 214 316 317
 320 321 335 338 340 341 343 346 630
22 238 240 258 260 262 286 288 290 310 312 333 343 345 351 375 377
 379 401 403 407 421 433 439 445 636
22 237 239 257 259 261 285 287 289 309 311 334 344 346 352 376 378
 380 402 404 408 422 434 440 446 635
22 216 218 242 244 246 266 268 270 292 314 323 335 337 347 355 357
 359 381 383 405 411 437 447 451 638
22 215 217 241 243 245 265 267 269 291 313 324 336 338 348 356 358
 360 382 384 406 412 438 448 452 637
22 220 222 224 248 250 272 274 294 296 298 315 317 325 353 361 363
 385 387 389 413 417 429 441 449 634
22 219 221 223 247 249 271 273 293 295 297 316 318 326 354 362 364
 386 388 390 414 418 430 442 450 633
22 226 228 230 252 254 276 278 280 300 302 327 329 339 341 365 367
 369 391 393 409 419 423 431 453 640
22 225 227 229 251 253 275 277 279 299 301 328 330 340 342 366 368
 370 392 394 410 420 424 432 454 639
22 232 234 236 256 264 282 284 304 306 308 319 321 331 349 371 373
 395 397 399 415 425 427 435 443 632
22 231 233 235 255 263 281 283 303 305 307 320 322 332 350 372 374
 396 398 400 416 426 428 436 444 631
22 27 29 43 61 67 82 98 112 118 124 148 150 168 170 172 186
 194 199 211 467 473 479 483 497 650
22 28 30 44 62 68 81 97 111 117 123 147 149 167 169 171 185
 193 200 212 468 474 480 484 498 649
22 25 35 45 57 63 86 88 102 106 120 126 128 152 154 156 175
 187 202 214 461 471 481 487 499 648
22 26 36 46 58 64 85 87 101 105 119 125 127 151 153 155 176
 188 201 213 462 472 482 488 500 647
22 37 39 51 55 69 78 94 104 114 116 130 132 134 158 160 189
 192 196 197 457 459 469 491 503 646
22 38 40 52 56 70 77 93 103 113 115 129 131 133 157 159 190
 191 195 198 458 460 470 492 504 645
22 33 49 53 65 73 76 84 92 108 122 136 138 140 162 164 178
 179 204 205 463 475 477 489 495 642
22 34 50 54 66 74 75 83 91 107 121 135 137 139 161 163 177
 180 203 206 464 476 478 490 496 641
22 31 41 47 59 71 80 90 96 100 110 142 144 146 166 174 181
 184 208 209 455 465 485 493 501 644
22 32 42 48 60 72 79 89 95 99 109 141 143 145 165 173 182
 183 207 210 456 466 486 494 502 643
78 87 93 99 106 107 110 111 122 124 221 224 233 236 244 245 252
 253 259 262 505 508 522 524 527 630
77 88 94 100 105 108 109 112 121 123 222 223 234 235 243 246 251
 254 260 261 506 507 521 523 528 630
79 80 83 84 101 102 115 116 117 118 217 218 229 230 239 240 249
 250 255 256 511 514 515 516 529 630
75 81 86 89 92 96 98 104 113 119 215 220 226 227 231 238 242
 247 257 264 509 513 517 519 526 630
76 82 85 90 91 95 97 103 114 120 216 219 225 228 232 237 241
 248 258 263 510 512 518 520 525 630
20 46 68 70 72 74 178 197 202 209 275 283 287 291 297 421 423
 425 449 451 512 515 519 523 527 650
21 45 67 69 71 73 177 198 201 210 276 284 288 292 298 422 424
 426 450 452 513 515 520 524 528 649
20 26 28 48 50 52 175 186 205 208 279 293 303 311 313 405 407
 427 429 431 505 507 516 517 520 646
21 25 27 47 49 51 176 185 206 207 280 294 304 312 314 406 408
 428 430 432 506 508 516 518 519 645
20 30 32 54 56 58 181 196 204 211 267 273 277 307 309 409 411
 413 433 435 509 518 521 524 529 648
21 29 31 53 55 57 182 195 203 212 268 274 278 308 310 410 412
 414 434 436 510 517 522 523 529 647
20 34 36 38 60 62 184 187 192 199 269 281 285 295 299 415 437
 439 441 453 506 511 513 522 525 642
21 33 35 37 59 61 183 188 191 200 270 282 286 296 300 416 438
 440 442 454 505 511 512 521 526 641
20 40 42 44 64 66 179 189 194 214 265 271 289 301 305 417 419
 443 445 447 508 510 514 526 528 644
21 39 41 43 63 65 180 190 193 213 266 272 290 302 306 418 420
 444 446 448 507 509 514 525 527 643
20 94 96 118 120 122 266 278 282 298 312 332 334 338 342 476 498
 500 502 504 606 608 610 613 621 633
21 93 95 117 119 121 265 277 281 297 311 331 333 337 341 475 497
 499 501 503 607 609 610 614 622 634
20 76 78 98 100 102 272 276 286 308 314 324 326 340 344 456 458
 478 480 482 600 601 603 611 614 631
21 75 77 97 99 101 271 275 285 307 313 323 325 339 343 455 457
 477 479 481 600 602 604 612 613 632
20 80 82 104 106 108 274 290 292 300 304 320 328 336 354 460 462
 464 484 486 605 607 612 615 617 635
21 79 81 103 105 107 273 289 291 299 303 319 327 335 353 459 461
 463 483 485 605 606 611 616 618 636
20 84 86 110 112 114 270 284 294 302 310 318 330 346 350 466 468
 470 488 490 602 616 619 622 624 637
21 83 85 109 111 113 269 283 293 301 309 317 329 345 349 465 467
 469 487 489 601 615 620 621 624 638
20 88 90 92 116 124 268 280 288 296 306 316 322 348 352 472 474
 492 494 496 604 609 618 620 623 639
21 87 89 91 115 123 267 279 287 295 305 315 321 347 351 471 473
 491 493 495 603 608 617 619 623 640
137 140 143 146 154 155 158 159 169 172 267 271 274 282 283 288 299
 302 311 314 576 582 588 593 594 630
138 139 144 145 153 156 157 160 170 171 268 272 273 281 284 287 300
 301 312 313 577 581 589 592 595 630
127 128 133 134 149 150 163 164 165 166 269 270 279 280 289 290 297
 298 307 308 575 580 585 598 599 630
125 130 131 136 141 148 152 161 167 174 265 275 278 286 292 294 295
 303 306 309 579 583 586 590 597 630
126 129 132 135 142 147 151 162 168 173 266 276 277 285 291 293 296
 304 305 310 578 584 587 591 596 630
26 27 32 55 59 62 63 66 70 73 357 365 368 378 384 386 387
 395 398 401 601 607 613 618 619 630
25 28 31 56 60 61 64 65 69 74 358 366 367 377 383 385 388
 396 397 402 602 606 614 617 620 630
33 34 41 42 51 52 57 58 67 68 359 360 369 370 379 380 389
 390 399 400 600 605 610 623 624 630
29 35 38 39 44 46 48 49 54 71 355 361 364 372 373 376 382
 391 394 403 603 609 612 616 621 630
30 36 37 40 43 45 47 50 53 72 356 362 363 371 374 375 381
 392 393 404 604 608 611 615 622 630
23 27 37 57 65 71 95 101 107 113 123 318 328 338 352 407 419
 435 441 451 582 584 585 589 597 631
24 28 38 58 66 72 96 102 108 114 124 317 327 337 351 408 420
 436 442 452 581 583 585 588 596 632
24 26 40 54 60 68 76 88 104 110 118 319 329 343 347 406 434
 444 450 454 575 576 578 586 589 634
23 25 39 53 59 67 75 87 103 109 117 320 330 344 348 405 433
 443 449 453 575 577 579 587 588 633
24 30 34 48 64 70 84 90 94 98 106 321 333 339 353 410 418
 422 428 438 580 582 587 590 592 638
23 29 33 47 63 69 83 89 93 97 105 322 334 340 354 409 417
 421 427 437 580 581 586 591 593 637
24 42 46 50 56 62 78 80 92 112 120 315 323 341 349 412 416
 424 430 446 577 591 594 597 599 636
23 41 45 49 55 61 77 79 91 111 119 316 324 342 350 411 415
 423 429 445 576 590 595 596 599 635
24 32 36 44 52 74 82 86 100 116 122 325 331 335 345 414 426
 432 440 448 579 584 593 595 598 640
23 31 35 43 51 73 81 85 99 115 121 326 332 336 346 413 425
 431 439 447 578 583 592 594 598 639
3 6 11 12 23 40 48 58 62 74 223 227 237 245 255 266 288
 294 300 308 463 469 473 481 501 628
2 7 10 13 24 39 47 57 61 73 224 228 238 246 256 265 287
 293 299 307 464 470 474 482 502 628
2 5 16 19 23 30 46 52 60 66 229 243 247 259 263 272 280
 282 292 310 455 475 483 487 491 625
3 4 17 18 24 29 45 51 59 65 230 244 248 260 264 271 279
 281 291 309 456 476 484 488 492 625
4 7 8 15 23 32 38 50 64 68 215 225 233 249 261 268 286
 298 302 304 459 465 471 477 497 629
5 6 9 14 24 31 37 49 63 67 216 226 234 250 262 267 285
 297 301 303 460 466 472 478 498 629
1 10 14 17 23 26 34 44 56 72 217 219 235 253 257 270 274
 276 306 312 461 479 489 493 503 626
0 11 15 16 24 25 33 43 55 71 218 220 236 254 258 269 273
 275 305 311 462 480 490 494 504 626
0 9 13 18 23 28 36 42 54 70 221 231 239 241 251 278 284
 290 296 314 457 467 485 495 499 627
1 8 12 19 24 27 35 41 53 69 222 232 240 242 252 277 283
 289 295 313 458 468 486 496 500 627
23 130 140 156 166 168 317 331 339 347 368 374 380 382 388 474 478
 486 488 504 505 513 514 518 523 636
24 129 139 155 165 167 318 332 340 348 367 373 379 381 387 473 477
 485 487 503 506 512 514 517 524 635
23 134 136 142 154 170 337 343 349 353 362 370 372 384 402 464 466
 480 492 500 509 512 516 522 528 640
24 133 135 141 153 169 338 344 350 354 361 369 371 383 401 463 465
 479 491 499 510 513 516 521 527 639
23 132 144 152 164 172 319 325 341 351 360 364 366 398 404 458 472
 484 490 502 507 510 511 519 524 638
24 131 143 151 163 171 320 326 342 352 359 363 365 397 403 457 471
 483 489 501 508 509 511 520 523 637
23 126 138 150 158 174 321 323 327 345 356 378 390 394 396 456 462
 470 496 498 508 515 517 521 525 634
24 125 137 149 157 173 322 324 328 346 355 377 389 393 395 455 461
 469 495 497 507 515 518 522 526 633
23 128 146 148 160 162 315 329 333 335 358 376 386 392 400 460 468
 476 482 494 506 520 526 527 529 632
24 127 145 147 159 161 316 330 334 336 357 375 385 391 399 459 467
 475 481 493 505 519 525 528 529 631
409 424 428 429 434 439 442 443 448 451 455 458 462 463 466 467 471
 474 476 503 530 543 545 546 549 630
410 423 427 430 433 440 441 444 447 452 456 457 461 464 465 468 472
 473 475 504 531 542 544 547 548 630
406 407 411 414 416 417 420 422 425 453 459 470 478 479 484 487 494
 495 500 501 532 535 536 538 540 630
405 408 412 413 415 418 419 421 426 454 460 469 477 480 483 488 493
 496 499 502 533 534 537 539 541 630
431 432 435 436 437 438 445 446 449 450 481 482 485 486 489 490 491
 492 497 498 550 551 552 553 554 630
23 133 155 161 171 173 179 184 202 211 220 230 232 246 262 416 418
 432 434 452 602 607 611 621 623 646
24 134 156 162 172 174 180 183 201 212 219 229 231 245 261 415 417
 431 433 451 601 606 612 622 623 645
23 127 135 143 157 167 178 189 199 208 222 226 244 256 258 422 430
 436 448 454 600 606 609 615 619 648
24 128 136 144 158 168 177 190 200 207 221 225 243 255 257 421 429
 435 447 453 600 607 608 616 620 647
23 125 129 145 163 169 175 194 196 209 218 234 238 248 252 408 414
 424 438 444 608 612 614 618 624 642
24 126 130 146 164 170 176 193 195 210 217 233 237 247 251 407 413
 423 437 443 609 611 613 617 624 641
23 131 137 147 153 165 186 187 197 204 216 224 240 254 264 406 410
 426 442 446 603 605 613 620 622 644
24 132 138 148 154 166 185 188 198 203 215 223 239 253 263 405 409
 425 441 445 604 605 614 619 621 643
23 139 141 149 151 159 181 192 205 214 228 236 242 250 260 412 420
 428 440 450 601 604 610 616 617 650
24 140 142 150 152 160 182 191 206 213 227 235 241 249 259 411 419
 427 439 449 602 603 610 615 618 649
12 13 16 17 22 505 506 509 510 515 540 541 546 547 553 575 592
 593 596 597 610 611 612 619 620 629
14 15 18 19 22 507 508 512 513 529 538 539 548 549 550 585 586
 587 594 595 600 617 618 621 622 628
4 5 10 11 22 514 519 520 521 522 534 535 544 545 552 578 579
 581 582 599 601 602 605 608 609 627
2 3 8 9 22 511 517 518 527 528 536 537 542 543 551 576 577
 580 583 584 603 604 606 607 624 626
0 1 6 7 22 516 523 524 525 526 530 531 532 533 554 588 589
 590 591 598 613 614 615 616 623 625
21 199 204 209 214 223 229 233 241 257 355 369 375 387 397 462 468
 478 492 502 576 581 587 597 598 646
20 200 203 210 213 224 230 234 242 258 356 370 376 388 398 461 467
 477 491 501 577 582 586 596 598 645
21 184 194 197 205 215 219 251 255 259 361 365 377 381 399 466 482
 484 496 504 577 578 585 590 593 648
20 183 193 198 206 216 220 252 256 260 362 366 378 382 400 465 481
 483 495 503 576 579 585 591 592 647
21 179 187 196 208 231 237 243 249 253 357 367 371 389 403 458 464
 488 494 498 575 582 583 591 595 650
20 180 188 195 207 232 238 244 250 254 358 368 372 390 404 457 463
 487 493 497 575 581 584 590 594 649
21 175 178 192 211 225 235 239 245 247 363 379 383 391 395 470 472
 476 480 486 584 586 588 592 599 644
20 176 177 191 212 226 236 240 246 248 364 380 384 392 396 469 471
 475 479 485 583 587 589 593 599 643
21 181 186 189 202 217 221 227 261 263 359 373 385 393 401 456 460
 474 490 500 579 580 589 594 596 642
20 182 185 190 201 218 222 228 262 264 360 374 386 394 402 455 459
 473 489 499 578 580 588 595 597 641
5 7 12 18 20 83 99 103 119 123 142 148 156 158 164 359 371
 377 387 391 420 426 430 434 438 626
4 6 13 19 21 84 100 104 120 124 141 147 155 157 163 360 372
 378 388 392 419 425 429 433 437 626
2 6 15 17 20 79 87 97 113 121 126 136 160 166 172 357 361
 379 393 397 414 428 446 452 454 627
3 7 14 16 21 80 88 98 114 122 125 135 159 165 171 358 362
 380 394 398 413 427 445 451 453 627
8 11 13 14 20 75 95 105 111 115 134 138 146 152 168 369 381
 385 395 403 412 422 432 442 444 625
9 10 12 15 21 76 96 106 112 116 133 137 145 151 167 370 382
 386 396 404 411 421 431 441 443 625
0 3 10 19 20 77 85 89 107 117 130 144 150 154 162 365 373
 375 383 389 408 410 416 448 450 629
1 2 11 18 21 78 86 90 108 118 129 143 149 153 161 366 374
 376 384 390 407 409 415 447 449 629
1 4 9 16 20 81 91 93 101 109 128 132 140 170 174 355 363
 367 399 401 406 418 424 436 440 628
0 5 8 17 21 82 92 94 102 110 127 131 139 169 173 356 364
 368 400 402 405 417 423 435 439 628
73 74 123 124 173 174 213 214 263 264 313 314 353 354 403 404 453
 454 503 504 529 554 574 599 624 629
31 32 87 88 161 162 199 200 247 248 311 312 349 350 381 382 419
 420 457 458 515 554 557 580 605 628
38 67 97 122 130 153 175 182 230 243 270 305 328 333 385 404 425
 430 485 496 509 530 556 576 601 628
37 68 98 121 129 154 176 181 229 244 269 306 327 334 386 403 426
 429 486 495 510 531 555 577 602 628
39 58 99 120 131 170 178 185 229 260 289 296 324 329 381 396 414
 427 490 493 513 530 568 582 607 629
40 57 100 119 132 169 177 186 230 259 290 295 323 330 382 395 413
 428 489 494 512 531 567 581 606 629
49 64 80 113 143 150 180 197 260 263 273 276 325 348 370 395 434
 437 468 499 505 532 562 583 608 628
50 63 79 114 144 149 179 198 259 264 274 275 326 347 369 396 433
 438 467 500 506 533 563 584 609 628
48 61 83 104 127 140 184 195 243 248 277 284 332 351 369 386 446
 451 461 480 508 532 569 579 604 629
47 62 84 103 128 139 183 196 244 247 278 283 331 352 370 385 445
 452 462 479 507 533 570 578 603 629
40 73 90 117 127 170 182 197 221 242 282 309 327 350 358 379 432
 441 471 478 507 534 563 591 612 626
39 74 89 118 128 169 181 198 222 241 281 310 328 349 357 380 431
 442 472 477 508 535 562 590 611 626
25 44 96 115 158 163 183 186 232 251 268 285 324 353 379 398 409
 450 475 488 527 535 569 597 615 628
26 43 95 116 157 164 184 185 231 252 267 286 323 354 380 397 410
 449 476 487 528 534 570 596 616 628
31 38 92 101 149 154 177 196 235 258 272 291 329 354 359 378 432
 443 473 502 505 536 569 590 622 627
32 37 91 102 150 153 178 195 236 257 271 292 330 353 360 377 431
 444 474 501 506 537 570 591 621 627
28 35 75 116 159 166 176 179 219 254 266 287 333 350 360 387 424
 435 456 483 522 536 562 586 615 629
27 36 76 115 160 165 175 180 220 253 265 288 334 349 359 388 423
 436 455 484 521 537 563 587 616 629
53 54 119 120 159 160 207 208 261 262 291 292 321 322 365 366 441
 442 479 480 514 553 573 598 624 628
49 50 103 104 153 154 211 212 221 222 265 266 339 340 397 398 439
 440 493 494 515 552 566 585 624 625
63 68 95 112 153 162 192 203 238 255 289 314 321 342 364 367 413
 452 455 492 505 538 560 579 615 626
64 67 96 111 154 161 191 204 237 256 290 313 322 341 363 368 414
 451 456 491 506 539 561 578 616 626
57 62 76 105 170 173 190 209 215 250 270 311 316 339 366 373 426
 433 476 491 508 540 572 583 615 627
58 61 75 106 169 174 189 210 216 249 269 312 315 340 365 374 425
 434 475 492 507 541 571 584 616 627
47 48 113 114 169 170 201 202 235 236 285 286 341 342 387 388 447
 448 495 496 529 551 573 575 605 625
71 72 97 98 157 158 205 206 245 246 309 310 315 316 367 368 443
 444 499 500 511 550 566 598 605 629
46 59 107 118 134 167 205 210 220 235 277 314 339 346 360 371 414
 445 460 471 525 542 559 581 620 628
45 60 108 117 133 168 206 209 219 236 278 313 340 345 359 372 413
 446 459 472 526 543 558 582 619 628
39 62 79 122 127 174 194 203 254 257 267 304 317 322 359 392 407
 450 458 499 512 542 565 592 602 625
40 61 80 121 128 173 193 204 253 258 268 303 318 321 360 391 408
 449 457 500 513 543 564 593 601 625
52 65 78 89 137 152 188 211 217 258 284 289 316 337 387 392 428
 453 465 498 523 537 571 578 612 628
51 66 77 90 138 151 187 212 218 257 283 290 315 338 388 391 427
 454 466 497 524 536 572 579 611 628
51 60 92 93 146 167 194 201 240 241 270 273 321 344 393 398 420
 429 464 481 523 534 561 584 621 629
52 59 91 94 145 168 193 202 239 242 269 274 322 343 394 397 419
 430 463 482 524 535 560 583 622 629
29 66 101 110 133 152 204 207 222 231 276 311 335 342 362 379 425
 438 469 474 525 544 565 577 617 629
30 65 102 109 134 151 203 208 221 232 275 312 336 341 361 380 426
 437 470 473 526 545 564 576 618 629
37 64 83 100 149 162 187 210 241 252 287 294 316 319 379 394 405
 436 479 504 509 545 558 594 607 625
38 63 84 99 150 161 188 209 242 251 288 293 315 320 380 393 406
 435 480 503 510 544 559 595 606 625
47 74 112 115 127 132 205 212 225 262 273 306 320 337 376 389 419
 438 456 487 513 546 558 576 613 627
48 73 111 116 128 131 206 211 226 261 274 305 319 338 375 390 420
 437 455 488 512 547 559 577 614 627
32 49 106 115 130 149 201 208 227 246 283 296 318 343 356 399 446
 453 476 483 510 548 565 581 614 626
31 50 105 116 129 150 202 207 228 245 284 295 317 344 355 400 445
 454 475 484 509 549 564 582 613 626
57 74 87 98 131 140 192 207 218 219 298 301 336 343 371 378 409
 416 468 485 507 537 561 596 609 625
58 73 88 97 132 139 191 208 217 220 297 302 335 344 372 377 410
 415 467 486 508 536 560 597 608 625
44 55 80 87 141 164 187 190 223 238 282 291 337 340 363 400 422
 431 467 496 518 548 559 589 602 629
43 56 79 88 142 163 188 189 224 237 281 292 338 339 364 399 421
 432 468 495 517 549 558 588 601 629
39 40 95 96 139 140 187 188 233 234 275 276 345 346 383 384 429
 430 483 484 529 553 566 580 623 627
45 46 81 82 137 138 191 192 251 252 305 306 317 318 357 358 433
 434 501 502 516 552 573 580 600 629
31 68 119 124 130 143 190 205 232 239 300 307 338 345 357 362 417
 424 461 490 506 534 571 587 603 625
32 67 120 123 129 144 189 206 231 240 299 308 337 346 358 361 418
 423 462 489 505 535 572 586 604 625
36 69 84 123 135 166 191 194 216 233 272 309 342 343 373 390 412
 431 461 494 519 546 564 588 607 628
35 70 83 124 136 165 192 193 215 234 271 310 341 344 374 389 411
 432 462 493 520 547 565 589 606 628
25 34 113 122 148 155 209 212 228 255 272 279 319 346 356 401 411
 442 457 486 528 539 571 591 609 629
26 33 114 121 147 156 210 211 227 256 271 280 320 345 355 402 412
 441 458 485 527 538 572 590 608 629
27 42 100 103 126 171 201 204 226 249 279 282 317 336 376 383 421
 444 490 503 522 540 560 590 604 628
28 41 99 104 125 172 202 203 225 250 280 281 318 335 375 384 422
 443 489 504 521 541 561 591 603 628
29 30 85 86 145 146 189 190 253 254 295 296 319 320 377 378 451
 452 477 478 516 551 566 599 610 628
37 38 75 76 143 144 193 194 223 224 277 278 335 336 401 402 427
 428 487 488 515 550 573 599 623 626
48 57 78 85 139 174 179 200 240 251 280 291 325 334 362 397 411
 444 460 497 513 545 556 588 619 626
47 58 77 86 140 173 180 199 239 252 279 292 326 333 361 398 412
 443 459 498 512 544 555 589 620 626
50 67 81 94 143 162 184 213 218 253 280 309 324 331 372 387 421
 442 470 481 510 542 567 589 617 627
49 68 82 93 144 161 183 214 217 254 279 310 323 332 371 388 422
 441 469 482 509 543 568 588 618 627
34 71 76 111 141 156 196 213 222 239 297 304 330 351 358 393 416
 447 483 492 517 545 568 593 613 628
33 72 75 112 142 155 195 214 221 240 298 303 329 352 357 394 415
 448 484 491 518 544 567 592 614 628
42 53 96 105 135 172 197 200 217 236 294 307 328 347 378 391 418
 439 487 492 520 542 555 595 614 629
41 54 95 106 136 171 198 199 218 235 293 308 327 348 377 392 417
 440 488 491 519 543 556 594 613 629
55 56 105 106 147 148 177 178 241 242 301 302 331 332 361 362 407
 408 455 456 511 552 574 575 623 628
61 62 107 108 131 132 175 176 231 232 271 272 347 348 393 394 421
 422 465 466 529 552 557 598 610 626
63 64 109 110 129 130 185 186 219 220 281 282 351 352 391 392 411
 412 463 464 515 551 574 598 600 627
69 70 111 112 125 126 181 182 257 258 299 300 325 326 371 372 405
 406 475 476 514 551 557 585 623 629
65 66 99 100 167 168 197 198 227 228 267 268 333 334 363 364 415
 416 461 462 516 550 557 575 624 627
59 60 121 122 151 152 195 196 225 226 287 288 323 324 373 374 417
 418 467 468 516 553 574 585 605 626
27 28 77 78 135 136 183 184 237 238 273 274 329 330 355 356 425
 426 471 472 514 550 574 580 610 625
46 51 103 124 145 152 180 181 223 256 285 298 347 350 356 367 407
 410 480 489 526 549 556 593 607 627
45 52 104 123 146 151 179 182 224 255 286 297 348 349 355 368 408
 409 479 490 525 548 555 592 606 627
25 26 93 94 141 142 179 180 215 216 283 284 327 328 375 376 413
 414 473 474 511 553 557 599 600 625
30 51 88 113 137 168 178 183 233 250 265 308 351 354 365 376 405
 424 485 500 525 547 567 595 602 626
29 52 87 114 138 167 177 184 234 249 266 307 352 353 366 375 406
 423 486 499 526 546 568 594 601 626
27 54 93 102 125 166 189 212 243 264 285 302 316 345 370 381 416
 449 463 502 520 531 559 592 617 626
28 53 94 101 126 165 190 211 244 263 286 301 315 346 369 382 415
 450 464 501 519 530 558 593 618 626
25 72 77 118 147 164 192 201 248 259 265 300 322 335 370 403 418
 435 465 478 517 530 564 594 619 627
26 71 78 117 148 163 191 202 247 260 266 299 321 336 369 404 417
 436 466 477 518 531 565 595 620 627
33 56 86 107 141 158 193 208 230 263 287 308 317 342 381 386 406
 439 472 497 528 533 561 587 612 627
34 55 85 108 142 157 194 207 229 264 288 307 318 341 382 385 405
 440 471 498 527 532 560 586 611 627
42 69 81 110 136 159 187 206 229 248 268 297 320 339 395 404 407
 448 473 482 521 533 571 596 621 626
41 70 82 109 135 160 188 205 230 247 267 298 319 340 396 403 408
 447 474 481 522 532 572 597 622 626
35 42 90 107 125 160 186 195 246 255 269 276 331 354 363 402 420
 433 477 498 519 549 568 576 619 625
36 41 89 108 126 159 185 196 245 256 270 275 332 353 364 401 419
 434 478 497 520 548 567 577 620 625
34 43 92 109 147 158 175 198 249 262 278 289 325 350 373 384 451
 454 482 501 518 547 555 581 617 625
33 44 91 110 148 157 176 197 250 261 277 290 326 349 374 383 452
 453 481 502 517 546 556 582 618 625
56 71 81 102 155 164 182 199 225 234 296 313 334 347 365 390 428
 445 464 469 527 540 562 579 622 625
55 72 82 101 156 163 181 200 226 233 295 314 333 348 366 389 427
 446 463 470 528 541 563 578 621 625
53 70 85 118 166 171 177 214 224 227 306 311 324 351 367 400 430
 437 459 466 521 539 570 584 612 625
54 69 86 117 165 172 178 213 223 228 305 312 323 352 368 399 429
 438 460 465 522 538 569 583 611 625
46 65 79 98 133 146 185 214 216 261 293 300 330 331 384 389 436
 439 457 496 524 540 569 586 608 626
45 66 80 97 134 145 186 213 215 262 294 299 329 332 383 390 435
 440 458 495 523 541 570 587 609 626
30 59 83 120 133 138 176 199 238 245 302 303 325 328 399 402 447
 450 494 503 523 539 563 596 603 627
29 60 84 119 134 137 175 200 237 246 301 304 326 327 400 401 448
 449 493 504 524 538 562 597 604 627
35 36 91 92 171 172 209 210 259 260 303 304 337 338 385 386 409
 410 469 470 514 554 566 575 600 626
43 44 89 90 155 156 203 204 243 244 293 294 343 344 395 396 423
 424 459 460 511 554 573 585 610 627
14 27 40 81 84 151 158 202 241 254 292 307 340 351 389 402 414
 415 465 476 505 554 556 577 609 643
15 28 39 82 83 152 157 201 242 253 291 308 339 352 390 401 413
 416 466 475 506 554 555 576 608 644
13 25 38 80 85 160 167 211 252 257 297 310 342 347 384 399 417
 426 456 463 507 554 567 582 604 641
12 26 37 79 86 159 168 212 251 258 298 309 341 348 383 400 418
 425 455 464 508 554 568 581 603 642
15 42 47 102 119 138 163 193 219 222 288 309 319 332 355 384 410
 453 460 491 505 530 557 584 602 650
14 41 48 101 120 137 164 194 220 221 287 310 320 331 356 383 409
 454 459 492 506 531 557 583 601 649
13 33 50 98 117 145 166 187 232 235 267 292 318 325 376 401 420
 423 469 492 508 530 574 578 606 647
12 34 49 97 118 146 165 188 231 236 268 291 317 326 375 402 419
 424 470 491 507 531 574 579 607 648
14 35 74 104 109 142 167 204 236 239 272 299 316 323 365 400 407
 452 488 497 510 530 563 580 608 645
15 36 73 103 110 141 168 203 235 240 271 300 315 324 366 399 408
 451 487 498 509 531 562 580 609 646
12 31 44 108 113 135 152 210 218 221 281 302 321 334 368 389 406
 433 482 483 512 530 570 599 604 646
13 32 43 107 114 136 151 209 217 222 282 301 322 333 367 390 405
 434 481 484 513 531 569 599 603 645
15 54 57 94 99 146 147 191 232 257 279 294 337 354 367 374 445
 448 472 483 515 532 563 577 601 642
14 53 58 93 100 145 148 192 231 258 280 293 338 353 368 373 446
 447 471 484 515 533 562 576 602 641
13 68 71 77 122 126 137 189 219 242 280 303 344 349 363 366 438
 439 473 488 529 532 570 581 607 643
12 67 72 78 121 125 138 190 220 241 279 304 343 350 364 365 437
 440 474 487 529 533 569 582 606 644
15 61 70 92 123 134 155 207 217 252 266 281 330 345 363 376 427
 450 455 478 510 533 556 583 605 648
14 62 69 91 124 133 156 208 218 251 265 282 329 346 364 375 428
 449 456 477 509 532 555 584 605 647
13 55 64 88 89 133 172 205 240 253 272 285 327 336 355 374 430
 435 476 501 512 533 568 579 624 649
12 56 63 87 90 134 171 206 239 254 271 286 328 335 356 373 429
 436 475 502 513 532 567 578 624 650
15 59 74 81 108 154 165 189 250 259 284 293 333 342 356 391 437
 444 458 479 518 534 568 597 623 647
14 60 73 82 107 153 166 190 249 260 283 294 334 341 355 392 438
 443 457 480 517 535 567 596 623 648
12 32 65 85 110 163 170 192 243 256 274 303 323 340 376 393 442
 445 499 504 519 536 555 587 623 649
13 31 66 86 109 164 169 191 244 255 273 304 324 339 375 394 441
 446 500 503 520 537 556 586 623 650
4 27 74 111 114 145 164 188 229 246 278 311 321 348 361 374 439
 450 460 461 509 536 567 591 600 644
5 28 73 112 113 146 163 187 230 245 277 312 322 347 362 373 440
 449 459 462 510 537 568 590 600 643
3 25 32 104 105 137 166 193 229 262 276 313 315 352 364 371 436
 447 467 470 512 534 556 590 610 642
2 26 31 103 106 138 165 194 230 261 275 314 316 351 363 372 435
 448 468 469 513 535 555 591 610 641
13 46 67 93 108 158 173 203 227 248 269 286 319 352 362 383 428
 431 468 493 514 536 563 595 613 648
12 45 68 94 107 157 174 204 228 247 270 285 320 351 361 384 427
 432 467 494 514 537 562 594 614 647
15 29 58 78 109 159 162 209 226 263 265 290 318 347 371 402 429
 432 461 496 511 535 570 592 613 649
14 30 57 77 110 160 161 210 225 264 266 289 317 348 372 401 430
 431 462 495 511 534 569 593 614 650
5 39 42 106 121 155 168 205 237 264 270 295 325 342 358 375 409
 436 465 480 515 536 570 589 618 645
4 40 41 105 122 156 167 206 238 263 269 296 326 341 357 376 410
 435 466 479 515 537 569 588 617 646
2 34 37 99 112 152 171 208 215 248 290 305 331 340 355 378 423
 450 463 500 529 534 562 588 620 645
3 33 38 100 111 151 172 207 216 247 289 306 332 339 356 377 424
 449 464 499 529 535 563 589 619 646
7 44 59 101 112 160 173 198 236 237 280 283 336 351 381 390 410
 429 478 499 509 552 571 586 606 642
6 43 60 102 111 159 174 197 235 238 279 284 335 352 382 389 409
 430 477 500 510 552 572 587 607 641
16 67 74 90 119 126 157 183 224 235 289 302 340 347 375 386 412
 435 457 484 516 545 565 583 621 642
17 68 73 89 120 125 158 184 223 236 290 301 339 348 376 385 411
 436 458 483 516 544 564 584 622 641
18 31 58 91 98 147 160 179 222 233 270 299 341 352 356 395 421
 450 487 504 516 543 559 579 612 643
19 32 57 92 97 148 159 180 221 234 269 300 342 351 355 396 422
 449 488 503 516 542 558 578 611 644
7 27 52 75 90 141 154 178 251 262 270 281 319 326 367 382 417
 446 462 469 529 542 564 596 608 649
6 28 51 76 89 142 153 177 252 261 269 282 320 325 368 381 418
 445 461 470 529 543 565 597 609 650
7 35 66 105 118 157 162 196 216 221 274 279 345 348 399 404 423
 428 480 501 513 551 561 597 602 643
6 36 65 106 117 158 161 195 215 222 273 280 346 347 400 403 424
 427 479 502 512 551 560 596 601 644
6 25 52 92 95 135 170 181 246 253 271 290 317 332 365 404 415
 438 459 468 515 545 559 586 603 647
7 26 51 91 96 136 169 182 245 254 272 289 318 331 366 403 416
 437 460 467 515 544 558 587 604 648
16 31 40 78 83 141 172 185 246 257 298 313 320 333 370 373 423
 442 488 495 525 552 560 584 618 648
17 32 39 77 84 142 171 186 245 258 297 314 319 334 369 374 424
 441 487 496 526 552 561 583 617 647
18 40 49 109 114 126 163 199 215 240 287 306 335 354 368 385 416
 431 455 480 524 542 571 582 610 647
19 39 50 110 113 125 164 200 216 239 288 305 336 353 367 386 415
 432 456 479 523 543 572 581 610 648
6 45 54 85 112 129 164 183 242 249 272 275 333 338 395 402 436
 453 474 493 508 542 561 593 605 646
7 46 53 86 111 130 163 184 241 250 271 276 334 337 396 401 435
 454 473 494 507 543 560 592 605 645
18 37 74 80 93 136 155 175 242 261 307 312 317 324 364 369 410
 443 483 494 525 551 572 578 619 649
19 38 73 79 94 135 156 176 241 262 308 311 318 323 363 370 409
 444 484 493 526 551 571 579 620 650
17 38 47 104 107 148 165 214 218 237 267 296 345 350 366 395 418
 431 475 500 523 545 560 577 600 649
16 37 48 103 108 147 166 213 217 238 268 295 346 349 365 396 417
 432 476 499 524 544 561 576 600 650
7 29 72 81 106 131 166 180 255 258 277 282 323 344 384 385 419
 450 472 495 506 545 572 595 624 646
6 30 71 82 105 132 165 179 256 257 278 281 324 343 383 386 420
 449 471 496 505 544 571 594 624 645
17 57 64 117 124 135 164 196 227 254 284 303 315 326 381 384 421
 440 455 486 525 535 573 576 621 645
16 58 63 118 123 136 163 195 228 253 283 304 316 325 382 383 422
 439 456 485 526 534 573 577 622 646
16 49 62 86 99 155 160 177 219 256 277 286 327 338 389 404 405
 444 467 492 523 535 564 580 617 644
17 50 61 85 100 156 159 178 220 255 278 285 328 337 390 403 406
 443 468 491 524 534 565 580 618 643
18 62 67 88 101 141 166 197 225 252 274 293 321 332 402 403 411
 448 475 490 526 537 566 581 611 645
19 61 68 87 102 142 165 198 226 251 273 294 322 331 401 404 412
 447 476 489 525 536 566 582 612 646
19 47 64 82 121 158 171 182 231 250 266 275 329 344 382 399 407
 442 461 492 524 537 559 599 619 642
18 48 63 81 122 157 172 181 232 249 265 276 330 343 381 400 408
 441 462 491 523 536 558 599 620 641
2 49 56 96 123 125 168 192 244 249 284 311 320 329 360 401 410
 417 481 496 512 545 563 598 611 643
3 50 55 95 124 126 167 191 243 250 283 312 319 330 359 402 409
 418 482 495 513 544 562 598 612 644
7 34 65 93 116 126 127 200 220 223 292 313 329 342 374 395 408
 433 466 485 510 535 566 594 603 650
6 33 66 94 115 125 128 199 219 224 291 314 330 341 373 396 407
 434 465 486 509 534 566 595 604 649
6 46 55 75 110 140 171 175 217 228 296 309 321 354 370 375 426
 447 458 497 506 535 558 585 606 643
7 45 56 76 109 139 172 176 218 227 295 310 322 353 369 376 425
 448 457 498 505 534 559 585 607 644
12 38 51 82 117 128 155 208 238 259 276 301 316 353 374 397 412
 451 490 495 521 542 557 586 613 643
13 37 52 81 118 127 156 207 237 260 275 302 315 354 373 398 411
 452 489 496 522 543 557 587 614 644
15 40 51 86 101 150 171 205 216 243 278 299 322 349 364 387 422
 433 486 493 527 545 574 596 614 641
14 39 52 85 102 149 172 206 215 244 277 300 321 350 363 388 421
 434 485 494 528 544 574 597 613 642
4 35 58 80 95 133 158 212 224 247 284 305 334 343 366 393 405
 448 478 489 506 542 574 590 618 650
5 36 57 79 96 134 157 211 223 248 283 306 333 344 365 394 406
 447 477 490 505 543 574 591 617 649
3 43 68 75 84 133 160 201 234 263 274 295 324 337 368 391 407
 440 485 502 508 545 557 591 620 648
2 44 67 76 83 134 159 202 233 264 273 296 323 338 367 392 408
 439 486 501 507 544 557 590 619 647
5 47 70 76 87 147 152 189 255 260 274 313 318 327 380 383 415
 424 494 497 509 542 569 598 621 641
4 48 69 75 88 148 151 190 256 259 273 314 317 328 379 384 416
 423 493 498 510 543 570 598 622 642
6 42 59 77 116 148 149 213 232 233 310 311 327 340 364 385 406
 451 464 489 513 537 573 592 608 648
7 41 60 78 115 147 150 214 231 234 309 312 328 339 363 386 405
 452 463 490 512 536 573 593 609 647
7 30 69 95 108 144 155 186 226 239 291 306 315 350 355 370 414
 439 481 504 508 537 565 575 601 641
6 29 70 96 107 143 156 185 225 240 292 305 316 349 356 369 413
 440 482 503 507 536 564 575 602 642
14 46 61 89 94 129 136 212 230 233 288 313 326 335 378 399 420
 441 490 499 518 545 570 575 615 644
15 45 62 90 93 130 135 211 229 234 287 314 325 336 377 400 419
 442 489 500 517 544 569 575 616 643
13 30 63 78 91 131 142 201 223 230 268 311 332 345 358 389 443
 454 479 486 519 542 562 585 616 642
12 29 64 77 92 132 141 202 224 229 267 312 331 346 357 390 444
 453 480 485 520 543 563 585 615 641
2 63 72 116 119 135 146 204 225 260 269 278 346 353 388 399 405
 416 458 473 508 552 556 589 612 649
3 64 71 115 120 136 145 203 226 259 270 277 345 354 387 400 406
 415 457 474 507 552 555 588 611 650
5 54 61 97 116 138 141 209 227 244 276 289 336 349 389 398 407
 418 471 504 506 551 567 588 622 647
4 53 62 98 115 137 142 210 228 243 275 290 335 350 390 397 408
 417 472 503 505 551 568 589 621 648
14 47 66 92 117 126 143 188 248 261 295 308 328 343 360 367 411
 426 467 504 527 552 568 592 616 646
15 48 65 91 118 125 144 187 247 262 296 307 327 344 359 368 412
 425 468 503 528 552 567 593 615 645
13 49 60 90 101 139 148 193 245 264 298 305 330 337 365 380 414
 421 458 461 521 551 555 594 615 646
12 50 59 89 102 140 147 194 246 263 297 306 329 338 366 379 413
 422 457 462 522 551 556 595 616 645
11 52 69 80 99 162 163 176 235 264 278 301 344 351 356 357 418
 441 474 497 512 540 566 576 616 648
10 51 70 79 100 161 164 175 236 263 277 302 343 352 355 358 417
 442 473 498 513 541 566 577 615 647
9 51 56 83 122 166 173 186 222 247 275 300 337 348 375 378 415
 444 471 482 510 538 573 582 616 649
8 52 55 84 121 165 174 185 221 248 276 299 338 347 376 377 416
 443 472 481 509 539 573 581 615 650
18 61 72 110 115 154 167 213 247 254 301 308 325 338 355 380 428
 433 459 496 520 553 560 591 607 642
19 62 71 109 116 153 168 214 248 253 302 307 326 337 356 379 427
 434 460 495 519 553 561 590 606 641
10 54 59 113 124 153 158 179 229 258 295 304 332 335 363 380 412
 423 466 481 507 540 558 580 614 649
11 53 60 114 123 154 157 180 230 257 296 303 331 336 364 379 411
 424 465 482 508 541 559 580 613 650
8 66 71 87 104 159 170 183 230 241 293 306 325 346 359 374 410
 421 463 498 506 538 564 599 614 648
9 65 72 88 103 160 169 184 229 242 294 305 326 345 360 373 409
 422 464 497 505 539 565 599 613 647
16 53 64 107 116 152 169 199 251 264 297 300 332 343 359 376 429
 452 470 493 518 550 572 591 601 643
17 54 63 108 115 151 170 200 252 263 298 299 331 344 360 375 430
 451 469 494 517 550 571 590 602 644
19 33 74 101 106 129 134 184 257 260 265 268 319 350 368 393 413
 430 467 498 520 540 573 588 603 643
18 34 73 102 105 130 133 183 258 259 266 267 320 349 367 394 414
 429 468 497 519 541 573 589 604 644
17 31 42 111 118 132 133 180 242 243 286 287 318 353 365 392 426
 427 462 481 518 538 566 588 609 642
16 32 41 112 117 131 134 179 241 244 285 288 317 354 366 391 425
 428 461 482 517 539 566 589 608 641
11 27 46 83 88 144 147 182 219 244 267 290 342 353 393 400 440
 443 470 477 513 553 571 583 614 646
10 28 45 84 87 143 148 181 220 243 268 289 341 354 394 399 439
 444 469 478 512 553 572 584 613 645
16 68 69 85 96 138 173 175 221 260 267 308 330 335 374 387 419
 446 464 479 511 549 559 590 609 645
17 67 70 86 95 137 174 176 222 259 268 307 329 336 373 388 420
 445 463 480 511 548 558 591 608 646
16 27 38 89 106 139 146 197 239 248 266 303 324 341 371 390 433
 454 474 489 528 538 558 598 602 647
17 28 37 90 105 140 145 198 240 247 265 304 323 342 372 389 434
 453 473 490 527 539 559 598 601 648
19 25 40 91 112 138 143 196 217 264 286 293 334 339 361 400 420
 451 472 485 522 541 565 598 607 649
18 26 39 92 111 137 144 195 218 263 285 294 333 340 362 399 419
 452 471 486 521 540 564 598 606 650
18 56 57 75 82 145 162 185 236 243 288 297 327 346 363 398 437
 454 465 500 514 546 565 590 603 646
19 55 58 76 81 146 161 186 235 244 287 298 328 345 364 397 438
 453 466 499 514 547 564 591 604 645
8 25 30 79 124 125 140 177 231 260 270 287 340 349 390 391 441
 448 460 501 510 550 560 578 613 646
9 26 29 80 123 126 139 178 232 259 269 288 339 350 389 392 442
 447 459 502 509 550 561 579 614 645
8 33 60 113 120 132 171 213 244 251 274 307 316 333 371 384 408
 431 473 478 515 549 565 579 616 644
9 34 59 114 119 131 172 214 243 252 273 308 315 334 372 383 407
 432 474 477 515 548 564 578 615 643
10 42 65 97 104 129 156 199 254 259 283 298 321 324 362 401 405
 432 472 501 529 546 559 583 616 641
11 41 66 98 103 130 155 200 253 260 284 297 322 323 361 402 406
 431 471 502 529 547 558 584 615 642
16 35 50 76 77 127 168 181 230 231 294 301 321 352 377 384 414
 437 502 503 527 548 571 588 605 649
17 36 49 75 78 128 167 182 229 232 293 302 322 351 378 383 413
 438 501 504 528 549 572 589 605 650
19 43 48 93 96 149 152 178 219 230 299 304 315 348 357 402 426
 445 457 478 521 546 560 589 624 647
18 44 47 94 95 150 151 177 220 229 300 303 316 347 358 401 425
 446 458 477 522 547 561 588 624 648
8 43 46 97 100 128 135 195 239 264 265 312 320 327 366 387 411
 450 466 469 505 548 561 582 623 642
9 44 45 98 99 127 136 196 240 263 266 311 319 328 365 388 412
 449 465 470 506 549 560 581 623 641
11 30 35 119 122 141 150 198 217 248 285 314 318 329 368 397 421
 436 459 464 507 546 572 577 623 644
10 29 36 120 121 142 149 197 218 247 286 313 317 330 367 398 422
 435 460 463 508 547 571 576 623 643
9 43 74 77 120 146 153 200 215 256 276 309 318 351 359 394 417
 428 475 486 522 533 559 575 618 646
8 44 73 78 119 145 154 199 216 255 275 310 317 352 360 393 418
 427 476 485 521 532 558 575 617 645
11 31 36 94 97 137 170 214 238 249 277 292 319 348 380 391 416
 429 456 489 527 533 565 585 619 645
10 32 35 93 98 138 169 213 237 250 278 291 320 347 379 392 415
 430 455 490 528 532 564 585 620 646
8 39 72 90 123 133 162 175 227 250 273 292 332 341 378 397 406
 445 467 488 522 531 571 593 600 641
9 40 71 89 124 134 161 176 228 249 274 291 331 342 377 398 405
 446 468 487 521 530 572 592 600 642
10 38 53 88 91 134 173 185 226 255 284 309 325 340 357 388 407
 438 462 483 527 531 561 594 610 644
11 37 54 87 92 133 174 186 225 256 283 310 326 339 358 387 408
 437 461 484 528 530 560 595 610 643
9 33 62 85 104 143 152 198 233 246 279 312 344 353 358 391 414
 435 455 496 514 531 558 596 622 650
8 34 61 86 103 144 151 197 234 245 280 311 343 354 357 392 413
 436 456 495 514 530 559 597 621 649
11 42 63 82 113 140 167 196 224 261 280 313 337 350 377 394 425
 450 476 493 511 531 564 587 611 647
10 41 64 81 114 139 168 195 223 262 279 314 338 349 378 393 426
 449 475 494 511 530 565 586 612 648
9 25 58 84 107 149 168 182 238 261 281 306 323 336 362 387 423
 454 458 491 520 532 566 593 621 644
8 26 57 83 108 150 167 181 237 262 282 305 324 335 361 388 424
 453 457 492 519 533 566 592 622 643
10 27 68 80 109 127 152 177 216 245 271 296 333 346 372 397 409
 420 491 504 517 533 573 595 611 642
11 28 67 79 110 128 151 178 215 246 272 295 334 345 371 398 410
 419 492 503 518 532 573 594 612 641
11 49 70 102 121 132 145 184 228 233 282 289 315 328 359 362 433
 448 479 488 517 554 561 586 620 649
10 50 69 101 122 131 146 183 227 234 281 290 316 327 360 361 434
 447 480 487 518 554 560 587 619 650
9 48 55 100 117 129 138 180 224 225 270 271 322 329 371 380 439
 452 483 500 519 554 571 597 617 648
8 47 56 99 118 130 137 179 223 226 269 272 321 330 372 379 440
 451 484 499 520 554 572 596 618 647
5 35 56 114 117 153 174 207 220 233 290 293 319 324 357 370 419
 422 473 476 523 550 555 593 604 642
4 36 55 113 118 154 173 208 219 234 289 294 320 323 358 369 420
 421 474 475 524 550 556 592 603 641
3 44 69 102 103 161 170 205 224 231 269 304 318 333 369 378 411
 454 455 472 523 553 567 594 608 643
2 43 70 101 104 162 169 206 223 232 270 303 317 334 370 377 412
 453 456 471 524 553 568 595 609 644
1 31 46 84 95 131 156 189 215 236 266 279 322 325 379 386 408
 453 464 467 521 550 567 576 611 649
0 32 45 83 96 132 155 190 216 235 265 280 321 326 380 385 407
 454 463 468 522 550 568 577 612 650
1 29 74 76 79 130 171 191 221 238 280 285 315 332 360 395 405
 420 462 465 528 553 555 582 622 648
0 30 73 75 80 129 172 192 222 237 279 286 316 331 359 396 406
 419 461 466 527 553 556 581 621 647
0 46 57 114 115 143 166 204 242 245 281 304 329 340 377 404 418
 429 479 498 528 547 557 579 618 641
1 45 58 113 116 144 165 203 241 246 282 303 330 339 378 403 417
 430 480 497 527 546 557 578 617 642
1 30 67 104 115 139 164 209 258 261 271 294 327 342 357 382 416
 427 482 499 522 549 574 584 620 643
0 29 68 103 116 140 163 210 257 262 272 293 328 341 358 381 415
 428 481 500 521 548 574 583 619 644
1 40 59 97 106 125 162 207 251 256 267 272 337 352 369 388 426
 439 459 490 517 547 562 599 621 650
0 39 60 98 105 126 161 208 252 255 268 271 338 351 370 387 425
 440 460 489 518 546 563 599 622 649
0 38 65 112 119 147 174 206 250 253 282 287 343 348 369 398 414
 447 469 486 520 549 570 580 611 648
1 37 66 111 120 148 173 205 249 254 281 288 344 347 370 397 413
 448 470 485 519 548 569 580 612 647
2 25 54 81 100 130 173 188 240 245 274 301 341 350 359 386 422
 427 477 492 525 546 570 585 608 650
3 26 53 82 99 129 174 187 239 246 273 302 342 349 360 385 421
 428 478 491 526 547 569 585 609 649
2 42 71 84 91 127 154 190 227 252 285 312 335 348 371 396 413
 442 484 497 523 547 574 586 601 646
3 41 72 83 92 128 153 189 228 251 286 311 336 347 372 395 414
 441 483 498 524 546 574 587 602 645
4 28 71 86 121 131 162 194 217 262 283 300 340 353 380 395 411
 430 491 502 525 549 563 575 604 647
5 27 72 85 122 132 161 193 218 261 284 299 339 354 379 396 412
 429 492 501 526 548 562 575 603 648
5 34 53 80 89 149 170 191 225 254 265 314 345 352 361 386 425
 444 481 488 524 549 557 596 606 646
4 33 54 79 90 150 169 192 226 253 266 313 346 351 362 385 426
 443 482 487 523 548 557 597 607 645
1 48 51 87 112 135 154 193 228 231 292 297 324 345 385 392 434
 435 477 504 511 540 563 581 618 644
0 47 52 88 111 136 153 194 227 232 291 298 323 346 386 391 433
 436 478 503 511 541 562 582 617 643
0 50 51 106 123 141 170 188 219 226 307 310 334 335 394 395 449
 452 458 501 514 539 569 576 620 642
1 49 52 105 124 142 169 187 220 225 308 309 333 336 393 396 450
 451 457 502 514 538 570 577 619 641
0 61 66 95 122 149 160 202 223 240 302 309 320 353 371 382 424
 437 472 493 517 540 555 578 600 645
1 62 65 96 121 150 159 201 224 239 301 310 319 354 372 381 423
 438 471 494 518 541 556 579 600 646
1 60 63 75 100 127 158 211 218 233 291 300 318 349 361 404 410
 445 474 495 520 539 568 583 610 645
0 59 64 76 99 128 157 212 217 234 292 299 317 350 362 403 409
 446 473 496 519 538 567 584 610 646
3 34 35 110 123 132 143 211 238 241 275 298 322 327 381 388 443
 446 460 475 516 540 570 595 601 647
2 33 36 109 124 131 144 212 237 242 276 297 321 328 382 387 444
 445 459 476 516 541 569 594 602 648
2 28 55 93 120 139 150 210 222 255 267 306 326 343 391 404 432
 451 465 488 526 540 567 587 605 642
3 27 56 94 119 140 149 209 221 256 268 305 325 344 392 403 431
 452 466 487 525 541 568 586 605 641
5 26 69 77 98 128 143 203 236 249 287 296 332 337 382 393 432
 433 463 484 525 539 556 597 624 644
4 25 70 78 97 127 144 204 235 250 288 295 331 338 381 394 431
 434 464 483 526 538 555 596 624 643
4 42 43 87 108 130 139 202 216 257 277 308 316 329 398 403 438
 441 455 470 516 539 562 593 606 649
5 41 44 88 107 129 140 201 215 258 278 307 315 330 397 404 437
 442 456 469 516 538 563 592 607 650
16 29 42 75 94 153 164 198 208 245 250 299 306 345 388 393 408
 411 468 471 512 554 569 578 607 631
17 30 41 76 93 154 163 197 207 246 249 300 305 346 387 394 407
 412 467 472 513 554 570 579 606 632
18 33 46 77 96 165 170 196 206 255 262 295 302 336 392 397 405
 422 461 474 510 554 562 584 601 634
19 34 45 78 95 166 169 195 205 256 261 296 301 335 391 398 406
 421 462 473 509 554 563 583 602 633
18 25 66 89 116 171 174 178 190 234 237 277 298 318 372 393 412
 439 479 482 505 531 563 576 605 638
19 26 65 90 115 172 173 177 189 233 238 278 297 317 371 394 411
 440 480 481 506 530 562 577 605 637
17 27 60 91 116 155 162 181 191 215 224 275 308 320 362 391 422
 447 498 499 507 530 569 581 624 636
16 28 59 92 115 156 161 182 192 216 223 276 307 319 361 392 421
 448 497 500 508 531 570 582 624 635
18 30 55 107 112 128 159 184 188 216 227 304 313 344 379 388 417
 444 489 502 515 530 555 583 609 640
19 29 56 108 111 127 160 183 187 215 228 303 314 343 380 387 418
 443 490 501 515 531 556 584 608 639
16 45 70 105 110 149 158 180 194 226 237 293 312 337 360 397 416
 441 477 486 529 530 567 579 603 639
17 46 69 106 109 150 157 179 193 225 238 294 311 338 359 398 415
 442 478 485 529 531 568 578 604 640
18 43 52 76 117 125 132 210 214 226 245 268 283 342 361 378 435
 442 464 493 506 532 556 580 602 636
19 44 51 75 118 126 131 209 213 225 246 267 284 341 362 377 436
 441 463 494 505 533 555 580 601 635
16 36 51 95 102 129 148 200 204 227 262 274 287 339 357 372 443
 450 465 496 507 532 568 599 606 637
17 35 52 96 101 130 147 199 203 228 261 273 288 340 358 371 444
 449 466 495 508 533 567 599 607 638
18 60 71 85 106 135 140 186 212 223 250 286 289 322 357 360 423
 432 470 503 509 533 557 577 608 632
19 59 72 86 105 136 139 185 211 224 249 285 290 321 358 359 424
 431 469 504 510 532 557 576 609 631
16 54 65 82 111 142 143 176 202 234 255 265 270 315 378 379 410
 431 458 459 513 533 574 581 604 633
17 53 66 81 112 141 144 175 201 233 256 266 269 316 377 380 409
 432 457 460 512 532 574 582 603 634
17 40 55 98 123 152 153 183 209 239 262 277 280 317 396 399 437
 448 464 477 520 536 557 594 616 633
16 39 56 97 124 151 154 184 210 240 261 278 279 318 395 400 438
 447 463 478 519 537 557 595 615 634
16 34 47 79 120 162 167 186 190 233 242 271 284 336 368 403 434
 449 469 472 521 536 556 585 614 640
17 33 48 80 119 161 168 185 189 234 241 272 283 335 367 404 433
 450 470 471 522 537 555 585 613 639
19 42 49 83 98 151 174 175 191 223 258 274 281 346 366 381 435
 452 459 474 527 534 567 575 613 640
18 41 50 84 97 152 173 176 192 224 257 273 282 345 365 382 436
 451 460 473 528 535 568 575 614 639
18 38 69 87 120 168 169 180 204 217 246 275 280 319 386 389 440
 445 466 501 517 534 574 592 615 631
19 37 70 88 119 167 170 179 203 218 245 276 279 320 385 390 439
 446 465 502 518 535 574 593 616 632
10 30 33 103 118 135 174 182 202 215 252 288 301 337 364 395 429
 446 457 488 506 536 568 598 617 631
11 29 34 104 117 136 173 181 201 216 251 287 302 338 363 396 430
 445 458 487 505 537 567 598 618 632
11 26 45 89 100 131 160 193 199 221 250 304 307 346 367 370 438
 451 475 496 510 536 574 588 621 636
10 25 46 90 99 132 159 194 200 222 249 303 308 345 368 369 437
 452 476 495 509 537 574 589 622 635
9 41 46 102 113 141 162 177 211 237 254 268 299 343 374 385 427
 438 484 503 508 534 555 598 619 633
8 42 45 101 114 142 161 178 212 238 253 267 300 344 373 386 428
 437 483 504 507 535 556 598 620 634
8 28 29 91 122 129 158 188 214 235 256 294 297 336 365 370 433
 446 455 494 513 534 557 589 611 638
9 27 30 92 121 130 157 187 213 236 255 293 298 335 366 369 434
 445 456 493 512 535 557 588 612 637
1 57 70 89 122 163 168 208 213 216 229 273 286 350 391 402 443
 452 469 484 506 552 559 594 604 634
0 58 69 90 121 164 167 207 214 215 230 274 285 349 392 401 444
 451 470 483 505 552 558 595 603 633
0 31 72 93 104 168 171 176 187 256 263 288 289 330 361 390 411
 438 476 477 507 542 573 597 601 640
1 32 71 94 103 167 172 175 188 255 264 287 290 329 362 389 412
 437 475 478 508 543 573 596 602 639
0 53 74 78 113 151 156 186 193 248 249 267 270 327 372 399 422
 445 455 502 506 544 566 586 607 639
1 54 73 77 114 152 155 185 194 247 250 268 269 328 371 400 421
 446 456 501 505 545 566 587 606 640
0 56 67 91 100 152 165 200 205 229 238 266 283 354 384 393 434
 441 459 488 508 551 564 592 609 632
1 55 68 92 99 151 166 199 206 230 237 265 284 353 383 394 433
 442 460 487 507 551 565 593 608 631
15 34 69 100 115 140 153 185 202 237 244 303 310 348 362 365 420
 435 467 502 526 542 572 599 612 634
14 33 70 99 116 139 154 186 201 238 243 304 309 347 361 366 419
 436 468 501 525 543 571 599 611 633
1 33 64 102 123 137 160 181 190 245 248 278 293 323 375 398 425
 432 466 483 513 542 560 575 609 635
0 34 63 101 124 138 159 182 189 246 247 277 294 324 376 397 426
 431 465 484 512 543 561 575 608 636
15 27 44 105 120 143 174 192 195 227 230 272 297 350 375 380 405
 438 464 495 524 543 566 578 620 632
14 28 43 106 119 144 173 191 196 228 229 271 298 349 376 379 406
 437 463 496 523 542 566 579 619 631
13 41 56 116 121 143 170 175 212 216 259 291 294 351 368 371 450
 453 462 477 526 544 560 580 621 631
12 42 55 115 122 144 169 176 211 215 260 292 293 352 367 372 449
 454 461 478 525 545 561 580 622 632
12 25 36 98 111 139 162 189 198 225 230 282 307 354 355 360 407
 446 466 493 523 544 573 583 618 634
13 26 35 97 112 140 161 190 197 226 229 281 308 353 356 359 408
 445 465 494 524 545 573 584 617 633
1 42 61 88 117 146 157 177 192 262 263 275 304 334 356 387 414
 431 463 488 509 544 572 585 603 638
0 41 62 87 118 145 158 178 191 261 264 276 303 333 355 388 413
 432 464 487 510 545 571 585 604 637
13 27 34 87 96 128 129 179 210 250 263 300 309 323 364 377 427
 448 459 480 523 552 565 576 622 639
12 28 33 88 95 127 130 180 209 249 264 299 310 324 363 378 428
 447 460 479 524 552 564 577 621 640
13 69 72 76 113 149 174 188 199 243 262 266 271 331 391 400 410
 413 471 490 516 535 561 577 618 635
12 70 71 75 114 150 173 187 200 244 261 265 272 332 392 399 409
 414 472 489 516 534 560 576 617 636
14 54 55 96 103 127 162 193 214 246 259 281 286 325 390 393 424
 425 473 486 516 537 572 582 620 637
15 53 56 95 104 128 161 194 213 245 260 282 285 326 389 394 423
 426 474 485 516 536 571 581 619 638
14 25 42 76 123 131 150 184 203 247 256 291 302 333 357 374 429
 440 469 500 524 551 558 581 612 639
15 26 41 75 124 132 149 183 204 248 255 292 301 334 358 373 430
 439 470 499 523 551 559 582 611 640
9 66 69 79 82 147 154 195 209 220 245 286 307 321 376 381 430
 453 488 489 507 545 562 589 610 639
8 65 70 80 81 148 153 196 210 219 246 285 308 322 375 382 429
 454 487 490 508 544 563 588 610 640
0 27 48 86 97 133 142 196 203 233 260 301 306 347 360 363 442
 453 475 482 515 534 572 594 606 635
1 28 47 85 98 134 141 195 204 234 259 302 305 348 359 364 441
 454 476 481 515 535 571 595 607 636
10 55 60 83 86 125 170 198 204 232 261 266 297 315 356 403 419
 428 484 485 505 542 570 588 600 639
11 56 59 84 85 126 169 197 203 231 262 265 298 316 355 404 420
 427 483 486 506 543 569 589 600 640
0 26 49 81 120 134 135 198 209 224 243 295 300 352 374 379 420
 443 456 497 529 537 560 593 602 638
1 25 50 82 119 133 136 197 210 223 244 296 299 351 373 380 419
 444 455 498 529 536 561 592 601 637
12 43 54 80 105 131 154 182 205 233 248 280 287 330 388 401 415
 452 498 503 526 535 565 584 600 638
13 44 53 79 106 132 153 181 206 234 247 279 288 329 387 402 416
 451 497 504 525 534 564 583 600 637
15 35 72 84 111 129 170 177 208 223 264 267 280 328 383 398 417
 434 457 482 525 537 558 579 610 636
14 36 71 83 112 130 169 178 207 224 263 268 279 327 384 397 418
 433 458 481 526 536 559 578 610 635
17 71 74 88 99 138 149 195 211 216 231 282 295 341 370 401 408
 429 459 482 514 542 556 587 615 637
16 72 73 87 100 137 150 196 212 215 232 281 296 342 369 402 407
 430 460 481 514 543 555 586 616 638
18 27 64 79 104 131 138 200 208 228 235 269 310 337 373 404 413
 424 478 481 527 544 570 593 623 633
19 28 63 80 103 132 137 199 207 227 236 270 309 338 374 403 414
 423 477 482 528 545 569 592 623 634
19 31 54 122 123 128 145 197 201 220 237 271 306 340 369 384 405
 428 470 497 511 544 568 596 615 636
18 32 53 121 124 127 146 198 202 219 238 272 305 339 370 383 406
 427 469 498 511 545 567 597 616 635
11 44 65 77 124 139 166 175 207 226 241 286 299 320 386 399 413
 434 491 500 515 542 568 591 622 638
10 43 66 78 123 140 165 176 208 225 242 285 300 319 385 400 414
 433 492 499 515 543 567 590 621 637
9 35 60 87 94 144 163 185 205 227 258 265 302 317 390 395 426
 451 479 492 529 544 556 591 611 635
8 36 59 88 93 143 164 186 206 228 257 266 301 318 389 396 425
 452 480 491 529 545 555 590 612 636
16 26 61 84 113 130 145 206 214 222 225 290 291 344 364 381 409
 426 498 501 522 542 563 594 623 632
17 25 62 83 114 129 146 205 213 221 226 289 292 343 363 382 410
 425 497 502 521 543 562 595 623 631
0 35 40 79 108 137 148 184 201 225 244 297 312 325 367 378 412
 427 474 491 509 535 559 587 624 631
1 36 39 80 107 138 147 183 202 226 243 298 311 326 368 377 411
 428 473 492 510 534 558 586 624 632
1 38 43 83 110 126 145 179 212 227 260 307 314 331 358 365 422
 429 472 491 512 537 564 597 605 633
0 37 44 84 109 125 146 180 211 228 259 308 313 332 357 366 421
 430 471 492 513 536 565 596 605 634
9 52 53 97 110 150 155 183 189 218 223 287 304 341 384 403 413
 420 461 476 513 552 563 590 620 631
8 51 54 98 109 149 156 184 190 217 224 288 303 342 383 404 414
 419 462 475 512 552 562 591 619 632
10 52 71 108 119 128 171 180 192 233 240 267 294 339 381 402 425
 454 456 467 510 551 569 591 618 633
11 51 72 107 120 127 172 179 191 234 239 268 293 340 382 401 426
 453 455 468 509 551 570 590 617 634
19 36 67 99 114 133 140 181 193 254 255 291 312 316 376 395 417
 454 464 471 517 552 570 597 614 638
18 35 68 100 113 134 139 182 194 253 256 292 311 315 375 396 418
 453 463 472 518 552 569 596 613 637
16 44 57 104 121 133 144 178 188 249 252 309 314 322 356 385 415
 420 466 473 520 551 562 587 613 636
17 43 58 103 122 134 143 177 187 250 251 310 313 321 355 386 416
 419 465 474 519 551 563 586 614 635
14 51 64 97 108 163 174 198 211 242 255 296 311 330 371 386 423
 448 487 502 522 553 564 589 603 636
15 52 63 98 107 164 173 197 212 241 256 295 312 329 372 385 424
 447 488 501 521 553 565 588 604 635
12 52 61 109 120 161 166 196 201 250 257 305 314 327 362 395 410
 439 477 484 527 550 558 589 609 637
13 51 62 110 119 162 165 195 202 249 258 306 313 328 361 396 409
 440 478 483 528 550 559 588 608 638
3 47 54 78 101 157 168 175 210 215 254 282 297 353 357 396 420
 439 468 489 510 539 564 579 623 635
2 48 53 77 102 158 167 176 209 216 253 281 298 354 358 395 419
 440 467 490 509 538 565 578 623 636
4 49 72 94 117 152 159 186 203 237 252 272 307 349 377 386 447
 454 462 485 513 540 559 584 623 637
5 50 71 93 118 151 160 185 204 238 251 271 308 350 378 385 448
 453 461 486 512 541 558 583 623 638
3 36 61 81 90 152 163 179 190 236 261 267 310 329 361 370 405
 430 486 503 515 538 561 581 613 631
2 35 62 82 89 151 164 180 189 235 262 268 309 330 362 369 406
 429 485 504 515 539 560 582 614 632
5 43 64 86 91 166 167 183 192 221 246 288 291 328 369 372 408
 427 458 489 529 540 571 577 613 634
4 44 63 85 92 165 168 184 191 222 245 287 292 327 370 371 407
 428 457 490 529 541 572 576 614 633
13 45 74 92 103 125 150 185 208 233 254 274 277 334 379 382 418
 447 466 491 511 538 571 589 601 632
12 46 73 91 104 126 149 186 207 234 253 273 278 333 380 381 417
 448 465 492 511 539 572 588 602 631
4 31 34 77 82 125 134 178 193 227 240 282 293 347 387 404 409
 452 494 499 508 553 558 577 616 631
5 32 33 78 81 126 133 177 194 228 239 281 294 348 388 403 410
 451 493 500 507 553 559 576 615 632
2 41 74 85 94 133 148 182 187 217 226 271 304 352 381 398 424
 433 480 495 505 550 564 581 616 634
3 42 73 86 93 134 147 181 188 218 225 272 303 351 382 397 423
 434 479 496 506 550 565 582 615 633
15 30 31 89 114 127 148 175 206 224 251 276 283 323 360 403 415
 440 463 492 514 540 561 589 607 633
14 29 32 90 113 128 147 176 205 223 252 275 284 324 359 404 416
 439 464 491 514 541 560 588 606 634
12 47 60 81 124 129 160 178 203 216 217 290 311 325 369 394 416
 435 471 488 528 548 566 590 601 633
13 48 59 82 123 130 159 177 204 215 218 289 312 326 370 393 415
 436 472 487 527 549 566 591 602 634
13 58 65 83 94 154 171 183 194 225 236 276 295 350 357 404 406
 449 455 460 517 548 572 598 609 636
12 57 66 84 93 153 172 184 193 226 235 275 296 349 358 403 405
 450 456 459 518 549 571 598 608 635
15 49 66 85 88 131 158 181 210 238 239 270 313 331 369 392 418
 449 473 484 522 546 573 591 606 631
14 50 65 86 87 132 157 182 209 237 240 269 314 332 370 391 417
 450 474 483 521 547 573 590 607 632
13 29 40 99 102 135 144 192 213 220 261 270 283 348 386 397 407
 424 475 498 518 539 558 590 605 640
12 30 39 100 101 136 143 191 214 219 262 269 284 347 385 398 408
 423 476 497 517 538 559 591 605 639
14 38 45 118 121 140 141 189 200 232 245 273 290 352 387 396 405
 410 455 482 519 540 565 591 624 640
15 37 46 117 122 139 142 190 199 231 246 274 289 351 388 395 406
 409 456 481 520 541 564 590 624 639
14 59 68 78 79 155 170 180 187 222 227 278 305 354 377 382 408
 435 470 475 520 546 561 598 604 638
15 60 67 77 80 156 169 179 188 221 228 277 306 353 378 381 407
 436 469 476 519 547 560 598 603 637
2 40 69 92 107 142 145 200 211 219 250 279 302 324 380 403 425
 436 462 499 506 548 573 579 613 638
3 39 70 91 108 141 146 199 212 220 249 280 301 323 379 404 426
 435 461 500 505 549 573 578 614 637
2 27 58 110 117 137 156 198 205 234 257 286 291 332 385 394 418
 437 457 494 510 549 561 599 615 640
3 28 57 109 118 138 155 197 206 233 258 285 292 331 386 393 417
 438 458 493 509 548 560 599 616 639
5 38 55 90 109 136 137 202 213 231 256 279 300 334 360 381 413
 450 468 479 508 546 566 584 614 636
4 37 56 89 110 135 138 201 214 232 255 280 299 333 359 382 414
 449 467 480 507 547 566 583 613 635
5 25 68 101 108 145 172 195 208 224 241 266 309 326 392 395 416
 445 496 503 513 547 572 580 616 640
4 26 67 102 107 146 171 196 207 223 242 265 310 325 391 396 415
 446 495 504 512 546 571 580 615 639
5 51 74 84 105 144 159 199 210 232 253 286 305 329 363 384 411
 446 474 499 517 531 560 585 612 633
4 52 73 83 106 143 160 200 209 231 254 285 306 330 364 383 412
 445 473 500 518 530 561 585 611 634
3 31 52 79 112 139 158 204 213 219 252 265 296 328 374 401 422
 437 471 480 519 531 572 575 621 632
2 32 51 80 111 140 157 203 214 220 251 266 295 327 373 402 421
 438 472 479 520 530 571 575 622 631
5 45 48 115 124 162 171 188 197 222 257 269 302 323 366 401 414
 443 464 485 518 533 564 586 610 631
4 46 47 116 123 161 172 187 198 221 258 270 301 324 365 402 413
 444 463 486 517 532 565 587 610 632
3 30 49 87 116 156 173 194 195 235 242 290 299 334 367 384 425
 442 465 490 520 533 558 597 600 634
2 29 50 88 115 155 174 193 196 236 241 289 300 333 368 383 426
 441 466 489 519 532 559 596 600 633
4 30 61 96 99 126 153 180 205 218 241 274 297 352 373 400 432
 453 458 469 528 531 573 586 619 636
5 29 62 95 100 125 154 179 206 217 242 273 298 351 374 399 431
 454 457 470 527 530 573 587 620 635
2 45 64 75 122 147 170 184 207 239 258 283 308 347 364 389 420
 431 460 503 521 531 566 597 618 637
3 46 63 76 121 148 169 183 208 240 257 284 307 348 363 390 419
 432 459 504 522 530 566 596 617 638
4 39 66 76 119 129 166 182 211 236 251 303 312 354 356 389 422
 451 468 481 511 533 560 594 620 640
5 40 65 75 120 130 165 181 212 235 252 304 311 353 355 390 421
 452 467 482 511 532 561 595 619 639
2 38 59 95 98 132 163 178 201 221 254 294 313 349 375 400 411
 434 461 498 514 533 572 593 617 639
3 37 60 96 97 131 164 177 202 222 253 293 314 350 376 399 412
 433 462 497 514 532 571 592 618 640
2 65 68 105 114 128 141 186 191 218 231 277 288 325 356 365 430
 443 478 493 522 554 558 592 621 635
3 66 67 106 113 127 142 185 192 217 232 278 287 326 355 366 429
 444 477 494 521 554 559 593 622 636
4 57 60 103 112 136 149 176 189 220 239 267 276 332 368 375 427
 442 496 501 527 554 564 595 612 638
5 58 59 104 111 135 150 175 190 219 240 268 275 331 367 376 428
 441 495 502 528 554 565 594 611 637
11 47 68 91 106 159 164 211 213 240 243 276 281 317 373 378 405
 414 457 466 526 550 563 597 606 639
10 48 67 92 105 160 163 212 214 239 244 275 282 318 374 377 406
 413 458 465 525 550 562 596 607 640
8 49 58 89 112 157 166 200 202 218 259 271 278 319 358 363 407
 426 464 503 525 553 569 587 601 639
9 50 57 90 111 158 165 199 201 217 260 272 277 320 357 364 408
 425 463 504 526 553 570 586 602 640
7 55 74 97 102 143 168 179 201 247 252 290 303 346 373 392 406
 441 492 493 521 549 569 577 610 638
6 56 73 98 101 144 167 180 202 248 251 289 304 345 374 391 405
 442 491 494 522 548 570 576 610 637
8 63 74 96 117 141 160 176 194 243 258 279 296 339 355 362 415
 434 470 489 524 547 570 594 605 631
9 64 73 95 118 142 159 175 193 244 257 280 295 340 356 361 416
 433 469 490 523 546 569 595 605 632
6 32 69 118 119 139 152 184 212 254 263 270 293 336 363 394 408
 443 492 495 527 547 563 582 600 636
7 31 70 117 120 140 151 183 211 253 264 269 294 335 364 393 407
 444 491 496 528 546 562 581 600 635
11 32 61 76 101 135 158 185 187 242 259 279 306 341 372 375 417
 452 460 485 523 549 562 592 624 633
10 31 62 75 102 136 157 186 188 241 260 280 305 342 371 376 418
 451 459 486 524 548 563 593 624 634
7 33 40 82 87 146 149 175 203 222 229 284 285 338 365 372 411
 418 456 503 519 550 570 583 620 636
6 34 39 81 88 145 150 176 204 221 230 283 286 337 366 371 412
 417 455 504 520 550 569 584 619 635
6 38 41 86 123 127 138 186 210 229 236 265 274 344 362 367 416
 421 457 476 518 553 562 578 618 638
7 37 42 85 124 128 137 185 209 230 235 266 273 343 361 368 415
 422 458 475 517 553 563 579 617 637
7 28 49 100 107 133 170 189 213 248 257 275 288 321 357 400 409
 412 486 487 511 547 556 578 622 633
6 27 50 99 108 134 169 190 214 247 258 276 287 322 358 399 410
 411 485 488 511 546 555 579 621 634
6 26 47 109 122 133 154 192 200 241 264 268 277 315 377 390 422
 423 483 490 514 549 567 583 612 631
7 25 48 110 121 134 153 191 199 242 263 267 278 316 378 389 421
 424 484 489 514 548 568 584 611 632
9 38 61 78 105 164 171 181 203 219 264 283 292 346 368 379 419
 448 481 494 516 547 568 587 608 634
8 37 62 77 106 163 172 182 204 220 263 284 291 345 367 380 420
 447 482 493 516 546 567 586 609 633
10 40 63 94 111 155 166 178 210 231 248 273 310 336 359 366 440
 453 496 497 516 549 555 597 603 632
11 39 64 93 112 156 165 177 209 232 247 274 309 335 360 365 439
 454 495 498 516 548 556 596 604 631
6 53 68 83 90 131 168 188 196 220 259 299 312 318 355 398 431
 448 456 499 528 540 556 599 617 632
7 54 67 84 89 132 167 187 195 219 260 300 311 317 356 397 432
 447 455 500 527 541 555 599 618 631
7 58 71 79 92 129 152 193 197 232 243 301 314 320 375 388 431
 440 476 479 522 539 567 580 619 634
6 57 72 80 91 130 151 194 198 231 244 302 313 319 376 387 432
 439 475 480 521 538 568 580 620 633
8 40 67 85 116 136 147 180 208 236 247 281 314 315 394 401 409
 438 461 502 523 540 568 585 602 635
9 39 68 86 115 135 148 179 207 235 248 282 313 316 393 402 410
 437 462 501 524 541 567 585 601 636
10 49 74 95 110 147 172 190 196 230 251 269 292 344 387 390 427
 436 471 500 526 539 557 592 604 636
11 50 73 96 109 148 171 189 195 229 252 270 291 343 388 389 428
 435 472 499 525 538 557 593 603 635
11 38 57 81 116 125 142 183 205 222 263 271 312 321 383 392 423
 446 467 478 524 539 555 575 607 637
10 37 58 82 115 126 141 184 206 221 264 272 311 322 384 391 424
 445 468 477 523 538 556 575 606 638
6 44 61 93 114 137 162 182 208 239 260 295 298 339 359 384 435
 444 462 487 519 539 574 577 611 639
7 43 62 94 113 138 161 181 207 240 259 296 297 340 360 383 436
 443 461 488 520 538 574 576 612 640
9 32 47 75 108 125 156 191 197 230 253 289 310 338 397 400 429
 450 473 480 525 540 574 594 609 638
8 31 48 76 107 126 155 192 198 229 254 290 309 337 398 399 430
 449 474 479 526 541 574 595 608 637
7 36 63 77 104 145 174 177 205 217 244 305 308 341 379 402 442
 449 468 483 518 540 557 582 621 639
6 35 64 78 103 146 173 178 206 218 243 306 307 342 380 401 441
 450 467 484 517 541 557 581 622 640
20 25 29 37 41 73 151 157 161 165 169 219 227 233 239 243 321
 325 329 337 533 540 542 549 552 636
21 26 30 38 42 74 152 158 162 166 170 220 228 234 240 244 322
 326 330 338 532 541 543 548 552 635
20 27 31 33 39 45 153 159 163 167 173 217 223 225 231 259 315
 327 331 343 532 539 545 547 551 638
21 28 32 34 40 46 154 160 164 168 174 218 224 226 232 260 316
 328 332 344 533 538 544 546 551 637
20 43 49 57 59 69 127 129 137 141 171 241 247 253 255 261 341
 345 347 353 530 536 541 544 550 632
21 44 50 58 60 70 128 130 138 142 172 242 248 254 256 262 342
 346 348 354 531 537 540 545 550 631
20 35 47 55 65 67 131 135 145 149 155 245 249 251 257 263 335
 339 349 351 531 534 538 543 553 634
21 36 48 56 66 68 132 136 146 150 156 246 250 252 258 264 336
 340 350 352 530 535 539 542 553 633
20 51 53 61 63 71 125 133 139 143 147 215 221 229 235 237 317
 319 323 333 535 537 546 548 554 640
21 52 54 62 64 72 126 134 140 144 148 216 222 230 236 238 318
 320 324 334 534 536 547 549 554 639
23 76 80 86 94 124 195 200 201 206 267 275 281 289 293 355 365
 371 379 385 531 536 539 546 552 643
24 75 79 85 93 123 196 199 202 205 268 276 282 290 294 356 366
 372 380 386 530 537 538 547 552 644
23 78 82 84 88 96 198 207 212 213 269 271 277 287 303 359 361
 367 375 395 530 534 540 548 551 641
24 77 81 83 87 95 197 208 211 214 270 272 278 288 304 360 362
 368 376 396 531 535 541 549 551 642
23 90 102 104 112 122 180 185 191 210 291 295 301 307 311 383 387
 393 399 403 533 535 543 547 550 647
24 89 101 103 111 121 179 186 192 209 292 296 302 308 312 384 388
 394 400 404 532 534 542 546 550 648
23 92 100 106 114 118 176 183 190 203 297 299 305 309 313 381 389
 391 397 401 532 537 544 549 553 649
24 91 99 105 113 117 175 184 189 204 298 300 306 310 314 382 390
 392 398 402 533 536 545 548 553 650
23 98 108 110 116 120 177 182 188 193 265 273 279 283 285 357 363
 369 373 377 538 541 542 545 554 645
24 97 107 109 115 119 178 181 187 194 266 274 280 284 286 358 364
 370 374 378 539 540 543 544 554 646
20 21 22 23 24 555 556 557 558 559 560 561 562 563 564 565 566
 567 568 569 570 571 572 573 574 630
