625 626 627 628 629 630 631 632 633 634 635 636 637 638 639 640 641
 642 643 644 645 646 647 648 649 650
95 96 99 101 102 107 108 111 116 117 253 259 260 263 264 270 271
 275 278 279 281 285 488 493 581 625
80 81 82 83 84 85 86 87 88 89 240 241 242 243 244 245 246
 247 248 249 280 283 490 492 582 625
90 91 92 93 94 105 106 112 113 114 250 251 254 255 256 265 266
 267 268 269 282 284 489 491 580 625
97 98 100 103 104 109 110 115 118 119 252 257 258 261 262 272 273
 274 276 277 286 287 494 495 583 625
285 287 299 302 305 306 307 319 324 325 326 327 338 340 341 346 347
 358 361 362 363 367 491 492 499 626
283 284 298 300 301 303 304 318 320 321 322 323 339 342 343 344 345
 359 360 364 365 366 493 495 498 626
281 286 288 292 293 294 295 308 310 311 315 316 329 334 335 336 337
 348 349 352 353 354 489 490 497 626
280 282 289 290 291 296 297 309 312 313 314 317 328 330 331 332 333
 350 351 355 356 357 488 494 496 626
4 6 13 15 16 17 28 33 42 43 50 59 64 65 70 71 351
 352 360 367 502 507 531 537 543 625
3 5 12 14 25 29 31 32 44 45 49 51 66 67 69 72 350
 354 359 362 501 506 530 536 542 625
1 7 9 10 20 24 34 39 40 47 53 57 61 63 75 78 349
 357 358 365 500 509 534 535 540 625
0 2 8 11 19 21 36 38 41 46 54 56 60 62 73 79 348
 356 361 366 503 505 532 533 541 625
18 22 23 26 27 30 35 37 48 52 55 58 68 74 76 77 353
 355 363 364 504 508 538 539 544 625
17 18 41 51 95 98 136 144 218 223 248 269 294 345 358 378 398
 470 486 496 558 563 568 572 578 642
30 32 47 59 102 104 141 145 215 224 246 266 293 343 361 379 401
 471 484 496 555 562 567 570 577 637
14 36 65 77 89 113 149 158 227 238 257 260 300 341 357 393 397
 474 477 497 555 561 568 574 579 630
12 15 75 79 87 114 148 157 228 237 258 259 298 338 355 392 394
 472 473 497 560 564 569 577 578 631
13 39 67 76 85 105 146 155 225 236 261 263 304 347 356 388 396
 464 475 497 557 563 567 575 576 632
4 5 53 54 80 91 122 151 202 230 275 277 289 329 364 370 372
 454 456 499 555 563 569 571 573 635
37 38 66 78 86 106 150 156 229 235 262 264 303 346 351 385 389
 463 465 497 559 562 566 572 573 633
10 31 46 58 101 103 139 140 216 219 245 265 295 342 367 382 400
 476 483 496 557 564 566 571 574 638
1 2 49 50 96 97 137 138 217 220 249 268 288 339 363 377 399
 469 485 496 556 559 569 575 579 643
3 19 42 52 81 90 123 152 201 231 276 279 296 336 365 371 380
 455 461 499 559 564 568 570 576 634
8 9 69 71 108 110 133 135 210 212 244 255 299 328 353 386 406
 452 481 498 557 561 569 570 572 646
34 35 64 73 88 112 147 159 226 239 252 253 301 340 350 390 391
 467 468 497 556 558 565 570 571 627
0 16 40 48 99 100 130 132 213 214 247 267 292 344 362 376 402
 466 487 496 560 561 565 573 576 639
6 20 44 55 82 93 124 153 203 232 270 272 291 335 366 375 381
 459 462 499 556 560 567 572 574 628
26 28 60 72 107 109 134 143 211 222 243 256 302 330 349 387 405
 453 480 498 560 562 568 571 575 645
21 23 45 57 84 94 125 154 204 233 271 273 290 334 360 373 374
 457 458 499 558 561 566 575 577 629
25 27 61 70 117 119 127 142 207 221 241 251 305 333 348 383 404
 451 479 498 558 564 567 573 579 640
11 33 63 74 111 115 129 131 205 206 242 254 307 331 354 384 407
 448 482 498 559 563 565 574 577 644
7 29 62 68 116 118 126 128 208 209 240 250 306 332 352 395 403
 460 478 498 555 556 566 576 578 641
22 24 43 56 83 92 120 121 200 234 274 278 297 337 359 368 369
 449 450 499 557 562 565 578 579 636
9 11 27 28 29 172 178 182 183 187 214 218 219 220 224 284 285
 368 371 372 373 381 494 497 582 647
2 10 16 18 32 161 162 163 166 185 205 207 208 210 222 280 286
 385 388 390 392 397 493 499 580 647
0 1 17 30 31 160 164 165 167 184 206 209 211 212 221 281 282
 389 391 393 394 396 495 499 582 648
5 6 19 23 24 169 176 179 180 186 225 226 227 228 229 282 287
 376 377 378 379 382 490 498 581 647
7 8 25 26 33 170 171 177 181 189 213 215 216 217 223 283 287
 369 370 374 375 380 488 497 580 648
14 15 35 38 39 192 193 194 195 198 230 231 232 233 234 281 283
 403 404 405 406 407 491 496 583 647
12 13 34 36 37 168 173 174 175 188 200 201 202 203 204 284 286
 383 384 386 387 395 492 496 581 648
3 4 20 21 22 190 191 196 197 199 235 236 237 238 239 280 285
 398 399 400 401 402 489 498 583 648
203 209 210 217 219 225 234 239 294 296 300 302 451 456 458 465 471
 472 482 487 553 554 610 623 624 625
200 207 211 215 218 226 233 235 288 289 298 299 448 455 459 464 466
 474 478 483 547 548 614 618 621 625
202 206 214 222 223 228 232 236 290 295 303 306 450 452 461 468 469
 477 479 484 550 552 613 619 620 625
201 208 216 221 224 227 230 237 292 297 301 307 453 457 462 463 470
 475 481 485 545 546 611 615 617 625
204 205 212 213 220 229 231 238 291 293 304 305 449 454 460 467 473
 476 480 486 549 551 612 616 622 625
280 281 284 287 505 506 507 508 509 570 573 574 575 578 584 588 589
 591 592 594 616 617 618 619 623 650
282 283 285 286 500 501 502 503 504 571 572 576 577 579 584 585 586
 587 590 593 615 620 621 622 624 649
490 491 493 494 531 533 534 536 538 545 548 550 551 554 556 561 562
 563 564 584 596 601 602 603 604 648
488 489 492 495 530 532 535 537 539 546 547 549 552 553 555 557 558
 559 560 584 595 597 598 599 600 647
2 30 40 51 85 114 181 187 200 231 253 257 290 315 367 432 446
 456 462 498 587 589 600 602 609 633
6 21 52 53 102 103 175 192 212 222 249 269 307 317 359 430 436
 451 478 497 589 590 597 603 607 639
9 26 62 70 80 90 167 185 225 235 270 273 301 327 354 409 439
 473 477 496 586 588 595 602 607 636
13 38 75 77 117 118 169 190 220 223 244 256 292 321 350 419 422
 471 483 499 592 593 600 601 607 644
14 34 76 79 109 111 176 196 217 224 241 255 295 322 351 417 421
 466 486 499 588 590 598 604 609 641
8 27 63 72 82 91 166 184 226 238 276 278 303 325 352 408 441
 472 475 496 591 593 599 603 609 629
0 32 50 58 88 105 171 178 204 230 258 264 296 310 358 435 445
 450 459 498 586 592 598 603 608 630
3 24 54 55 98 99 168 194 210 221 246 268 306 312 360 427 437
 448 480 497 585 592 595 596 609 638
1 18 46 59 87 113 183 189 203 233 262 263 297 311 362 425 444
 454 461 498 585 594 599 604 607 627
19 20 43 45 95 104 174 193 205 209 245 267 299 309 364 423 431
 453 479 497 586 591 600 604 606 643
11 25 68 71 83 93 160 163 229 237 271 277 300 324 349 420 440
 464 468 496 590 594 596 600 608 634
15 37 67 73 110 116 186 197 214 215 242 251 294 320 357 413 416
 476 485 499 585 591 597 602 608 645
4 23 44 56 97 101 188 195 206 207 247 266 302 313 365 424 428
 460 481 497 587 588 599 601 608 642
29 33 60 61 84 92 161 164 227 236 272 279 298 319 353 411 438
 465 467 496 585 589 598 601 606 635
16 31 41 47 86 112 172 177 201 232 260 261 289 308 363 434 443
 449 458 498 588 593 596 597 606 631
36 39 64 66 107 119 180 191 213 219 240 254 288 318 355 414 415
 470 484 499 587 594 595 603 606 646
10 17 48 49 89 106 170 182 202 234 252 259 291 316 361 433 447
 455 457 498 590 591 595 601 605 632
5 22 42 57 96 100 173 198 208 211 248 265 305 314 366 426 429
 452 482 497 593 594 598 602 605 637
12 35 65 78 108 115 179 199 216 218 243 250 293 323 356 412 418
 469 487 499 586 589 596 599 605 640
7 28 69 74 81 94 162 165 228 239 274 275 304 326 348 410 442
 463 474 496 587 592 597 604 605 628
42 45 53 55 56 130 136 137 139 145 286 414 416 418 419 421 465
 468 473 474 475 488 491 498 582 650
40 41 49 58 59 146 147 148 149 150 283 408 409 410 411 420 448
 451 452 453 460 489 494 499 581 650
43 44 52 54 57 132 138 140 141 144 281 412 413 415 417 422 463
 464 467 472 477 492 494 498 580 649
60 63 68 69 70 121 122 123 124 125 280 425 432 433 434 435 466
 469 470 471 476 491 495 497 581 649
65 66 73 75 76 128 131 134 135 142 287 424 429 430 431 437 450
 454 455 458 462 489 493 496 582 649
46 47 48 50 51 155 156 157 158 159 284 438 439 440 441 442 478
 479 480 481 482 488 490 499 583 649
64 67 77 78 79 126 127 129 133 143 285 423 426 427 428 436 449
 456 457 459 461 490 495 496 580 650
61 62 71 72 74 120 151 152 153 154 282 443 444 445 446 447 483
 484 485 486 487 492 493 497 583 650
540 541 542 543 544 565 566 567 568 569 580 581 582 583 584 605 606
 607 608 609 610 611 612 613 614 626
496 497 498 499 510 511 512 513 514 515 516 517 518 519 520 521 522
 523 524 525 526 527 528 529 584 625
96 98 127 128 171 172 228 238 245 266 301 311 331 386 405 433 446
 464 465 499 504 509 533 537 542 639
97 102 129 134 177 182 225 237 248 267 303 315 332 383 406 425 445
 467 474 499 503 508 535 536 543 638
99 104 126 135 170 183 226 236 249 265 300 310 330 384 404 432 443
 463 473 499 501 505 531 539 540 642
95 103 131 133 178 181 227 235 247 268 304 316 333 387 403 434 444
 468 472 499 500 507 530 538 541 637
80 94 147 155 168 193 216 220 272 278 294 313 341 385 394 426 430
 466 484 498 504 507 532 536 540 634
83 91 149 156 174 192 214 217 273 279 293 314 347 391 392 424 427
 470 483 498 501 508 534 537 541 628
84 93 148 158 173 194 215 219 275 276 292 317 340 388 389 428 431
 469 486 498 502 505 535 538 542 636
81 92 146 157 175 195 213 218 270 277 295 312 346 390 393 423 429
 471 485 498 500 506 533 539 543 629
86 105 122 152 179 196 207 209 257 259 307 321 337 373 375 413 414
 452 480 496 503 507 534 539 542 627
89 112 124 151 169 197 205 211 258 263 306 322 334 369 371 415 418
 451 481 496 501 509 532 538 543 633
100 101 142 143 187 189 229 239 246 269 298 308 328 395 407 435 447
 475 477 499 502 506 532 534 544 643
111 119 137 140 162 167 200 232 244 250 296 324 345 376 401 408 438
 454 457 497 503 506 537 538 540 645
87 106 121 153 176 191 208 212 253 261 302 320 336 372 374 412 419
 448 479 496 502 508 530 533 540 630
107 118 130 138 160 166 201 233 242 255 291 326 343 378 400 411 439
 450 456 497 502 509 536 539 541 640
88 114 123 154 180 190 206 210 260 262 305 323 335 368 370 416 417
 453 478 496 504 506 531 535 541 632
82 90 150 159 188 198 223 224 271 274 288 309 338 396 397 436 437
 476 487 498 503 509 530 531 544 635
108 109 139 141 163 164 202 231 240 251 297 327 344 377 398 410 441
 458 459 497 500 508 531 532 542 644
110 117 132 136 161 165 203 230 243 254 290 325 342 379 399 409 440
 449 455 497 504 505 530 534 543 641
115 116 144 145 184 185 204 234 241 256 289 319 339 382 402 420 442
 461 462 497 501 507 533 535 544 646
85 113 120 125 186 199 221 222 252 264 299 318 329 380 381 421 422
 460 482 496 500 505 536 537 544 631
2 6 29 35 248 256 260 276 374 384 394 401 410 421 423 444 450
 464 476 481 519 534 573 595 624 626
24 28 32 38 249 255 259 277 380 395 396 402 409 416 426 446 458
 467 470 479 513 538 574 599 621 626
0 12 20 26 240 262 265 271 371 379 390 406 413 430 434 442 448
 456 475 486 511 537 579 601 619 626
17 21 25 34 244 258 268 275 381 382 397 407 412 424 425 441 449
 453 465 484 516 539 576 602 618 626
10 15 19 27 247 253 254 274 375 386 389 398 418 420 427 443 454
 471 477 478 518 536 575 598 615 626
8 13 22 31 243 257 269 279 372 376 385 404 415 433 437 439 459
 460 468 485 515 535 577 604 623 626
1 3 33 37 241 261 266 270 368 378 392 403 422 431 432 440 452
 457 474 487 512 532 571 603 616 626
5 11 18 39 245 250 264 273 369 383 393 399 411 419 428 447 462
 466 472 480 510 531 570 597 620 626
4 7 30 36 242 252 267 278 373 377 388 405 417 429 435 438 451
 461 473 483 514 530 572 596 617 626
9 14 16 23 246 251 263 272 370 387 391 400 408 414 436 445 455
 463 469 482 517 533 578 600 622 626
10 23 29 38 83 96 113 119 168 181 184 196 328 336 340 343 453
 459 473 487 522 543 563 597 619 649
13 20 25 30 87 92 98 116 162 179 182 198 329 330 340 342 458
 466 477 481 525 541 559 603 622 650
7 21 31 37 88 90 104 108 166 176 187 194 333 337 339 341 454
 464 470 482 528 543 560 601 620 650
3 17 26 36 86 91 100 117 163 178 186 195 331 334 338 343 462
 467 469 478 526 540 557 604 624 650
6 27 32 39 80 101 109 112 165 170 173 199 332 337 338 345 448
 461 465 485 524 541 561 600 616 649
11 16 24 35 82 95 106 110 167 175 189 190 330 334 339 347 456
 460 474 484 521 542 564 598 617 649
2 5 9 15 81 99 105 118 164 174 177 191 331 335 341 342 451
 457 468 486 523 544 562 599 618 649
1 4 8 12 89 93 103 111 161 172 180 193 332 336 344 347 450
 463 471 480 529 544 558 602 621 650
0 22 33 34 85 94 97 107 169 183 185 192 328 335 345 346 455
 472 476 479 527 542 555 596 615 650
14 18 19 28 84 102 114 115 160 171 188 197 329 333 344 346 449
 452 475 483 520 540 556 595 623 649
121 133 138 142 145 147 152 158 332 334 342 346 370 376 381 384 392
 396 398 405 586 594 597 601 609 625
125 127 130 131 141 150 151 157 330 336 341 345 368 375 382 388 391
 395 399 406 589 593 595 604 608 625
124 135 137 143 144 146 154 156 331 337 340 344 372 379 380 383 394
 397 400 403 587 591 596 598 607 625
123 128 129 132 139 149 153 155 328 329 338 339 369 373 378 387 389
 390 401 404 590 592 599 602 606 625
120 122 126 134 136 140 148 159 333 335 343 347 371 374 377 385 386
 393 402 407 585 588 600 603 605 625
4 19 55 57 107 110 149 157 170 187 241 250 311 340 359 385 396
 434 445 496 549 550 611 618 624 644
21 24 42 44 111 118 147 156 171 182 243 251 308 338 364 388 393
 432 444 496 551 553 614 615 619 646
5 20 52 56 108 119 148 155 178 189 242 256 315 346 360 391 397
 433 443 496 546 554 613 616 621 641
3 23 43 53 109 116 150 158 177 183 244 254 316 347 366 390 394
 435 446 496 545 547 612 620 623 640
0 18 47 49 83 90 131 143 179 191 272 275 322 332 367 386 404
 416 422 497 547 551 613 617 624 629
1 16 51 58 80 92 129 135 186 196 271 276 323 333 361 395 405
 415 419 497 552 554 612 615 618 628
10 30 41 50 82 94 126 142 180 197 277 279 321 331 362 387 406
 412 421 497 548 553 611 616 620 636
12 39 73 77 96 104 122 153 160 185 247 269 325 334 351 368 380
 410 438 498 545 553 613 618 622 638
34 38 65 67 99 103 121 154 163 165 248 266 319 329 355 371 375
 408 439 498 549 554 614 617 620 643
17 32 40 46 81 93 127 134 176 190 273 278 318 328 363 384 403
 413 418 497 546 550 614 622 623 635
6 22 45 54 115 117 146 159 172 181 240 255 310 341 365 389 392
 425 447 496 548 552 610 617 622 645
9 33 68 72 87 112 132 137 188 194 257 264 314 343 348 382 398
 423 430 499 550 553 612 617 621 632
14 37 64 75 98 101 125 152 161 167 249 267 326 335 356 369 372
 420 441 498 546 548 612 619 624 637
2 31 48 59 84 91 128 133 169 199 270 274 320 330 358 383 407
 414 417 497 545 549 610 619 621 634
8 29 70 74 86 114 138 139 175 198 252 263 313 345 349 379 402
 427 431 499 546 551 610 618 620 630
25 28 62 63 89 105 136 141 168 192 253 262 309 339 353 376 400
 428 429 499 545 552 614 616 624 631
7 27 60 71 85 106 140 145 174 195 258 260 317 344 354 378 399
 426 437 499 547 554 611 619 622 627
11 26 61 69 88 113 130 144 173 193 259 261 312 342 352 377 401
 424 436 499 548 549 613 615 623 633
15 36 76 78 95 97 123 151 162 184 246 265 327 337 350 374 381
 411 440 498 551 552 611 621 623 639
13 35 66 79 100 102 120 124 164 166 245 268 324 336 357 370 373
 409 442 498 547 550 610 615 616 642
12 38 64 76 82 92 132 145 177 187 205 221 273 275 302 310 345
 357 377 400 433 444 452 478 584 634
26 29 63 71 97 99 147 157 176 197 200 230 245 269 291 323 347
 348 389 397 414 422 458 461 584 637
19 22 44 53 87 105 127 135 163 167 215 220 252 260 295 325 332
 360 387 407 411 442 470 487 584 633
4 24 45 52 86 113 128 143 164 185 219 223 253 258 293 326 333
 366 384 406 408 440 466 485 584 632
35 36 67 75 80 93 137 141 171 183 207 212 274 279 306 315 342
 351 378 402 434 447 453 482 584 629
37 39 65 79 81 91 136 138 181 182 210 211 271 272 307 311 344
 350 382 401 435 443 460 479 584 636
18 31 40 50 110 111 121 151 168 195 226 237 240 256 304 314 335
 361 373 380 431 436 465 477 584 640
16 30 46 49 108 118 122 154 173 192 228 235 241 254 300 313 336
 358 369 381 423 437 467 475 584 645
0 10 51 59 109 117 124 152 175 194 225 238 242 250 298 309 329
 363 368 374 424 426 463 468 584 646
2 17 47 58 116 119 125 153 188 193 229 236 243 255 301 317 337
 362 370 371 427 429 472 474 584 644
3 6 56 57 88 106 126 131 160 162 214 216 257 263 288 319 328
 364 383 405 409 441 471 486 584 631
7 11 70 72 98 102 146 158 169 196 203 231 247 265 289 318 338
 353 385 391 412 416 450 457 584 643
9 25 60 74 95 100 149 159 180 199 201 234 249 266 290 322 346
 352 388 394 413 419 454 459 584 638
8 28 61 68 101 104 150 155 186 191 204 232 248 268 297 321 340
 354 392 393 417 418 455 456 584 639
13 14 73 78 83 94 130 140 170 178 206 208 270 276 299 308 339
 355 379 398 425 446 451 480 584 635
15 34 66 77 84 90 139 144 172 189 209 222 277 278 305 316 343
 356 376 399 432 445 448 481 584 628
27 33 62 69 96 103 148 156 179 190 202 233 246 267 296 320 341
 349 390 396 415 421 449 462 584 642
20 23 42 54 89 114 133 134 165 166 217 218 261 264 292 327 331
 359 395 404 420 438 476 484 584 627
5 21 43 55 85 112 129 142 161 184 213 224 259 262 294 324 330
 365 386 403 410 439 469 483 584 630
1 32 41 48 107 115 120 123 174 198 227 239 244 251 303 312 334
 367 372 375 428 430 464 473 584 641
82 101 113 115 208 214 225 231 348 350 358 360 370 386 394 399 415
 431 434 438 513 539 562 590 614 650
88 91 103 107 200 209 223 237 353 357 360 362 379 381 388 404 410
 418 426 447 512 533 559 588 612 649
80 99 106 119 205 224 228 233 353 356 359 367 380 387 393 398 413
 424 435 440 519 535 556 593 610 650
83 95 114 118 219 222 226 230 351 354 363 365 375 383 396 401 412
 429 433 442 517 532 561 585 612 650
89 92 97 117 201 212 215 239 354 356 358 364 373 382 385 403 408
 421 427 446 511 531 560 594 613 649
86 93 98 108 204 211 217 236 348 355 365 367 368 376 390 407 409
 419 436 444 514 536 555 591 611 649
81 102 110 112 207 220 227 234 349 355 362 366 374 389 395 400 417
 432 437 441 510 537 563 586 613 650
87 94 104 111 202 213 221 235 350 352 363 366 371 378 397 405 416
 420 428 445 515 534 557 589 610 649
85 90 100 116 203 206 216 238 349 351 359 361 372 377 392 406 411
 414 423 443 516 538 558 592 614 649
84 96 105 109 210 218 229 232 352 357 361 364 369 384 391 402 422
 425 430 439 518 530 564 587 611 650
6 34 49 68 114 136 158 164 193 207 242 273 285 303 308 330 380
 415 454 487 511 533 557 592 611 637
2 7 44 64 115 134 149 175 183 230 246 271 282 305 321 336 398
 439 465 466 512 538 557 591 613 631
2 33 52 78 98 124 145 160 186 239 240 259 284 295 313 347 404
 445 453 454 510 530 561 593 614 636
18 33 54 67 119 128 150 173 182 231 249 278 282 299 323 334 400
 442 468 471 516 534 560 588 611 630
19 37 49 63 92 142 153 183 190 216 248 258 281 289 327 343 388
 436 468 480 513 537 561 587 610 641
24 37 59 60 105 137 157 165 198 205 240 276 285 300 316 328 370
 412 462 483 515 536 558 588 613 639
15 20 48 72 88 140 150 175 185 221 255 279 287 300 311 332 373
 419 449 469 519 532 563 587 614 637
9 31 56 76 117 143 158 170 198 204 267 277 280 307 323 336 378
 410 472 484 518 537 556 585 614 633
3 15 46 61 82 121 129 170 179 220 264 269 286 290 326 344 391
 429 453 464 511 538 555 588 610 646
0 9 45 65 101 141 153 166 196 228 252 256 283 294 312 347 383
 432 449 478 515 538 559 594 611 635
28 30 56 66 99 138 151 185 190 227 250 261 283 295 317 338 386
 425 459 482 511 534 558 591 612 634
23 36 40 69 112 145 155 167 192 208 243 277 285 298 311 333 375
 422 450 486 516 531 559 591 610 638
6 12 40 60 90 128 154 178 197 217 246 252 281 297 324 342 385
 428 474 479 518 539 563 593 612 646
20 35 50 62 84 123 143 176 181 214 259 266 286 289 325 345 393
 437 451 463 516 536 557 594 612 644
21 35 51 61 89 138 148 163 188 209 254 270 287 304 310 328 372
 416 461 466 517 537 562 593 611 638
4 14 47 62 85 132 147 162 173 212 256 271 287 303 316 331 368
 418 459 470 510 539 564 585 610 643
13 24 58 69 91 134 152 172 191 215 247 262 281 290 319 345 397
 423 473 482 510 532 556 590 611 640
14 21 48 71 80 124 127 177 180 218 253 265 286 297 319 343 396
 431 460 472 514 534 559 592 613 645
0 28 55 75 108 126 156 177 193 200 266 276 280 305 318 334 382
 411 477 485 517 530 563 590 610 627
11 17 53 76 96 140 154 161 191 226 251 257 283 293 309 346 395
 434 461 481 512 536 560 592 610 636
16 26 44 79 104 125 139 165 179 238 244 253 284 288 314 346 403
 447 450 451 513 535 563 585 611 634
26 32 43 78 118 135 148 168 187 232 247 279 282 307 322 329 399
 441 474 476 514 533 558 594 610 632
17 27 45 73 111 133 157 189 192 201 265 272 280 306 321 329 377
 409 464 487 510 535 562 587 612 630
3 38 50 74 87 141 146 161 174 211 250 278 287 301 308 333 381
 414 456 476 518 535 561 590 613 642
18 25 57 64 103 122 137 176 184 236 242 260 284 292 312 338 406
 446 455 460 518 532 562 586 610 628
22 39 46 71 86 144 149 166 168 206 251 275 287 298 315 330 371
 421 457 471 513 530 556 586 612 639
22 38 47 72 81 122 133 171 186 219 263 267 286 291 324 339 394
 424 448 477 512 531 558 589 611 641
1 29 55 73 102 144 152 162 199 229 254 258 283 292 314 341 387
 433 456 479 514 531 557 588 614 629
1 11 42 66 116 127 155 181 194 202 269 274 280 302 322 335 379
 408 467 483 519 539 561 586 611 631
12 19 58 70 106 130 159 184 194 222 244 272 285 304 315 331 369
 417 458 485 512 534 555 594 614 642
29 30 53 65 107 129 159 171 195 203 268 273 280 299 320 337 376
 420 463 486 513 532 564 593 613 632
23 34 41 70 93 135 151 182 199 213 245 257 281 296 326 339 392
 426 475 478 519 530 562 585 613 644
4 39 51 74 83 125 126 169 189 224 260 268 286 296 327 342 389
 430 452 467 515 533 560 591 614 640
8 16 57 77 109 142 146 178 188 234 245 275 282 306 320 335 401
 440 470 473 511 536 559 589 614 627
8 10 43 67 100 123 136 167 169 237 241 264 284 293 317 341 405
 444 448 458 517 539 556 587 613 635
7 32 54 77 97 121 130 164 180 235 243 263 284 294 309 340 407
 443 452 462 519 537 564 590 612 629
5 13 41 63 113 139 156 160 195 210 241 274 285 301 310 332 374
 413 455 484 514 538 560 589 612 643
10 25 52 79 110 131 147 172 174 233 248 270 282 302 318 337 402
 438 469 475 515 531 555 592 612 633
5 36 59 68 94 120 131 187 196 223 249 261 281 291 325 344 390
 427 465 481 517 535 564 586 614 645
27 31 42 75 95 120 132 163 197 225 255 262 283 288 313 340 384
 435 457 480 516 533 555 589 613 628
0 24 74 80 116 142 148 195 217 222 257 284 325 336 350 400 418
 425 457 464 520 531 549 572 606 637
10 21 68 91 115 143 157 173 220 221 263 283 327 335 351 376 413
 446 450 474 525 530 554 570 606 642
6 25 76 108 113 138 150 167 230 239 247 286 320 331 361 371 426
 432 480 483 527 535 550 578 606 629
13 32 55 90 96 125 133 183 234 237 242 287 313 344 348 393 408
 412 478 486 521 534 552 571 606 633
11 34 48 87 101 122 145 197 210 223 276 282 315 341 359 403 409
 429 459 463 526 537 551 575 606 640
7 38 58 100 114 144 151 179 212 224 270 280 311 347 360 384 428
 441 455 468 524 536 553 579 606 645
3 28 77 85 110 137 159 166 202 229 265 281 323 332 358 375 424
 444 451 466 522 533 546 577 606 636
17 19 72 83 108 128 147 198 207 213 261 284 319 335 357 399 421
 435 456 463 524 538 552 577 607 638
30 39 44 84 100 131 152 177 202 226 255 285 312 339 348 385 418
 440 453 476 529 537 554 578 607 630
28 36 51 88 96 121 139 199 205 215 272 282 308 347 365 406 420
 437 457 472 525 539 550 573 607 641
20 27 67 86 115 130 158 161 200 228 268 281 322 328 361 374 429
 445 460 470 523 531 553 571 607 634
2 4 69 92 109 127 159 168 209 214 264 283 324 334 355 378 412
 443 455 475 528 535 551 574 607 637
10 37 45 93 99 122 129 178 231 239 243 287 314 345 352 396 411
 417 481 484 520 533 547 579 607 631
16 34 56 91 102 123 127 187 233 236 240 287 309 342 354 394 420
 422 480 485 522 538 553 572 605 630
24 33 73 114 117 141 149 184 232 235 245 286 318 332 362 372 435
 436 481 486 528 539 554 575 605 634
7 23 66 105 111 132 148 160 234 238 248 286 323 330 367 381 427
 434 479 485 526 532 548 570 607 635
5 8 75 106 107 144 147 165 231 236 246 286 322 333 363 373 423
 425 478 487 525 537 545 574 608 636
16 22 63 90 119 126 158 174 212 218 259 283 326 329 350 379 417
 444 462 465 529 532 550 575 608 638
21 29 78 87 109 136 155 185 201 226 267 281 318 331 367 370 437
 447 452 471 521 538 549 579 608 628
31 38 57 80 98 134 153 189 200 227 254 285 309 344 352 392 421
 442 451 469 527 539 551 570 608 632
33 35 40 104 113 140 152 180 211 220 275 280 316 338 359 383 427
 439 458 475 523 533 552 572 608 641
6 30 61 81 111 135 149 194 208 223 262 284 327 334 356 402 414
 433 449 472 522 536 547 571 608 643
2 12 53 94 95 121 143 182 232 238 241 287 312 343 353 389 409
 415 482 483 524 531 546 576 608 627
13 27 47 89 99 123 137 196 216 222 273 282 311 346 366 407 410
 431 456 467 528 530 548 578 608 646
20 32 70 94 110 129 156 188 211 219 260 283 319 336 356 377 422
 447 454 468 526 539 545 578 609 639
19 26 65 112 116 140 146 164 233 237 249 286 321 328 358 368 428
 433 482 484 529 530 551 573 609 628
18 36 42 92 101 124 126 172 230 235 244 287 317 339 349 391 410
 413 479 487 523 536 549 577 609 632
25 39 59 97 106 132 154 186 209 218 279 280 308 341 366 386 436
 442 450 473 520 538 546 571 609 644
1 5 71 84 117 134 150 192 205 216 252 284 326 337 355 401 416
 434 459 477 521 533 553 576 609 642
0 35 43 81 103 128 151 170 203 229 251 285 313 343 354 397 419
 438 452 470 525 535 548 575 609 631
9 12 50 86 102 125 136 190 208 213 274 282 316 340 364 404 411
 424 461 464 527 532 554 574 609 645
23 31 62 82 107 131 146 193 210 215 258 284 324 329 351 398 419
 432 461 467 523 534 546 579 605 639
29 37 46 85 95 124 130 191 207 217 277 282 310 338 360 405 408
 430 449 477 529 535 545 570 605 644
3 18 60 93 118 133 155 175 206 224 253 283 325 337 357 382 415
 445 458 473 527 537 548 573 605 643
4 9 79 88 119 145 156 163 203 227 269 281 321 330 363 369 431
 446 448 476 520 536 552 576 605 629
1 15 54 83 104 142 154 171 201 225 256 285 317 345 353 390 414
 441 460 466 526 530 550 574 605 633
14 26 41 103 105 138 153 169 214 221 278 280 315 340 365 395 423
 440 454 465 521 531 547 577 605 646
11 22 64 89 118 139 157 162 204 225 266 281 320 333 362 380 430
 443 453 469 524 534 547 572 609 635
14 17 52 82 97 120 135 181 204 228 250 285 314 342 349 388 416
 439 448 471 528 532 545 573 606 627
8 15 49 98 112 120 141 176 206 219 271 280 310 346 364 387 426
 438 462 474 522 534 549 576 607 640
28 37 47 82 111 127 144 164 169 230 257 299 313 359 374 390 447
 469 473 489 518 541 554 576 594 638
5 33 76 90 102 153 157 163 168 219 244 290 308 358 402 405 418
 460 463 495 519 541 548 579 591 627
21 27 64 81 100 121 150 160 193 217 250 289 315 358 379 387 422
 473 481 493 515 542 552 574 585 632
24 26 66 93 101 154 159 162 174 220 242 289 311 361 398 404 421
 452 472 495 517 543 545 576 589 630
2 37 42 107 112 154 158 179 189 221 245 304 325 354 402 406 424
 459 471 494 514 540 552 578 590 635
15 31 52 85 109 122 149 182 190 205 268 301 319 348 379 395 428
 450 487 488 517 540 548 572 594 629
10 13 56 111 114 153 159 177 186 211 246 300 326 353 399 403 430
 461 470 494 516 542 549 573 586 629
15 26 40 92 119 131 136 166 199 204 260 306 313 366 372 396 425
 463 483 490 512 542 553 570 590 643
2 20 68 100 106 135 139 171 192 227 275 294 318 350 368 396 408
 461 480 492 518 543 548 577 588 640
16 21 69 98 114 131 137 170 195 225 278 293 321 357 371 389 411
 459 479 492 519 544 545 571 594 641
1 19 74 88 101 132 133 168 182 236 277 293 318 351 374 397 439
 451 462 491 511 542 547 578 593 645
12 16 55 113 117 151 155 171 176 209 249 303 319 349 398 407 429
 457 476 494 515 541 547 570 587 636
0 14 57 87 118 123 150 172 199 207 269 304 324 353 377 384 427
 462 484 488 513 543 554 571 591 636
7 14 59 93 110 139 142 185 191 200 264 307 312 364 371 394 433
 467 487 490 516 541 552 575 593 642
20 28 79 83 97 122 146 167 194 216 251 290 316 362 378 384 415
 465 478 493 514 544 549 570 593 630
12 27 46 84 107 126 141 167 186 234 261 307 314 365 370 397 446
 466 468 489 519 543 551 572 592 643
8 23 65 92 95 152 156 173 185 224 240 291 315 362 399 407 416
 451 464 495 518 540 550 571 592 631
29 34 50 80 117 133 140 160 179 231 262 302 312 366 369 388 443
 470 474 489 517 544 550 577 591 639
0 6 72 89 96 129 144 174 187 235 274 295 321 355 370 388 440
 458 460 491 516 540 546 570 585 640
33 38 49 91 109 130 135 162 197 203 253 305 317 365 373 393 434
 464 484 490 515 544 546 578 586 638
25 35 41 90 118 134 145 161 196 202 263 299 314 360 368 389 435
 472 485 490 511 540 549 574 587 639
4 29 77 82 98 123 148 165 192 213 255 297 308 361 382 383 413
 468 482 493 512 540 547 575 586 633
3 10 70 97 105 128 145 189 193 226 271 292 322 355 372 393 410
 449 482 492 513 541 550 572 589 645
32 36 53 106 108 152 157 169 181 206 248 301 324 352 400 404 431
 449 466 494 511 544 553 575 585 628
8 39 58 94 115 128 137 163 190 201 259 302 309 359 381 391 432
 477 486 490 514 543 547 573 585 637
19 25 75 94 96 151 158 166 175 214 243 297 310 367 401 403 414
 448 467 495 510 544 554 572 588 632
11 13 51 81 108 132 143 180 184 233 252 306 317 364 375 392 445
 465 476 489 513 540 545 579 588 637
3 11 78 80 103 125 149 164 198 215 256 291 310 363 376 386 417
 475 479 493 516 543 553 578 587 627
22 32 60 103 113 136 142 177 194 228 270 288 323 351 373 391 420
 456 481 492 510 540 551 576 591 644
1 35 44 86 119 121 146 187 197 222 267 300 327 352 382 386 426
 455 486 488 510 541 545 577 592 635
17 39 54 88 110 124 148 183 196 208 266 303 326 354 376 387 423
 458 483 488 518 544 551 579 589 634
9 36 48 83 116 129 138 165 176 232 258 305 309 360 380 385 444
 471 475 489 510 542 548 571 589 642
24 31 71 87 102 126 138 173 178 238 273 294 322 356 375 390 438
 453 455 491 512 544 552 573 587 644
17 23 61 85 99 141 143 172 175 237 276 288 320 350 369 385 442
 452 454 491 514 541 553 574 586 641
30 38 43 89 115 125 147 178 191 210 265 298 325 349 378 383 436
 454 485 488 519 542 550 576 588 628
5 30 62 86 95 127 140 183 188 239 272 292 323 357 380 392 441
 448 450 491 515 543 549 575 590 646
4 18 63 104 112 130 134 181 198 229 279 295 320 356 381 394 409
 457 478 492 517 542 554 579 592 646
9 22 67 84 104 124 147 184 195 223 254 296 311 367 377 395 412
 474 480 493 511 541 546 573 590 631
6 7 73 91 99 120 155 161 188 218 241 296 316 363 400 406 419
 453 477 495 513 542 551 577 594 633
18 34 45 105 116 120 156 170 180 212 247 298 327 348 401 405 437
 456 469 494 512 543 546 574 593 634
43 47 60 66 88 94 98 117 314 315 320 327 375 384 393 400 460
 461 475 487 529 538 569 590 618 647
41 45 61 64 83 102 106 109 311 313 323 325 371 376 388 403 462
 476 477 482 523 539 569 592 621 648
42 49 74 78 84 99 110 113 309 315 321 324 372 382 390 405 450
 470 472 478 524 532 567 588 622 648
44 50 68 73 85 92 103 108 309 311 322 326 370 383 389 402 448
 457 473 484 526 534 568 593 623 647
51 54 63 76 87 93 100 107 313 316 319 321 380 386 391 401 449
 451 474 485 528 531 566 586 619 647
40 55 72 79 80 95 105 115 308 317 320 326 368 377 397 404 455
 467 471 481 522 537 566 594 620 648
56 58 67 71 82 96 112 118 312 316 318 327 373 379 392 407 454
 463 466 479 520 535 568 589 624 648
53 59 62 77 81 101 114 119 310 314 319 322 378 381 385 406 458
 464 469 480 521 530 565 591 615 648
46 52 70 75 89 91 104 116 308 312 323 324 374 387 396 399 452
 459 465 486 527 536 565 587 617 647
48 57 65 69 86 90 97 111 310 317 318 325 369 394 395 398 453
 456 468 483 525 533 567 585 616 647
0 15 44 91 137 158 168 180 224 239 248 261 299 333 349 369 409
 433 461 493 521 539 566 589 622 644
10 12 42 80 138 146 191 192 223 229 260 266 299 330 348 373 441
 445 462 495 528 538 565 585 623 641
9 13 46 97 131 148 161 171 221 229 240 253 289 334 359 401 417
 426 487 491 524 539 568 591 620 628
8 14 40 96 126 157 164 182 222 239 254 262 289 337 360 378 419
 424 476 492 526 538 567 586 617 634
5 7 65 87 124 133 190 193 204 222 251 279 288 345 361 389 440
 446 475 494 522 539 565 588 624 638
4 11 67 114 135 152 174 176 221 234 243 272 288 343 358 390 410
 425 477 488 527 538 566 593 616 639
23 25 73 86 123 126 191 194 203 205 256 278 295 344 358 396 439
 447 474 494 524 537 569 589 615 637
14 30 54 90 136 156 175 186 220 236 245 258 302 328 352 375 410
 434 457 493 524 535 565 594 621 640
15 25 58 102 143 155 165 183 210 235 250 257 291 334 365 377 421
 431 470 492 529 533 565 593 619 635
26 38 59 95 129 158 160 172 208 236 251 252 296 335 359 382 418
 437 466 492 528 534 569 587 616 629
5 17 74 109 123 145 166 171 200 220 247 270 300 340 356 406 415
 436 479 489 529 534 566 585 617 631
2 3 63 108 140 151 165 172 223 234 267 273 298 340 351 387 416
 430 460 490 520 539 567 594 615 630
1 6 62 110 122 130 163 177 204 224 245 278 298 346 350 404 412
 427 482 489 525 538 568 587 619 632
31 39 43 93 145 157 179 188 214 235 249 252 305 331 353 374 408
 425 456 493 522 532 568 592 615 641
2 34 55 83 132 150 190 195 215 228 263 265 307 333 352 372 438
 447 458 495 529 536 568 586 616 646
19 33 66 89 122 143 195 199 200 208 255 271 294 342 363 391 441
 444 473 494 521 535 567 592 620 639
20 29 64 105 142 151 173 186 206 233 244 274 293 344 363 385 409
 432 472 488 528 533 568 590 617 638
18 21 70 107 132 152 164 178 216 232 266 274 300 347 350 395 421
 429 448 490 522 535 569 591 622 633
11 37 50 100 134 147 170 185 209 228 244 260 297 329 365 400 415
 427 486 491 522 530 567 589 621 629
19 31 61 118 125 137 181 185 203 218 246 275 303 347 355 405 413
 426 481 489 526 531 565 590 616 630
24 30 72 119 124 139 161 170 201 214 248 271 304 341 351 407 422
 428 478 489 527 533 569 586 623 627
7 35 49 101 127 156 178 184 205 237 255 261 290 329 366 376 414
 430 471 492 527 531 568 585 618 636
10 22 69 116 141 154 160 187 213 230 268 272 303 338 356 384 419
 431 451 490 521 537 568 588 621 627
16 36 45 81 144 148 197 198 216 226 264 268 302 332 353 368 439
 446 454 495 527 534 567 590 619 644
29 36 47 103 135 150 166 189 211 225 241 259 290 335 364 398 412
 428 485 491 520 537 565 592 622 634
17 35 57 92 130 155 169 174 219 238 246 262 307 332 348 380 420
 432 459 493 520 530 569 588 620 645
22 28 78 112 131 153 175 180 209 231 241 273 292 342 361 397 408
 435 464 488 526 536 569 585 619 642
13 18 53 82 141 147 194 199 217 227 259 267 305 328 354 371 440
 443 450 495 526 533 566 587 618 645
0 23 71 115 121 136 162 189 202 219 249 279 301 338 357 403 417
 423 480 489 528 536 567 593 618 633
12 28 48 98 142 149 163 181 212 226 242 263 296 337 366 399 422
 423 484 491 523 535 566 588 615 635
8 24 76 88 125 129 192 197 202 207 250 270 292 343 367 394 442
 443 465 494 523 530 568 594 622 643
33 39 41 99 133 159 167 187 207 238 256 258 297 336 364 379 416
 429 469 492 525 536 566 590 623 628
27 34 51 104 128 146 162 177 206 227 243 264 291 336 360 402 413
 436 483 491 521 532 569 594 624 636
32 37 56 84 140 149 193 196 213 225 253 269 306 331 349 381 442
 444 455 495 525 531 569 593 617 640
4 32 68 117 144 153 167 182 217 233 265 276 304 346 357 386 414
 437 453 490 523 532 565 589 620 631
1 38 52 94 139 159 173 176 218 237 247 257 306 330 354 370 411
 435 449 493 523 537 567 591 624 646
6 26 75 85 121 127 196 198 201 210 254 275 293 339 362 393 438
 445 468 494 520 532 566 591 621 642
3 27 79 113 134 154 169 188 212 232 240 277 294 339 367 388 411
 433 463 488 525 534 565 586 618 637
16 20 60 111 120 138 183 184 215 231 269 277 301 341 355 383 418
 424 452 490 524 530 566 592 624 632
9 21 77 106 120 128 168 179 211 230 242 276 295 345 362 392 420
 434 467 488 529 531 567 587 623 643
8 17 20 37 80 102 113 118 121 131 132 159 295 296 298 305 410
 414 428 446 501 521 575 596 611 647
5 16 27 38 88 93 97 116 136 143 149 152 295 297 299 304 412
 430 432 438 509 526 577 595 610 648
12 21 30 33 83 101 105 110 123 134 144 158 288 291 301 306 408
 419 426 443 500 520 573 604 610 647
15 18 24 29 89 94 100 108 127 145 146 153 288 296 303 307 417
 424 434 439 505 525 571 600 612 648
9 19 32 35 85 91 98 111 126 139 150 154 291 292 298 302 415
 425 429 440 507 528 579 597 613 648
0 3 7 13 84 95 112 119 122 135 138 157 293 297 302 303 420
 421 436 447 504 523 574 602 614 647
6 10 11 14 86 92 104 107 133 137 148 151 290 294 301 305 422
 435 437 442 508 529 576 599 614 648
1 22 25 36 82 99 109 114 125 128 140 156 289 294 304 307 409
 418 423 445 502 522 570 601 613 647
4 26 31 34 81 96 106 115 124 141 142 155 290 292 299 300 411
 416 427 444 503 524 578 603 612 647
2 23 28 39 87 90 103 117 120 129 130 147 289 293 300 306 413
 431 433 441 506 527 572 598 611 648
9 41 44 89 130 186 189 231 237 250 275 319 337 351 384 390 437
 479 483 495 504 522 575 603 610 637
23 47 79 108 149 161 197 209 220 265 274 312 345 354 380 405 425
 462 468 492 502 521 573 603 614 632
19 48 67 117 148 162 191 211 224 269 273 313 339 352 370 406 432
 450 465 492 500 522 574 596 612 627
39 42 68 98 151 174 178 215 222 241 253 323 328 362 377 394 439
 449 463 489 503 521 574 601 610 629
6 51 78 116 147 166 190 219 221 266 277 314 344 353 369 407 434
 455 473 492 503 523 575 604 613 630
25 48 53 112 144 178 190 200 225 240 272 326 336 351 393 405 427
 452 476 493 505 528 577 599 611 643
33 46 55 106 138 172 196 204 226 243 274 327 329 357 394 406 428
 451 470 493 506 526 576 600 613 637
30 64 69 80 128 166 174 232 237 263 269 316 346 365 374 382 416
 480 487 494 505 526 579 598 614 644
12 43 62 99 124 189 198 206 220 255 257 318 333 358 388 401 420
 455 465 490 508 526 571 597 611 629
28 54 58 86 145 170 176 233 238 254 279 324 335 350 383 388 430
 481 487 495 500 521 578 602 613 643
18 66 71 91 129 167 193 201 228 246 257 310 340 366 368 402 412
 451 476 488 500 524 575 601 614 641
26 45 50 114 132 183 191 202 227 241 276 324 337 356 391 407 426
 460 471 493 509 525 572 597 614 638
1 60 67 81 131 185 188 230 238 259 265 308 340 360 369 376 421
 478 484 494 508 528 572 600 610 640
13 57 72 101 121 181 192 209 224 251 258 323 331 363 390 402 411
 454 474 490 505 529 572 595 613 634
2 61 65 93 126 184 198 202 225 247 258 308 346 359 373 400 422
 448 470 488 504 521 570 604 612 645
21 49 76 119 159 165 169 208 215 245 279 312 344 349 368 384 445
 456 477 491 507 526 572 599 612 631
32 74 75 92 143 160 192 203 226 245 261 316 341 360 371 398 417
 460 469 488 503 522 573 602 611 646
17 68 79 84 142 162 168 231 235 260 267 310 347 359 375 379 419
 482 485 494 509 527 571 599 613 646
20 58 65 109 157 160 180 207 223 246 278 314 339 354 372 386 444
 457 467 491 505 527 576 597 610 633
31 63 77 83 135 161 175 233 239 264 266 315 338 366 370 377 418
 479 486 494 507 525 576 595 611 645
22 41 75 110 155 164 179 205 217 247 271 317 343 352 381 383 446
 461 463 491 506 528 571 595 614 630
36 44 74 102 122 170 193 218 221 256 262 320 328 367 392 399 408
 458 468 490 509 528 576 598 612 636
4 40 66 118 158 184 186 210 216 249 270 309 345 348 371 387 447
 449 464 491 508 525 577 598 613 627
5 46 64 111 146 185 199 212 214 268 276 309 343 349 375 404 435
 458 474 492 504 520 578 601 611 633
37 54 61 96 123 177 195 212 219 250 252 322 330 362 397 398 409
 450 475 490 507 527 577 600 614 628
8 42 47 105 140 187 199 203 228 242 277 319 334 350 389 403 436
 453 466 493 508 527 579 595 612 642
16 62 76 94 133 164 194 200 229 248 252 311 338 365 372 399 413
 453 471 488 501 520 574 603 613 640
34 52 71 95 125 171 194 211 214 254 261 321 332 361 385 400 410
 462 473 490 506 525 579 599 610 635
35 53 60 97 153 172 173 210 213 242 264 321 333 367 379 396 441
 457 477 489 501 522 578 604 614 634
11 57 59 85 136 171 179 232 239 255 278 327 336 355 387 397 431
 478 485 495 501 523 573 601 612 638
10 72 73 90 127 165 195 204 227 249 262 315 347 364 381 401 415
 452 466 488 502 523 578 596 610 644
7 51 56 113 141 182 197 201 229 244 273 325 335 355 396 404 423
 448 469 493 507 529 571 598 610 639
0 70 78 82 134 163 173 234 236 253 268 311 341 364 378 380 414
 481 483 494 506 529 577 597 612 641
15 45 63 103 152 187 188 208 217 244 263 318 330 361 378 393 442
 459 467 489 504 524 573 596 613 636
29 40 52 88 137 169 177 234 235 251 271 325 329 356 386 392 429
 480 484 495 502 524 574 604 611 642
3 59 73 115 156 167 176 213 222 248 275 313 342 353 373 395 443
 459 472 491 509 529 579 600 611 632
27 43 49 87 139 180 181 230 236 256 270 326 334 357 385 395 424
 482 486 495 503 520 570 596 614 639
14 56 70 100 154 168 183 205 223 243 259 320 332 363 382 389 438
 456 464 489 500 523 570 603 611 628
24 50 77 107 150 163 196 206 218 267 272 317 342 348 374 403 433
 454 475 492 501 524 570 602 610 631
38 55 69 104 120 175 182 207 216 240 260 322 331 358 376 391 440
 461 472 489 502 520 575 602 612 635
160 161 168 176 177 178 198 199 311 317 321 327 408 415 416 423 424
 432 442 447 555 564 565 572 575 625
162 164 170 172 186 188 190 192 312 315 322 325 412 414 420 426 431
 435 439 444 560 563 566 570 579 625
163 169 171 175 184 187 191 193 314 316 323 326 409 413 421 425 428
 437 438 443 559 561 567 571 578 625
165 174 180 182 185 189 194 196 310 313 320 324 411 418 422 429 434
 436 441 446 556 557 568 573 577 625
166 167 173 179 181 183 195 197 308 309 318 319 410 417 419 427 430
 433 440 445 558 562 569 574 576 625
13 44 61 107 128 136 176 205 235 265 277 283 296 315 361 368 394
 427 441 469 520 544 561 597 617 627
8 50 53 90 124 149 162 221 233 247 261 285 294 323 355 382 384
 429 447 467 520 542 562 600 619 641
9 49 54 82 152 155 160 200 222 260 265 287 293 320 355 402 403
 428 435 465 525 543 558 604 615 644
28 41 52 80 154 157 184 203 208 264 267 287 288 322 357 401 407
 427 432 468 529 542 557 601 622 640
22 40 73 98 138 143 193 202 224 244 264 282 300 319 354 374 388
 414 434 478 520 543 564 599 616 628
15 53 69 115 126 132 196 211 229 245 270 284 297 315 363 380 388
 408 437 484 527 541 558 601 624 630
10 62 66 112 121 149 171 218 236 244 276 281 307 313 360 377 383
 416 440 456 527 544 560 604 622 637
19 51 77 99 131 145 173 217 232 251 262 280 301 326 349 373 394
 412 447 460 527 543 557 603 621 635
27 44 59 83 151 159 164 204 210 259 269 287 292 318 356 400 405
 423 434 474 527 540 559 602 620 641
12 54 71 116 131 139 169 207 239 267 276 283 290 311 363 381 393
 436 439 470 522 540 562 598 616 632
1 69 79 85 153 158 178 223 226 250 279 286 305 313 364 400 407
 413 420 458 524 543 562 595 617 639
11 40 43 84 153 156 165 201 207 263 268 287 295 323 350 398 406
 426 433 473 528 544 555 603 624 645
31 68 78 89 152 159 183 213 228 251 278 286 302 317 360 401 406
 409 422 462 520 541 563 598 618 643
0 63 64 86 154 155 182 215 227 255 270 286 306 314 359 399 405
 410 412 454 522 544 564 600 623 642
17 60 77 87 151 156 187 216 225 254 271 286 299 312 365 402 404
 408 417 450 523 542 556 597 616 637
18 65 72 106 125 148 177 220 239 241 277 281 306 309 365 379 384
 414 438 459 528 541 557 602 615 639
35 56 63 109 133 144 191 221 228 249 271 284 296 308 362 375 385
 411 431 483 526 543 555 602 622 632
37 57 62 117 135 145 180 222 237 268 274 283 291 308 367 371 391
 423 438 466 524 542 563 599 623 630
14 42 60 119 129 141 190 209 226 247 275 284 291 311 358 374 392
 409 430 485 525 544 557 596 620 633
33 48 56 93 125 146 166 209 230 248 262 285 293 322 350 377 387
 437 446 477 524 540 564 597 618 646
23 46 78 102 137 142 174 223 230 252 255 280 304 319 352 368 393
 415 443 448 525 542 560 602 624 634
38 45 68 110 127 138 199 206 225 246 279 284 289 316 367 369 397
 410 429 486 529 540 560 603 615 627
34 43 74 108 134 137 186 208 238 269 272 283 289 310 362 373 396
 428 440 471 523 541 564 595 619 633
25 47 55 91 121 148 185 206 231 245 252 285 288 321 356 378 395
 430 444 463 523 543 561 598 623 645
24 48 64 96 135 136 188 216 231 256 261 280 298 324 354 381 389
 413 445 451 529 541 555 604 620 629
21 58 66 97 133 141 198 203 214 241 260 282 298 326 352 380 390
 418 433 480 523 540 563 600 617 636
2 71 75 113 123 146 170 224 235 242 272 281 302 314 364 376 395
 418 442 449 526 542 558 603 620 638
7 45 46 92 123 147 163 211 232 249 257 285 292 320 351 379 386
 424 445 472 521 544 563 595 616 640
16 73 74 105 124 150 181 219 237 243 273 281 305 312 359 378 386
 421 441 461 525 540 555 601 621 643
32 61 76 114 122 147 189 214 238 240 274 281 299 317 366 382 387
 419 439 457 529 543 559 596 624 642
4 49 75 100 129 140 194 204 218 240 263 282 301 325 353 375 397
 421 432 479 521 541 562 597 623 634
3 41 65 104 127 132 192 200 219 242 259 282 304 327 349 370 385
 419 425 481 524 544 556 598 619 629
26 42 51 94 122 150 161 212 234 246 258 285 295 318 357 376 383
 431 443 464 522 541 556 599 617 644
6 47 67 95 134 139 168 213 233 250 258 280 300 325 348 372 391
 417 446 452 526 544 559 601 615 636
5 50 79 101 128 130 175 215 234 254 257 280 303 327 353 371 396
 422 444 453 528 540 558 596 622 628
20 59 76 103 126 144 195 201 220 243 253 282 303 324 348 369 392
 416 435 482 522 542 561 595 618 635
39 55 70 118 140 143 197 212 227 248 278 284 290 310 361 370 390
 420 424 487 528 542 559 604 621 631
36 52 72 111 130 142 179 210 236 266 273 283 297 316 358 372 389
 426 442 476 521 543 556 600 618 631
29 57 58 81 120 158 167 202 205 253 266 287 294 321 351 399 404
 425 436 475 526 541 560 596 621 646
30 67 70 88 120 157 172 217 229 256 275 286 307 309 366 398 403
 411 415 455 521 540 561 599 619 638
16 19 29 39 121 134 141 156 204 221 223 239 242 257 265 270 316
 317 322 324 504 516 548 569 599 650
20 31 33 36 127 136 147 154 222 224 229 234 247 250 263 276 310
 312 321 326 508 513 547 569 602 649
1 13 21 26 126 145 149 151 207 219 228 231 248 255 264 272 309
 316 320 325 506 518 546 565 596 649
7 12 17 22 129 137 150 152 210 214 227 233 245 253 256 277 308
 313 322 327 505 517 549 567 603 649
3 8 30 34 130 143 148 153 205 218 225 230 249 251 260 274 311
 314 318 324 507 510 552 566 601 649
5 10 28 35 125 132 135 158 201 206 217 235 240 258 269 278 311
 312 319 320 503 512 551 567 600 650
2 14 24 27 122 131 144 155 203 211 213 237 244 252 266 279 309
 310 323 327 502 511 550 566 597 650
11 15 23 32 124 128 138 159 200 212 216 236 241 262 267 275 308
 314 321 325 500 515 554 568 595 650
6 9 18 38 123 140 142 157 202 209 215 238 243 261 268 271 313
 315 318 326 501 514 545 565 598 650
0 4 25 37 120 133 139 146 208 220 226 232 246 254 259 273 315
 317 319 323 509 519 553 568 604 649
9 30 42 73 93 109 121 169 216 233 259 303 310 333 397 399 427
 442 460 492 506 512 563 606 624 639
2 26 57 67 89 102 156 194 206 226 277 297 326 345 381 386 419
 435 487 489 507 515 564 606 622 641
5 37 40 70 83 103 141 162 218 238 255 302 321 334 394 407 437
 445 461 488 505 511 556 606 615 632
15 22 51 62 106 111 134 178 203 207 249 293 312 340 370 382 410
 422 475 495 509 514 561 606 620 634
9 17 55 66 103 114 146 173 205 239 279 297 325 339 374 405 422
 443 466 490 503 513 555 608 619 640
3 39 48 62 92 102 139 184 217 228 243 299 321 335 384 397 426
 434 454 494 502 517 558 608 617 633
24 36 49 70 85 115 133 177 209 233 269 295 314 340 371 401 419
 441 463 493 504 518 560 608 616 635
8 18 44 78 81 117 154 196 200 214 258 301 316 330 377 396 420
 430 482 491 502 519 555 606 616 638
1 27 56 65 98 105 147 175 208 235 275 290 324 343 380 406 417
 447 476 490 501 517 560 606 623 644
4 35 46 72 94 99 136 160 215 225 244 305 322 337 392 395 433
 436 462 494 500 518 559 606 619 630
12 23 59 63 88 118 127 170 211 231 268 294 317 346 372 402 421
 440 477 493 503 510 557 606 617 628
8 32 52 64 87 99 158 195 209 229 272 290 327 339 368 383 421
 434 483 489 509 516 563 605 615 645
21 39 50 72 113 116 135 172 200 205 246 292 313 346 375 378 409
 417 468 495 508 511 564 605 624 635
6 36 58 63 84 98 132 185 220 237 251 299 322 336 396 403 424
 443 456 488 506 515 562 605 620 627
0 27 53 66 92 110 125 176 223 231 263 300 308 331 392 401 428
 439 453 492 507 514 556 605 621 638
32 33 57 79 82 116 151 191 201 218 252 300 315 333 376 389 410
 424 480 491 504 517 557 607 619 643
0 29 42 76 104 106 149 188 210 237 278 289 326 342 375 407 415
 446 469 490 500 510 558 607 616 645
14 22 50 61 91 95 145 165 216 229 242 306 318 336 386 390 428
 432 458 494 503 519 560 607 618 632
5 34 58 60 89 110 126 181 221 232 267 293 313 338 368 398 414
 442 464 493 502 513 559 607 623 629
16 25 54 78 85 101 157 193 211 227 274 296 325 343 373 384 416
 433 486 489 508 512 556 607 620 646
3 35 47 71 107 114 142 182 204 208 247 295 309 341 369 377 408
 413 465 495 505 515 563 607 621 628
12 24 41 68 81 97 140 166 224 236 254 305 320 329 391 405 431
 447 459 488 507 516 561 607 624 633
11 31 55 65 94 119 123 186 217 230 253 298 316 332 388 402 423
 441 452 492 509 511 562 607 622 642
10 33 44 77 88 95 155 198 212 228 273 289 324 344 371 395 414
 425 485 489 505 514 562 609 624 640
13 23 49 60 80 104 144 163 214 239 250 307 318 335 389 406 429
 444 449 488 509 512 564 609 621 630
4 38 48 61 105 108 131 183 201 222 245 294 314 338 374 379 415
 420 474 495 506 516 556 609 622 636
17 29 56 75 90 115 122 180 215 232 264 304 311 330 390 400 426
 440 451 492 508 515 561 609 615 643
2 25 43 77 80 111 152 197 204 219 261 303 311 328 379 391 411
 437 478 491 500 513 560 605 617 642
11 30 45 75 97 112 150 168 222 238 270 296 319 344 370 404 413
 444 470 490 502 518 557 605 618 641
20 38 51 71 90 101 137 164 213 226 241 307 320 334 387 388 425
 427 450 494 504 510 555 605 623 631
13 19 40 68 86 109 129 189 212 230 266 288 312 341 381 400 416
 438 472 493 501 519 558 605 619 636
7 18 43 79 86 96 159 192 221 225 276 291 319 342 372 387 418
 432 484 489 506 511 561 608 621 644
19 34 59 69 82 100 138 161 219 235 256 306 323 337 393 404 430
 446 457 488 508 514 563 608 622 631
14 20 46 74 112 117 128 187 202 210 248 288 317 347 376 380 411
 412 473 495 507 512 562 608 615 629
1 28 45 76 91 118 124 179 213 234 260 301 315 328 385 398 436
 438 448 492 505 516 564 608 620 637
7 16 52 67 83 107 153 199 202 220 262 298 310 331 382 393 409
 431 481 491 503 518 558 609 623 637
28 31 53 73 100 113 148 174 207 236 271 291 327 345 369 403 412
 445 471 490 504 519 559 609 617 646
6 37 41 69 87 119 143 171 206 234 265 292 309 347 373 399 418
 439 467 493 500 517 555 609 618 634
15 21 47 74 93 96 130 167 223 227 240 302 323 329 383 385 423
 435 455 494 501 513 557 609 616 627
10 26 54 64 84 108 120 190 203 224 257 304 308 332 378 394 408
 429 479 491 501 510 559 608 618 639
6 46 77 100 105 125 182 184 200 279 283 302 333 354 390 398 416
 431 463 484 509 510 549 569 596 641
32 71 73 89 119 132 175 179 223 268 285 289 335 365 394 405 411
 432 475 482 508 518 549 566 604 636
0 67 68 111 113 145 190 198 218 245 287 290 337 365 385 387 441
 443 451 467 502 512 545 569 595 628
17 69 78 105 107 139 194 197 224 249 287 289 336 366 383 392 438
 444 460 477 504 511 554 565 600 629
33 45 47 80 100 126 175 176 210 251 281 304 340 355 381 399 420
 433 450 483 503 511 545 568 599 633
39 45 60 82 108 158 162 171 237 262 282 295 343 363 372 395 422
 427 451 455 507 519 549 565 602 642
30 63 79 106 117 137 193 199 219 247 287 297 335 360 390 395 439
 445 452 464 501 516 551 568 597 635
25 50 56 81 104 129 169 173 222 255 281 298 347 357 372 398 408
 434 462 487 504 514 551 566 595 627
13 52 62 93 115 150 165 187 226 260 280 294 343 362 369 405 414
 424 457 479 500 511 551 569 598 638
27 40 54 94 102 135 191 198 209 242 286 301 347 351 369 382 440
 444 459 469 506 513 549 568 601 631
31 60 64 114 116 130 192 196 220 248 287 296 334 364 386 397 440
 447 448 463 500 514 550 567 599 636
15 56 68 80 107 156 161 181 238 252 282 292 339 358 371 384 412
 436 452 458 506 510 547 567 604 638
18 62 75 88 109 138 174 186 213 265 285 290 336 359 389 407 408
 433 474 481 507 513 553 567 596 635
36 43 61 90 110 146 160 182 228 253 280 292 345 363 370 407 421
 430 459 480 501 512 554 566 599 637
16 61 66 87 115 140 168 169 217 266 285 291 337 364 396 406 410
 435 468 478 505 510 546 568 602 629
19 47 64 97 113 124 165 178 202 278 283 307 330 353 392 402 419
 437 464 486 506 517 553 566 602 640
26 46 53 83 98 133 180 188 205 250 281 303 341 350 373 402 410
 432 455 485 502 516 554 567 598 631
28 49 57 93 95 128 195 196 221 244 286 298 341 356 370 379 439
 443 461 476 508 510 553 565 603 633
14 55 63 81 116 159 163 189 235 261 282 293 345 367 373 383 415
 426 450 453 505 518 553 569 601 639
5 48 78 104 114 121 167 172 203 271 283 306 328 348 388 400 421
 424 467 485 507 518 547 568 603 644
24 51 79 103 112 123 160 183 204 275 283 299 331 352 385 399 414
 429 477 487 508 519 546 567 601 645
11 44 58 90 99 142 192 199 211 240 286 303 340 357 374 378 438
 446 449 471 507 517 546 569 604 632
7 42 48 82 103 143 168 186 207 254 281 301 346 356 368 401 411
 425 458 486 501 515 550 569 600 630
34 54 72 92 118 149 167 178 229 259 280 288 344 367 374 406 418
 431 461 482 504 515 545 567 597 642
9 52 59 92 96 134 193 197 206 241 286 304 338 350 375 376 441
 447 456 470 505 519 547 566 596 630
10 65 74 85 118 144 176 188 215 267 285 297 334 366 391 404 409
 434 465 480 506 519 552 569 603 634
20 41 66 85 96 152 163 170 230 273 284 306 333 353 382 394 417
 436 471 474 502 515 551 565 599 645
29 41 43 91 101 131 190 194 212 243 286 300 346 355 377 380 442
 445 457 466 509 518 552 567 602 627
12 57 74 91 119 147 164 183 225 264 280 295 339 361 375 403 416
 437 449 481 502 514 548 568 600 639
21 59 75 86 99 153 162 181 234 277 284 299 332 354 377 391 415
 428 475 476 504 512 550 568 598 640
22 49 65 88 102 151 161 189 232 276 284 302 331 348 378 396 413
 427 466 473 500 516 545 566 600 646
37 44 71 94 109 148 172 184 227 263 280 293 342 358 380 404 419
 429 456 478 503 516 550 565 595 643
4 58 73 87 95 154 166 177 231 274 284 307 328 349 376 393 422
 426 465 469 501 511 548 567 595 641
35 42 69 83 117 157 177 185 236 257 282 294 344 361 381 387 417
 428 448 454 509 513 546 566 603 643
2 72 76 86 110 141 173 180 216 269 285 296 329 360 393 403 420
 425 473 479 509 517 547 565 601 628
23 50 67 98 106 122 164 187 201 270 283 305 332 349 397 401 418
 430 472 483 505 513 552 565 604 646
1 70 77 108 112 136 191 195 214 246 287 291 329 359 384 388 442
 446 453 472 503 515 548 566 598 634
38 53 70 84 111 155 166 170 239 258 282 288 342 362 368 386 413
 423 460 462 508 517 552 568 596 637
8 51 55 84 97 127 174 179 208 256 281 300 338 351 371 400 409
 435 454 484 500 512 548 565 597 632
3 40 76 89 101 120 171 185 233 272 284 305 330 352 379 389 412
 423 468 470 503 514 554 569 597 644
15 55 60 86 101 135 147 160 169 202 218 273 304 309 336 362 401
 446 482 516 535 579 580 603 617 641
8 45 48 85 119 134 151 160 194 220 235 266 307 308 342 357 390
 412 461 513 531 578 581 598 624 628
18 61 73 80 97 139 158 187 190 211 234 255 293 324 331 360 375
 423 463 515 530 576 581 603 619 631
30 60 78 91 96 132 146 176 189 204 207 244 294 326 332 359 371
 431 468 517 531 574 583 595 615 631
17 63 67 94 101 138 149 177 179 203 222 240 292 324 333 364 368
 437 473 519 533 570 583 598 621 633
9 43 58 107 113 122 127 162 175 217 226 248 306 308 344 356 389
 416 462 516 530 577 583 601 616 634
4 41 76 84 116 121 137 175 178 211 228 262 291 318 341 354 404
 441 487 513 534 570 580 600 615 638
6 48 79 94 118 141 152 189 195 205 236 264 289 323 340 349 386
 408 470 512 530 579 582 602 623 638
13 54 74 103 106 127 158 185 197 213 232 271 298 314 337 358 377
 432 453 517 536 570 582 599 624 641
27 41 57 108 114 124 129 168 185 215 229 249 302 316 342 350 393
 414 450 512 537 576 583 604 617 635
3 58 75 83 111 124 136 173 187 209 227 252 289 320 346 348 406
 439 484 519 531 575 580 599 622 639
34 44 62 98 113 129 157 166 191 216 234 279 304 317 334 363 379
 435 452 518 531 573 582 600 621 645
38 42 63 85 102 128 148 167 180 204 214 272 300 312 337 363 398
 447 481 511 530 571 580 604 618 640
2 66 74 82 104 136 157 178 196 212 233 251 292 319 332 365 369
 426 477 516 537 571 581 596 623 632
1 64 68 90 95 141 148 169 170 200 210 243 295 319 331 366 373
 424 475 513 536 573 583 597 622 630
11 49 52 105 117 121 126 166 188 213 227 246 299 311 345 351 394
 418 458 514 535 571 583 602 619 628
28 40 44 106 116 123 133 161 173 223 225 245 307 310 343 355 391
 421 454 515 532 579 583 596 618 629
10 71 76 81 98 130 156 183 199 209 232 256 288 325 333 359 370
 428 467 511 532 577 581 602 617 630
32 62 65 83 100 137 155 172 197 221 231 254 295 326 330 364 374
 436 472 512 535 572 581 601 618 627
5 47 77 92 115 138 154 170 194 207 237 253 296 318 347 352 387
 409 476 516 532 572 582 604 619 639
12 52 61 100 112 133 156 162 196 215 230 278 300 309 335 367 378
 425 460 513 533 575 582 595 620 644
25 42 46 88 115 135 153 164 195 224 238 267 306 316 345 355 385
 422 456 517 534 575 581 597 621 636
0 69 77 93 102 140 147 181 186 201 205 241 288 327 330 360 372
 429 465 518 534 578 583 599 620 632
21 40 65 82 117 122 139 174 183 206 229 261 296 322 340 353 405
 442 485 510 536 578 580 595 621 637
22 59 66 80 108 123 130 182 188 221 226 258 290 321 347 349 403
 438 486 518 533 574 580 597 624 643
26 47 56 87 110 128 152 184 192 218 239 268 305 310 344 351 388
 415 457 519 536 574 581 600 620 635
35 45 70 87 96 131 149 165 186 200 224 277 303 317 335 358 400
 443 480 514 532 576 580 601 623 646
39 56 69 89 95 142 150 164 176 203 220 276 301 314 329 367 402
 445 478 512 539 577 580 596 619 645
29 54 59 111 112 125 143 163 174 216 228 247 305 315 339 357 396
 419 455 511 539 572 583 603 623 636
24 46 67 90 109 132 151 181 193 208 239 260 291 321 346 353 383
 420 469 514 537 577 582 603 618 642
36 57 71 104 105 143 159 161 190 217 231 270 303 313 329 362 382
 433 448 519 538 578 582 597 615 640
14 53 68 88 99 134 146 179 184 201 219 274 298 313 334 361 399
 444 479 515 537 572 580 602 616 644
23 51 64 91 110 140 153 171 198 222 235 259 297 322 341 348 384
 411 471 511 535 576 582 596 616 643
37 43 72 97 114 126 155 163 199 223 233 275 301 312 336 361 376
 434 451 510 534 574 582 598 622 646
7 50 55 89 109 131 154 167 198 219 236 269 299 315 343 350 392
 413 449 510 533 573 581 599 615 634
20 49 73 81 107 125 145 168 172 212 225 257 297 323 338 352 407
 440 483 517 538 573 580 598 620 642
16 72 75 84 103 145 159 182 191 206 230 250 294 327 328 366 380
 427 464 514 539 579 581 604 616 633
31 70 79 92 99 144 150 171 180 202 208 242 293 325 328 365 381
 430 474 510 538 575 583 600 624 627
33 51 53 86 118 120 142 165 193 214 237 265 302 311 339 356 397
 417 459 518 538 570 581 595 622 629
19 50 78 93 119 120 144 177 192 210 238 263 290 320 338 354 395
 410 466 515 539 571 582 601 617 637
41 53 67 74 204 209 216 235 246 253 255 276 330 335 338 344 422
 424 433 438 510 543 550 579 594 647
47 54 65 68 205 214 226 234 244 262 269 270 333 336 338 342 411
 421 426 445 514 542 546 575 587 648
43 46 69 76 218 222 227 231 242 258 266 271 332 335 339 340 409
 414 427 447 515 540 553 573 593 648
40 45 71 77 203 215 221 236 248 250 259 274 331 336 339 346 415
 430 435 441 517 541 551 571 588 647
51 57 70 73 210 220 228 230 240 261 267 279 330 337 343 346 408
 418 428 444 516 544 547 574 590 648
44 48 60 75 208 219 229 233 241 257 268 278 329 331 345 347 410
 416 436 443 511 543 552 570 586 648
49 55 62 64 201 211 223 238 247 251 264 277 328 337 342 347 417
 425 431 442 519 540 554 577 589 647
42 58 61 79 200 206 213 239 249 256 263 273 329 332 341 343 412
 434 437 440 518 542 545 572 591 647
56 59 72 78 202 212 217 237 245 254 260 272 333 334 340 345 413
 429 432 439 513 544 548 576 592 647
50 52 63 66 207 224 225 232 243 252 265 275 328 334 341 344 419
 420 423 446 512 541 549 578 585 648
50 54 69 75 184 188 189 199 248 251 253 273 291 295 300 307 368
 379 385 405 523 538 547 576 606 650
49 53 71 79 185 186 187 198 243 262 266 278 292 296 304 306 374
 383 391 398 529 539 548 574 606 649
40 56 64 74 163 172 179 194 241 258 265 279 291 294 299 303 370
 393 395 401 527 530 545 575 607 649
43 48 63 73 164 171 173 196 246 250 260 277 288 290 302 304 371
 382 392 404 521 536 546 572 607 650
41 42 72 77 162 176 183 193 240 252 268 270 290 293 298 307 369
 386 396 400 526 535 554 573 608 649
51 52 60 65 167 168 170 191 245 255 263 274 289 292 303 305 377
 381 390 403 520 534 553 577 608 650
46 57 66 68 165 175 177 197 247 256 259 272 293 296 299 301 372
 378 388 407 522 531 552 579 609 650
44 47 70 76 160 174 181 190 249 254 264 276 294 297 298 306 373
 376 397 406 524 533 549 571 605 650
55 59 61 67 166 178 180 192 244 257 267 271 289 295 301 302 380
 384 389 399 525 532 551 578 605 649
45 58 62 78 161 169 182 195 242 261 269 275 288 297 300 305 375
 387 394 402 528 537 550 570 609 649
123 135 141 159 178 179 185 193 248 254 263 277 348 357 359 363 457
 460 465 483 502 510 560 609 619 648
129 145 148 154 164 175 181 199 244 261 265 278 348 351 362 364 455
 470 477 480 509 515 556 608 624 647
121 128 144 157 161 183 186 194 247 255 260 273 349 350 364 367 451
 459 475 484 503 517 559 605 616 648
133 136 150 153 170 174 184 197 240 257 266 275 349 356 360 363 450
 466 467 482 506 514 564 607 615 647
125 134 138 155 162 180 187 195 245 251 259 276 351 353 358 366 448
 449 468 487 501 518 555 607 617 648
139 143 147 151 167 177 188 196 242 262 268 279 352 355 358 359 462
 464 471 479 505 512 561 605 622 647
124 131 140 158 163 176 182 192 246 256 264 274 352 356 362 365 452
 456 473 485 504 513 558 606 618 648
122 132 142 156 166 169 172 198 249 250 253 272 354 355 360 361 453
 461 474 486 500 519 557 608 623 648
126 130 146 152 165 168 171 190 241 252 269 271 354 357 366 367 454
 469 472 481 508 516 562 606 621 647
120 127 137 149 160 173 189 191 243 258 267 270 350 353 361 365 458
 463 476 478 507 511 563 609 620 647
41 55 71 78 88 92 100 111 122 128 141 158 165 181 188 191 220
 222 225 233 501 527 546 564 591 626
47 52 69 73 84 101 106 118 129 136 146 151 163 180 183 198 200
 217 221 238 507 522 550 560 586 626
43 51 68 75 82 102 105 119 130 133 149 154 172 176 185 195 202
 211 216 239 505 524 551 559 585 626
40 42 62 67 87 91 97 108 125 142 144 159 160 170 175 196 205
 219 227 232 504 529 547 562 592 626
49 56 61 77 86 94 103 116 124 132 134 157 167 171 174 199 210
 224 226 231 502 528 552 563 594 626
50 57 60 76 83 99 112 115 127 139 148 152 166 182 186 193 203
 212 223 235 506 521 545 555 587 626
48 54 66 70 81 95 109 113 126 137 147 153 161 179 187 192 204
 206 215 237 509 520 554 557 593 626
45 59 74 79 89 90 98 107 121 135 140 155 173 177 184 190 207
 214 229 230 500 526 553 556 589 626
53 58 64 72 85 93 104 117 123 131 138 156 164 168 189 197 208
 218 228 234 503 525 549 561 588 626
44 46 63 65 80 96 110 114 120 143 145 150 162 169 178 194 201
 209 213 236 508 523 548 558 590 626
17 24 62 104 158 199 230 241 263 302 315 344 355 373 386 411 430
 468 476 506 522 548 559 580 593 628
12 18 56 85 135 165 219 251 270 289 321 341 352 374 376 427 435
 453 467 509 521 550 559 583 590 637
15 30 57 113 133 163 213 243 276 289 322 347 354 368 400 430 447
 465 479 503 528 546 556 581 592 642
21 32 63 95 146 186 202 256 257 305 311 342 355 369 406 427 438
 463 487 502 527 547 556 582 588 634
11 20 77 91 141 177 208 249 258 304 313 337 367 389 405 421 439
 455 487 506 520 550 558 581 585 646
25 38 40 107 124 188 228 269 276 293 327 332 364 390 399 417 443
 457 482 507 521 548 557 582 585 630
5 26 73 82 137 182 209 263 266 298 317 336 367 384 385 417 420
 449 470 500 527 552 561 583 592 640
21 28 67 92 140 189 210 247 252 303 314 336 363 394 404 414 440
 462 486 509 524 548 555 581 586 644
32 34 42 86 131 184 220 250 271 297 320 347 353 370 378 423 433
 451 477 505 520 548 560 583 587 638
7 15 41 117 125 173 226 266 272 295 324 328 359 397 402 415 444
 456 480 508 520 545 559 582 586 632
4 10 60 102 150 179 200 251 261 306 310 339 350 380 407 423 439
 472 486 504 526 546 561 582 594 628
27 36 50 118 153 194 239 245 271 293 319 330 359 376 394 416 425
 452 455 500 529 546 563 580 588 633
28 34 46 119 152 198 237 246 270 294 325 331 364 377 389 419 434
 450 460 501 528 547 561 580 589 632
24 25 65 84 130 187 212 264 265 301 313 335 363 387 392 410 415
 461 471 503 526 547 563 583 591 641
14 33 58 108 121 174 225 268 277 292 325 330 366 385 401 413 447
 461 478 509 522 551 558 582 587 631
0 5 61 98 159 197 233 243 260 307 316 339 351 381 395 408 431
 471 473 508 524 550 557 580 587 634
0 39 52 114 127 161 216 244 277 291 320 340 352 373 398 437 444
 474 482 501 526 552 562 581 588 643
18 20 69 99 149 169 204 252 254 302 308 343 351 370 403 426 441
 464 485 503 529 552 564 582 589 636
1 23 72 100 157 190 232 242 253 299 310 342 356 371 383 410 437
 465 470 507 520 551 555 580 590 636
9 37 51 115 151 192 236 247 278 288 324 332 366 379 393 421 433
 453 458 502 526 549 564 580 592 627
1 14 43 106 143 166 215 240 273 296 321 338 348 381 402 429 443
 468 481 504 527 549 563 581 589 638
10 36 55 87 134 164 214 255 275 296 323 346 354 369 379 432 436
 460 464 507 524 545 558 583 593 643
3 9 64 94 144 181 207 245 262 300 317 329 361 396 407 418 438
 450 485 508 521 551 560 581 593 641
23 33 75 81 139 178 221 260 269 303 309 337 361 386 388 409 412
 456 466 501 529 549 556 583 594 645
7 19 76 80 136 172 206 259 268 300 314 334 362 383 390 408 422
 459 476 502 525 546 562 583 589 646
13 29 48 110 154 193 238 249 275 295 327 333 365 378 391 418 435
 448 462 503 527 553 562 580 594 631
17 38 44 112 126 185 217 242 274 290 323 341 353 372 401 431 445
 475 480 500 525 547 564 581 594 639
4 27 78 90 138 171 205 248 257 298 312 335 362 391 403 419 442
 458 484 505 522 545 557 581 590 645
26 39 49 111 123 175 229 267 274 294 319 333 360 392 400 412 446
 459 481 505 523 550 555 582 593 627
2 13 45 88 142 167 218 254 278 291 322 338 349 380 382 428 434
 452 463 508 522 554 555 583 585 639
6 8 66 83 145 183 211 253 267 304 312 329 358 395 397 411 413
 457 469 504 528 553 564 583 588 644
8 35 59 116 122 168 227 265 273 288 326 331 365 388 398 422 445
 449 479 506 524 554 560 582 590 633
6 31 74 97 156 191 231 244 259 306 311 343 357 368 387 420 429
 466 475 505 521 554 558 580 586 635
22 29 79 93 132 170 222 246 261 301 309 334 358 393 406 416 441
 454 483 507 523 554 559 581 587 640
2 22 70 101 148 176 201 250 262 299 316 344 357 375 405 436 440
 467 484 501 525 553 563 582 592 629
31 35 54 105 129 162 223 241 272 297 318 346 349 371 399 424 446
 473 478 502 529 553 561 581 591 637
16 37 53 89 128 160 224 256 279 290 318 340 348 375 377 425 426
 448 472 506 523 551 557 583 586 642
3 16 68 96 147 180 203 255 258 307 315 345 356 374 404 428 442
 477 483 500 528 549 562 582 591 635
19 30 71 103 155 196 234 240 264 305 308 345 350 372 384 409 424
 469 474 509 523 545 560 580 585 629
11 12 47 109 120 195 235 248 279 292 326 328 360 382 396 414 432
 451 454 504 525 552 556 580 591 630
