625 626 627 628 629 630 631 632 633 634 635 636 637 638 639 640 641
 642 643 644 645 646 647 648 649 650
275 277 281 282 292 295 297 298 300 301 315 319 320 322 324 326 339
 340 342 354 555 557 565 567 569 630
276 278 279 280 293 294 296 299 302 303 316 317 318 321 323 325 341
 343 344 353 556 558 564 566 568 630
289 290 291 308 309 310 311 312 313 314 333 334 335 336 337 338 349
 350 351 352 563 570 571 572 573 630
283 284 285 286 287 288 304 305 306 307 327 328 329 330 331 332 345
 346 347 348 559 560 561 562 574 630
51 54 59 62 89 91 92 95 97 98 105 116 119 121 122 138 140
 142 143 145 147 161 164 165 168 630
65 68 70 75 79 81 82 84 85 99 104 117 118 120 123 137 139
 141 144 146 148 162 163 166 167 630
55 57 63 66 74 76 78 83 90 94 100 103 110 113 115 127 128
 131 132 135 136 155 156 159 173 630
52 58 60 69 71 73 80 87 88 96 101 102 111 112 114 125 126
 129 130 133 134 157 158 160 174 630
50 53 56 61 64 67 72 77 86 93 106 107 108 109 124 149 150
 151 152 153 154 169 170 171 172 630
18 19 40 41 42 43 44 45 46 47 361 362 363 364 379 404 405
 406 407 408 409 424 425 426 427 630
0 2 5 7 21 24 25 26 27 30 356 358 365 368 370 380 383
 386 388 390 391 411 412 414 428 630
1 3 4 6 20 22 23 28 29 31 355 357 366 367 369 381 382
 384 385 387 389 410 413 415 429 630
13 14 15 16 17 32 33 34 35 48 360 371 373 376 377 392 396
 397 399 400 403 416 418 421 422 630
8 9 10 11 12 36 37 38 39 49 359 372 374 375 378 393 394
 395 398 401 402 417 419 420 423 630
430 433 436 439 441 444 447 450 453 455 495 496 499 500 502 529 530
 531 532 543 544 545 546 547 554 630
432 434 438 440 443 446 449 451 454 457 494 497 498 501 503 525 526
 527 528 548 549 550 551 552 553 630
460 462 463 467 468 470 472 474 477 478 480 486 489 490 493 506 507
 509 511 514 516 517 520 522 523 630
458 459 461 464 466 469 471 473 476 479 481 487 488 491 492 505 508
 510 512 513 515 518 519 521 524 630
431 435 437 442 445 448 452 456 465 475 482 483 484 485 504 533 534
 535 536 537 538 539 540 541 542 630
600 601 602 603 604 605 606 607 608 609 610 611 612 613 614 615 616
 617 618 619 620 621 622 623 624 630
106 110 111 116 117 361 365 366 371 372 480 481 494 495 504 559 564
 565 570 575 585 586 587 588 604 627
109 114 115 122 123 357 358 377 378 379 485 492 493 502 503 557 558
 562 563 584 595 596 597 598 604 629
108 112 113 120 121 355 356 359 360 364 484 490 491 500 501 555 556
 573 574 583 591 592 593 594 604 625
102 103 118 119 124 363 369 370 375 376 483 488 489 498 499 561 568
 569 572 578 579 580 581 582 604 626
100 101 104 105 107 362 367 368 373 374 482 486 487 496 497 560 566
 567 571 576 577 589 590 599 604 628
127 130 138 162 170 225 253 254 255 273 327 334 340 341 356 363 366
 374 377 506 510 527 534 547 600 637
133 136 144 168 171 252 270 271 272 274 330 337 342 343 355 363 365
 373 378 520 524 531 538 549 601 640
126 141 151 164 173 249 250 251 268 269 315 318 346 349 355 358 362
 372 376 508 511 528 533 545 600 639
125 139 140 156 169 246 247 248 266 267 320 333 345 353 357 359 361
 370 373 505 514 526 536 544 600 638
129 149 155 161 163 243 244 245 264 265 316 329 339 350 360 365 367
 375 379 507 513 525 535 546 600 634
132 147 154 166 174 240 241 242 262 263 323 326 338 347 356 357 362
 371 375 516 521 529 542 550 601 632
131 145 146 158 172 237 238 239 260 261 321 336 348 354 358 360 361
 369 374 518 523 530 541 548 601 636
135 152 160 165 167 234 235 236 258 259 322 331 344 351 359 366 368
 376 379 515 517 532 540 551 601 631
128 137 142 150 157 230 231 232 233 257 317 319 328 335 364 368 369
 371 378 509 512 537 543 553 600 633
134 143 148 153 159 226 227 228 229 256 324 325 332 352 364 367 370
 372 377 519 522 539 552 554 601 635
69 74 75 89 93 321 342 347 351 386 407 413 420 421 505 506 525
 533 543 578 585 591 595 599 603 635
64 66 70 95 96 332 338 344 354 391 403 409 415 423 513 514 528
 537 547 577 582 583 588 598 603 640
67 88 94 97 99 325 326 337 348 389 390 402 422 427 511 512 527
 536 546 575 581 590 594 597 603 631
68 73 77 90 92 324 331 336 343 388 400 401 426 429 509 510 526
 535 545 576 580 584 587 593 603 632
65 71 72 76 91 322 323 330 352 387 398 399 408 414 507 508 534
 544 553 579 586 589 592 596 603 636
55 58 59 79 86 320 335 341 346 385 406 412 418 419 523 524 532
 542 552 580 588 592 597 599 602 634
53 78 84 87 98 318 319 345 350 383 384 397 417 425 521 522 531
 541 551 575 582 589 593 595 602 637
54 57 61 80 85 317 329 340 349 382 395 396 424 428 519 520 530
 540 550 577 578 584 586 594 602 638
50 52 62 82 83 328 334 339 353 381 394 405 411 416 517 518 529
 539 549 576 581 583 585 596 602 639
51 56 60 63 81 315 316 327 333 380 392 393 404 410 515 516 538
 548 554 579 587 590 591 598 602 633
8 20 21 40 48 102 107 110 120 122 232 244 246 255 269 322 325
 336 347 431 436 440 459 467 602 640
17 30 31 47 49 103 107 111 121 123 227 235 237 263 271 316 319
 334 346 445 451 453 470 476 603 638
3 12 25 35 43 101 106 113 119 123 233 245 247 250 273 342 344
 348 352 430 434 462 465 466 602 632
11 18 23 24 34 105 108 111 115 118 225 230 248 251 264 326 332
 343 351 435 439 443 461 478 602 636
7 16 29 39 46 100 106 112 118 122 228 236 238 241 274 339 341
 345 349 446 447 471 475 477 603 633
15 19 27 28 38 104 108 110 114 119 226 239 242 252 258 318 328
 333 340 448 454 455 472 479 603 634
2 10 22 33 42 100 114 117 121 124 231 243 249 254 267 321 324
 330 338 432 437 441 460 464 602 631
6 14 26 37 45 101 115 116 120 124 229 234 240 261 270 317 320
 327 350 444 452 457 469 474 603 639
0 1 9 32 41 103 104 109 112 116 253 257 265 266 268 323 331
 337 354 433 438 442 458 463 602 635
4 5 13 36 44 102 105 109 113 117 256 259 260 262 272 315 329
 335 353 449 450 456 468 473 603 637
158 159 165 166 171 187 210 214 218 221 318 327 335 339 386 402 403
 408 429 434 437 439 458 467 604 638
156 157 163 164 170 178 195 199 203 206 326 330 336 344 385 394 397
 404 428 447 452 454 468 476 604 635
136 147 148 160 172 186 191 209 217 220 315 317 334 345 391 399 401
 413 427 438 441 459 465 478 604 634
130 141 142 155 169 177 182 194 202 205 323 324 348 351 381 393 396
 412 425 450 457 470 475 479 604 640
134 135 146 154 168 192 211 212 215 219 340 346 350 353 387 390 400
 407 423 431 433 443 462 464 604 633
132 133 145 153 167 184 185 188 189 224 316 320 328 349 388 389 398
 409 421 432 435 436 463 466 604 637
128 129 140 151 162 183 196 197 200 204 343 347 352 354 380 384 395
 406 416 445 449 455 471 474 604 631
126 127 139 150 161 175 176 179 180 223 321 322 332 337 382 383 392
 405 419 444 448 451 473 477 604 632
131 143 144 152 174 190 208 213 216 222 319 329 333 341 414 415 420
 422 426 430 440 442 460 461 604 639
125 137 138 149 173 181 193 198 201 207 325 331 338 342 410 411 417
 418 424 446 453 456 469 472 604 636
65 67 74 92 96 227 234 238 242 272 410 416 419 425 428 436 443
 458 460 465 555 559 563 566 600 626
66 71 77 89 99 229 237 241 252 259 384 392 394 412 424 432 439
 442 459 462 556 562 569 571 600 627
68 76 88 93 95 256 258 261 263 274 382 393 397 406 411 431 434
 441 461 463 560 565 568 573 600 629
69 70 72 90 97 228 235 239 262 270 381 383 395 404 418 433 437
 440 466 478 558 561 567 570 600 625
64 73 75 91 94 226 236 240 260 271 380 385 396 405 417 430 435
 438 464 467 557 564 572 574 600 628
51 53 58 83 85 232 243 247 251 253 414 421 423 427 429 451 455
 468 469 475 556 559 567 572 601 629
52 61 63 79 98 225 231 246 250 265 390 398 403 413 426 444 454
 456 470 471 555 562 568 570 601 628
55 56 62 80 84 233 244 248 254 268 389 391 400 408 420 449 452
 453 477 479 557 561 566 573 601 627
54 60 78 82 86 257 264 267 269 273 388 399 402 407 415 445 447
 457 472 473 560 563 564 569 601 625
50 57 59 81 87 230 245 249 255 266 386 387 401 409 422 446 448
 450 474 476 558 565 571 574 601 626
175 182 188 192 199 201 204 209 213 218 225 229 232 235 242 245 260
 267 268 274 580 585 589 594 598 630
179 183 184 191 194 198 203 214 216 219 227 231 236 244 251 252 261
 262 266 273 578 588 590 593 596 630
178 185 190 193 197 205 211 217 221 223 233 234 239 241 246 249 253
 256 264 271 577 581 587 592 595 630
176 181 187 196 202 206 208 212 220 224 228 237 240 243 248 250 255
 257 258 272 576 582 586 591 597 630
177 180 186 189 195 200 207 210 215 222 226 230 238 247 254 259 263
 265 269 270 575 579 583 584 599 630
6 7 13 38 47 70 71 92 93 94 231 245 248 253 269 289 293
 295 305 515 522 530 542 549 604 650
2 3 9 34 40 62 63 85 86 87 229 236 239 263 272 300 303
 306 314 507 512 526 533 547 604 648
5 17 19 29 37 64 65 88 89 90 230 243 246 268 273 277 283
 296 309 520 521 532 539 548 604 644
1 8 18 25 33 50 51 78 79 80 226 234 237 262 274 279 286
 301 312 510 511 525 537 544 604 641
12 22 24 41 48 59 60 61 83 84 228 242 259 261 271 280 288
 291 298 508 514 527 535 543 604 643
16 26 28 44 49 75 76 77 96 97 233 251 255 265 267 275 284
 294 310 516 518 531 540 552 604 649
4 15 30 39 45 72 73 74 95 99 232 250 254 264 266 276 285
 290 292 519 523 529 538 551 604 646
0 11 20 35 42 56 57 58 82 98 227 241 258 260 270 281 287
 299 313 505 509 528 534 546 604 647
14 27 31 36 46 66 67 68 69 91 225 244 247 249 257 278 297
 304 308 517 524 541 550 554 604 645
10 21 23 32 43 52 53 54 55 81 235 238 240 252 256 282 302
 307 311 506 513 536 545 553 604 642
11 22 25 32 40 90 91 93 96 99 178 179 200 201 202 317 333
 339 346 482 491 493 494 499 601 637
15 26 29 36 47 80 81 83 86 98 187 188 215 216 217 324 337
 344 347 482 490 492 495 498 600 636
1 12 21 34 42 66 72 75 88 92 175 193 194 195 196 319 327
 349 353 481 483 490 497 502 601 634
5 16 31 38 45 52 56 59 78 85 184 208 209 210 211 325 330
 351 354 480 483 491 496 503 600 632
2 8 23 35 41 65 69 77 94 95 182 183 206 207 223 318 320
 329 334 480 485 487 498 500 601 633
6 17 27 39 44 51 55 61 82 87 191 192 221 222 224 321 326
 331 352 481 485 486 499 501 600 640
4 7 14 19 49 50 54 58 63 84 189 190 218 219 220 323 332
 336 342 484 487 489 494 502 600 631
0 3 10 18 48 64 68 71 74 97 180 181 203 204 205 315 328
 341 350 484 486 488 495 503 601 638
9 20 24 33 43 67 70 73 76 89 176 177 197 198 199 316 335
 340 345 489 492 496 501 504 601 639
13 28 30 37 46 53 57 60 62 79 185 186 212 213 214 322 338
 343 348 488 493 497 500 504 600 635
68 72 89 94 96 210 213 217 219 224 279 282 287 291 357 360 363
 368 372 450 451 452 471 472 602 648
54 56 79 83 87 195 198 202 204 223 277 278 285 289 358 359 363
 367 371 436 437 438 461 462 603 649
58 61 62 78 81 179 196 199 205 207 284 290 293 297 356 369 372
 373 379 441 442 443 466 467 603 644
70 74 77 88 91 188 211 214 220 222 288 300 302 312 355 370 371
 374 379 455 456 457 476 477 602 647
65 66 73 93 97 185 191 208 215 218 280 301 306 313 359 362 365
 369 377 444 445 446 468 479 602 642
51 52 57 84 86 176 182 193 200 203 275 296 305 308 360 362 366
 370 378 430 431 432 458 478 603 646
53 59 63 80 82 175 177 178 181 183 292 294 304 309 355 361 368
 375 377 439 440 463 464 465 603 650
67 71 75 90 95 184 186 187 190 192 298 299 307 314 356 361 367
 376 378 453 454 473 474 475 602 641
64 69 76 92 99 189 209 212 216 221 281 286 303 311 358 364 366
 373 375 447 448 449 469 470 602 643
50 55 60 85 98 180 194 197 201 206 276 283 295 310 357 364 365
 374 376 433 434 435 459 460 603 645
10 20 25 34 41 127 140 141 149 157 184 212 217 218 222 521 523
 540 549 554 562 565 566 572 603 625
14 29 30 38 44 133 146 147 152 159 175 197 202 203 207 505 511
 535 547 553 562 564 567 573 602 626
13 19 26 31 39 131 153 160 166 168 178 180 182 196 198 506 508
 526 537 546 566 569 570 574 602 629
9 18 21 22 35 125 150 155 162 164 187 189 191 211 213 516 524
 530 539 551 563 567 568 574 603 627
0 12 23 33 40 130 137 151 156 161 190 209 214 215 224 517 519
 531 542 548 556 557 560 570 603 626
4 16 27 37 47 136 143 154 158 167 181 194 199 200 223 509 513
 527 533 544 555 558 560 572 602 627
3 8 24 32 42 129 139 142 170 173 185 192 210 216 220 518 522
 532 538 550 555 561 564 571 603 629
7 17 28 36 45 135 145 148 171 174 176 183 195 201 205 512 514
 525 534 545 556 561 563 565 602 628
1 2 11 43 48 126 128 138 163 169 186 188 208 219 221 515 520
 529 541 552 558 559 569 573 603 628
5 6 15 46 49 132 134 144 165 172 177 179 193 204 206 507 510
 528 536 543 557 559 568 571 602 625
144 145 154 159 160 225 233 243 266 269 279 298 306 311 381 392 406
 417 428 480 482 488 501 502 603 647
125 128 141 161 170 236 237 242 256 270 285 296 297 310 390 401 408
 415 421 483 487 493 495 501 602 650
132 148 152 158 168 232 248 249 265 273 282 288 303 313 383 385 393
 416 424 485 489 491 495 497 603 641
133 135 143 166 172 231 247 255 264 268 280 281 307 312 380 382 394
 418 425 487 490 499 503 504 603 648
126 142 149 156 162 227 239 240 259 274 278 284 295 309 386 389 399
 423 426 485 488 490 494 496 602 646
131 134 147 167 171 245 246 251 254 257 287 301 302 314 384 396 404
 411 419 483 486 492 494 500 603 643
138 139 151 155 157 228 234 252 260 263 277 290 294 305 391 398 407
 422 429 481 482 489 500 503 602 645
127 129 137 164 169 229 238 258 262 271 275 276 289 304 387 388 403
 420 427 486 491 498 502 504 602 644
130 140 150 163 173 226 235 241 261 272 283 292 293 308 400 402 409
 413 414 480 484 492 497 499 602 649
136 146 153 165 174 230 244 250 253 267 286 291 299 300 395 397 405
 410 412 481 484 493 496 498 603 642
48 49 98 99 124 173 174 223 224 273 274 314 353 354 379 428 429
 478 479 504 553 554 574 599 624 650
39 48 57 93 121 129 167 206 209 226 233 278 327 337 361 412 415
 443 456 489 521 545 567 596 617 648
33 49 72 83 116 148 157 181 192 238 246 293 329 351 362 380 389
 434 448 493 524 547 569 593 617 647
0 49 59 88 100 146 150 186 198 229 264 279 333 347 366 396 408
 466 468 485 545 549 555 582 613 645
3 49 51 94 117 130 153 195 211 242 257 281 343 345 376 386 424
 440 444 482 513 523 573 596 605 644
18 49 62 67 114 136 163 202 216 260 269 288 320 352 368 382 403
 433 446 483 506 521 556 587 607 646
21 39 76 86 119 139 174 207 218 231 237 309 315 343 367 396 409
 433 452 491 517 527 559 595 606 647
31 35 60 93 118 145 173 203 222 229 246 290 323 340 368 401 405
 437 449 490 513 531 559 597 609 641
42 49 69 79 119 127 154 188 203 248 256 292 317 331 365 384 422
 467 475 496 508 548 563 583 608 648
27 48 77 85 103 134 164 175 216 240 264 305 335 342 359 381 409
 441 471 493 534 548 566 575 605 641
31 48 79 92 106 135 157 191 197 243 270 302 332 333 356 402 424
 450 463 498 518 533 557 589 606 646
35 39 62 70 107 156 158 193 208 242 251 311 317 324 363 380 387
 463 473 484 525 532 562 575 624 645
33 37 59 75 109 127 133 205 220 235 244 313 318 326 364 411 415
 462 471 482 526 530 559 579 624 646
32 36 51 65 108 155 160 197 212 229 231 291 341 342 361 383 389
 467 476 483 528 529 560 584 624 649
34 38 54 68 106 128 134 178 187 260 266 312 316 322 362 412 413
 460 469 485 527 531 561 583 624 644
22 49 70 87 105 131 149 205 209 247 252 283 322 349 377 390 406
 452 458 498 509 529 564 591 619 641
44 48 54 67 111 131 137 200 212 236 253 292 318 330 357 391 393
 444 466 490 525 539 571 580 614 647
34 36 55 64 119 126 166 202 213 253 270 294 336 345 379 387 411
 432 445 480 519 543 555 590 617 641
32 37 77 78 105 125 146 176 218 249 263 276 328 352 363 413 428
 440 475 490 515 546 557 588 617 643
35 38 63 67 122 130 144 188 196 259 264 296 338 346 364 383 429
 438 452 486 518 544 565 578 617 642
2 39 96 98 110 148 149 189 203 235 253 280 335 348 355 392 407
 461 474 483 544 550 557 576 613 644
3 38 65 80 121 135 151 193 213 261 265 285 326 335 373 388 405
 459 475 494 506 554 558 582 619 647
19 33 62 93 101 132 139 187 195 227 264 275 331 341 355 390 395
 450 459 480 541 553 572 598 614 643
4 33 52 77 120 155 168 179 186 242 253 309 319 344 358 402 406
 435 446 486 505 554 561 586 609 648
0 37 61 66 121 160 162 177 188 251 272 289 325 339 357 397 407
 430 448 487 523 553 561 587 606 641
19 34 60 94 124 144 164 205 215 232 237 307 339 352 366 391 419
 456 463 496 505 550 558 593 612 649
7 35 55 88 124 141 143 178 209 262 265 298 328 343 359 407 410
 451 467 492 541 547 571 586 622 646
6 48 72 80 123 127 147 189 198 249 260 310 339 343 370 423 425
 442 454 480 512 532 560 591 609 642
2 49 56 90 122 133 141 180 213 240 266 308 340 344 369 416 427
 439 456 481 522 525 560 592 606 643
4 32 85 97 124 126 131 193 214 226 248 299 334 347 368 398 425
 447 462 501 524 535 565 598 606 644
27 34 78 96 107 139 165 188 197 254 261 281 323 329 378 385 427
 446 462 488 539 545 570 591 622 650
33 45 87 90 106 142 146 189 193 225 258 288 315 337 357 394 414
 445 467 500 513 552 566 578 612 650
23 39 59 66 120 126 152 200 217 243 260 300 323 328 373 390 404
 434 453 504 510 522 563 578 605 649
38 42 51 77 101 131 141 181 219 230 235 306 337 339 356 385 399
 436 449 504 514 519 568 595 607 645
35 45 51 64 112 159 163 177 220 249 252 295 347 353 369 388 419
 453 461 493 527 540 570 589 614 648
23 36 60 75 122 136 169 178 218 227 254 305 350 354 371 414 424
 448 466 501 511 532 568 576 619 648
21 38 62 73 113 167 170 183 222 249 274 299 332 350 357 418 427
 458 470 482 543 548 569 586 613 649
47 48 52 76 108 148 161 178 222 268 272 287 320 338 369 386 395
 462 475 502 510 551 564 590 612 645
30 48 63 69 109 145 162 192 193 230 252 301 344 345 372 382 408
 457 460 491 542 546 572 576 622 649
29 35 84 91 108 129 136 184 205 255 263 279 331 335 358 404 423
 444 460 497 519 536 569 585 606 650
37 43 93 98 112 135 137 184 196 242 254 286 315 336 370 381 422
 439 451 485 507 524 564 577 607 649
35 46 74 80 109 138 167 197 210 240 267 306 319 336 367 390 393
 448 478 499 508 549 556 588 612 644
38 43 82 96 116 153 156 194 218 243 271 297 341 347 358 382 400
 456 478 500 512 551 571 579 608 641
7 33 64 82 115 138 158 182 184 233 272 285 322 333 372 384 427
 433 476 490 535 550 568 599 605 642
18 36 73 85 121 128 152 179 192 241 255 277 318 348 370 399 410
 452 463 502 513 549 570 599 608 643
2 4 51 66 118 125 172 202 210 271 273 284 322 350 364 395 422
 454 463 492 542 545 566 585 615 647
3 5 61 70 103 143 157 202 219 254 274 275 318 347 361 392 401
 435 469 497 517 546 563 592 612 642
1 38 90 98 123 125 171 177 185 229 255 282 321 329 371 391 406
 443 447 484 508 517 572 590 605 646
27 42 70 83 102 138 153 190 206 236 268 279 348 350 373 413 419
 439 445 491 516 553 565 584 609 646
5 32 73 83 106 137 168 205 213 227 269 300 321 327 375 384 409
 454 478 487 540 544 573 597 622 645
22 36 62 76 118 154 157 180 190 235 250 301 325 327 360 388 425
 438 455 485 505 520 571 588 605 650
39 41 54 64 102 132 162 176 214 229 247 287 319 351 365 400 410
 441 454 482 511 518 558 592 607 650
5 35 72 81 100 140 160 201 214 237 253 304 326 350 378 382 426
 436 479 489 533 552 564 583 605 643
26 34 79 93 110 133 142 199 219 228 249 283 334 354 375 408 410
 430 473 486 536 551 556 584 605 647
37 41 71 81 122 155 171 198 209 239 250 275 332 353 368 385 421
 445 460 499 510 550 573 575 608 647
32 46 72 98 102 136 141 207 208 233 261 277 316 332 366 386 394
 455 464 486 526 542 563 594 614 641
7 42 59 73 110 144 169 214 223 257 263 310 315 344 360 389 395
 443 469 499 506 539 562 589 616 641
3 45 57 75 111 138 172 199 224 256 269 309 323 339 359 383 400
 455 460 498 524 537 562 590 613 643
0 28 54 94 123 126 154 196 222 234 244 283 324 335 361 394 421
 446 478 491 538 547 568 589 615 643
7 22 53 75 113 126 147 206 216 229 230 297 316 331 363 402 416
 431 479 503 523 544 570 577 612 647
3 30 83 89 104 149 160 200 208 249 262 307 320 336 364 396 402
 443 477 481 531 534 568 598 608 650
6 33 81 95 107 125 159 178 219 257 259 303 348 349 365 405 420
 455 478 503 521 534 555 580 606 649
0 31 77 81 113 133 138 194 212 226 232 298 321 345 362 395 403
 452 461 494 507 532 563 581 610 650
7 23 57 97 117 133 170 177 187 246 261 286 319 352 379 392 423
 438 472 491 529 533 566 580 608 645
4 25 67 82 100 134 142 203 208 263 268 282 327 343 379 417 421
 448 459 498 514 530 570 592 610 649
7 10 80 91 103 153 163 191 207 232 239 296 327 351 357 406 422
 462 473 504 528 531 555 576 620 643
1 19 52 67 117 127 145 207 213 228 251 303 347 350 359 399 412
 434 476 499 509 538 557 577 611 650
0 46 85 90 111 145 149 220 223 231 242 294 327 352 373 385 420
 431 450 492 511 551 569 583 618 642
1 37 58 99 119 132 150 192 197 236 269 304 324 334 360 386 404
 456 461 503 514 531 566 586 619 642
24 37 51 69 103 166 169 179 215 233 260 302 330 349 367 416 426
 459 472 484 547 551 565 597 613 650
20 39 52 68 116 159 170 188 223 230 262 284 333 342 376 391 425
 445 464 497 507 530 556 597 619 643
34 47 59 77 114 135 162 180 224 246 262 297 317 348 367 414 417
 447 458 489 528 538 573 585 614 642
23 46 87 93 104 147 155 180 188 237 273 299 330 335 372 380 400
 440 469 502 514 540 555 581 611 646
25 36 54 71 115 144 151 194 210 242 246 303 331 334 369 397 409
 464 477 504 546 552 567 591 613 646
28 32 64 87 117 128 165 194 215 264 274 308 320 325 356 404 420
 451 465 489 508 530 562 576 609 647
24 36 50 94 116 134 163 200 209 258 273 290 319 321 355 408 418
 436 475 488 516 526 562 577 606 642
26 33 57 71 108 147 163 218 223 236 247 282 325 346 374 381 426
 449 463 481 538 543 563 582 622 644
32 44 58 66 107 140 166 186 223 228 245 286 340 351 355 388 417
 452 460 495 512 548 568 596 612 646
39 40 84 88 105 172 173 183 213 234 257 295 316 330 356 381 403
 448 462 495 505 552 572 584 608 642
25 38 53 74 105 137 158 192 195 228 244 310 320 323 366 392 426
 441 445 492 520 528 574 581 606 648
29 34 58 67 104 143 156 183 210 233 235 289 315 321 365 398 424
 431 457 493 510 529 574 582 609 643
30 32 67 84 113 161 174 191 204 246 258 284 324 349 374 385 407
 439 469 480 537 549 558 579 605 648
28 34 82 89 109 130 132 216 223 238 250 280 330 350 370 401 406
 453 467 494 515 537 567 594 606 645
1 30 65 86 110 130 168 181 184 247 260 295 317 332 379 397 420
 437 471 501 516 545 571 581 612 643
6 21 59 90 104 153 157 176 215 241 251 285 334 342 379 393 403
 449 460 488 541 544 564 594 615 648
5 43 62 69 115 146 149 178 191 226 255 289 319 323 376 419 429
 432 471 495 514 538 560 594 616 647
1 46 55 70 114 140 152 182 187 230 271 290 315 325 375 421 428
 444 462 494 518 534 560 593 613 648
31 43 50 88 120 136 142 204 215 236 248 294 329 338 372 388 392
 454 458 499 523 534 567 595 624 643
4 40 81 94 114 147 149 176 192 233 270 312 341 354 359 388 397
 439 470 497 508 539 559 578 620 645
0 47 87 91 115 141 152 183 185 228 254 311 342 353 360 382 402
 454 459 496 516 537 559 580 617 644
19 21 80 97 100 137 154 179 221 247 272 291 316 354 376 385 401
 457 461 500 522 534 562 585 617 646
18 31 84 90 101 143 151 188 206 238 253 313 322 353 375 386 396
 441 472 501 512 538 562 588 620 649
2 19 76 81 112 143 170 193 224 244 260 276 346 351 371 384 402
 444 465 488 514 549 567 584 618 641
2 46 52 89 103 139 171 190 194 258 269 312 317 326 377 410 423
 449 466 495 523 535 574 589 617 649
6 43 66 79 102 145 170 181 209 263 264 291 318 324 378 414 416
 433 477 494 505 540 574 590 620 644
5 22 55 92 123 158 169 207 220 236 264 287 337 340 362 397 398
 440 474 488 537 554 556 585 608 649
6 24 64 85 110 160 161 183 187 238 267 301 323 346 363 394 422
 456 466 497 509 554 573 595 610 646
2 29 72 79 115 164 174 179 220 245 259 281 325 328 361 393 400
 445 458 501 506 531 572 577 610 645
1 27 63 95 120 151 174 180 212 227 233 288 339 351 363 401 418
 432 468 492 530 536 564 589 608 644
14 22 65 98 109 134 156 198 221 237 269 294 328 351 356 395 427
 430 477 497 513 538 565 580 623 648
10 31 73 82 119 155 172 190 201 251 259 286 320 337 371 408 428
 431 471 497 522 547 558 591 614 644
10 19 61 95 111 146 173 194 208 245 270 304 322 335 370 389 416
 438 447 482 510 516 556 595 622 648
4 10 57 89 123 150 174 178 215 225 228 295 318 331 373 380 427
 436 457 483 507 518 573 588 621 641
23 47 63 99 112 153 164 204 208 234 247 310 321 340 378 399 411
 450 467 497 521 535 561 588 613 647
27 40 71 98 113 150 166 193 219 238 243 290 320 343 377 393 415
 438 476 496 511 540 561 585 616 643
20 27 50 99 115 125 145 196 214 235 265 277 330 341 362 396 423
 465 473 498 522 543 573 587 612 648
25 31 76 98 117 129 152 181 186 239 266 305 326 349 363 400 419
 457 467 487 539 543 556 598 615 642
36 40 59 72 111 139 159 191 206 265 274 307 338 340 358 384 421
 430 457 484 509 515 566 581 607 644
20 37 54 74 104 129 172 207 221 248 274 298 344 346 377 405 414
 432 450 483 512 516 570 593 605 645
24 29 62 74 120 130 171 189 206 231 256 304 333 354 362 399 417
 451 462 481 540 546 558 580 615 641
23 26 56 68 100 129 165 176 191 242 269 292 348 353 364 398 418
 442 476 494 520 547 572 595 612 641
20 26 78 91 118 134 150 195 224 252 253 306 315 338 361 416 420
 434 470 487 532 535 558 594 608 646
21 28 84 93 103 140 158 198 224 225 270 300 329 344 364 399 419
 464 475 503 511 529 571 587 610 644
6 40 53 69 117 135 140 199 210 227 250 296 328 337 374 391 396
 446 461 502 516 535 569 592 624 641
28 41 56 73 118 131 138 175 189 243 262 293 346 352 378 386 397
 457 459 495 517 536 555 577 624 648
20 45 60 77 123 156 165 192 200 231 272 279 332 349 375 411 422
 438 479 495 506 541 567 592 611 644
21 44 74 79 114 151 165 178 208 229 273 293 337 345 360 381 423
 435 453 487 509 550 565 579 618 643
24 47 66 82 101 147 150 205 212 266 274 296 329 336 376 398 410
 437 455 491 506 552 557 575 618 648
3 16 54 99 107 133 155 183 217 230 258 293 327 338 370 419 426
 433 468 501 508 541 557 585 623 641
18 30 55 75 112 142 154 176 217 245 261 303 330 333 377 395 429
 436 456 487 517 528 569 575 609 644
7 41 78 99 114 161 172 181 185 225 227 302 335 347 376 387 393
 430 452 481 520 526 567 583 609 649
18 26 54 88 103 148 170 184 197 250 259 308 321 339 373 387 417
 440 479 500 509 542 559 598 616 648
19 22 68 78 102 142 171 175 212 241 265 289 320 344 374 380 422
 453 478 501 519 533 559 596 613 642
5 40 57 68 101 152 164 196 221 252 267 280 332 334 371 389 417
 433 475 492 523 525 555 579 609 650
18 29 61 96 123 132 161 182 186 252 257 276 327 336 359 414 418
 449 464 496 522 533 565 581 624 647
4 42 71 86 104 159 164 201 222 255 261 278 345 351 375 390 416
 451 466 500 520 537 557 587 624 642
17 18 56 95 102 127 167 196 215 231 239 282 323 345 355 402 428
 430 469 493 535 552 571 585 619 645
3 47 58 72 118 128 168 177 209 240 244 280 331 333 374 403 428
 432 473 500 511 539 565 595 611 649
14 24 53 99 100 157 168 188 194 239 255 287 315 352 359 405 415
 453 458 480 525 542 568 584 621 644
14 42 55 96 108 137 145 177 211 250 274 305 322 334 367 380 402
 442 468 495 521 526 558 578 610 643
10 30 78 93 116 126 144 182 189 236 255 291 326 353 367 403 424
 455 465 492 509 548 561 592 623 645
14 20 86 88 117 132 138 180 191 245 271 311 318 354 368 394 426
 443 475 493 519 544 561 591 618 649
10 47 60 65 105 132 170 175 219 233 258 300 325 345 358 396 429
 442 474 499 524 525 570 583 615 646
2 14 60 74 106 161 166 199 217 226 251 277 331 353 378 389 406
 440 470 491 530 534 571 582 607 642
15 18 57 69 107 141 168 190 195 229 243 284 335 354 357 398 411
 465 477 499 515 527 564 593 610 642
10 14 85 92 107 130 136 176 185 262 268 290 339 344 361 384 390
 461 472 485 543 552 574 579 611 647
14 43 61 97 114 148 155 206 210 241 266 300 343 346 366 411 420
 436 473 490 537 548 572 589 619 650
26 43 63 65 111 140 171 202 211 232 262 299 331 349 360 394 415
 441 448 488 522 527 557 599 609 645
25 44 60 95 110 163 172 198 211 230 240 313 324 341 373 384 398
 451 458 502 517 533 561 594 617 650
29 41 76 82 111 165 169 196 213 226 249 314 317 342 374 390 392
 436 468 503 513 542 561 593 620 646
28 42 74 85 112 150 168 202 218 246 259 311 316 326 372 391 418
 430 474 498 510 541 560 596 620 650
24 45 58 92 113 153 162 203 217 237 265 314 318 322 371 381 420
 446 464 499 520 536 560 598 617 645
12 19 87 99 121 159 169 184 199 240 253 301 329 343 368 413 418
 431 477 495 518 528 563 579 615 645
0 13 76 80 107 142 144 201 211 238 273 297 318 332 359 404 413
 432 474 481 529 535 572 597 607 648
15 21 56 65 115 126 143 192 203 257 271 286 338 339 374 406 413
 450 466 489 526 540 556 575 621 650
8 46 58 75 116 131 151 191 201 264 272 282 328 344 370 387 392
 437 470 496 521 527 573 584 615 650
3 17 53 96 120 131 164 184 207 225 241 312 324 353 365 395 408
 438 448 489 515 543 560 597 618 646
7 8 67 83 121 125 166 175 222 250 252 313 317 354 366 400 404
 435 450 488 507 552 560 595 623 644
17 40 73 78 109 143 163 180 217 242 248 304 342 349 366 412 423
 437 474 500 518 553 568 590 610 647
17 21 58 94 108 138 146 185 204 259 266 275 317 330 375 415 425
 434 477 492 533 554 570 576 607 641
0 17 50 70 110 129 147 179 213 250 256 306 320 351 378 424 429
 447 464 490 527 541 566 579 621 649
16 23 50 73 123 140 159 195 216 239 268 291 317 322 356 393 407
 432 456 486 524 546 559 582 618 650
12 27 57 64 122 146 157 201 210 248 262 314 316 324 355 399 406
 442 444 487 506 551 559 581 623 649
9 26 55 72 105 130 167 186 204 227 243 312 318 342 369 405 422
 431 447 491 514 550 562 587 623 650
13 22 56 69 104 136 161 177 219 232 234 314 326 341 370 409 417
 434 445 490 518 545 562 586 618 644
4 11 79 88 121 156 171 182 217 238 244 306 340 352 376 383 409
 442 469 503 516 543 564 576 614 650
8 44 56 92 112 148 156 179 187 225 263 283 342 350 368 396 415
 432 455 504 508 523 558 581 622 642
12 31 55 95 104 134 170 189 205 267 272 277 317 347 360 383 426
 439 446 504 511 515 572 596 621 647
15 23 51 70 106 127 174 185 194 265 272 278 336 346 368 408 417
 441 474 503 505 539 569 594 623 643
10 17 66 86 122 134 137 199 220 234 265 299 333 348 363 382 386
 435 449 480 508 529 567 593 616 650
11 44 52 70 122 135 150 204 216 237 249 298 323 327 365 389 397
 465 472 500 519 526 572 599 615 644
15 42 53 91 111 156 166 176 189 234 273 298 325 329 369 401 412
 433 471 486 533 549 573 598 619 649
11 26 87 95 113 139 154 177 214 268 271 293 328 336 366 399 424
 460 471 483 525 554 567 597 620 642
11 47 53 89 102 144 155 203 220 226 267 285 349 354 356 387 418
 434 444 485 512 517 566 587 622 643
30 41 51 96 100 151 167 205 216 248 270 309 325 340 371 394 413
 434 473 502 507 541 574 580 616 642
20 44 65 83 101 154 161 201 220 239 254 308 319 343 372 403 412
 447 463 503 515 536 574 578 613 641
22 44 64 80 120 143 173 195 218 258 266 302 334 348 378 383 421
 443 471 496 507 542 569 587 611 645
25 45 84 94 102 168 169 187 197 235 251 278 328 338 377 382 401
 442 447 481 507 548 555 599 618 647
1 13 59 68 108 158 173 179 190 240 254 296 345 352 365 394 407
 436 470 498 512 540 567 598 623 647
16 43 71 83 124 162 165 185 207 257 260 283 326 333 355 383 401
 431 470 502 519 525 566 588 610 648
15 24 52 90 124 140 167 175 221 244 263 295 341 348 372 387 424
 438 468 487 531 537 563 591 607 647
2 16 61 68 113 130 145 198 218 234 248 307 319 337 375 387 404
 455 459 493 528 539 564 599 621 646
12 45 86 91 114 128 167 198 212 238 268 284 326 334 365 392 429
 440 450 484 505 522 568 577 622 641
9 28 83 91 120 133 169 193 210 237 245 292 332 341 376 407 428
 441 449 485 509 521 570 590 621 642
16 41 86 92 101 144 173 186 202 244 256 301 321 328 357 380 423
 439 476 489 534 551 570 594 619 644
12 28 69 81 116 152 173 204 211 231 263 287 336 339 377 412 427
 435 473 501 520 544 566 582 614 646
6 9 84 96 122 128 154 175 185 226 273 307 315 351 373 411 426
 437 476 498 523 546 556 586 614 645
5 12 58 97 110 141 171 200 216 225 234 276 338 345 367 400 405
 463 476 485 530 553 569 591 620 648
9 30 52 92 115 137 172 180 219 241 267 278 329 352 355 404 421
 467 479 482 527 532 565 582 620 641
8 27 60 89 100 152 162 184 195 245 256 294 337 346 369 403 425
 469 478 484 526 529 557 586 620 647
6 8 63 97 118 149 158 186 197 258 268 297 330 353 371 409 412
 430 451 482 506 519 563 593 621 643
8 16 53 90 119 160 163 204 224 254 271 303 332 335 362 390 410
 442 457 490 505 530 565 596 616 645
8 17 81 91 106 126 132 181 190 261 267 289 340 343 364 381 391
 458 468 483 546 551 562 599 611 648
11 15 84 97 109 157 159 196 211 236 245 309 320 321 363 410 414
 459 470 504 545 550 560 583 611 641
5 11 63 77 119 129 148 199 215 257 261 311 322 341 357 421 425
 437 453 481 511 549 574 577 623 646
1 15 61 71 118 135 142 200 214 256 267 313 316 342 358 419 427
 440 452 480 521 547 574 576 618 645
12 15 50 76 105 133 162 182 208 241 269 302 331 350 361 385 391
 437 451 493 512 554 555 578 616 644
12 16 79 89 108 125 131 206 221 227 232 308 315 323 379 382 388
 464 474 482 547 549 561 575 611 642
9 45 68 80 119 136 149 182 214 228 246 281 321 346 356 415 416
 435 468 502 515 553 571 575 615 649
13 25 75 86 103 125 165 183 209 241 243 288 336 340 372 389 425
 444 461 486 538 553 558 583 621 645
17 20 62 75 124 128 160 203 211 228 247 276 329 337 358 393 409
 439 472 494 510 542 555 589 623 642
16 25 66 87 109 148 164 182 190 231 270 292 316 347 374 405 429
 443 472 488 532 536 573 586 607 643
13 41 63 88 106 139 147 200 221 235 255 285 324 350 369 420 428
 435 472 496 524 528 556 596 610 641
11 29 78 92 117 151 160 222 223 232 240 275 316 348 377 408 411
 433 454 484 514 524 571 578 621 648
9 46 50 97 101 127 166 183 224 232 259 305 324 333 358 397 413
 443 453 483 513 520 564 592 622 647
13 40 50 89 112 128 146 181 222 251 271 281 327 344 367 383 398
 441 479 480 536 550 563 580 619 646
8 29 71 85 105 127 153 199 221 266 270 288 319 338 360 380 407
 465 479 494 517 545 568 597 614 649
9 14 56 94 121 139 158 201 212 230 256 280 347 349 379 381 414
 454 465 486 510 531 569 588 616 646
11 13 61 74 116 141 174 175 187 239 247 279 330 334 364 384 388
 431 446 489 513 532 557 590 616 649
9 13 82 95 124 129 135 202 217 225 252 310 319 325 362 385 386
 466 477 484 544 548 559 584 611 643
107 113 114 116 118 184 213 215 220 221 278 292 305 310 383 394 396
 406 410 510 514 533 546 553 601 644
107 112 115 117 119 175 198 200 205 206 282 299 306 312 389 401 403
 407 414 518 520 542 551 554 600 643
100 109 111 119 120 185 187 209 219 222 276 277 284 308 380 381 397
 419 424 506 512 528 535 544 601 650
101 109 110 118 121 176 178 194 204 207 279 281 288 314 387 391 402
 421 426 522 524 529 540 548 600 642
105 110 112 123 124 188 190 191 210 212 275 285 293 309 382 404 412
 416 417 511 513 526 534 543 601 645
104 111 113 122 124 179 181 182 195 197 280 287 300 311 388 408 413
 422 423 517 521 530 538 552 600 641
103 105 106 114 120 177 196 201 203 223 291 301 303 307 386 398 400
 415 427 516 519 532 541 549 600 647
102 104 106 115 121 186 211 216 218 224 290 295 296 304 385 392 395
 411 425 508 509 525 536 547 601 649
100 102 108 116 123 180 183 193 199 202 286 298 302 313 390 399 409
 420 429 515 523 531 539 550 600 648
101 103 108 117 122 189 192 208 214 217 283 289 294 297 384 393 405
 418 428 505 507 527 537 545 601 646
32 49 80 95 115 162 171 199 222 236 243 280 305 315 364 387 412
 436 472 497 505 541 570 581 618 632
35 49 73 86 120 135 161 194 221 228 230 282 289 330 361 411 413
 442 455 488 511 550 566 598 620 637
37 48 56 96 117 142 159 183 190 237 247 290 300 331 362 383 387
 435 447 492 506 549 568 594 620 634
38 48 58 91 100 139 172 182 215 250 262 283 303 319 363 389 411
 439 474 501 513 540 563 587 618 635
0 39 75 83 114 164 171 197 219 248 263 286 296 322 369 418 426
 457 465 480 513 554 571 594 611 637
4 48 75 78 101 140 153 177 213 231 258 277 311 346 365 401 404
 458 477 485 547 550 556 581 616 636
19 48 53 70 115 130 165 201 217 263 266 284 313 321 367 388 394
 430 449 483 511 524 555 586 608 633
23 49 61 92 102 128 166 184 201 249 258 306 309 341 360 391 405
 457 462 492 538 544 567 575 610 635
21 49 85 89 106 129 159 182 212 234 254 297 313 328 355 397 426
 438 473 499 514 542 558 590 609 636
46 48 73 81 105 154 156 184 202 229 265 281 296 334 355 414 419
 434 472 481 530 537 561 595 621 631
43 49 57 91 104 151 158 175 217 231 259 276 301 350 356 410 421
 447 461 480 526 539 561 597 612 640
26 48 62 94 104 125 152 194 220 225 238 286 309 316 378 384 407
 437 468 499 519 528 565 592 619 632
5 48 86 95 112 155 166 185 195 235 248 279 297 352 374 410 427
 448 464 494 509 531 562 578 615 639
1 49 82 93 113 160 164 176 210 239 244 277 302 338 373 414 425
 435 474 495 519 527 562 580 622 633
32 38 50 69 118 132 164 198 217 254 272 298 309 348 379 380 415
 431 444 481 509 552 556 589 620 638
33 36 61 88 104 131 140 185 203 240 269 281 310 332 363 412 429
 453 465 491 507 551 558 585 620 633
34 39 53 71 123 136 138 179 211 258 265 301 308 347 364 389 428
 437 450 487 514 548 564 580 620 639
35 36 87 89 110 137 153 175 186 248 261 284 302 339 362 415 428
 433 470 503 510 538 572 592 618 631
34 37 52 97 113 152 163 189 201 227 257 279 285 340 361 380 429
 441 477 498 508 542 571 595 618 640
33 39 60 92 103 141 154 204 210 252 255 299 304 320 379 383 413
 430 468 494 512 539 573 577 618 636
6 35 83 99 111 142 152 180 218 244 272 275 312 345 356 398 406
 464 472 483 545 548 558 577 616 635
7 34 51 90 120 129 154 198 208 259 267 287 290 318 374 382 409
 465 470 495 524 553 557 581 619 635
18 38 76 87 124 138 166 200 220 227 246 291 304 344 365 381 421
 442 473 497 523 545 557 594 621 633
0 36 84 92 124 125 132 199 208 230 239 292 312 346 367 392 427
 434 471 500 506 540 564 596 609 640
4 34 56 76 116 137 160 185 206 245 252 288 296 324 356 405 423
 440 471 499 511 541 563 599 613 638
19 35 71 79 116 128 172 176 216 235 254 294 300 349 357 386 417
 443 468 491 535 554 560 581 621 640
18 39 63 89 117 134 169 185 201 244 270 293 298 334 358 385 422
 455 458 490 540 553 560 582 612 632
7 32 61 89 101 156 167 180 211 255 260 292 303 338 378 381 408
 445 461 498 511 554 559 593 615 634
3 36 77 79 100 158 161 189 196 266 271 295 299 351 377 391 404
 431 472 499 521 553 559 594 622 639
0 4 55 69 106 163 165 175 184 237 246 275 280 338 363 393 399
 443 455 482 512 522 574 584 619 639
3 7 60 76 109 140 146 179 188 234 243 278 282 334 362 418 420
 439 454 483 509 519 574 575 614 640
37 42 80 94 106 140 148 180 208 252 264 284 314 323 358 403 410
 431 476 501 517 543 567 580 621 637
34 45 61 65 100 125 147 190 204 226 244 305 311 344 355 386 393
 433 451 504 509 518 569 597 608 637
28 35 61 90 105 134 139 181 217 232 236 278 286 354 365 402 425
 432 476 502 506 542 573 579 613 639
24 49 65 78 112 138 152 178 214 250 270 278 307 324 357 392 409
 431 449 486 512 530 572 585 611 634
31 33 53 94 122 162 174 202 221 261 268 276 306 342 370 398 404
 443 473 495 509 540 571 583 613 634
27 32 59 76 123 130 172 187 203 232 270 289 306 353 372 410 426
 435 477 500 521 525 569 577 619 631
21 36 63 70 101 142 172 184 223 226 243 276 287 326 366 407 416
 442 446 493 508 531 573 580 611 638
31 34 57 70 112 161 171 192 207 240 273 291 292 328 358 420 425
 459 468 482 544 552 568 587 616 631
40 49 60 66 108 142 167 187 207 253 262 285 311 321 370 385 400
 465 471 503 520 546 565 589 621 639
29 48 50 66 119 141 158 176 211 227 267 293 307 326 368 406 420
 438 469 500 507 538 570 584 613 637
25 39 81 97 108 130 135 175 220 269 271 277 314 329 357 408 416
 432 469 496 509 541 568 588 609 635
33 46 86 99 113 129 143 175 211 251 270 283 291 323 369 391 417
 436 454 485 506 515 565 576 608 638
39 43 58 90 109 144 161 195 212 249 261 305 312 325 368 384 399
 435 479 498 516 547 555 585 621 638
3 37 50 95 114 144 156 175 191 228 253 287 308 316 371 390 425
 449 467 491 540 545 569 599 610 636
0 6 52 65 119 131 169 195 217 255 274 288 290 316 364 400 417
 439 473 493 533 550 567 588 622 631
23 45 62 96 103 144 150 181 221 245 262 277 313 345 374 412 421
 431 454 490 508 554 564 584 606 631
35 44 50 68 103 126 168 185 199 231 238 285 314 325 366 395 414
 439 457 482 514 521 557 591 608 634
1 39 56 91 101 146 155 199 216 246 272 307 310 318 377 388 424
 451 478 488 542 543 565 583 610 631
38 41 55 97 120 150 160 190 199 263 273 278 281 349 370 384 403
 450 464 493 525 538 559 576 612 636
34 44 69 84 121 153 155 181 214 269 274 276 282 333 369 390 394
 438 474 492 532 534 559 577 621 632
22 39 67 85 115 133 140 181 215 256 273 275 279 336 371 386 405
 442 470 500 515 528 561 589 622 634
26 35 53 92 114 127 146 190 200 257 274 277 280 351 372 385 409
 456 459 501 507 529 561 590 615 638
22 38 86 89 111 127 148 204 214 233 240 286 290 353 376 404 414
 446 463 487 541 546 555 584 610 640
36 42 78 95 123 133 149 204 221 238 251 296 300 333 368 381 400
 444 459 489 527 542 574 586 612 635
32 45 82 88 122 127 152 206 219 242 247 293 301 335 367 391 395
 432 470 488 531 533 574 587 621 636
27 33 56 97 111 128 144 207 217 229 250 295 302 336 375 382 407
 458 475 497 514 532 574 596 615 637
23 37 72 84 110 134 138 202 222 231 241 297 303 337 376 388 406
 465 468 496 518 525 574 598 622 638
2 38 57 99 102 140 154 191 205 238 257 288 294 342 367 397 408
 435 451 490 510 532 570 598 611 639
4 24 68 87 122 132 151 207 211 235 243 286 310 317 361 403 419
 430 479 490 534 549 569 590 622 635
7 20 79 96 105 152 155 193 215 240 268 304 314 321 364 397 401
 455 466 480 527 538 569 596 607 638
6 32 74 86 121 133 163 190 196 225 262 287 294 322 358 401 424
 434 479 496 514 539 572 575 613 633
2 37 82 91 107 131 157 187 204 256 265 291 295 345 366 409 418
 443 479 502 511 538 556 578 609 632
19 23 85 91 109 125 135 186 203 233 274 287 293 324 375 383 403
 436 445 481 523 527 571 591 616 639
5 42 60 67 120 128 147 182 224 239 265 286 293 342 377 387 394
 461 477 482 545 551 572 588 606 638
3 27 73 84 116 127 171 178 186 237 267 283 311 325 379 398 416
 450 461 490 528 542 567 578 607 633
1 5 87 94 107 161 167 203 218 241 250 294 298 333 364 416 423
 441 457 504 506 524 561 584 614 636
2 6 78 88 108 162 168 201 216 228 233 292 299 336 362 419 421
 438 450 504 513 517 562 579 619 638
3 14 81 90 102 150 165 182 222 227 248 301 310 330 358 407 417
 463 471 504 527 529 556 577 617 634
0 19 86 96 118 136 140 192 206 249 259 285 302 319 377 381 398
 467 469 504 525 530 573 590 623 632
5 18 53 66 116 133 139 198 222 233 242 295 314 346 360 393 413
 447 467 498 519 534 558 576 611 631
4 43 80 92 110 139 152 205 224 229 251 298 308 330 374 386 418
 438 445 493 521 546 568 583 623 633
7 18 52 72 104 165 173 199 212 247 271 294 306 324 371 415 419
 459 474 485 546 548 573 578 606 637
5 33 74 98 118 126 153 183 212 245 263 307 308 317 359 385 408
 442 472 502 518 527 567 587 619 640
25 37 55 68 111 153 161 193 216 255 259 293 306 354 355 396 427
 437 454 489 505 529 563 589 611 633
28 33 55 65 102 164 172 188 200 228 266 297 314 327 368 423 424
 461 470 484 546 549 564 595 616 632
30 35 54 66 117 157 171 179 224 226 268 288 310 341 375 381 427
 431 474 496 515 526 555 595 619 636
27 43 86 94 105 141 160 179 189 246 274 292 313 327 371 387 395
 453 460 503 518 535 556 582 611 635
29 32 63 68 114 138 154 195 209 237 251 295 313 329 370 402 405
 466 474 504 543 551 566 592 616 640
37 40 83 92 118 170 174 182 211 226 266 282 294 335 365 382 399
 453 466 486 528 541 562 591 612 631
33 47 85 96 119 171 173 191 196 230 260 278 298 350 366 388 393
 440 477 487 529 536 562 592 621 635
36 41 52 74 107 146 164 177 224 233 236 283 313 343 356 382 422
 437 469 494 522 544 569 598 621 634
20 38 64 81 103 142 174 186 206 234 251 280 292 352 360 390 424
 437 477 502 524 526 560 585 622 637
30 34 50 91 102 148 173 177 221 242 243 275 299 337 359 384 426
 452 466 503 506 530 560 588 615 633
20 36 53 97 112 167 173 182 219 237 264 288 289 317 373 386 406
 454 460 481 539 547 557 579 610 632
24 38 79 95 109 126 136 201 224 241 247 275 311 327 369 396 407
 440 476 495 507 539 566 593 609 631
18 28 59 99 106 156 160 207 219 256 268 299 305 319 374 388 416
 437 444 492 507 550 572 591 617 640
4 41 70 98 108 128 133 191 195 234 267 303 304 339 372 396 414
 431 453 488 506 548 571 597 617 632
2 31 75 80 105 150 159 185 200 242 250 287 289 341 379 394 399
 433 469 489 536 548 565 593 622 640
24 46 56 88 123 135 164 181 218 226 253 284 303 320 360 384 401
 460 473 482 529 553 570 578 623 640
21 46 64 78 121 130 148 200 219 239 245 298 310 331 371 382 398
 439 468 498 505 538 566 597 624 639
6 18 60 91 113 137 171 208 223 235 266 281 309 347 372 390 397
 432 475 489 518 547 566 584 623 634
1 26 69 85 122 156 172 205 222 245 258 285 291 343 362 392 402
 453 464 489 539 553 555 588 607 637
3 46 82 92 108 126 159 198 215 235 246 276 288 354 378 412 422
 441 452 487 516 525 572 586 616 637
5 23 71 82 121 154 173 189 197 228 232 284 312 344 363 396 420
 444 458 493 526 541 565 590 607 634
10 26 51 99 109 128 158 206 213 246 263 289 298 332 355 400 425
 446 466 496 517 534 564 578 618 634
10 27 79 90 112 147 169 183 211 269 272 280 284 319 366 405 421
 434 452 489 519 546 571 598 624 636
14 21 57 95 118 160 169 181 216 242 265 283 312 321 372 404 429
 445 462 496 512 549 557 592 614 637
14 18 77 82 110 140 174 193 209 236 254 289 307 316 369 383 423
 434 450 482 508 520 555 597 615 635
20 30 80 90 108 164 166 194 209 256 257 293 300 350 363 392 398
 430 446 485 514 518 559 599 614 631
21 31 83 96 109 141 147 199 214 258 264 295 303 352 361 417 422
 432 444 484 510 520 561 599 619 633
31 40 54 65 124 127 158 177 216 241 245 279 284 315 378 390 418
 435 455 481 514 551 573 576 617 635
21 29 60 99 116 135 149 177 190 248 260 306 308 318 363 395 421
 441 476 486 537 552 555 596 622 632
27 41 80 93 117 156 168 204 220 230 241 276 307 322 360 417 429
 466 470 483 547 552 563 590 606 639
32 47 56 75 110 145 157 182 221 259 273 304 312 343 357 390 419
 441 446 484 507 519 567 582 608 639
25 28 58 70 121 136 170 180 221 229 257 307 309 353 362 393 422
 436 471 480 535 551 557 578 622 636
22 30 81 88 119 128 153 210 223 225 272 305 313 323 361 418 423
 447 459 486 525 540 557 593 607 639
2 44 53 73 104 132 142 196 209 246 270 279 305 339 376 382 420
 462 476 484 527 554 563 588 623 636
2 47 55 67 116 129 146 195 214 232 241 301 309 332 373 381 401
 430 472 503 508 540 568 591 624 637
24 28 63 71 107 137 143 182 191 240 249 277 279 337 379 395 400
 434 447 483 505 523 559 583 619 637
22 26 52 66 106 138 144 183 192 239 248 276 281 335 379 396 401
 436 451 484 511 521 560 579 614 635
24 44 57 72 119 125 144 180 184 234 268 289 300 347 377 385 402
 441 470 494 513 541 556 576 624 633
25 29 57 73 124 139 145 204 219 253 272 297 302 351 364 394 403
 440 453 485 508 516 560 575 619 634
23 27 58 74 124 142 148 198 213 255 271 296 301 349 361 397 402
 433 449 482 507 515 562 583 614 632
30 42 61 76 122 158 163 183 215 229 253 277 312 328 376 415 417
 450 478 494 524 536 566 591 611 632
31 41 58 89 115 154 163 187 193 231 274 300 310 348 359 391 416
 440 448 486 519 545 564 579 623 637
28 40 52 95 100 141 153 197 220 260 273 289 301 331 375 392 414
 443 452 490 524 543 558 575 623 638
22 45 79 97 107 129 132 194 222 253 260 296 307 342 372 399 428
 439 448 492 517 526 573 582 616 633
7 12 68 98 107 127 160 192 202 226 264 300 309 330 369 421 424
 449 458 500 516 536 558 588 618 639
19 20 59 69 113 148 151 185 202 236 267 295 312 327 378 400 428
 442 451 486 513 529 568 575 606 636
3 44 88 98 115 167 169 176 190 232 252 291 297 346 375 380 399
 437 446 480 510 530 566 583 606 635
29 43 51 75 107 134 173 180 214 225 239 280 285 320 375 391 397
 442 450 491 509 549 563 586 617 631
1 47 54 73 100 149 166 206 211 225 261 275 314 328 372 383 422
 449 465 493 505 532 556 579 606 640
7 9 66 81 111 151 168 203 221 254 258 279 283 320 367 399 425
 440 456 493 518 543 572 594 624 632
19 25 77 83 122 126 167 177 191 225 256 281 290 330 360 410 420
 433 474 497 512 542 564 582 624 638
0 45 63 93 105 157 166 207 216 267 271 282 308 348 376 384 423
 436 477 501 510 539 558 586 624 634
7 40 56 74 119 134 162 186 194 235 249 275 291 329 373 394 429
 444 463 501 521 537 564 597 611 636
1 44 81 89 124 136 157 183 189 242 264 278 306 322 374 400 411
 430 475 491 522 528 570 597 616 638
10 28 67 98 101 159 162 179 209 248 271 285 312 323 360 409 411
 440 468 481 532 533 569 584 612 633
14 41 75 87 119 135 170 179 208 232 238 279 295 338 355 398 412
 449 478 492 539 546 560 587 605 638
10 44 59 94 118 129 171 188 193 227 247 277 303 336 356 392 413
 433 479 493 537 551 560 586 610 639
10 45 69 83 108 139 143 186 196 241 273 306 310 316 368 387 397
 456 458 494 511 530 557 580 605 640
3 15 55 93 122 125 148 212 223 251 260 279 304 319 356 394 409
 457 458 496 520 535 570 579 620 631
1 14 64 83 105 129 144 178 224 231 235 284 299 340 370 393 408
 446 459 500 523 533 563 575 620 632
11 19 55 73 107 147 162 181 210 231 234 288 308 353 358 392 415
 466 475 498 507 531 565 594 605 635
6 42 62 68 109 155 174 184 200 232 271 283 302 340 359 386 392
 447 465 487 511 552 570 582 617 636
30 43 77 87 118 127 143 187 201 234 269 287 296 354 373 389 393
 464 468 484 543 550 570 596 606 634
22 46 51 71 110 146 170 196 217 227 268 292 311 329 359 403 411
 435 457 489 512 531 558 599 606 632
21 45 50 71 117 131 161 188 202 233 263 280 304 340 373 402 410
 471 478 485 528 532 572 593 623 635
25 47 61 69 120 138 159 176 213 238 264 283 299 315 371 385 423
 463 479 483 526 531 571 596 623 631
9 31 61 99 110 126 165 195 220 233 262 282 296 350 377 380 409
 460 475 500 505 549 560 580 607 636
13 21 77 98 111 132 163 205 210 228 268 278 301 333 378 387 405
 465 469 501 523 547 560 578 608 631
17 42 52 99 105 136 151 187 198 226 245 280 297 336 357 383 420
 457 463 488 540 547 559 592 605 633
8 45 66 98 104 130 154 178 213 230 236 275 302 352 358 389 418
 441 473 489 535 549 559 591 610 638
4 12 53 65 103 129 145 180 187 236 249 281 293 333 371 407 411
 452 478 496 510 552 562 594 607 640
0 16 51 67 102 135 139 178 189 240 245 276 300 334 372 406 415
 437 479 497 520 543 562 593 608 636
11 31 51 72 114 132 137 183 218 255 256 283 314 344 373 407 412
 438 477 488 530 535 555 575 612 639
8 47 57 88 109 137 165 189 202 239 251 290 307 341 365 413 416
 452 464 501 514 554 569 589 605 632
13 23 67 78 119 157 167 193 220 229 266 280 283 339 358 395 426
 451 464 495 516 534 573 599 620 640
4 8 62 64 111 135 141 188 198 241 257 291 305 321 377 426 428
 434 474 491 531 536 567 579 612 634
12 26 74 82 102 143 149 179 185 230 237 303 305 340 357 403 404
 438 475 480 524 545 573 589 624 631
0 15 78 89 120 158 170 191 202 235 247 305 314 343 375 389 405
 456 460 502 508 552 565 577 614 633
17 41 72 85 113 142 158 178 188 252 269 286 308 341 367 401 411
 443 444 504 505 516 557 582 615 631
11 27 62 65 106 133 173 176 209 253 259 282 310 347 367 404 422
 457 464 502 523 537 568 593 618 638
11 14 59 71 103 149 167 195 213 272 273 276 286 324 362 382 391
 455 467 501 518 536 570 595 609 633
10 16 62 88 110 151 166 177 192 237 266 278 287 342 364 385 414
 444 478 498 515 535 563 577 609 637
8 14 52 93 123 128 143 205 214 243 259 292 314 345 363 385 388
 433 448 481 516 528 566 594 613 636
10 29 56 70 113 125 168 200 224 261 264 294 301 334 376 412 426
 448 467 502 512 550 559 589 607 635
14 25 62 72 112 131 162 215 223 258 267 296 298 335 375 413 424
 435 476 503 522 545 559 590 608 640
11 46 54 76 120 125 153 192 205 254 262 280 295 337 368 416 429
 430 476 480 533 548 562 582 610 634
15 43 60 68 121 131 150 183 220 268 270 275 303 351 367 423 428
 446 467 481 542 544 562 581 605 637
15 22 82 94 112 145 151 186 199 255 262 300 308 332 365 393 426
 462 469 483 532 553 566 595 617 638
15 40 67 79 103 138 160 205 218 230 261 287 310 353 355 380 420
 432 447 485 513 522 567 586 615 632
26 41 50 90 121 137 174 203 210 260 264 297 311 345 377 389 419
 455 462 497 515 533 568 586 611 640
20 47 84 95 106 130 131 179 210 229 249 286 294 326 359 380 421
 433 456 488 520 553 563 576 616 634
29 42 87 97 103 162 172 178 212 242 244 282 290 332 378 388 396
 434 456 480 515 544 556 599 623 639
26 40 58 64 123 145 155 175 208 254 256 278 288 326 376 395 413
 458 472 504 544 549 571 593 606 633
5 9 54 75 108 156 174 181 188 249 270 290 301 348 366 403 406
 451 459 499 522 535 566 596 618 633
12 47 62 90 117 126 172 197 218 252 265 279 292 351 370 397 415
 436 469 486 534 550 574 597 610 633
16 40 70 80 116 132 169 203 212 225 259 277 299 352 369 402 411
 451 460 487 538 545 574 595 605 634
17 24 54 93 114 141 159 186 193 232 272 281 294 350 374 389 404
 442 471 498 517 544 574 588 608 632
8 28 68 86 115 147 157 177 208 227 253 276 298 349 373 383 408
 456 462 499 513 548 574 585 607 631
12 46 63 96 124 163 168 176 222 256 266 286 289 318 356 389 396
 445 459 503 509 532 567 585 605 636
13 18 58 65 122 149 159 194 224 263 267 292 302 337 366 380 401
 454 462 491 541 543 561 577 605 639
9 19 51 74 123 152 157 209 223 261 269 297 299 338 365 387 396
 439 471 490 536 552 561 576 610 637
6 12 54 77 112 136 139 203 213 239 243 304 313 325 376 380 408
 443 470 492 529 537 565 599 612 637
16 42 81 93 115 134 161 197 213 247 262 288 309 318 366 398 428
 438 453 484 512 523 569 576 615 640
2 15 59 64 101 136 137 197 222 225 237 282 293 349 359 425 429
 431 473 494 516 546 561 596 608 635
6 11 50 75 100 130 143 207 212 246 252 278 300 335 360 427 428
 445 463 495 508 551 561 598 607 632
16 24 55 91 117 149 174 196 219 229 269 285 313 344 378 413 425
 448 463 500 510 548 567 581 614 638
2 13 83 97 123 134 151 176 184 230 274 304 311 323 374 415 424
 452 467 499 505 551 555 587 614 634
17 22 57 77 116 130 166 197 208 244 274 285 303 315 368 407 419
 454 466 502 522 536 572 583 620 636
16 20 63 72 121 126 146 187 205 242 273 302 305 320 365 417 427
 449 461 499 517 537 571 584 620 635
1 16 74 84 111 147 170 201 215 243 252 281 289 348 368 395 409
 467 473 485 526 554 568 592 617 639
13 20 66 85 114 143 169 189 204 250 261 282 309 331 356 408 419
 476 478 482 525 531 564 581 617 633
17 23 76 79 101 149 168 175 210 236 257 290 298 347 370 394 427
 460 479 484 528 530 558 587 617 637
8 15 54 96 113 146 169 180 209 228 231 296 306 326 379 384 386
 453 463 497 524 534 572 587 609 639
12 17 67 80 118 155 165 219 223 255 270 295 311 328 362 384 414
 441 456 491 523 526 564 598 613 635
11 30 85 94 101 165 170 190 198 228 265 302 304 315 369 400 406
 432 448 490 521 544 563 585 624 640
11 16 60 64 104 127 168 191 193 250 263 297 312 329 361 381 386
 436 452 492 522 553 556 580 613 631
9 29 59 93 102 131 163 192 194 234 250 284 311 343 371 383 427
 432 472 487 534 554 557 583 612 638
8 30 59 70 124 134 155 196 218 233 238 281 308 331 357 399 405
 454 461 495 520 533 556 590 618 637
9 44 71 78 106 141 145 206 215 244 271 287 309 317 370 418 429
 448 461 497 506 529 555 598 605 631
13 43 64 84 100 133 164 192 223 227 265 290 306 317 357 402 412
 440 455 483 510 517 565 591 615 636
5 8 76 84 114 145 150 194 217 240 247 285 299 339 355 422 424
 443 445 486 515 547 570 580 624 635
17 25 63 92 104 133 150 206 214 254 260 284 291 325 359 387 406
 475 478 495 513 550 569 595 614 639
10 13 72 87 120 145 156 197 216 226 257 275 313 346 379 391 410
 439 475 487 520 527 568 585 613 632
9 17 69 98 100 144 170 200 218 240 251 288 293 322 361 388 410
 450 462 503 519 537 573 581 609 634
12 13 51 73 115 148 150 188 207 244 258 294 307 354 363 381 390
 447 460 494 521 533 571 592 609 638
9 15 58 77 117 147 173 178 184 238 248 277 291 327 364 382 390
 430 445 488 517 525 558 589 613 640
36 48 82 90 114 168 170 207 214 234 245 275 306 323 349 364 380
 413 451 461 496 523 536 582 623 627
34 49 74 81 101 145 169 191 200 241 268 286 295 325 335 363 383
 415 454 464 500 517 535 586 623 629
4 35 59 96 115 166 170 204 212 239 269 283 301 316 337 370 420
 424 441 475 481 517 553 593 611 628
7 48 65 87 116 136 150 196 210 251 256 276 312 340 348 375 385
 426 432 453 482 505 517 598 610 625
45 48 55 89 118 133 151 179 218 239 257 289 299 324 329 366 390
 417 465 476 497 516 544 583 607 629
41 49 53 68 110 125 143 197 215 245 272 290 299 326 327 358 381
 399 432 477 491 532 537 578 614 628
32 39 79 94 111 143 150 177 184 239 267 288 297 344 350 362 411
 429 449 459 502 520 534 591 623 626
33 38 66 84 112 149 165 180 216 232 256 277 287 334 343 361 387
 428 457 466 499 516 533 597 623 628
35 37 76 85 102 147 151 195 219 225 271 292 307 321 333 379 389
 412 446 458 495 522 537 576 623 625
18 37 70 86 100 126 145 178 210 232 258 280 310 329 342 356 384
 400 438 470 481 536 554 596 614 626
3 39 69 78 124 137 147 187 194 259 268 294 313 332 340 360 406
 414 436 476 493 536 549 587 615 628
0 38 60 72 117 143 155 176 221 225 236 284 301 317 336 355 409
 416 453 462 498 521 536 599 616 629
23 38 83 88 107 145 163 179 212 267 270 276 314 315 331 377 386
 425 430 471 489 537 550 592 615 627
27 35 52 75 121 132 149 202 215 234 266 291 293 315 332 374 384
 408 440 447 504 512 520 580 610 629
24 39 77 80 104 128 145 190 202 227 245 282 283 338 353 366 397
 427 444 467 503 524 533 579 616 625
28 48 51 88 113 144 149 187 199 241 254 282 304 317 351 358 398
 405 433 445 487 522 526 588 611 626
21 37 67 87 123 168 173 206 217 262 267 281 305 341 351 369 392
 408 455 463 494 519 535 583 616 628
39 42 50 65 113 157 165 186 205 225 240 289 303 346 354 370 382
 421 440 472 492 531 535 590 614 627
31 32 62 71 100 148 169 175 224 230 234 281 285 318 336 365 406
 423 430 456 492 516 527 578 611 625
20 49 55 71 109 139 168 183 208 225 226 291 296 339 348 371 388
 404 441 469 490 533 551 577 615 626
25 49 52 64 118 147 156 185 196 232 261 300 304 318 337 367 407
 418 450 460 501 515 534 584 616 627
34 46 83 95 117 150 158 203 209 234 255 302 309 342 346 357 388
 395 442 479 501 522 546 579 607 628
19 32 57 92 120 134 149 183 188 250 271 279 310 326 345 369 393
 414 437 473 503 517 547 599 607 627
1 7 62 77 102 137 159 204 217 270 273 280 308 326 346 361 396
 398 448 460 496 513 551 591 621 629
5 34 80 99 122 131 170 176 186 231 271 278 313 320 331 372 381
 407 434 455 484 513 516 589 610 626
1 36 57 96 106 143 162 198 220 232 263 293 311 320 330 376 390
 405 439 479 486 535 548 595 615 625
26 32 60 70 119 151 159 181 189 241 244 296 314 319 330 359 382
 427 443 450 485 510 523 585 610 628
33 44 63 91 123 160 170 194 213 241 248 280 290 328 354 367 386
 419 431 469 498 520 545 575 607 625
36 43 56 99 103 130 147 193 222 228 267 279 309 322 328 365 385
 403 443 474 487 530 533 593 614 629
6 34 73 98 103 146 151 182 220 247 256 284 298 338 341 368 402
 404 436 448 491 520 525 596 611 627
3 26 59 67 112 132 141 201 221 226 231 290 302 322 329 363 397
 423 445 478 502 505 548 576 621 627
2 36 58 93 120 127 165 181 211 252 268 285 298 316 352 357 396
 426 447 478 497 518 537 575 616 626
4 21 61 91 112 127 144 197 209 227 230 294 314 320 348 362 394
 400 437 472 495 515 525 582 605 629
18 27 81 92 109 129 131 177 218 228 273 285 300 317 338 376 389
 394 431 451 480 505 531 592 613 628
1 45 53 76 121 134 141 191 223 248 259 283 300 336 341 378 380
 403 466 472 482 546 550 585 609 626
0 29 53 95 101 128 148 193 218 262 269 278 291 330 340 379 419
 422 435 470 499 518 526 591 605 627
4 18 83 93 119 130 146 183 221 240 265 287 297 325 349 378 391
 392 460 476 504 526 532 589 618 625
3 19 56 66 105 163 174 197 214 238 255 298 305 317 337 372 411
 421 464 470 485 544 551 580 609 625
29 33 54 69 110 150 167 201 208 265 271 300 305 352 353 356 401
 425 439 452 488 523 528 590 611 629
38 40 61 75 115 129 168 189 223 237 268 302 308 324 345 368 410
 422 434 468 488 529 534 588 614 625
22 37 63 73 108 141 165 203 224 238 245 278 312 319 347 373 391
 424 433 473 480 534 552 581 615 629
35 47 78 97 104 169 174 192 198 243 256 303 308 322 327 355 391
 394 435 471 494 523 543 584 607 626
19 24 75 98 106 155 158 204 222 257 262 292 306 325 334 373 382
 423 432 452 493 515 545 592 620 626
0 44 62 99 108 127 134 182 210 243 261 295 307 344 349 371 401
 410 440 445 489 524 544 595 620 628
5 20 51 93 111 136 162 175 190 238 266 303 310 324 328 379 402
 418 452 462 500 508 550 582 621 628
28 43 72 78 122 129 166 190 203 230 272 288 295 321 334 359 390
 396 463 469 482 528 554 580 618 627
2 28 50 92 111 155 167 178 192 247 261 296 313 315 347 363 403
 417 442 477 496 519 553 597 605 625
7 43 85 95 108 132 157 200 213 237 244 281 284 337 353 377 413
 417 437 457 486 508 532 587 613 626
6 25 56 89 114 166 173 188 205 236 265 276 311 319 332 361 395
 399 431 468 500 524 527 576 605 626
14 23 80 89 113 141 172 192 196 253 263 275 288 325 333 365 409
 419 437 447 488 509 551 596 624 628
0 14 73 79 122 153 173 187 200 233 252 303 309 326 329 374 387
 425 441 451 483 514 515 585 612 625
21 47 51 68 124 133 156 186 201 236 250 277 288 323 335 377 384
 420 443 448 480 518 546 577 620 625
23 30 64 98 114 131 139 199 211 244 259 279 289 327 342 362 401
 416 463 475 499 512 552 586 621 625
23 44 86 90 116 158 162 205 219 226 250 281 304 316 338 359 422
 428 459 477 483 543 549 589 609 629
30 33 58 68 105 135 169 206 222 239 273 294 311 339 347 378 409
 410 438 444 483 508 522 594 610 627
22 27 54 72 101 135 163 182 185 251 263 299 309 345 354 364 392
 420 456 467 495 510 549 597 621 626
24 31 86 97 102 146 156 213 223 252 254 293 312 331 339 364 393
 421 465 474 502 521 528 586 605 628
6 41 57 67 105 126 148 194 211 237 254 277 306 333 344 375 388
 418 467 471 484 531 553 585 618 629
26 42 84 89 107 126 135 207 209 266 272 301 304 341 352 371 393
 429 435 454 493 513 530 581 613 625
25 46 59 65 107 128 174 189 199 248 252 275 287 321 350 376 381
 402 438 456 490 519 547 587 620 629
3 13 52 91 110 154 162 206 218 264 270 277 286 321 349 368 393
 427 442 453 492 514 552 593 624 626
8 19 72 82 103 133 161 200 211 229 248 278 311 315 348 356 397
 429 446 460 492 540 543 588 619 628
5 41 79 91 124 130 159 180 192 251 258 282 305 316 336 373 395
 415 446 465 490 512 529 595 613 627
7 11 69 86 123 131 142 197 224 242 266 277 307 325 350 355 403
 405 441 468 497 510 540 579 617 627
5 10 50 96 104 135 138 187 223 229 244 288 292 343 349 369 399
 404 430 470 501 505 542 575 617 629
14 40 51 76 104 126 171 184 204 228 264 293 313 319 348 357 401
 428 456 464 498 506 532 583 622 627
6 10 58 76 106 164 167 202 214 230 242 279 308 329 354 377 383
 407 453 459 490 526 538 581 608 628
10 46 77 84 115 142 160 195 221 250 260 293 314 340 347 365 415
 418 451 463 491 539 544 590 619 626
2 45 54 70 109 160 173 175 215 227 255 286 297 333 343 360 385
 398 434 475 486 521 543 581 620 627
20 46 61 94 119 133 137 178 216 243 263 285 301 351 353 374 383
 399 458 474 484 545 552 598 609 627
29 40 55 77 121 144 157 185 198 247 258 286 292 323 350 372 386
 416 473 478 483 527 530 598 618 628
31 42 63 64 116 125 167 179 217 228 269 275 307 335 343 374 397
 414 462 479 485 525 529 594 618 626
16 18 94 98 120 157 172 175 214 249 272 296 311 331 340 367 412
 420 445 466 494 514 529 579 622 629
4 9 60 90 107 138 148 196 216 247 274 289 302 326 328 360 408
 412 444 464 480 528 540 595 608 626
17 43 59 74 117 125 154 182 216 253 258 278 314 332 339 369 380
 398 452 459 497 511 531 584 622 625
8 31 74 87 108 140 144 176 219 260 265 280 309 324 327 376 411
 427 447 466 493 542 553 577 608 627
9 27 53 88 118 159 161 205 208 231 260 275 286 334 344 357 400
 424 436 474 494 508 538 599 617 625
16 22 58 95 103 137 152 176 188 226 246 295 306 343 350 358 394
 408 450 465 481 506 550 590 624 625
16 21 69 82 105 128 171 180 220 253 261 279 290 324 346 359 389
 424 430 454 504 507 521 598 612 626
10 15 63 75 102 152 161 198 210 253 274 281 283 317 352 362 381
 388 443 476 500 514 541 597 606 627
12 14 70 78 111 154 164 183 186 246 260 282 285 337 341 364 386
 410 432 479 499 507 540 576 606 629
15 41 62 66 123 129 153 201 219 240 246 294 312 315 330 366 383
 402 461 475 501 509 530 599 622 626
11 45 67 81 110 158 164 180 185 243 274 291 294 319 331 370 396
 413 449 462 487 542 547 596 619 625
30 40 82 97 106 125 136 188 195 231 240 283 298 318 351 360 387
 419 442 449 489 510 554 577 613 629
22 47 50 74 122 139 160 184 193 257 270 282 284 318 352 375 400
 412 461 468 504 547 548 594 609 628
11 28 66 80 124 146 161 184 206 235 269 290 303 342 345 371 380
 426 450 458 486 527 539 592 608 629
13 24 81 96 121 127 172 195 208 236 246 299 308 328 342 375 406
 429 433 457 485 511 519 589 612 627
12 44 85 93 100 138 174 177 217 235 257 296 312 320 332 358 387
 416 454 467 488 538 546 593 619 627
8 26 61 73 117 136 164 193 212 235 273 287 295 323 333 367 406
 421 439 477 503 512 541 583 617 626
12 30 56 71 120 132 140 178 220 251 274 297 306 321 335 366 422
 425 433 472 498 513 539 584 617 628
2 17 71 84 119 152 156 177 212 262 264 302 310 327 354 372 405
 413 436 446 482 509 524 594 612 629
11 17 68 83 112 140 172 189 194 229 233 301 305 318 338 379 385
 390 440 473 496 506 538 586 606 626
15 20 87 92 100 163 171 181 213 233 259 297 307 323 334 370 395
 407 435 444 491 511 548 588 624 629
13 42 54 90 118 130 152 191 199 233 237 276 291 320 347 355 411
 423 448 458 503 507 554 575 622 628
12 29 52 94 109 142 166 181 191 229 254 299 310 322 346 373 409
 428 455 461 489 525 541 587 608 625
15 25 85 88 116 154 155 207 224 227 249 280 289 322 345 378 404
 415 439 449 484 506 518 580 612 628
1 17 60 97 115 139 153 202 209 238 249 287 292 335 344 356 417
 426 431 455 487 507 549 578 624 627
9 47 64 79 113 134 140 190 207 242 255 276 313 330 339 368 389
 392 457 478 481 541 545 578 619 629
8 13 55 99 101 138 171 203 215 242 249 284 300 316 351 361 382
 414 438 471 502 509 539 582 606 625
9 16 57 65 114 142 153 179 222 235 264 298 304 336 353 363 384
 391 434 469 495 511 542 591 606 628
9 23 25 42 48 132 143 146 160 171 285 294 295 308 446 452 455
 470 473 577 579 585 593 597 600 644
13 27 29 45 49 126 137 140 155 170 287 298 303 312 430 437 443
 459 463 576 579 588 594 595 601 642
0 8 22 34 43 159 167 168 172 174 277 293 304 310 444 449 472
 475 476 575 576 578 592 598 600 646
4 17 26 38 46 157 161 162 169 173 279 300 307 313 432 433 461
 465 467 575 577 580 591 596 601 643
7 15 31 37 44 128 130 139 149 164 288 299 301 311 434 436 442
 464 478 582 584 585 590 592 601 648
1 10 24 35 40 131 133 148 154 165 276 297 305 309 445 450 454
 469 477 582 587 594 596 599 600 649
3 11 21 33 41 134 136 145 152 166 284 289 292 296 447 451 456
 474 479 581 584 588 589 591 600 645
5 14 28 39 47 125 127 142 151 163 281 291 302 306 431 438 439
 460 466 581 586 593 598 599 601 641
2 12 18 20 32 135 144 147 153 158 275 278 283 290 448 453 457
 468 471 580 583 586 590 595 600 650
6 16 19 30 36 129 138 141 150 156 280 282 286 314 435 440 441
 458 462 578 583 587 589 597 601 647
