625 626 627 628 629 630 631 632 633 634 635 636 637 638 639 640 641
 642 643 644 645 646 647 648 649 650
600 601 602 603 604 605 606 607 608 609 610 611 612 613 614 615 616
 617 618 619 620 621 622 623 624 650
450 456 457 464 465 484 485 488 489 512 513 516 517 540 541 548 549
 552 553 564 565 568 569 592 593 650
451 458 459 466 467 486 487 490 491 514 515 518 519 542 543 550 551
 554 555 566 567 570 571 594 595 650
452 460 461 468 469 492 493 496 497 520 521 524 525 544 545 556 557
 560 561 572 573 576 577 596 597 650
453 462 463 470 471 494 495 498 499 522 523 526 527 546 547 558 559
 562 563 574 575 578 579 598 599 650
301 308 309 312 313 340 341 344 345 372 373 376 377 404 405 408 409
 412 413 416 417 420 421 448 449 650
300 306 307 310 311 338 339 342 343 370 371 374 375 402 403 406 407
 410 411 414 415 418 419 446 447 650
455 474 475 478 479 482 483 502 503 506 507 510 511 530 531 534 535
 538 539 582 583 586 587 590 591 650
454 472 473 476 477 480 481 500 501 504 505 508 509 528 529 532 533
 536 537 580 581 584 585 588 589 650
305 320 321 332 333 336 337 356 357 360 361 368 369 384 385 396 397
 400 401 432 433 436 437 444 445 650
304 318 319 330 331 334 335 354 355 358 359 366 367 382 383 394 395
 398 399 430 431 434 435 442 443 650
303 316 317 324 325 328 329 348 349 352 353 364 365 380 381 388 389
 392 393 424 425 428 429 440 441 650
302 314 315 322 323 326 327 346 347 350 351 362 363 378 379 386 387
 390 391 422 423 426 427 438 439 650
3 39 41 83 85 111 113 188 190 206 208 230 322 324 330 332 370
 372 468 470 484 486 500 502 611 635
4 40 42 84 86 112 114 189 191 207 209 231 323 325 331 333 371
 373 469 471 485 487 501 503 612 635
8 44 50 88 106 108 118 181 197 201 213 225 311 315 319 329 337
 377 459 489 507 509 523 525 610 635
7 43 49 87 105 107 117 180 196 200 212 224 310 314 318 328 336
 376 458 488 506 508 522 524 609 635
6 46 48 90 104 110 116 183 195 199 211 223 313 317 321 327 335
 375 457 491 505 511 521 527 608 635
5 45 47 89 103 109 115 182 194 198 210 222 312 316 320 326 334
 374 456 490 504 510 520 526 607 635
11 28 37 81 99 119 125 186 204 216 220 236 308 342 350 358 364
 368 464 474 480 492 498 518 605 635
9 30 35 79 101 121 123 184 202 214 218 238 306 344 352 360 362
 366 466 472 482 494 496 516 603 635
12 29 38 82 100 120 126 187 205 217 221 237 309 343 351 359 365
 369 465 475 481 493 499 519 606 635
10 27 36 80 102 122 124 185 203 215 219 239 307 345 353 361 363
 367 467 473 483 495 497 517 604 635
1 31 33 91 93 95 97 192 226 228 232 234 338 340 346 348 354
 356 460 462 476 478 512 514 601 635
2 32 34 92 94 96 98 193 227 229 233 235 339 341 347 349 355
 357 461 463 477 479 513 515 602 635
23 61 71 139 161 163 169 256 260 274 280 284 380 384 410 426 434
 448 536 540 558 560 570 590 617 635
22 60 74 142 160 166 168 255 259 277 279 283 379 383 413 429 437
 447 539 543 557 563 569 589 616 635
24 62 72 140 162 164 170 257 261 275 281 285 381 385 411 427 435
 449 537 541 559 561 571 591 618 635
21 59 73 141 159 165 167 254 258 276 278 282 378 382 412 428 436
 446 538 542 556 562 568 588 615 635
18 56 58 132 134 136 138 241 243 271 273 295 407 409 423 425 431
 433 533 535 565 567 597 599 624 635
17 55 57 131 133 135 137 240 242 270 272 294 406 408 422 424 430
 432 532 534 564 566 596 598 623 635
20 68 70 156 158 172 174 245 267 269 291 293 391 393 399 401 419
 421 545 547 553 555 585 587 614 635
19 67 69 155 157 171 173 244 266 268 290 292 390 392 398 400 418
 420 544 546 552 554 584 586 613 635
16 54 64 128 146 148 154 249 253 265 289 297 389 397 403 417 439
 443 529 549 575 577 583 595 622 635
15 53 63 127 145 147 153 248 252 264 288 296 388 396 402 416 438
 442 528 548 574 576 582 594 621 635
13 51 65 129 143 149 151 246 250 262 286 298 386 394 404 414 440
 444 530 550 572 578 580 592 619 635
14 52 66 130 144 150 152 247 251 263 287 299 387 395 405 415 441
 445 531 551 573 579 581 593 620 635
0 25 26 75 76 77 78 175 176 177 178 179 300 301 302 303 304
 305 450 451 452 453 454 455 600 635
17 48 49 111 114 120 121 177 292 295 297 298 358 361 410 413 427
 428 476 479 489 490 573 574 614 627
18 47 50 112 113 119 122 177 293 294 296 299 359 360 411 412 426
 429 477 478 488 491 572 575 613 628
13 25 41 118 119 146 167 194 224 229 266 277 335 338 362 373 384
 441 495 519 564 585 591 597 621 627
14 25 42 117 120 145 168 195 225 228 267 276 334 339 363 372 385
 440 494 518 565 584 590 596 622 628
15 26 39 116 121 144 169 196 222 229 269 275 337 340 364 371 382
 439 493 517 567 586 589 598 619 628
16 26 40 115 122 143 170 197 223 228 268 274 336 341 365 370 383
 438 492 516 566 587 588 599 620 627
18 31 34 124 125 140 141 178 211 212 244 291 351 352 371 372 434
 437 509 510 577 578 593 594 623 627
17 32 33 123 126 139 142 178 210 213 245 290 350 353 370 373 435
 436 508 511 576 579 592 595 624 628
20 43 46 99 102 159 162 179 233 234 241 292 330 333 362 365 447
 448 520 523 548 551 580 583 623 628
19 44 45 100 101 160 161 179 232 235 240 293 331 332 363 364 446
 449 521 522 549 550 581 582 624 627
23 38 52 107 115 158 173 204 218 239 278 297 303 347 406 416 431
 444 486 509 512 521 563 591 612 628
21 36 54 109 117 155 172 202 220 237 280 299 302 349 409 414 432
 442 484 511 514 523 561 589 612 627
24 37 51 108 116 157 174 205 219 238 279 296 303 346 407 417 430
 445 487 508 513 520 562 590 611 627
22 35 53 110 118 156 171 203 221 236 281 298 302 348 408 415 433
 443 485 510 515 522 560 588 611 628
21 48 74 103 138 151 174 208 216 231 232 284 304 357 376 418 424
 438 483 519 525 529 559 593 603 628
22 47 73 104 137 152 173 209 217 230 233 285 304 356 377 419 425
 439 482 518 524 528 558 592 604 627
23 50 72 105 135 153 171 206 214 231 234 282 305 355 374 421 423
 440 481 517 527 531 557 595 605 627
24 49 71 106 136 154 172 207 215 230 235 283 305 354 375 420 422
 441 480 516 526 530 556 594 606 628
19 63 66 163 166 167 170 242 262 265 291 295 323 324 343 344 367
 368 504 507 513 514 524 527 600 628
20 64 65 164 165 168 169 243 263 264 290 294 322 325 342 345 366
 369 505 506 512 515 525 526 600 627
15 67 74 97 112 123 150 200 227 239 271 286 329 368 375 378 443
 448 454 499 502 553 571 596 607 627
16 68 73 98 111 124 149 201 226 238 270 287 328 369 374 379 442
 449 454 498 503 552 570 597 608 628
14 69 71 96 113 126 147 199 226 236 273 289 326 367 376 381 444
 447 455 496 501 555 568 598 610 627
13 70 72 95 114 125 148 198 227 237 272 288 327 366 377 380 445
 446 455 497 500 554 569 599 609 628
10 32 42 88 134 148 158 180 190 255 260 281 300 321 340 387 398
 424 466 498 504 538 548 572 606 627
12 34 40 90 131 150 155 182 190 257 258 279 301 319 338 389 401
 423 464 496 506 536 550 574 604 628
9 31 41 87 133 147 157 181 191 254 261 280 300 320 341 386 399
 425 467 499 505 539 549 573 605 628
11 33 39 89 132 149 156 183 191 256 259 278 301 318 339 388 400
 422 465 497 507 537 551 575 603 627
4 29 66 77 94 129 136 213 216 218 254 275 328 334 390 401 402
 408 462 468 473 491 569 583 617 627
3 28 65 77 93 130 135 212 217 219 255 274 329 335 391 400 403
 409 463 469 472 490 568 582 618 628
3 30 63 78 91 128 138 210 215 221 257 276 327 337 392 399 405
 406 461 471 474 488 570 580 616 627
4 27 64 78 92 127 137 211 214 220 256 277 326 336 393 398 404
 407 460 470 475 489 571 581 615 628
7 29 57 88 104 141 161 185 194 252 273 286 306 325 346 358 397
 405 451 484 537 546 557 587 602 628
8 28 58 87 103 142 162 184 195 253 272 287 307 324 347 359 396
 404 451 485 536 547 556 586 601 627
6 30 55 89 105 140 160 186 197 251 271 289 309 322 349 361 394
 402 450 487 538 544 558 585 601 628
5 27 56 90 106 139 159 187 196 250 270 288 308 323 348 360 395
 403 450 486 539 545 559 584 602 627
2 38 55 84 93 99 154 222 246 252 261 267 317 319 344 415 426
 436 452 470 483 533 543 552 609 627
1 35 57 85 92 102 151 225 249 251 258 269 314 320 343 416 429
 435 453 469 480 535 540 554 608 627
2 36 58 86 91 101 152 224 248 250 259 268 315 321 342 417 428
 434 453 468 481 534 541 555 607 628
1 37 56 83 94 100 153 223 247 253 260 266 316 318 345 414 427
 437 452 471 482 532 542 553 610 628
10 45 59 75 97 132 146 184 188 205 264 285 311 317 390 395 421
 432 458 479 492 501 540 578 616 628
9 46 60 75 98 131 145 185 189 204 265 284 310 316 391 394 420
 433 459 478 493 500 541 579 615 627
11 44 62 76 96 134 143 187 189 202 263 282 312 314 392 396 419
 430 457 476 495 502 543 577 617 628
12 43 61 76 95 133 144 186 188 203 262 283 313 315 393 397 418
 431 456 477 494 503 542 576 618 627
5 60 69 81 108 128 165 176 193 200 206 246 313 331 352 356 387
 410 465 473 535 547 561 566 621 628
7 62 68 79 110 130 163 175 193 198 208 248 311 333 350 354 389
 412 467 475 532 544 563 565 619 627
8 61 67 80 109 129 164 175 192 199 209 249 310 332 351 355 388
 413 466 474 533 545 562 564 620 628
6 59 70 82 107 127 166 176 192 201 207 247 312 330 353 357 386
 411 464 472 534 546 560 567 622 627
0 51 54 79 82 84 85 180 183 240 243 244 307 308 378 381 383
 384 456 459 461 462 528 531 614 628
0 52 53 80 81 83 86 181 182 241 242 245 306 309 379 380 382
 385 457 458 460 463 529 530 613 627
6 61 72 88 113 131 165 178 205 216 269 297 318 333 379 404 415
 425 461 495 514 516 582 584 607 632
8 59 74 90 111 134 163 178 203 214 266 299 320 331 381 402 417
 422 463 493 512 518 580 587 609 634
7 60 73 89 112 133 164 178 202 215 267 298 321 330 380 403 416
 423 462 492 513 519 581 586 610 631
5 62 71 87 114 132 166 178 204 217 268 296 319 332 378 405 414
 424 460 494 515 517 583 585 608 633
8 65 68 127 132 154 161 177 218 224 234 236 313 316 323 370 385
 430 461 499 538 554 589 593 604 631
5 64 70 130 134 151 160 177 221 223 233 239 310 315 324 373 382
 432 462 496 537 552 590 594 605 632
6 63 69 129 133 152 159 177 220 222 232 238 311 314 325 372 383
 433 463 497 536 553 591 595 606 633
7 66 67 128 131 153 162 177 219 225 235 237 312 317 322 371 384
 431 460 498 539 555 588 592 603 634
11 54 68 83 106 137 167 179 195 221 261 274 371 376 394 423 429
 445 466 473 479 512 546 576 607 633
12 53 67 84 105 138 168 179 194 220 260 275 370 377 395 422 428
 444 467 472 478 513 547 577 608 632
10 51 70 86 103 135 170 179 196 218 258 277 372 375 397 425 426
 442 465 474 476 515 544 579 610 634
9 52 69 85 104 136 169 179 197 219 259 276 373 374 396 424 427
 443 464 475 477 514 545 578 609 631
11 26 64 91 114 155 162 206 238 245 247 283 335 351 402 412 425
 444 459 483 504 522 540 596 602 631
12 26 63 92 113 156 161 207 239 244 246 282 334 350 403 413 424
 445 458 482 505 523 541 597 601 634
10 25 65 94 111 157 159 209 237 245 248 284 336 352 405 411 423
 443 456 480 507 521 543 598 601 632
9 25 66 93 112 158 160 208 236 244 249 285 337 353 404 410 422
 442 457 481 506 520 542 599 602 633
1 25 53 115 125 130 131 183 184 282 286 290 332 349 399 417 426
 447 473 489 503 524 559 567 606 631
1 26 51 117 123 128 134 181 186 284 288 291 330 347 400 415 428
 449 475 491 501 526 557 564 604 633
2 26 52 118 124 127 133 180 187 285 289 290 331 346 401 414 429
 448 474 490 500 527 556 565 603 632
2 25 54 116 126 129 132 182 185 283 287 291 333 348 398 416 427
 446 472 488 502 525 558 566 605 634
5 37 72 79 124 129 173 188 235 242 256 271 302 337 338 359 376
 428 469 505 543 548 579 587 622 631
8 36 73 82 125 128 171 189 232 242 255 273 303 334 341 360 375
 427 470 506 540 551 576 585 619 632
6 38 71 80 123 130 174 189 234 243 257 270 302 336 339 358 377
 429 468 504 542 549 578 586 621 634
7 35 74 81 126 127 172 188 233 243 254 272 303 335 340 361 374
 426 471 507 541 550 577 584 620 633
8 43 70 98 116 119 173 191 240 260 263 286 305 309 326 352 403
 435 468 483 514 565 574 588 616 633
6 45 67 96 118 121 172 191 241 258 265 288 304 307 328 350 405
 437 470 481 512 566 572 590 618 631
7 44 69 97 115 120 174 190 241 261 262 287 305 308 327 353 402
 434 469 482 515 564 575 589 615 632
5 46 68 95 117 122 171 190 240 259 264 289 304 306 329 351 404
 436 471 480 513 567 573 591 617 634
4 39 65 81 87 124 150 199 276 281 288 297 305 315 344 349 383
 419 478 519 520 532 540 546 624 634
3 42 64 80 90 125 147 200 275 278 287 298 304 316 343 346 384
 421 477 516 523 534 543 544 624 633
3 40 66 82 88 123 149 198 277 280 289 296 305 314 345 348 382
 418 479 518 521 533 541 547 623 631
4 41 63 79 89 126 148 201 274 279 286 299 304 317 342 347 385
 420 476 517 522 535 542 545 623 632
3 32 58 102 121 143 155 194 236 261 284 294 303 309 311 318 356
 378 503 527 545 569 581 594 622 634
4 33 56 99 120 146 157 197 239 258 283 294 302 306 312 321 355
 381 500 524 547 570 582 593 619 633
3 34 55 100 119 145 158 196 238 259 282 295 302 307 313 320 354
 380 501 525 546 571 583 592 620 632
4 31 57 101 122 144 156 195 237 260 285 295 303 308 310 319 357
 379 502 526 544 568 580 595 621 631
2 30 39 120 134 153 167 204 212 270 279 293 325 356 375 390 404
 435 455 456 467 523 529 560 620 631
1 29 42 121 132 152 170 203 211 272 280 293 322 355 376 392 403
 436 454 459 464 520 530 563 621 632
2 28 41 122 131 151 169 202 210 273 281 292 323 354 377 393 402
 437 454 458 465 521 531 562 622 633
1 27 40 119 133 154 168 205 213 271 278 292 324 357 374 391 405
 434 455 457 466 522 528 561 619 634
10 37 44 92 130 140 165 182 192 252 259 280 328 360 370 420 431
 439 455 485 519 527 580 596 614 633
11 36 45 93 127 141 164 181 193 251 260 279 327 359 373 418 433
 440 454 486 516 524 583 598 614 634
9 38 43 91 129 139 166 183 193 253 258 281 329 361 371 421 430
 438 455 484 518 526 581 597 613 632
12 35 46 94 128 142 163 180 192 250 261 278 326 358 372 419 432
 441 454 487 517 525 582 599 613 631
12 30 31 86 107 111 118 185 198 216 223 235 387 409 430 436 440
 447 528 540 545 571 575 586 600 633
10 28 33 84 109 113 116 187 200 214 225 233 389 406 433 434 438
 449 530 542 546 569 573 585 600 631
9 29 34 83 110 114 115 186 201 215 224 232 388 407 432 435 439
 448 531 543 547 568 572 584 600 634
11 27 32 85 108 112 117 184 199 217 222 234 386 408 431 437 441
 446 529 541 544 570 574 587 600 632
18 65 72 82 91 109 156 196 213 230 251 266 300 317 358 363 396
 448 496 503 513 529 563 566 615 633
18 64 73 79 94 108 158 195 210 231 252 268 301 314 361 364 395
 447 499 500 514 530 560 564 618 634
17 63 74 80 93 107 157 194 211 230 253 269 301 315 360 365 394
 446 498 501 515 531 561 565 617 631
17 66 71 81 92 110 155 197 212 231 250 267 300 316 359 362 397
 449 497 502 512 528 562 567 616 632
22 52 61 100 103 121 154 189 206 225 250 264 301 327 349 368 398
 411 462 467 508 568 587 597 623 633
24 54 59 102 105 119 152 189 208 223 252 262 300 329 347 366 401
 413 460 465 510 570 584 598 624 631
23 53 60 101 106 120 151 188 209 222 253 263 300 328 346 367 400
 412 461 464 511 571 585 599 623 634
21 51 62 99 104 122 153 188 207 224 251 265 301 326 348 369 399
 410 463 466 509 569 586 596 624 632
21 44 58 81 135 148 166 185 209 221 226 244 320 322 339 393 395
 448 452 491 508 516 574 591 619 631
22 43 57 82 136 147 165 184 208 220 227 245 321 323 338 392 394
 449 452 490 509 517 575 590 620 634
24 45 56 80 137 149 163 186 206 218 227 244 319 325 340 391 396
 447 453 488 511 519 573 588 622 632
23 46 55 79 138 150 164 187 207 219 226 245 318 324 341 390 397
 446 453 489 510 518 572 589 621 633
20 44 61 104 112 149 157 180 204 229 247 272 343 354 385 409 428
 438 450 470 473 496 510 595 616 634
19 46 59 106 114 147 156 182 202 229 249 271 345 356 383 406 426
 440 451 468 475 498 508 593 618 632
19 43 62 103 111 150 158 181 205 228 246 273 342 355 384 408 429
 439 450 471 472 497 511 594 615 631
20 45 60 105 113 148 155 183 203 228 248 270 344 357 382 407 427
 441 451 469 474 499 509 592 617 633
22 50 71 95 145 159 170 210 216 229 239 287 309 317 331 386 400
 407 453 466 484 506 532 577 614 631
21 49 72 96 146 160 169 211 217 228 238 286 308 316 330 387 401
 406 453 467 485 507 533 576 613 634
24 48 73 97 143 161 168 212 214 229 237 289 307 315 333 388 399
 408 452 464 486 504 535 579 613 633
23 47 74 98 144 162 167 213 215 228 236 288 306 314 332 389 398
 409 452 465 487 505 534 578 614 632
14 30 60 77 102 116 161 181 230 243 268 278 312 338 351 368 393
 442 479 485 532 559 572 595 609 632
15 29 61 78 99 117 160 182 231 243 266 281 311 341 352 367 391
 445 476 486 534 556 575 592 608 631
16 28 62 78 100 118 159 183 230 242 267 280 310 340 353 366 390
 444 477 487 535 557 574 593 607 634
13 27 59 77 101 115 162 180 231 242 269 279 313 339 350 369 392
 443 478 484 533 558 573 594 610 633
15 33 55 77 88 98 166 206 223 241 285 298 342 360 363 376 399
 441 456 475 536 554 562 577 612 634
13 31 58 78 90 96 164 208 225 240 283 296 344 358 365 374 400
 439 458 473 538 553 560 579 612 632
14 32 57 78 89 95 163 209 224 241 282 297 345 359 364 375 401
 438 459 472 539 552 561 578 611 633
16 34 56 77 87 97 165 207 222 240 284 299 343 361 362 377 398
 440 457 474 537 555 563 576 611 631
18 40 54 75 93 103 169 200 235 247 254 270 309 321 350 367 388
 419 489 494 554 557 580 591 611 632
17 39 53 75 94 104 170 201 234 246 255 271 308 320 351 366 389
 418 488 495 555 556 581 590 612 633
18 41 51 76 92 106 168 199 232 248 257 272 306 318 353 368 387
 421 490 493 552 558 583 588 612 631
17 42 52 76 91 105 167 198 233 249 256 273 307 319 352 369 386
 420 491 492 553 559 582 589 611 634
14 49 55 86 90 151 171 193 213 220 274 291 340 369 378 388 411
 431 451 482 495 500 520 549 616 631
16 47 58 84 88 153 174 193 211 218 276 290 338 367 380 386 413
 432 450 480 493 502 522 551 618 633
13 50 56 85 89 152 172 192 212 221 275 290 341 368 379 389 410
 430 451 483 494 501 521 548 615 634
15 48 57 83 87 154 173 192 210 219 277 291 339 366 381 387 412
 433 450 481 492 503 523 550 617 632
22 49 68 76 109 123 140 185 191 246 276 294 335 343 357 364 390
 417 460 486 531 536 548 599 610 632
23 48 70 75 108 126 141 186 190 249 275 294 336 344 354 363 392
 414 463 485 528 539 551 597 607 631
21 50 67 76 110 124 139 184 190 247 277 295 334 342 356 365 391
 416 461 487 530 537 549 598 609 633
24 47 69 75 107 125 142 187 191 248 274 295 337 345 355 362 393
 415 462 484 529 538 550 596 608 634
16 37 39 86 95 142 172 176 214 257 263 292 311 363 384 394 416
 424 491 499 510 524 533 568 602 632
14 35 41 84 97 140 173 175 216 255 265 293 313 365 382 396 414
 423 489 497 508 526 534 570 602 634
15 38 40 85 96 141 171 176 215 256 262 293 310 362 385 395 417
 425 490 498 511 525 532 569 601 633
13 36 42 83 98 139 174 175 217 254 264 292 312 364 383 397 415
 422 488 496 509 527 535 571 601 631
19 30 48 99 109 137 144 176 226 250 254 296 347 370 380 421 437
 443 459 469 495 506 537 565 606 634
19 29 49 102 108 135 145 175 227 253 257 299 348 373 379 419 434
 444 456 470 492 505 538 567 603 633
20 28 50 101 107 136 146 175 226 252 256 298 349 372 378 418 435
 445 457 471 493 504 539 566 604 632
20 27 47 100 110 138 143 176 227 251 255 297 346 371 381 420 436
 442 458 468 494 507 536 564 605 631
0 31 37 138 139 145 148 197 200 202 262 269 325 326 332 335 408
 411 479 481 551 552 556 563 604 634
0 33 35 135 141 143 150 195 198 204 264 266 323 328 330 337 407
 413 477 483 549 555 558 561 606 632
0 32 38 137 140 146 147 196 201 203 263 268 324 327 333 334 409
 410 478 480 550 553 557 562 603 631
0 34 36 136 142 144 149 194 199 205 265 267 322 329 331 336 406
 412 476 482 548 554 559 560 605 633
9 56 65 88 126 144 170 175 220 231 235 278 307 327 330 356 417
 429 458 510 552 574 585 596 617 629
12 58 64 89 123 145 167 176 219 230 232 281 308 328 333 355 414
 426 457 509 554 573 587 598 616 629
11 57 63 90 124 146 168 176 218 231 233 280 309 329 332 354 415
 427 456 508 555 572 586 599 615 630
10 55 66 87 125 143 169 175 221 230 234 279 306 326 331 357 416
 428 459 511 553 575 584 597 618 630
3 44 70 84 94 117 139 203 273 279 285 297 362 368 374 388 394
 412 453 460 505 566 586 593 606 629
3 46 67 86 92 115 141 205 270 281 283 299 364 366 376 386 396
 410 452 462 507 565 585 595 604 630
4 45 68 85 91 116 142 204 271 280 282 298 365 367 377 387 397
 411 452 463 506 564 584 594 603 629
4 43 69 83 93 118 140 202 272 278 284 296 363 369 375 389 395
 413 453 461 504 567 587 592 605 630
6 36 65 76 112 163 173 182 225 226 253 275 308 362 399 407 424
 436 465 479 500 522 557 594 620 630
7 37 64 75 113 166 171 181 222 227 250 276 307 365 401 409 422
 435 466 476 503 521 558 593 621 630
8 38 63 75 114 165 172 180 223 226 251 277 306 364 400 408 423
 434 467 477 502 520 559 592 622 629
5 35 66 76 111 164 174 183 224 227 252 274 309 363 398 406 425
 437 464 478 501 523 556 595 619 629
1 49 60 78 84 158 167 197 199 237 264 287 350 360 418 425 430
 448 463 468 510 517 537 550 622 630
2 50 59 78 83 157 168 196 198 236 265 286 351 361 419 424 431
 449 462 469 511 516 536 551 621 629
2 48 61 77 85 156 170 194 200 238 263 288 353 359 420 423 432
 447 460 471 509 518 538 549 619 630
1 47 62 77 86 155 169 195 201 239 262 289 352 358 421 422 433
 446 461 470 508 519 539 548 620 629
11 49 67 82 122 148 152 182 214 254 267 284 313 324 337 346 435
 447 450 515 532 578 582 597 612 629
9 47 70 80 120 150 154 180 216 256 268 282 311 322 335 348 437
 449 451 513 535 576 580 598 612 630
12 50 68 81 121 147 151 183 215 255 266 285 312 325 336 347 434
 446 450 514 533 579 583 596 611 630
10 48 69 79 119 149 153 181 217 257 269 283 310 323 334 349 436
 448 451 512 534 577 581 599 611 629
7 33 40 80 138 160 173 184 229 246 288 299 300 369 372 393 427
 430 459 480 527 560 568 583 607 629
8 34 39 79 137 159 174 185 228 247 289 298 300 368 373 392 426
 431 458 481 526 561 569 582 608 630
6 32 41 81 136 161 171 187 228 249 287 296 301 366 371 391 428
 432 456 483 524 563 571 580 610 629
5 31 42 82 135 162 172 186 229 248 286 297 301 367 370 390 429
 433 457 482 525 562 570 581 609 630
18 60 61 127 130 143 146 240 245 275 276 292 319 320 347 348 375
 376 481 482 484 487 497 498 600 629
17 59 62 128 129 144 145 241 244 274 277 293 318 321 346 349 374
 377 480 483 485 486 496 499 600 630
22 54 56 96 107 114 161 188 213 219 257 267 320 342 352 382 404
 438 454 478 527 544 551 564 606 630
23 51 58 97 110 111 160 189 210 220 254 269 319 345 351 385 403
 441 455 477 524 546 548 566 603 630
21 53 55 95 108 113 162 189 212 218 256 266 321 343 353 383 405
 439 454 479 526 545 550 565 605 629
24 52 57 98 109 112 159 188 211 221 255 268 318 344 350 384 402
 440 455 476 525 547 549 567 604 629
14 45 72 99 123 133 138 201 212 223 249 259 303 323 384 398 412
 419 473 484 493 515 530 574 601 630
16 43 74 101 125 132 135 199 210 225 247 261 302 325 382 401 410
 420 475 486 495 513 528 572 601 629
15 44 73 102 126 131 136 198 211 224 246 260 302 324 383 400 411
 421 474 487 494 512 529 573 602 630
13 46 71 100 124 134 137 200 213 222 248 258 303 322 385 399 413
 418 472 485 492 514 531 575 602 629
16 29 53 119 134 139 157 192 195 206 235 251 304 333 344 378 393
 406 490 497 506 541 578 589 610 630
15 28 54 120 133 140 158 193 194 207 234 250 304 332 345 379 392
 407 491 496 507 540 579 588 609 629
13 30 52 122 132 142 155 193 196 209 232 252 305 330 343 381 391
 408 489 498 505 542 577 590 607 630
14 27 51 121 131 141 156 192 197 208 233 253 305 331 342 380 390
 409 488 499 504 543 576 591 608 629
22 26 31 99 105 129 163 190 205 215 263 272 316 339 360 373 378
 442 489 521 529 535 546 555 618 629
24 25 33 101 103 127 165 190 203 217 265 271 314 341 358 371 380
 444 491 523 531 532 545 552 616 630
21 26 32 100 106 130 164 191 204 214 262 273 317 338 361 372 379
 443 488 520 528 534 547 554 617 630
23 25 34 102 104 128 166 191 202 216 264 270 315 340 359 370 381
 445 490 522 530 533 544 553 615 629
19 39 42 107 110 151 154 178 237 238 241 294 326 329 338 341 395
 396 473 474 541 542 557 558 614 629
20 40 41 108 109 152 153 178 236 239 240 295 327 328 339 340 394
 397 472 475 540 543 556 559 613 630
20 29 30 96 97 103 106 177 242 244 259 260 335 336 386 389 415
 416 500 503 517 518 561 562 624 629
19 27 28 95 98 104 105 177 243 245 258 261 334 337 387 388 414
 417 501 502 516 519 560 563 623 630
17 36 37 115 118 147 150 179 206 209 243 291 314 317 354 357 403
 404 493 494 537 538 569 570 613 629
18 35 38 116 117 148 149 179 207 208 242 290 315 316 355 356 402
 405 492 495 536 539 568 571 614 630
0 72 73 87 90 92 93 185 186 290 293 295 311 312 438 441 443
 444 465 466 468 471 589 590 623 629
0 71 74 88 89 91 94 184 187 291 292 294 310 313 439 440 442
 445 464 467 469 470 588 591 624 630
15 31 46 81 103 149 167 175 214 251 268 294 353 377 401 403 427
 431 461 484 501 522 543 590 606 626
16 32 45 82 104 150 168 175 215 250 269 295 352 376 400 402 426
 430 460 485 500 523 542 591 605 625
14 34 43 80 106 148 170 176 217 252 266 294 350 374 399 404 428
 433 462 487 502 521 540 589 603 625
13 33 44 79 105 147 169 176 216 253 267 295 351 375 398 405 429
 432 463 486 503 520 541 588 604 626
23 45 63 76 86 119 136 200 237 255 261 290 330 339 348 361 404
 439 459 496 532 562 587 593 608 626
24 46 64 76 85 120 135 201 236 254 260 291 331 338 349 360 405
 438 458 497 533 563 586 592 607 625
22 44 66 75 83 122 138 199 238 256 258 290 333 340 347 358 403
 440 456 499 534 561 585 594 609 625
21 43 65 75 84 121 137 198 239 257 259 291 332 341 346 359 402
 441 457 498 535 560 584 595 610 626
20 36 74 78 79 114 131 212 222 262 278 285 309 348 355 370 387
 396 480 491 546 549 590 597 610 625
19 35 73 78 80 113 132 213 223 263 279 284 308 349 354 371 386
 397 481 490 547 548 591 596 609 626
19 38 72 77 81 112 134 210 224 264 280 283 307 346 357 372 389
 394 482 489 545 551 588 598 608 625
20 37 71 77 82 111 133 211 225 265 281 282 306 347 356 373 388
 395 483 488 544 550 589 599 607 626
17 41 60 99 132 141 174 180 214 221 235 288 329 334 345 411 439
 444 453 457 503 514 536 544 620 625
18 39 62 101 133 139 171 182 216 219 233 286 327 336 343 413 441
 442 452 459 501 512 538 547 622 625
18 42 59 100 131 142 173 181 215 220 234 289 328 335 344 410 438
 445 453 456 502 515 537 545 619 626
17 40 61 102 134 140 172 183 217 218 232 287 326 337 342 412 440
 443 452 458 500 513 539 546 621 626
13 40 73 107 116 130 145 203 206 220 249 261 306 359 390 424 437
 448 450 461 476 507 526 555 624 625
15 42 71 109 118 128 143 205 208 218 247 259 308 361 393 423 435
 446 451 463 478 505 524 552 623 625
16 41 72 110 117 127 144 204 209 219 246 258 309 360 392 422 434
 447 451 462 479 504 525 553 624 626
14 39 74 108 115 129 146 202 207 221 248 260 307 358 391 425 436
 449 450 460 477 506 527 554 623 626
21 56 69 86 98 123 127 183 194 225 293 297 300 324 351 354 408
 445 492 506 517 543 558 580 618 625
23 57 68 84 96 125 129 181 196 223 292 299 301 322 353 356 407
 443 494 504 519 541 556 582 616 625
24 58 67 83 95 126 130 180 197 222 293 298 301 323 352 357 406
 442 495 505 518 540 557 583 615 626
22 55 70 85 97 124 128 182 195 224 292 296 300 325 350 355 409
 444 493 507 516 542 559 581 617 626
11 34 47 123 135 157 161 203 208 241 250 275 310 317 369 383 387
 416 455 471 489 514 556 585 622 626
10 31 50 126 137 155 160 204 207 241 253 276 313 314 366 384 388
 415 454 468 490 513 559 587 619 625
12 33 48 124 136 158 162 202 209 240 251 274 311 316 368 382 386
 417 455 470 488 515 557 584 621 625
9 32 49 125 138 156 159 205 206 240 252 277 312 315 367 385 389
 414 454 469 491 512 558 586 620 626
1 36 38 87 89 104 106 190 227 231 236 238 382 384 390 393 411
 413 565 566 577 579 580 582 600 626
2 35 37 88 90 103 105 191 226 230 237 239 383 385 391 392 410
 412 564 567 576 578 581 583 600 625
5 48 54 92 101 112 145 201 245 266 273 278 305 322 340 365 415
 430 467 474 524 536 569 578 618 626
7 50 52 94 99 114 143 199 244 269 270 280 304 324 338 363 417
 433 465 472 526 538 571 576 616 626
8 49 51 93 100 113 144 198 245 268 271 281 304 325 339 362 416
 432 464 473 527 539 570 577 615 625
6 47 53 91 102 111 146 200 244 267 272 279 305 323 341 364 414
 431 466 475 525 537 568 579 617 625
12 25 69 88 122 154 164 212 233 242 247 288 320 364 378 394 407
 421 468 476 485 511 563 570 603 626
10 26 68 90 120 152 166 210 235 243 249 286 318 362 380 396 408
 418 470 478 487 509 561 568 605 626
9 26 67 89 119 151 165 211 234 242 248 287 319 363 381 397 409
 419 471 479 486 508 560 569 606 625
11 25 70 87 121 153 163 213 232 243 246 289 321 365 379 395 406
 420 469 477 484 510 562 571 604 625
6 29 62 93 98 148 151 184 196 256 276 283 303 331 345 368 370
 423 510 523 528 555 564 573 613 626
5 28 61 94 97 147 152 185 197 257 277 282 303 330 344 369 371
 422 511 522 529 554 565 572 614 625
7 30 59 92 95 149 154 187 195 255 275 284 302 332 342 367 373
 425 509 520 531 553 566 574 613 625
8 27 60 91 96 150 153 186 194 254 274 285 302 333 343 366 372
 424 508 521 530 552 567 575 614 626
3 52 54 156 157 164 166 177 184 186 228 231 326 328 375 377 434
 436 493 495 532 535 548 550 602 625
4 51 53 155 158 163 165 177 185 187 229 230 327 329 374 376 435
 437 492 494 533 534 549 551 601 626
2 64 66 107 109 139 141 179 189 228 271 272 311 313 379 381 399
 400 480 482 517 519 572 574 611 626
1 63 65 108 110 140 142 179 188 229 270 273 310 312 378 380 398
 401 481 483 516 518 573 575 612 625
3 56 57 116 118 160 162 178 193 226 262 264 334 336 419 420 426
 428 464 466 497 499 529 531 612 626
4 55 58 115 117 159 161 178 192 227 263 265 335 337 418 421 427
 429 465 467 496 498 528 530 611 625
0 28 30 168 170 171 174 188 191 192 297 299 314 316 319 321 446
 448 473 475 592 594 597 598 602 626
0 27 29 167 169 172 173 189 190 193 296 298 315 317 318 320 447
 449 472 474 593 595 596 599 601 625
21 38 39 90 119 128 161 175 197 245 272 285 328 345 386 398 433
 447 469 476 494 513 531 594 607 636
23 36 41 88 121 130 159 176 195 244 271 283 326 343 388 401 430
 449 471 478 492 515 529 592 609 636
24 35 42 87 122 129 160 176 194 245 270 282 327 342 389 400 431
 448 470 479 493 514 528 593 610 637
22 37 40 89 120 127 162 175 196 244 273 284 329 344 387 399 432
 446 468 477 495 512 530 595 608 637
22 34 51 101 126 164 167 200 223 234 280 297 312 337 391 395 402
 424 451 470 480 497 503 565 613 636
21 33 52 102 125 163 168 201 222 235 281 296 313 336 390 394 403
 425 451 471 481 496 502 564 614 637
23 31 54 100 123 165 170 199 224 233 279 298 311 334 393 396 405
 422 450 469 483 498 500 567 613 637
24 32 53 99 124 166 169 198 225 232 278 299 310 335 392 397 404
 423 450 468 482 499 501 566 614 636
20 31 66 117 132 151 173 187 194 201 206 257 350 361 375 380 383
 417 452 466 477 485 582 598 615 636
20 34 63 116 134 154 171 184 197 198 209 254 353 358 376 379 384
 414 453 465 478 486 581 596 618 637
19 32 65 118 131 152 174 186 195 200 207 256 351 360 374 381 382
 416 452 467 476 484 583 599 616 637
19 33 64 115 133 153 172 185 196 199 208 255 352 359 377 378 385
 415 453 464 479 487 580 597 617 636
13 38 60 76 94 103 156 211 219 241 289 299 325 337 354 370 378
 449 466 524 534 540 574 584 605 637
15 36 62 75 92 105 157 213 221 240 287 297 323 335 356 372 380
 447 464 526 533 542 572 587 603 637
16 35 61 75 91 106 158 212 220 241 286 296 322 334 357 373 381
 446 465 527 532 543 573 586 604 636
14 37 59 76 93 104 155 210 218 240 288 298 324 336 355 371 379
 448 467 525 535 541 575 585 606 636
17 45 51 77 90 95 173 202 236 247 252 276 310 322 333 341 429
 434 507 517 529 547 571 597 606 637
18 46 52 77 89 96 174 203 237 246 253 277 311 323 332 340 428
 435 506 516 528 546 570 596 605 636
17 44 54 78 87 98 171 205 239 248 251 275 313 325 330 338 426
 437 504 518 530 545 568 599 603 636
18 43 53 78 88 97 172 204 238 249 250 274 312 324 331 339 427
 436 505 519 531 544 569 598 604 637
13 55 69 92 109 111 170 184 204 215 243 260 301 329 333 346 382
 419 481 491 522 539 576 593 622 636
16 57 67 93 108 114 167 187 203 216 243 259 300 326 330 349 385
 421 482 488 521 536 579 594 619 637
15 58 68 94 107 113 168 186 202 217 242 258 300 327 331 348 384
 420 483 489 520 537 578 595 620 636
14 56 70 91 110 112 169 185 205 214 242 261 301 328 332 347 383
 418 480 490 523 538 577 592 621 637
5 29 41 107 138 149 155 225 234 263 285 291 307 321 364 413 426
 443 455 463 487 516 532 576 615 637
6 28 42 108 137 150 156 224 235 262 284 290 306 320 365 412 427
 442 455 462 486 517 533 577 616 636
8 30 40 110 136 148 157 222 233 264 282 291 308 318 363 410 429
 444 454 460 484 519 534 579 618 636
7 27 39 109 135 147 158 223 232 265 283 290 309 319 362 411 428
 445 454 461 485 518 535 578 617 637
3 43 45 79 81 120 122 189 192 211 213 229 414 416 422 425 443
 445 536 538 552 555 557 559 600 636
4 44 46 80 82 119 121 188 193 210 212 228 415 417 423 424 442
 444 537 539 553 554 556 558 600 637
5 25 57 80 105 142 143 207 238 254 281 293 317 368 409 418 434
 439 461 475 500 512 551 574 610 636
7 26 56 82 103 140 145 209 236 256 279 292 315 366 406 421 436
 441 463 473 502 514 549 572 608 636
8 26 55 81 104 139 146 208 237 257 278 293 314 367 407 420 437
 440 462 472 503 515 548 573 607 637
6 25 58 79 106 141 144 206 239 255 280 292 316 369 408 419 435
 438 460 474 501 513 550 575 609 637
11 48 66 86 113 140 159 180 215 253 264 286 303 320 338 355 377
 391 475 494 552 560 566 589 624 637
10 49 63 83 112 141 162 183 216 250 263 289 302 319 341 356 374
 393 472 493 554 563 564 590 624 636
12 47 65 85 114 139 160 181 214 252 265 287 303 321 339 354 376
 390 474 495 553 561 567 588 623 636
9 50 64 84 111 142 161 182 217 251 262 288 302 318 340 357 375
 392 473 492 555 562 565 591 623 637
12 28 73 83 96 117 166 218 248 269 271 294 305 317 346 373 398
 410 459 497 510 549 559 580 620 637
11 29 74 84 95 118 165 219 249 268 270 295 305 316 347 372 399
 411 458 496 511 548 558 581 619 636
10 30 71 85 98 115 164 220 246 266 272 295 304 315 348 371 401
 412 457 499 508 551 557 582 622 637
9 27 72 86 97 116 163 221 247 267 273 294 304 314 349 370 400
 413 456 498 509 550 556 583 621 636
1 68 69 99 101 148 150 178 189 230 275 277 359 361 386 388 406
 409 456 458 525 527 588 590 602 637
2 67 70 100 102 147 149 178 188 231 274 276 358 360 387 389 407
 408 457 459 524 526 589 591 601 636
4 60 62 123 125 152 154 179 190 226 266 269 307 309 431 432 438
 440 488 490 505 507 560 562 602 636
3 59 61 124 126 151 153 179 191 227 267 268 306 308 430 433 439
 441 489 491 504 506 561 563 601 637
2 72 74 136 137 143 145 177 181 183 190 192 343 345 350 352 395
 397 520 522 568 570 585 586 612 637
1 71 73 135 138 144 146 177 180 182 191 193 342 344 351 353 394
 396 521 523 569 571 584 587 611 636
0 47 49 128 130 132 133 226 229 231 258 260 363 365 366 368 402
 404 509 511 541 543 545 546 611 637
0 48 50 127 129 131 134 227 228 230 259 261 362 364 367 369 403
 405 508 510 540 542 544 547 612 636
2 29 46 87 113 123 146 209 220 247 255 262 301 337 363 374 380
 430 512 535 544 559 588 594 614 646
1 30 43 90 112 126 143 206 219 248 256 265 300 334 364 377 379
 432 515 533 546 556 591 593 614 648
1 28 45 88 114 124 145 208 221 246 254 263 301 336 362 375 381
 431 513 534 545 558 589 595 613 649
2 27 44 89 111 125 144 207 218 249 257 264 300 335 365 376 378
 433 514 532 547 557 590 592 613 647
9 28 57 76 128 149 172 222 228 239 266 279 333 351 376 380 395
 411 468 489 515 527 528 538 624 641
10 29 58 76 127 150 171 223 229 238 267 278 332 350 377 381 394
 410 469 488 514 526 529 539 623 638
11 30 56 75 130 147 173 224 228 237 269 281 331 353 374 378 397
 413 470 491 513 525 530 536 623 640
12 27 55 75 129 148 174 225 229 236 268 280 330 352 375 379 396
 412 471 490 512 524 531 537 624 639
8 42 48 78 115 123 169 187 188 244 252 258 356 379 394 409 411
 441 497 513 522 532 555 583 605 645
7 41 47 78 116 124 170 186 189 245 253 259 357 378 395 408 410
 440 496 512 523 533 554 582 606 643
5 39 49 77 118 126 168 184 189 244 251 261 355 380 397 407 412
 438 498 514 521 534 553 580 604 642
6 40 50 77 117 125 167 185 188 245 250 260 354 381 396 406 413
 439 499 515 520 535 552 581 603 644
9 40 62 106 113 124 135 192 194 237 243 298 313 347 364 398 402
 436 453 524 529 551 553 590 616 645
12 41 59 103 112 125 137 193 197 238 243 297 310 348 363 400 405
 435 452 527 530 548 555 589 617 642
11 42 60 104 111 126 138 192 196 239 242 296 311 349 362 401 404
 434 452 526 531 549 554 588 618 644
10 39 61 105 114 123 136 193 195 236 242 299 312 346 365 399 403
 437 453 525 528 550 552 591 615 643
4 47 54 95 134 141 147 175 225 238 242 246 318 361 370 391 441
 448 464 481 515 521 559 586 616 647
3 48 53 96 133 142 148 175 224 239 243 247 319 360 371 390 440
 449 465 480 514 520 558 587 615 648
3 50 51 98 132 140 150 176 222 237 242 249 321 358 373 393 438
 447 467 482 512 522 556 584 617 649
4 49 52 97 131 139 149 176 223 236 243 248 320 359 372 392 439
 446 466 483 513 523 557 585 618 646
3 37 68 112 131 146 170 187 232 241 251 254 315 339 352 398 413
 444 451 511 517 526 528 560 609 647
4 38 67 111 132 145 169 186 233 240 250 255 314 338 353 399 412
 445 451 510 516 527 529 561 610 648
3 35 69 114 134 144 168 185 234 240 253 256 317 341 350 401 411
 442 450 509 519 524 530 562 607 646
4 36 70 113 133 143 167 184 235 241 252 257 316 340 351 400 410
 443 450 508 518 525 531 563 608 649
6 33 60 92 100 114 122 175 218 261 286 291 315 374 384 392 395
 409 506 518 529 548 556 598 611 639
5 34 59 91 99 113 121 175 219 260 287 290 314 375 385 393 394
 408 507 519 528 549 557 599 612 640
8 31 62 94 102 112 120 176 220 259 288 290 317 376 382 391 397
 406 504 516 531 550 558 597 611 638
7 32 61 93 101 111 119 176 221 258 289 291 316 377 383 390 396
 407 505 517 530 551 559 596 612 641
12 51 74 87 109 119 130 201 241 256 264 267 356 367 371 392 408
 427 453 500 516 521 538 595 602 644
11 52 73 88 110 120 129 200 240 257 265 266 357 366 370 393 409
 426 453 501 517 520 539 594 601 642
9 54 71 90 108 122 127 198 241 255 263 269 355 368 372 390 406
 428 452 503 519 522 537 592 601 643
10 53 72 89 107 121 128 199 240 254 262 268 354 369 373 391 407
 429 452 502 518 523 536 593 602 645
8 45 52 92 117 126 135 216 230 238 262 292 321 345 371 378 389
 399 450 478 537 543 560 599 621 641
5 44 53 93 116 123 137 215 231 237 265 292 318 342 372 381 386
 401 451 477 538 540 563 597 620 639
7 46 51 91 118 125 136 217 231 239 263 293 320 344 370 379 388
 398 450 479 536 542 561 598 622 638
6 43 54 94 115 124 138 214 230 236 264 293 319 343 373 380 387
 400 451 476 539 541 562 596 619 640
1 58 72 75 118 120 149 215 233 245 252 299 313 326 368 371 383
 424 472 486 506 544 549 562 617 647
1 55 74 76 116 122 147 217 235 244 250 297 311 328 366 373 385
 423 474 484 504 547 551 560 615 646
2 56 73 76 115 121 148 216 234 245 251 296 310 329 367 372 384
 422 475 485 505 546 550 561 616 649
2 57 71 75 117 119 150 214 232 244 253 298 312 327 369 370 382
 425 473 487 507 545 548 563 618 648
8 57 64 77 121 138 140 190 204 235 248 267 348 374 383 386 445
 448 465 495 501 511 524 542 613 643
5 55 65 78 120 136 141 191 203 232 247 269 347 377 384 389 442
 447 466 492 502 508 527 541 613 644
6 56 66 78 119 135 142 190 202 233 246 268 346 376 385 388 443
 446 467 493 503 509 526 540 614 642
7 58 63 77 122 137 139 191 205 234 249 266 349 375 382 387 444
 449 464 494 500 510 525 543 614 645
11 51 61 115 142 145 171 211 226 235 285 294 300 323 361 382 389
 405 468 472 519 523 535 553 609 639
12 52 62 116 141 146 172 210 227 234 284 295 300 322 360 383 388
 404 469 473 518 522 534 552 610 640
10 54 60 118 139 144 173 212 227 232 282 294 301 324 358 385 386
 402 471 475 516 520 533 555 608 641
9 53 59 117 140 143 174 213 226 233 283 295 301 325 359 384 387
 403 470 474 517 521 532 554 607 638
23 26 29 112 142 147 174 198 212 230 240 258 313 342 349 395 427
 433 460 466 495 507 552 580 622 649
22 25 30 113 139 150 172 201 211 231 240 261 310 345 346 396 428
 431 463 465 492 504 554 583 619 647
24 26 28 111 141 148 173 199 213 231 241 259 312 343 348 394 426
 432 461 467 494 506 553 581 621 646
21 25 27 114 140 149 171 200 210 230 241 260 311 344 347 397 429
 430 462 464 493 505 555 582 620 648
21 28 66 91 115 126 154 176 181 203 229 240 318 325 360 413 419
 423 500 544 548 571 578 590 608 643
22 29 65 92 116 125 153 176 180 202 228 241 319 324 361 412 418
 422 501 545 549 570 579 591 607 645
23 30 64 93 117 124 152 175 183 205 229 241 320 323 358 411 420
 424 502 547 550 569 576 588 610 642
24 27 63 94 118 123 151 175 182 204 228 240 321 322 359 410 421
 425 503 546 551 568 577 589 609 644
20 38 48 118 122 135 163 220 271 276 279 287 300 312 318 332 352
 439 462 501 530 541 554 576 602 649
19 37 47 117 121 136 164 221 270 277 278 286 300 313 319 333 353
 438 463 500 531 540 555 577 601 646
19 36 50 116 120 138 165 218 272 274 281 289 301 310 320 330 350
 441 460 503 528 543 553 578 602 648
20 35 49 115 119 137 166 219 273 275 280 288 301 311 321 331 351
 440 461 502 529 542 552 579 601 647
21 42 68 92 97 133 136 206 253 268 279 288 309 310 337 358 381
 426 472 495 510 521 551 592 600 640
23 40 69 94 95 132 137 208 251 267 281 286 307 312 335 360 379
 428 474 493 508 523 549 594 600 641
24 39 70 93 96 131 138 209 250 266 280 287 306 313 334 361 378
 429 475 492 509 522 548 595 600 638
22 41 67 91 98 134 135 207 252 269 278 289 308 311 336 359 380
 427 473 494 511 520 550 593 600 639
21 40 45 78 111 129 147 180 195 219 234 294 315 368 380 415 420
 435 465 482 563 567 577 585 602 638
23 42 43 77 113 127 149 182 197 221 232 295 317 366 378 417 419
 437 467 480 561 564 579 586 602 639
22 39 46 78 112 130 148 181 194 218 235 295 314 369 381 414 421
 434 464 483 562 566 576 584 601 641
24 41 44 77 114 128 150 183 196 220 233 294 316 367 379 416 418
 436 466 481 560 565 578 587 601 640
17 43 73 86 153 156 160 175 187 190 222 280 335 347 368 381 405
 407 473 478 516 525 554 578 622 646
18 45 71 84 151 157 162 176 185 190 224 278 337 349 366 379 403
 408 475 476 518 527 553 576 620 647
18 44 74 85 154 155 159 175 186 191 223 281 334 346 369 380 404
 406 472 479 517 524 555 579 621 649
17 46 72 83 152 158 161 176 184 191 225 279 336 348 367 378 402
 409 474 477 519 526 552 577 619 648
22 42 72 94 119 141 155 222 226 243 265 274 315 332 353 375 416
 430 450 458 475 547 573 580 603 643
24 40 74 92 121 139 158 224 226 242 263 276 317 330 351 377 414
 433 451 456 473 544 575 582 605 642
23 39 73 91 122 140 157 225 227 243 262 277 316 331 350 376 415
 432 451 457 472 545 574 583 606 644
21 41 71 93 120 142 156 223 227 242 264 275 314 333 352 374 417
 431 450 459 474 546 572 581 604 645
18 29 33 86 128 137 164 188 236 269 282 287 329 357 362 383 414
 420 450 467 504 521 574 590 609 648
17 28 34 85 127 138 163 189 237 268 283 286 328 356 363 382 415
 421 450 466 505 520 575 591 610 647
18 30 32 83 129 135 165 189 239 267 285 288 326 354 365 384 417
 418 451 464 507 522 573 589 608 646
17 27 31 84 130 136 166 188 238 266 284 289 327 355 364 385 416
 419 451 465 506 523 572 588 607 649
19 31 70 88 92 142 146 183 189 219 222 236 304 369 402 423 428
 448 486 488 494 530 532 561 620 644
20 33 67 90 94 140 144 181 189 221 224 238 305 367 404 424 426
 446 484 490 492 528 535 563 622 645
20 32 69 87 91 141 145 182 188 218 223 237 304 368 403 422 429
 449 487 489 495 531 533 560 619 642
19 34 68 89 93 139 143 180 188 220 225 239 305 366 405 425 427
 447 485 491 493 529 534 562 621 643
15 47 66 90 148 156 165 188 204 232 261 292 307 336 349 351 373
 430 453 472 530 557 565 570 610 638
13 49 64 88 150 157 163 188 202 234 259 293 309 334 347 353 371
 433 452 474 528 559 566 568 608 639
14 50 63 87 149 158 164 189 203 235 258 292 308 335 346 352 370
 432 452 475 529 558 567 569 607 640
16 48 65 89 147 155 166 189 205 233 260 293 306 337 348 350 372
 431 453 473 531 556 564 571 609 641
22 36 69 77 146 151 158 186 192 198 214 270 318 365 371 385 405
 426 459 502 505 513 556 574 624 638
21 35 70 77 145 152 157 187 193 199 215 271 319 364 370 384 404
 427 458 503 504 512 557 575 623 641
24 38 68 78 144 153 155 184 192 200 216 273 320 363 373 383 403
 428 457 500 507 515 558 572 623 639
23 37 67 78 143 154 156 185 193 201 217 272 321 362 372 382 402
 429 456 501 506 514 559 573 624 640
23 44 65 90 99 145 172 184 194 242 268 289 357 371 387 413 425
 435 454 462 475 488 497 542 611 646
22 45 64 87 102 144 174 187 197 242 266 286 354 372 388 410 423
 436 455 461 472 491 498 541 612 648
21 46 63 88 101 143 173 186 196 243 267 287 355 373 389 411 422
 437 455 460 473 490 499 540 611 647
24 43 66 89 100 146 171 185 195 243 269 288 356 370 386 412 424
 434 454 463 474 489 496 543 612 649
18 25 49 98 99 110 147 187 192 218 262 279 307 322 377 382 400
 424 471 540 561 581 587 595 607 643
17 25 50 97 100 109 148 186 193 219 263 278 306 323 376 383 401
 425 470 541 560 580 586 594 608 645
17 26 47 96 101 108 149 185 192 220 264 281 309 324 375 384 399
 423 469 542 563 583 584 593 609 642
18 26 48 95 102 107 150 184 193 221 265 280 308 325 374 385 398
 422 468 543 562 582 585 592 610 644
16 36 46 107 126 140 169 177 208 266 282 288 319 339 346 368 408
 425 456 466 469 530 547 581 616 639
15 35 45 108 125 139 170 177 209 267 283 289 318 338 347 369 409
 424 457 467 468 531 546 580 615 640
14 38 44 109 124 142 167 177 206 269 284 286 321 341 348 366 407
 422 458 464 471 528 544 583 618 638
13 37 43 110 123 141 168 177 207 268 285 287 320 340 349 367 406
 423 459 465 470 529 545 582 617 641
23 28 49 80 89 92 134 179 247 265 285 296 327 338 352 383 408
 436 484 499 503 525 555 584 619 638
24 29 50 79 90 91 133 179 246 264 284 297 326 339 353 382 409
 437 485 498 502 524 554 585 620 641
21 30 47 82 87 94 131 179 249 263 283 298 329 340 350 385 407
 434 486 497 501 527 552 587 621 639
22 27 48 81 88 93 132 179 248 262 282 299 328 341 351 384 406
 435 487 496 500 526 553 586 622 640
18 66 68 80 104 118 145 214 222 260 283 297 330 341 342 378 392
 432 455 465 469 508 550 559 601 645
18 63 70 81 105 115 144 217 225 259 284 298 333 338 345 381 390
 430 454 466 470 511 549 556 602 642
17 64 69 82 106 116 143 216 224 258 285 299 332 339 344 380 391
 431 454 467 471 510 548 557 601 644
17 65 67 79 103 117 146 215 223 261 282 296 331 340 343 379 393
 433 455 464 468 509 551 558 602 643
13 34 67 75 81 133 160 195 218 230 263 273 318 348 411 417 436
 438 469 475 504 517 523 570 614 644
14 33 68 75 82 134 159 194 219 231 262 272 319 349 410 416 437
 439 468 474 505 516 522 571 613 642
16 31 69 76 80 131 161 196 221 231 264 271 321 347 412 414 435
 441 470 472 507 518 520 569 614 643
15 32 70 76 79 132 162 197 220 230 265 270 320 346 413 415 434
 440 471 473 506 519 521 568 613 645
16 51 66 96 105 120 137 178 182 184 255 278 315 354 364 411 433
 448 471 483 484 505 545 554 621 640
14 53 64 98 103 122 136 178 180 186 257 280 317 356 362 413 430
 446 469 481 486 507 546 553 619 641
13 54 63 97 104 121 135 178 181 187 256 281 316 357 363 412 431
 447 468 480 487 506 547 552 620 638
15 52 65 95 106 119 138 178 183 185 254 279 314 355 365 410 432
 449 470 482 485 504 544 555 622 639
19 51 57 94 127 148 169 191 206 212 215 287 302 311 365 413 431
 436 457 478 496 518 559 585 607 642
20 53 56 92 129 150 167 191 208 210 217 289 303 313 363 411 432
 434 459 476 498 516 557 586 609 643
20 52 58 93 128 147 170 190 207 213 214 286 302 310 364 412 430
 437 456 479 497 519 558 584 608 644
19 54 55 91 130 149 168 190 209 211 216 288 303 312 362 410 433
 435 458 477 499 517 556 587 610 645
15 59 69 84 89 110 135 228 235 245 263 280 303 315 343 358 404
 437 466 488 500 559 583 597 604 648
14 62 67 85 88 107 137 229 232 245 264 279 302 316 344 361 403
 434 465 491 503 556 580 599 605 646
13 61 68 86 87 108 138 228 233 244 265 278 302 317 345 360 402
 435 464 490 502 557 581 598 606 649
16 60 70 83 90 109 136 229 234 244 262 281 303 314 342 359 405
 436 467 489 501 558 582 596 603 647
15 30 51 80 114 146 159 190 225 273 274 290 313 328 357 359 419
 422 452 510 514 541 563 581 605 641
13 28 53 82 112 144 161 190 223 270 276 291 311 326 355 361 420
 425 453 508 512 543 561 583 603 640
14 29 54 81 111 143 162 191 222 271 277 290 310 327 354 360 421
 424 453 509 513 542 560 582 604 639
16 27 52 79 113 145 160 191 224 272 275 291 312 329 356 358 418
 423 452 511 515 540 562 580 606 638
14 28 46 132 139 153 165 198 215 238 244 275 300 309 315 357 429
 443 470 476 524 550 564 587 612 644
16 30 44 133 141 151 163 200 217 236 245 277 301 307 317 355 427
 445 468 478 526 548 567 584 612 645
13 29 45 131 140 154 166 199 214 239 245 274 300 308 314 356 428
 442 471 477 525 551 565 586 611 642
15 27 43 134 142 152 164 201 216 237 244 276 301 306 316 354 426
 444 469 479 527 549 566 585 611 643
19 41 52 75 90 123 162 192 217 260 267 282 315 325 361 376 407
 442 461 480 510 566 569 575 619 649
20 39 54 76 88 125 160 192 215 258 268 284 317 323 359 374 408
 444 463 482 508 565 571 573 621 648
19 40 53 76 87 126 159 193 214 259 269 285 316 322 358 375 409
 445 462 483 509 564 570 572 622 647
20 42 51 75 89 124 161 193 216 261 266 283 314 324 360 377 406
 443 460 481 511 567 568 574 620 646
15 41 64 86 100 104 129 184 203 212 226 284 305 312 319 350 406
 429 513 538 551 561 584 599 614 647
16 42 63 85 99 103 130 185 202 213 227 285 305 313 318 351 407
 428 512 539 550 560 585 598 613 648
14 40 65 83 101 105 128 187 204 211 227 283 304 311 320 353 408
 426 514 537 548 562 586 597 614 649
13 39 66 84 102 106 127 186 205 210 226 282 304 310 321 352 409
 427 515 536 549 563 587 596 613 646
18 36 57 111 123 153 166 197 229 256 261 263 304 313 389 391 444
 446 458 462 474 485 520 584 606 640
17 35 58 112 124 154 165 196 228 257 260 262 304 312 388 390 445
 447 459 463 475 484 521 585 605 639
18 37 55 114 126 152 163 194 228 255 258 264 305 310 386 393 443
 449 457 461 473 486 523 586 603 638
17 38 56 113 125 151 164 195 229 254 259 265 305 311 387 392 442
 448 456 460 472 487 522 587 604 641
13 48 62 80 91 117 165 191 197 235 236 255 324 395 401 407 416
 426 454 456 482 493 546 595 623 647
15 50 60 82 93 115 163 191 195 233 238 257 322 397 398 408 414
 428 455 458 480 495 545 593 624 646
16 49 59 81 94 116 164 190 194 232 239 256 323 396 399 409 415
 429 455 459 481 494 544 592 623 649
14 47 61 79 92 118 166 190 196 234 237 254 325 394 400 406 417
 427 454 457 483 492 547 594 624 648
15 25 37 91 137 151 161 180 189 199 295 299 309 330 374 389 390
 436 497 509 515 516 539 547 618 649
16 25 38 92 138 152 162 181 188 198 294 298 308 331 375 388 391
 437 496 508 514 517 538 546 617 646
13 26 35 93 136 153 159 182 189 201 294 297 307 332 376 387 393
 434 499 511 513 518 537 544 616 648
14 26 36 94 135 154 160 183 188 200 295 296 306 333 377 386 392
 435 498 510 512 519 536 545 615 647
16 50 55 102 123 156 173 180 248 254 273 283 316 327 332 371 395
 404 463 464 476 519 561 590 600 642
14 48 58 100 125 157 172 182 246 256 270 285 314 329 330 373 397
 402 461 466 478 517 563 588 600 643
13 47 57 99 126 158 171 183 247 257 271 284 315 328 331 372 396
 403 460 467 479 516 562 589 600 645
15 49 56 101 124 155 174 181 249 255 272 282 317 326 333 370 394
 405 462 465 477 518 560 591 600 644
20 25 73 81 85 95 123 196 205 235 253 274 319 326 392 402 413
 433 467 527 534 537 572 593 612 638
19 26 71 79 83 97 125 194 203 233 251 276 321 328 391 404 411
 430 465 525 533 539 574 595 612 639
20 26 72 80 84 98 126 195 202 232 250 277 320 329 390 405 410
 431 464 524 532 538 575 594 611 640
19 25 74 82 86 96 124 197 204 234 252 275 318 327 393 403 412
 432 466 526 535 536 573 592 611 641
20 57 59 86 120 130 139 186 199 230 246 296 307 316 337 341 398
 423 454 514 522 569 577 591 603 639
20 55 62 83 121 127 142 185 200 231 249 299 308 315 334 338 400
 425 455 513 521 570 578 588 606 641
19 58 60 85 119 129 140 187 198 231 247 297 306 317 336 340 399
 422 454 515 523 568 576 590 604 640
19 56 61 84 122 128 141 184 201 230 248 298 309 314 335 339 401
 424 455 512 520 571 579 589 605 638
21 31 61 83 89 116 150 177 213 252 255 270 307 331 362 392 421
 444 475 480 515 524 541 599 622 642
22 32 62 84 90 115 149 177 212 253 254 271 306 330 363 393 420
 445 474 481 514 525 540 598 621 644
23 33 59 85 87 118 148 177 211 250 257 273 309 333 364 391 418
 442 473 482 513 526 543 596 620 643
24 34 60 86 88 117 147 177 210 251 256 272 308 332 365 390 419
 443 472 483 512 527 542 597 619 645
16 33 71 112 121 129 171 179 186 237 252 279 320 324 335 345 387
 419 458 461 509 534 559 565 615 644
13 32 74 113 120 128 173 179 185 238 251 280 319 323 336 342 388
 421 457 462 510 532 556 567 618 643
15 34 72 111 122 130 172 179 187 236 253 278 321 325 334 344 386
 418 459 460 508 535 558 564 616 642
14 31 73 114 119 127 174 179 184 239 250 281 318 322 337 343 389
 420 456 463 511 533 557 566 617 645
17 29 70 89 122 159 168 181 200 204 208 226 302 371 396 398 417
 441 461 482 527 533 540 550 618 640
17 30 68 88 119 162 169 182 199 203 207 227 303 372 395 400 414
 438 462 481 524 535 543 549 615 638
18 28 69 90 121 160 167 180 201 205 209 227 302 370 397 399 416
 440 460 483 526 532 541 551 617 639
18 27 67 87 120 161 170 183 198 202 206 226 303 373 394 401 415
 439 463 480 525 534 542 548 616 641
23 32 66 103 114 116 133 192 248 266 276 293 302 308 329 369 394
 447 458 470 516 535 537 577 604 647
21 34 64 105 112 118 132 192 246 269 274 292 303 306 327 367 396
 449 456 468 518 532 539 579 606 646
24 31 65 104 113 115 134 193 249 267 277 292 302 309 328 368 395
 446 459 471 517 534 536 576 603 648
22 33 63 106 111 117 131 193 247 268 275 293 303 307 326 366 397
 448 457 469 519 533 538 578 605 649
23 56 62 81 109 131 168 180 203 238 252 291 304 337 365 373 375
 386 468 479 554 568 575 581 601 648
21 57 60 79 107 134 170 182 205 236 250 290 305 335 363 371 377
 388 470 477 553 570 573 583 601 649
22 58 59 80 108 133 169 183 204 237 251 291 305 334 362 370 376
 389 471 476 552 571 572 582 602 646
24 55 61 82 110 132 167 181 202 239 253 290 304 336 364 372 374
 387 469 478 555 569 574 580 602 647
24 30 36 81 84 145 156 178 234 247 258 286 311 324 369 376 398
 439 477 490 521 539 564 599 617 643
22 28 38 79 86 143 157 178 232 249 260 288 313 322 367 374 401
 441 479 488 523 537 567 596 615 642
21 29 37 80 85 144 158 178 233 248 261 289 312 323 366 375 400
 440 478 489 522 536 566 597 616 644
23 27 35 82 83 146 155 178 235 246 259 287 310 325 368 377 399
 438 476 491 520 538 565 598 618 645
2 42 47 81 106 140 163 184 219 223 240 269 302 330 388 405 418
 444 476 499 506 569 595 597 615 641
2 40 49 79 104 142 165 186 221 225 241 266 303 332 386 403 421
 442 478 497 504 571 593 598 617 640
1 39 50 80 103 141 166 187 220 224 240 267 303 333 387 402 420
 443 479 496 505 570 592 599 618 639
1 41 48 82 105 139 164 185 218 222 241 268 302 331 389 404 419
 445 477 498 507 568 594 596 616 638
10 46 47 93 129 168 172 178 197 206 224 273 308 343 347 382 392
 445 503 532 549 560 571 574 603 649
12 44 49 91 127 170 173 178 195 208 222 270 306 345 349 384 391
 443 501 535 551 562 569 572 605 648
11 43 50 92 128 169 174 178 194 209 223 271 307 344 348 385 390
 442 500 534 550 563 568 573 606 647
9 45 48 94 130 167 171 178 196 207 225 272 309 342 346 383 393
 444 502 533 548 561 570 575 604 646
10 41 43 96 145 154 163 231 251 270 290 298 303 337 351 383 409
 446 460 464 482 491 537 547 607 644
12 39 45 98 143 152 165 231 253 273 291 296 302 335 353 385 406
 448 462 466 480 489 539 544 609 645
11 40 46 97 144 151 166 230 252 272 290 297 302 334 352 384 407
 449 463 467 481 488 538 545 610 643
9 42 44 95 146 153 164 230 250 271 291 299 303 336 350 382 408
 447 461 465 483 490 536 546 608 642
5 38 51 83 88 102 133 209 214 228 275 295 335 349 350 396 420
 446 454 506 555 560 575 593 616 643
7 36 53 85 90 100 132 207 216 228 277 294 337 347 352 394 419
 448 455 504 552 562 573 595 618 642
8 35 54 86 89 99 131 206 217 229 276 295 336 346 353 395 418
 449 455 505 553 563 572 594 617 644
6 37 52 84 87 101 134 208 215 229 274 294 334 348 351 397 421
 447 454 507 554 561 574 592 615 645
8 29 69 105 124 130 156 210 250 265 279 294 330 340 384 425 438
 446 452 457 479 480 494 571 612 647
7 28 70 106 123 129 155 211 251 264 278 295 331 341 385 424 439
 447 452 456 478 481 495 570 611 648
5 30 67 104 125 127 158 213 253 262 280 294 333 339 383 423 441
 449 453 458 476 483 493 568 611 649
6 27 68 103 126 128 157 212 252 263 281 295 332 338 382 422 440
 448 453 459 477 482 492 569 612 646
2 62 63 82 95 160 174 199 206 260 278 294 320 328 362 371 409
 443 451 489 492 530 579 584 604 643
1 61 64 81 96 159 173 198 207 261 279 295 321 329 363 370 408
 442 451 488 493 531 578 585 603 645
2 60 65 80 97 162 171 201 208 258 280 295 318 326 364 373 406
 445 450 491 494 528 577 587 606 642
1 59 66 79 98 161 172 200 209 259 281 294 319 327 365 372 407
 444 450 490 495 529 576 586 605 644
12 32 54 77 80 110 153 226 259 272 286 292 314 331 337 344 411
 425 486 492 526 585 590 593 615 649
9 33 51 78 81 107 152 227 260 270 289 292 317 332 334 343 412
 423 485 495 525 587 589 594 618 647
11 31 53 77 79 109 154 227 258 273 287 293 315 330 336 345 410
 424 487 493 527 584 591 592 616 646
10 34 52 78 82 108 151 226 261 271 288 293 316 333 335 342 413
 422 484 494 524 586 588 595 617 648
4 28 74 75 102 110 164 182 196 206 289 293 339 384 386 405 428
 430 482 509 514 552 576 599 606 645
3 29 73 75 101 109 163 183 197 207 288 292 338 385 387 404 429
 431 483 508 515 553 577 598 605 643
4 30 72 76 100 108 166 180 194 208 287 292 341 382 388 403 426
 433 480 511 512 555 578 596 604 644
3 27 71 76 99 107 165 181 195 209 286 293 340 383 389 402 427
 432 481 510 513 554 579 597 603 642
4 34 71 103 153 168 173 183 221 245 249 262 311 330 346 360 364
 409 454 495 538 541 566 573 609 638
4 32 73 105 151 170 172 181 219 244 247 264 313 332 348 358 362
 406 455 493 536 543 565 575 607 639
3 31 74 106 152 169 171 180 218 245 246 265 312 333 349 359 363
 407 455 492 537 542 564 574 608 640
3 33 72 104 154 167 174 182 220 244 248 263 310 331 347 361 365
 408 454 494 539 540 567 572 610 641
7 54 72 142 150 151 159 197 203 218 260 296 339 351 356 364 399
 420 457 470 490 501 534 597 600 646
5 52 74 140 148 153 161 195 205 220 258 298 341 353 354 362 400
 419 459 468 488 503 533 598 600 647
8 53 71 141 149 152 160 196 202 219 261 297 338 350 357 365 398
 421 456 471 491 500 535 596 600 649
6 51 73 139 147 154 162 194 204 221 259 299 340 352 355 363 401
 418 458 469 489 502 532 599 600 648
12 57 72 106 115 132 157 175 189 200 276 289 324 340 342 362 437
 442 463 483 491 560 581 592 614 638
9 55 73 103 118 134 155 176 188 199 275 286 323 339 345 365 434
 445 460 480 488 563 582 595 614 640
10 56 74 104 117 133 156 176 189 198 274 287 322 338 344 364 435
 444 461 481 489 562 583 594 613 639
11 58 71 105 116 131 158 175 188 201 277 288 325 341 343 363 436
 443 462 482 490 561 580 593 613 641
2 53 68 114 135 164 173 176 197 205 211 284 307 314 334 340 368
 441 484 496 539 542 575 580 624 644
2 51 69 112 138 166 172 175 195 203 213 282 309 316 336 338 366
 439 486 498 537 540 573 582 623 645
1 52 70 111 137 165 171 175 194 202 212 283 308 317 337 339 367
 438 487 499 536 541 572 583 624 643
1 54 67 113 136 163 174 176 196 204 210 285 306 315 335 341 369
 440 485 497 538 543 574 581 623 642
7 31 38 98 108 121 168 182 230 247 274 282 323 381 404 418 432
 443 453 474 491 497 548 585 624 647
8 32 37 97 107 122 167 183 231 246 275 283 322 380 405 419 433
 442 453 475 490 496 549 584 623 648
6 34 35 95 109 120 169 181 231 248 277 285 324 378 403 420 430
 444 452 473 488 498 551 587 624 649
5 33 36 96 110 119 170 180 230 249 276 284 325 379 402 421 431
 445 452 472 489 499 550 586 623 646
4 26 59 88 109 138 171 217 224 253 261 270 322 352 354 368 416
 447 457 477 497 550 579 590 614 641
3 26 60 87 110 137 172 216 225 252 260 271 323 353 355 369 417
 446 456 476 496 551 578 591 613 638
4 25 61 90 107 135 174 215 222 251 259 273 324 350 356 366 414
 449 459 479 499 548 577 588 613 640
3 25 62 89 108 136 173 214 223 250 258 272 325 351 357 367 415
 448 458 478 498 549 576 589 614 639
5 26 43 85 131 157 167 218 226 255 267 299 311 327 345 357 358
 388 481 485 530 558 571 577 624 645
8 25 46 84 133 155 170 221 227 256 269 296 312 328 342 354 361
 387 482 486 529 557 568 578 624 642
6 26 44 86 132 158 168 219 227 254 266 298 310 326 344 356 359
 389 480 484 531 559 570 576 623 643
7 25 45 83 134 156 169 220 226 257 268 297 313 329 343 355 360
 386 483 487 528 556 569 579 623 644
11 38 59 136 150 160 170 185 212 225 248 292 304 326 340 360 380
 414 461 503 505 547 564 595 611 645
9 36 61 137 148 162 168 187 210 223 246 293 305 328 338 358 378
 416 463 501 507 544 567 593 611 644
10 35 62 138 147 161 167 186 211 222 247 292 305 329 339 359 379
 417 462 500 506 545 566 592 612 642
12 37 60 135 149 159 169 184 213 224 249 293 304 327 341 361 381
 415 460 502 504 546 565 594 612 643
2 31 45 110 128 158 159 217 243 256 275 299 305 306 324 394 413
 438 464 495 503 508 554 596 610 639
1 32 46 109 127 157 160 216 242 257 274 298 305 307 325 395 412
 439 465 494 502 509 555 597 609 640
1 34 44 107 129 156 162 214 243 255 276 296 304 309 323 397 410
 441 467 492 500 511 552 598 607 641
2 33 43 108 130 155 161 215 242 254 277 297 304 308 322 396 411
 440 466 493 501 510 553 599 608 638
6 31 49 75 85 143 153 203 209 210 242 278 329 342 398 426 445
 449 496 519 547 565 583 589 602 641
8 33 47 76 83 145 151 205 207 212 243 280 327 344 401 428 443
 447 498 517 544 566 581 591 602 640
5 32 50 75 86 144 154 202 208 211 243 279 328 343 399 427 444
 448 497 518 546 564 582 588 601 638
7 34 48 76 84 146 152 204 206 213 242 281 326 345 400 429 442
 446 499 516 545 567 580 590 601 639
9 68 74 77 100 105 141 209 229 257 290 296 308 321 324 326 415
 431 476 497 523 530 540 566 622 648
12 70 71 78 101 104 140 206 228 254 290 299 307 318 323 329 416
 433 479 498 520 529 543 564 619 646
11 69 72 78 102 103 139 207 229 255 291 298 306 319 322 328 417
 432 478 499 521 528 542 565 620 649
10 67 73 77 99 106 142 208 228 256 291 297 309 320 325 327 414
 430 477 496 522 531 541 567 621 647
12 36 66 97 99 108 134 191 196 211 245 298 332 366 374 420 429
 438 451 461 532 558 568 591 622 641
10 38 64 95 101 110 131 191 194 213 244 296 330 368 376 419 427
 440 450 463 535 556 570 589 620 640
9 37 63 96 102 109 132 190 195 212 245 297 331 369 377 418 426
 441 450 462 534 557 571 588 619 639
11 35 65 98 100 107 133 190 197 210 244 299 333 367 375 421 428
 439 451 460 533 559 569 590 621 638
8 66 72 85 101 147 168 193 239 241 270 284 301 335 393 414 436
 439 476 487 488 492 510 546 606 639
5 63 73 84 100 150 169 192 236 241 272 283 300 336 391 417 435
 440 479 484 491 495 509 544 603 641
6 64 74 83 99 149 170 193 237 240 273 282 300 337 390 416 434
 441 478 485 490 494 508 545 604 638
7 65 71 86 102 148 167 192 238 240 271 285 301 334 392 415 437
 438 477 486 489 493 511 547 605 640
5 40 58 98 146 156 163 179 181 199 212 216 346 361 366 392 411
 416 470 531 542 589 592 596 606 648
8 41 56 95 143 158 166 179 182 200 211 215 349 358 369 390 412
 415 469 528 541 590 595 598 603 646
7 42 55 96 144 157 165 179 183 201 210 214 348 359 368 391 413
 414 468 529 540 591 594 599 604 649
6 39 57 97 145 155 164 179 180 198 213 217 347 360 367 393 410
 417 471 530 543 588 593 597 605 647
4 35 50 96 104 130 162 200 205 232 268 291 300 345 380 394 422
 436 456 474 486 574 589 597 622 643
3 36 49 95 103 129 161 201 204 233 269 290 300 344 381 395 423
 437 457 475 487 575 588 596 621 645
3 38 47 97 105 127 159 199 202 235 266 291 301 342 379 397 424
 435 459 473 485 573 590 599 619 644
4 37 48 98 106 128 160 198 203 234 267 290 301 343 378 396 425
 434 458 472 484 572 591 598 620 642
10 40 57 81 91 100 174 177 201 202 265 275 355 378 400 404 441
 447 486 505 510 558 565 576 609 646
12 42 56 79 93 102 171 177 199 204 263 277 357 380 399 402 439
 449 484 507 508 556 566 578 607 647
11 41 55 80 94 101 172 177 198 205 262 276 356 381 398 403 438
 448 485 506 509 557 567 579 608 648
9 39 58 82 92 99 173 177 200 203 264 274 354 379 401 405 440
 446 487 504 511 559 564 577 610 649
0 40 70 99 118 161 164 210 238 248 253 255 343 349 356 376 422
 431 491 502 517 573 578 584 615 639
0 39 69 100 117 162 163 211 239 249 252 254 342 348 357 377 423
 430 490 503 516 572 579 585 616 640
0 42 67 101 116 159 166 212 236 246 251 257 345 347 354 374 425
 432 489 500 519 575 576 587 617 638
0 41 68 102 115 160 165 213 237 247 250 256 344 346 355 375 424
 433 488 501 518 574 577 586 618 641
0 44 57 103 110 113 152 234 274 278 283 288 352 361 373 390 399
 414 493 498 506 513 533 571 622 644
0 45 55 106 107 112 153 233 277 281 284 287 351 358 370 392 401
 417 494 497 505 514 535 568 619 643
0 43 58 104 109 114 151 235 275 279 282 289 353 360 372 391 398
 415 492 499 507 512 532 570 621 642
0 46 56 105 108 111 154 232 276 280 285 286 350 359 371 393 400
 416 495 496 504 515 534 569 620 645
0 62 64 97 119 126 156 209 215 218 225 270 341 387 394 418 428
 437 484 520 527 536 567 582 609 649
0 60 66 95 121 124 157 207 217 220 223 273 339 389 396 421 426
 435 486 522 525 538 564 580 607 648
0 59 65 96 122 123 158 206 216 221 222 272 338 388 397 420 427
 434 487 523 524 539 565 581 608 647
0 61 63 98 120 125 155 208 214 219 224 271 340 386 395 419 429
 436 485 521 526 537 566 583 610 646
176 182 183 186 187 208 209 212 213 234 235 238 239 260 261 264 265
 268 269 272 273 276 277 298 299 650
175 180 181 184 185 206 207 210 211 232 233 236 237 258 259 262 263
 266 267 270 271 274 275 296 297 650
75 79 80 87 88 95 96 99 100 111 112 115 116 127 128 135 136
 139 140 151 152 155 156 167 168 650
76 81 82 89 90 97 98 101 102 113 114 117 118 129 130 137 138
 141 142 153 154 157 158 169 170 650
78 85 86 93 94 105 106 109 110 121 122 125 126 133 134 145 146
 149 150 161 162 165 166 173 174 650
77 83 84 91 92 103 104 107 108 119 120 123 124 131 132 143 144
 147 148 159 160 163 164 171 172 650
25 28 29 31 32 35 36 39 40 43 44 47 48 51 52 55 56
 59 60 63 64 67 68 71 72 650
26 27 30 33 34 37 38 41 42 45 46 49 50 53 54 57 58
 61 62 65 66 69 70 73 74 650
178 190 191 198 199 200 201 218 219 220 221 228 229 242 243 250 251
 252 253 282 283 284 285 292 293 650
179 192 193 202 203 204 205 222 223 224 225 230 231 244 245 254 255
 256 257 286 287 288 289 294 295 650
177 188 189 194 195 196 197 214 215 216 217 226 227 240 241 246 247
 248 249 278 279 280 281 290 291 650
0 1 2 3 4 5 6 7 8 9 10 11 12 13 14 15 16
 17 18 19 20 21 22 23 24 650
