625 626 627 628 629 630 631 632 633 634 635 636 637 638 639 640 641
 642 643 644 645 646 647 648 649 650
12 13 14 27 28 29 30 31 32 222 223 224 225 226 227 314 315
 316 553 568 569 570 594 595 596 629
1 6 15 28 46 58 65 92 95 154 160 220 251 260 274 280 301
 313 345 373 433 442 469 534 540 643
0 6 16 27 45 59 66 91 96 155 161 217 250 261 275 281 303
 312 346 374 434 441 468 535 541 644
0 7 19 30 47 57 63 89 97 152 159 219 246 259 271 279 302
 313 343 376 436 440 466 530 538 640
1 8 20 31 48 57 64 87 98 153 158 221 247 258 273 278 300
 312 341 375 435 439 465 531 536 639
2 7 17 29 49 58 67 88 94 151 157 218 249 262 270 277 304
 312 344 372 432 437 464 532 537 641
2 8 18 32 50 59 68 90 93 150 156 216 248 263 272 276 305
 313 342 371 431 438 467 533 539 642
2 16 62 70 78 119 128 221 226 245 259 293 324 364 366 400 406
 430 442 457 458 515 518 545 549 628
1 17 60 74 79 122 125 217 225 240 263 290 328 359 368 395 401
 428 440 455 462 514 522 544 549 626
0 18 60 73 80 121 124 220 227 241 262 291 326 360 367 396 402
 427 439 452 463 513 523 543 548 628
1 19 62 71 75 118 123 216 224 243 261 288 325 363 370 398 403
 425 437 454 461 516 519 546 548 627
0 20 61 72 76 120 126 218 222 242 260 289 327 362 369 397 404
 426 438 453 460 517 521 547 549 627
2 15 61 69 77 117 127 219 223 244 258 292 323 361 365 399 405
 429 441 456 459 512 520 542 548 626
20 22 59 100 114 167 184 207 224 251 269 304 320 324 337 343 351
 416 490 505 513 529 554 573 584 626
18 23 57 103 115 165 180 204 226 249 266 301 322 325 338 346 348
 414 492 502 517 525 555 572 583 626
15 25 59 102 111 162 185 206 225 247 264 302 318 326 335 344 350
 417 489 501 515 524 555 571 581 627
17 24 57 101 116 164 181 209 223 248 267 303 319 327 340 345 347
 413 493 500 516 527 554 571 582 628
16 26 58 104 113 163 182 205 227 246 265 300 317 328 336 342 349
 415 488 503 512 526 554 572 580 627
19 21 58 99 112 166 183 208 222 250 268 305 321 323 339 341 352
 418 491 504 514 528 555 573 585 628
52 53 55 87 88 91 204 206 208 241 243 244 265 267 269 306 310
 311 453 455 457 530 533 534 587 629
51 54 56 89 90 92 205 207 209 240 242 245 264 266 268 307 308
 309 452 454 456 531 532 535 586 629
2 131 180 181 196 197 274 275 359 360 393 394 397 398 449 470 472
 488 489 504 505 530 531 551 553 638
0 129 182 183 194 195 272 273 363 364 389 392 395 399 450 473 474
 490 492 500 501 532 534 552 553 636
1 130 184 185 192 193 270 271 361 362 390 391 396 400 451 471 475
 491 493 502 503 533 535 550 553 637
5 9 82 95 98 100 102 210 211 241 245 248 250 336 338 425 428
 432 436 497 499 520 521 553 560 632
3 11 83 93 94 101 103 213 215 242 243 246 247 337 339 429 430
 433 434 494 495 522 523 553 561 630
4 10 81 96 97 99 104 212 214 240 244 249 251 335 340 426 427
 431 435 496 498 518 519 553 559 631
6 14 26 68 78 94 122 171 219 241 288 331 378 383 416 423 426
 444 471 485 500 531 555 578 591 633
8 12 22 63 76 96 119 173 220 243 292 332 379 387 413 420 428
 446 470 487 503 532 555 576 592 634
6 13 25 67 77 93 121 170 221 240 289 333 377 384 418 424 425
 443 473 482 502 530 554 579 590 634
8 14 23 66 80 97 118 169 218 245 290 330 381 385 417 421 429
 447 475 483 504 534 554 575 593 635
7 12 21 64 75 95 117 172 217 242 293 334 380 388 414 419 427
 445 472 486 501 533 554 577 588 633
7 13 24 65 79 98 120 168 216 244 291 329 382 386 415 422 430
 448 474 484 505 535 555 574 589 635
22 48 54 110 129 135 163 189 225 244 282 293 313 321 333 346 347
 403 447 471 523 537 547 551 560 647
26 45 51 108 131 132 164 190 222 243 286 290 313 322 334 344 351
 402 443 474 520 536 545 550 559 649
25 46 52 105 131 133 165 191 224 242 287 291 312 319 332 342 352
 401 444 475 518 538 542 552 560 650
24 49 56 107 130 137 167 186 226 241 285 289 313 318 330 341 349
 405 445 470 519 541 544 552 561 646
23 50 55 106 129 136 166 187 223 240 284 288 312 317 329 343 350
 406 446 472 521 540 543 550 561 648
21 47 53 109 130 134 162 188 227 245 283 292 312 320 331 345 348
 404 448 473 522 539 546 551 559 645
32 42 141 170 206 250 290 296 307 324 345 380 386 423 435 451 464
 487 488 511 525 538 547 548 561 636
30 40 139 169 204 247 293 299 308 327 342 377 383 420 432 449 468
 484 490 506 528 540 544 548 559 637
27 44 140 173 207 248 288 295 310 326 341 382 388 421 433 451 466
 482 492 509 526 537 542 549 559 638
31 39 138 168 209 246 292 298 311 325 344 378 384 419 431 449 469
 483 491 507 529 541 543 549 560 636
28 43 142 172 208 249 289 294 309 328 343 381 387 422 434 450 465
 485 493 508 524 539 545 548 560 638
29 41 143 171 205 251 291 297 306 323 346 379 385 424 436 450 467
 486 489 510 527 536 546 549 561 637
312 313 548 549 553 554 555 586 587 609 610 611 612 613 614 615 616
 617 618 619 620 621 622 623 624 625
5 38 42 164 186 219 238 251 298 321 342 367 372 388 398 406 417
 462 465 473 517 535 568 587 592 630
4 34 43 167 189 216 236 246 295 322 345 365 375 385 396 401 418
 460 468 472 515 532 570 587 591 632
5 33 44 166 188 218 237 247 294 319 346 366 376 386 395 402 416
 461 469 470 512 533 570 586 590 631
3 35 39 162 191 217 234 249 296 317 341 369 373 383 400 403 413
 459 467 474 513 530 568 586 593 632
3 36 40 163 190 220 235 248 297 318 343 370 374 384 399 404 414
 458 464 475 514 531 569 587 589 631
4 37 41 165 187 221 239 250 299 320 344 368 371 387 397 405 415
 463 466 471 516 534 569 586 588 630
10 17 32 72 77 110 114 130 152 190 211 265 280 325 329 339 364
 417 439 444 468 486 563 576 586 638
10 15 31 73 79 106 115 131 155 188 213 268 277 324 333 336 363
 413 438 445 466 485 562 575 587 637
9 16 30 74 80 107 116 131 154 189 215 269 276 323 331 335 362
 414 437 446 465 482 564 574 586 636
9 18 29 71 78 109 112 129 153 191 214 264 281 327 330 337 361
 415 440 443 469 487 565 577 587 638
11 19 27 69 76 105 111 130 151 187 210 266 278 328 334 340 360
 416 442 447 467 484 566 579 587 636
11 20 28 70 75 108 113 129 150 186 212 267 279 326 332 338 359
 418 441 448 464 483 567 578 586 637
37 40 48 97 154 161 172 209 211 226 234 243 283 291 350 361 372
 393 395 418 423 438 526 566 584 625
34 44 50 96 151 159 171 206 213 224 238 245 286 289 347 359 373
 391 399 415 419 439 528 564 583 625
38 39 47 98 155 160 173 204 214 223 235 242 282 290 349 364 371
 394 396 416 424 437 524 567 585 625
33 43 49 95 150 158 170 205 215 222 239 244 287 288 348 360 374
 392 400 417 420 440 529 562 582 625
36 41 46 94 153 156 168 208 210 227 236 240 285 293 351 362 376
 389 398 413 421 441 525 563 581 625
35 42 45 93 152 157 169 207 212 225 237 241 284 292 352 363 375
 390 397 414 422 442 527 565 580 625
16 23 36 43 75 87 105 139 162 207 219 231 262 280 347 368 379
 386 411 438 443 507 553 585 607 646
18 26 37 39 79 92 110 143 167 206 218 228 259 278 352 370 377
 388 409 441 446 508 553 582 606 645
15 24 35 44 76 89 108 138 163 208 221 230 263 281 348 367 380
 385 412 437 444 506 553 584 605 648
17 25 38 40 80 91 109 141 166 205 216 229 258 279 351 369 378
 387 410 442 445 509 553 583 608 647
20 21 34 42 77 88 106 142 165 209 220 233 261 276 349 366 382
 383 407 440 447 510 553 581 604 649
19 22 33 41 78 90 107 140 164 204 217 232 260 277 350 365 381
 384 408 439 448 511 553 580 603 650
16 17 20 63 65 68 187 188 191 198 201 203 384 385 388 390 392
 393 519 520 523 524 525 528 614 629
15 18 19 64 66 67 186 189 190 199 200 202 383 386 387 389 391
 394 518 521 522 526 527 529 613 629
21 23 25 157 158 161 163 164 167 359 362 364 431 433 436 459 461
 463 477 479 481 484 485 487 611 629
22 24 26 156 159 160 162 165 166 360 361 363 432 434 435 458 460
 462 476 478 480 482 483 486 612 629
45 94 107 117 135 173 200 233 239 245 263 279 301 319 329 377 393
 411 435 450 477 491 513 587 594 627
50 97 109 120 133 170 203 230 235 241 261 277 300 321 334 379 389
 409 433 449 478 493 515 586 594 626
46 93 106 119 134 172 198 232 238 244 262 278 303 322 330 378 394
 412 436 451 476 490 514 586 595 627
49 98 110 118 132 171 202 231 234 240 260 276 302 320 332 380 390
 410 434 449 479 492 512 587 595 628
47 95 105 122 136 169 201 228 236 243 258 281 304 318 333 382 391
 408 431 450 480 488 517 586 596 628
48 96 108 121 137 168 199 229 237 242 259 280 305 317 331 381 392
 407 432 451 481 489 516 587 596 626
30 71 82 90 119 125 141 167 208 235 253 280 312 326 393 419 426
 447 474 480 502 512 527 558 562 630
29 74 82 91 121 123 140 162 209 239 252 278 313 324 389 422 429
 444 472 479 503 517 528 557 567 631
27 70 83 87 118 127 138 165 205 237 255 277 313 327 391 423 427
 446 473 477 505 514 524 558 563 632
32 73 81 92 122 126 142 163 204 238 254 279 312 323 390 421 430
 443 470 478 501 516 529 557 566 632
31 72 81 88 117 124 143 166 207 234 256 281 313 328 394 420 425
 448 475 481 500 515 525 556 564 630
28 69 83 89 120 128 139 164 206 236 257 276 312 325 392 424 428
 445 471 476 504 513 526 556 565 631
24 34 71 87 154 185 228 249 257 279 284 339 342 374 389 416 452
 481 511 520 549 551 575 588 595 634
23 33 72 89 155 182 229 248 255 278 285 337 344 373 390 418 455
 480 510 518 548 551 574 592 594 633
22 36 73 91 152 183 230 247 253 276 287 338 345 372 394 415 456
 477 508 519 549 550 579 593 596 633
25 37 70 90 151 181 233 251 252 281 282 336 341 376 392 414 453
 478 507 522 548 550 576 591 595 635
21 35 74 92 153 184 231 246 256 277 286 340 346 371 393 417 457
 476 509 521 548 552 578 589 596 634
26 38 69 88 150 180 232 250 254 280 283 335 343 375 391 413 454
 479 506 523 549 552 577 590 594 635
57 149 199 201 217 220 244 245 252 254 342 344 362 363 409 410 556
 558 561 570 578 579 584 585 620 638
59 148 200 203 218 219 240 243 256 257 341 345 360 364 407 412 557
 558 560 569 574 577 580 583 619 637
58 147 198 202 216 221 241 242 253 255 343 346 359 361 408 411 556
 557 559 568 575 576 581 582 621 636
56 58 103 116 124 133 155 159 190 258 316 320 350 377 392 398 412
 422 447 487 498 533 549 578 607 632
54 57 102 114 127 134 151 156 186 261 315 317 352 380 393 396 408
 420 443 485 495 534 549 574 608 631
53 57 104 112 128 135 150 157 187 260 314 318 351 379 394 395 407
 419 444 482 494 535 548 575 606 632
55 59 101 115 125 132 154 158 191 259 316 321 349 378 391 397 411
 421 448 486 499 532 548 579 605 631
52 58 100 111 126 137 152 161 188 263 315 322 347 382 389 400 410
 424 446 483 496 531 548 577 603 630
51 59 99 113 123 136 153 160 189 262 314 319 348 381 390 399 409
 423 445 484 497 530 549 576 604 630
6 19 20 84 85 205 206 230 231 316 329 330 355 356 395 396 413
 414 431 432 542 545 551 557 620 630
7 16 18 84 86 208 209 229 232 315 332 333 354 358 397 399 416
 417 433 435 544 546 550 556 619 632
8 15 17 85 86 204 207 228 233 314 331 334 353 357 398 400 415
 418 434 436 543 547 552 558 621 631
0 1 11 12 35 36 86 115 116 166 167 238 239 264 265 407 408
 423 424 449 518 520 537 539 620 635
0 2 9 14 33 38 85 111 114 163 165 234 236 267 268 409 411
 419 422 451 519 522 536 540 619 634
1 2 10 13 34 37 84 112 113 162 164 235 237 266 269 410 412
 420 421 450 521 523 538 541 621 633
13 41 63 91 103 131 148 177 186 192 234 245 280 300 357 416 431
 460 501 514 537 548 565 582 604 648
12 40 67 90 104 129 148 179 188 193 236 241 278 301 356 417 434
 459 505 516 538 549 564 585 605 649
14 42 64 92 101 131 147 176 187 195 235 244 281 302 358 418 432
 461 503 513 539 549 563 583 603 646
12 39 68 88 102 130 147 178 189 194 237 240 279 303 355 415 433
 458 504 517 536 548 562 584 607 650
13 43 66 89 100 130 149 174 191 196 238 243 277 305 353 414 435
 463 500 512 540 549 567 581 606 647
14 44 65 87 99 129 149 175 190 197 239 242 276 304 354 413 436
 462 502 515 541 548 566 580 608 645
2 3 144 174 175 416 418 439 440 445 446 478 479 525 527 534 535
 559 560 596 601 602 605 607 620 627
1 5 146 177 179 414 415 438 441 444 447 476 481 524 529 530 532
 559 561 594 597 599 603 608 619 628
0 4 145 176 178 413 417 437 442 443 448 477 480 526 528 531 533
 560 561 595 598 600 604 606 621 626
60 83 131 136 137 141 143 248 249 260 261 271 273 292 293 411 412
 415 417 566 567 573 590 591 620 629
61 82 130 133 135 138 142 247 251 259 262 272 275 288 290 408 410
 413 418 564 565 572 588 589 619 629
62 81 129 132 134 139 140 246 250 258 263 270 274 289 291 407 409
 414 416 562 563 571 592 593 621 629
13 18 36 44 49 128 201 255 261 268 274 279 290 331 340 350 375
 453 459 486 490 503 560 599 617 630
14 19 34 39 45 126 198 256 258 264 272 280 293 332 336 348 372
 455 463 482 493 505 561 601 617 631
14 17 35 43 50 127 199 257 260 269 275 278 291 333 338 349 376
 454 458 487 491 501 559 600 618 630
12 16 37 42 47 124 202 254 263 267 273 277 288 330 339 351 373
 456 460 484 489 502 560 597 618 631
13 20 33 40 46 123 200 253 259 265 270 281 292 334 335 347 371
 452 462 485 492 504 561 602 618 632
12 15 38 41 48 125 203 252 262 266 271 276 289 329 337 352 374
 457 461 483 488 500 559 598 617 632
2 25 27 48 65 72 107 136 146 176 193 208 238 246 290 320 338
 355 363 379 383 452 577 582 615 631
0 23 31 49 68 74 108 134 144 179 196 206 235 251 293 319 339
 357 361 382 387 454 579 580 615 632
2 26 28 47 66 71 106 137 145 177 194 207 239 247 291 321 340
 356 362 380 384 455 576 583 616 632
1 21 29 45 63 70 110 133 145 174 195 204 236 248 289 317 335
 354 360 378 386 456 575 584 615 630
1 24 30 50 67 73 105 135 144 178 197 205 234 250 292 322 337
 358 364 381 388 453 578 581 616 631
0 22 32 46 64 69 109 132 146 175 192 209 237 249 288 318 336
 353 359 377 385 457 574 585 616 630
123 124 127 192 194 197 235 236 238 329 331 332 341 344 346 438 440
 442 494 496 499 506 508 511 554 629
125 126 128 193 195 196 234 237 239 330 333 334 342 343 345 437 439
 441 495 497 498 507 509 510 555 629
11 13 22 74 102 137 172 190 193 205 214 219 233 272 295 311 312
 373 397 409 461 506 525 575 600 628
9 13 23 69 101 133 171 188 197 208 212 217 228 273 299 307 313
 372 396 407 458 509 529 576 598 627
11 14 21 73 104 136 173 191 194 206 211 221 232 270 294 308 313
 374 398 410 460 507 527 574 599 626
10 14 24 70 103 132 170 189 196 207 210 220 229 271 298 306 312
 371 395 408 459 508 528 577 597 627
10 12 25 71 100 134 168 187 192 204 215 218 230 275 296 309 313
 375 399 411 462 510 526 578 601 628
9 12 26 72 99 135 169 186 195 209 213 216 231 274 297 310 312
 376 400 412 463 511 524 579 602 626
5 61 94 97 124 128 189 191 204 205 278 280 359 363 380 382 539
 541 550 569 571 573 598 602 624 634
3 60 95 96 123 126 186 187 207 208 276 277 361 364 377 378 536
 538 551 570 571 572 599 600 623 635
4 62 93 98 125 127 188 190 206 209 279 281 360 362 379 381 537
 540 552 568 572 573 597 601 622 633
42 68 109 137 149 159 208 234 274 278 282 314 325 335 368 374 402
 408 430 477 521 532 542 554 601 637
41 67 110 136 149 158 207 235 275 279 283 315 327 336 367 373 401
 407 429 476 519 533 545 555 602 636
40 63 105 132 147 160 206 239 272 277 285 315 323 338 366 375 403
 412 426 481 522 535 543 554 598 638
44 66 107 134 147 157 209 236 273 280 287 316 328 337 370 371 406
 410 427 478 520 530 547 555 600 637
39 64 108 133 148 161 205 238 270 276 284 314 324 340 365 376 404
 411 425 480 523 534 544 555 597 638
43 65 106 135 148 156 204 237 271 281 286 316 326 339 369 372 405
 409 428 479 518 531 546 554 599 636
48 67 76 82 103 145 183 206 223 256 274 295 342 351 353 390 411
 427 440 458 485 541 546 586 603 635
46 63 77 82 104 144 181 207 222 257 273 296 346 350 355 391 409
 430 437 463 483 539 544 587 608 633
50 65 80 83 100 145 182 209 225 254 270 299 341 348 357 394 408
 426 441 461 486 538 545 587 607 634
47 68 75 81 101 146 184 205 226 253 275 294 344 352 354 389 412
 428 439 459 482 540 547 587 604 635
45 64 78 81 102 144 180 208 224 255 271 297 345 349 356 392 410
 429 438 462 484 537 543 586 606 634
49 66 79 83 99 146 185 204 227 252 272 298 343 347 358 393 407
 425 442 460 487 536 542 586 605 633
88 103 109 118 160 172 195 221 268 275 326 329 347 362 467 520 529
 538 544 580 591 592 596 606 624 631
89 104 107 122 158 168 197 220 267 272 324 334 352 361 468 521 524
 537 546 583 590 593 595 607 624 630
92 100 108 119 157 171 194 216 265 271 327 333 350 360 465 522 525
 541 542 585 588 593 594 604 623 631
90 101 110 120 161 173 192 219 269 274 328 330 348 363 464 518 528
 536 543 581 588 590 596 608 622 632
87 102 106 121 159 169 196 217 266 270 323 332 351 364 469 519 526
 539 547 582 589 591 594 605 622 630
91 99 105 117 156 170 193 218 264 273 325 331 349 359 466 523 527
 540 545 584 589 592 595 603 623 632
58 185 207 217 223 236 259 286 297 330 338 387 435 444 449 453 461
 473 523 562 566 574 601 604 624 642
57 184 206 216 222 234 262 284 299 331 336 384 433 447 450 456 462
 470 518 563 567 577 600 605 624 644
59 180 209 221 227 238 260 282 295 334 339 386 432 446 450 455 459
 475 519 562 565 578 598 608 623 640
58 181 204 219 225 239 261 283 294 332 337 385 431 445 451 452 458
 474 521 563 564 579 597 606 623 639
57 183 205 218 224 235 263 285 298 333 335 383 434 448 451 457 463
 472 520 565 566 576 599 607 622 643
59 182 208 220 226 237 258 287 296 329 340 388 436 443 449 454 460
 471 522 564 567 575 602 603 622 641
41 56 85 104 147 175 201 225 259 269 312 322 339 360 380 383 399
 425 438 469 477 493 509 567 592 635
44 51 86 100 148 178 198 226 260 267 312 321 335 363 377 387 396
 429 440 467 481 488 507 563 589 633
42 55 84 102 148 174 199 227 258 268 313 319 337 359 379 384 400
 426 437 468 476 492 508 566 588 635
39 54 84 101 149 177 203 222 263 265 312 318 338 361 381 386 398
 427 442 466 479 490 510 564 591 634
40 53 85 103 149 176 202 224 262 264 313 317 340 364 382 385 397
 428 441 465 478 491 511 562 590 633
43 52 86 99 147 179 200 223 261 266 313 320 336 362 378 388 395
 430 439 464 480 489 506 565 593 634
33 77 108 118 154 174 192 241 246 252 264 312 315 368 388 394 413
 450 458 484 498 547 573 583 599 642
36 79 109 119 151 177 196 242 250 257 267 313 316 365 383 390 417
 450 461 482 496 543 572 584 602 639
38 76 106 122 153 178 193 245 249 253 269 313 315 370 386 392 418
 449 463 486 494 542 571 580 597 644
37 75 107 121 152 179 194 244 248 256 268 312 314 369 385 391 416
 449 462 487 495 545 572 581 598 643
35 80 110 117 150 176 197 243 251 255 266 312 316 366 384 389 415
 451 460 485 497 544 571 585 601 640
34 78 105 120 155 175 195 240 247 254 265 313 314 367 387 393 414
 451 459 483 499 546 573 582 600 641
3 27 37 49 51 85 102 115 122 129 133 216 257 280 292 294 362
 367 394 435 457 510 528 554 603 640
4 31 33 45 54 86 103 112 119 130 136 219 254 276 291 296 359
 370 389 432 453 509 524 554 605 643
5 30 34 46 53 86 101 114 117 129 137 221 252 277 290 297 360
 369 390 431 454 508 526 555 607 644
3 28 38 50 52 84 104 116 121 130 132 218 255 281 293 295 363
 368 393 436 456 511 529 555 604 639
4 32 36 47 55 85 100 113 118 131 135 217 256 278 289 298 361
 366 392 433 452 506 527 555 608 641
5 29 35 48 56 84 99 111 120 131 134 220 253 279 288 299 364
 365 391 434 455 507 525 554 606 642
41 49 52 64 71 76 162 198 212 233 246 248 254 316 333 364 402
 423 504 508 535 540 564 608 624 626
40 47 54 65 74 77 167 199 213 230 249 250 255 314 332 360 406
 421 500 507 533 536 565 603 624 627
44 45 55 67 69 79 165 203 211 229 246 251 253 314 330 362 403
 420 501 511 531 539 567 607 623 628
43 46 56 68 70 80 164 202 214 228 247 250 256 315 329 363 404
 419 503 510 530 537 566 605 623 626
39 48 53 66 73 78 166 201 215 231 248 251 257 315 334 359 405
 422 502 506 532 538 563 604 622 627
42 50 51 63 72 75 163 200 210 232 247 249 252 316 331 361 401
 424 505 509 534 541 562 606 622 628
9 17 48 70 89 105 184 261 311 356 377 394 399 402 421 460 479
 496 539 555 561 562 568 580 588 643
10 20 45 74 90 109 182 262 310 358 380 391 398 405 424 458 481
 494 540 555 560 566 570 582 593 640
11 15 50 71 91 107 180 259 307 354 382 390 395 404 420 463 476
 498 536 554 560 563 568 585 591 641
11 16 49 72 92 106 181 258 306 353 381 389 396 403 419 462 477
 499 538 555 559 565 569 584 590 642
9 19 46 73 88 110 185 263 309 357 379 392 397 406 423 459 480
 495 541 554 559 567 570 583 589 639
10 18 47 69 87 108 183 260 308 355 378 393 400 401 422 461 478
 497 537 554 561 564 569 581 592 644
26 43 61 98 115 151 176 192 220 263 293 311 314 337 350 354 473
 481 504 509 519 527 538 557 586 644
21 41 60 93 114 154 178 196 218 258 288 307 314 338 347 356 474
 478 503 506 518 524 541 556 587 640
24 40 62 96 111 153 174 194 219 260 290 310 316 336 352 357 472
 477 502 510 523 529 539 556 586 641
25 44 62 97 116 150 177 195 217 262 292 308 315 339 349 353 471
 480 505 508 521 525 536 557 587 643
22 42 60 94 112 155 179 197 216 259 289 306 315 340 348 355 475
 479 501 507 520 526 540 558 586 639
23 39 61 95 113 152 175 193 221 261 291 309 316 335 351 358 470
 476 500 511 522 528 537 558 587 642
2 20 24 54 125 133 140 147 169 215 227 256 325 373 387 423 436
 496 501 550 585 587 590 599 606 644
1 18 25 55 127 137 139 147 173 210 222 254 324 372 385 419 434
 498 500 551 580 586 589 602 604 640
0 15 21 52 123 135 141 149 171 214 226 257 328 375 384 421 432
 495 505 550 582 586 592 597 607 642
2 19 23 53 124 132 142 148 168 213 225 253 327 374 388 424 435
 497 503 552 584 586 591 600 608 643
1 16 22 51 126 134 143 149 170 211 223 255 326 376 383 422 431
 494 504 552 583 587 588 598 605 641
0 17 26 56 128 136 138 148 172 212 224 252 323 371 386 420 433
 499 502 551 581 587 593 601 603 639
3 29 33 68 79 135 210 238 258 261 269 302 308 345 397 427 481
 483 502 526 545 552 576 585 624 648
3 32 34 67 80 134 212 239 259 260 268 300 311 346 398 428 480
 484 500 524 542 550 577 584 622 646
5 31 37 65 76 132 214 236 261 262 265 305 307 343 400 429 477
 482 501 527 544 551 578 583 622 650
4 30 38 66 75 133 211 237 260 263 264 304 306 341 399 430 476
 485 503 525 543 551 579 582 624 649
5 28 36 64 77 136 215 234 259 263 266 303 310 344 396 426 478
 487 505 528 546 552 575 580 623 647
4 27 35 63 78 137 213 235 258 262 267 301 309 342 395 425 479
 486 504 529 547 550 574 581 623 645
25 29 73 101 119 138 175 182 186 256 260 266 331 343 356 368 382
 403 409 435 468 504 520 533 597 625
23 27 71 104 120 143 178 184 190 252 263 268 332 345 353 366 378
 405 408 432 465 501 523 530 602 625
24 28 72 102 118 141 179 183 191 254 262 269 334 346 354 365 377
 406 407 431 466 503 522 531 601 625
21 31 69 100 122 140 177 181 189 255 259 264 329 342 358 369 379
 402 412 434 464 502 519 534 600 625
26 32 74 103 117 139 174 185 187 253 261 267 333 341 355 367 381
 404 410 436 469 505 518 532 598 625
22 30 70 99 121 142 176 180 188 257 258 265 330 344 357 370 380
 401 411 433 467 500 521 535 599 625
18 20 52 56 62 145 163 166 193 197 277 280 296 298 302 303 314
 428 429 450 559 574 579 588 591 625
17 19 51 55 61 146 162 167 194 196 276 281 297 299 300 301 315
 427 430 451 560 575 578 590 592 625
15 16 53 54 60 144 164 165 192 195 278 279 294 295 304 305 316
 425 426 449 561 576 577 589 593 625
6 37 55 82 109 117 163 215 271 285 304 308 322 332 340 357 363
 386 407 439 504 524 549 568 600 642
7 34 54 83 108 122 166 210 275 287 301 310 320 330 335 353 364
 384 409 438 503 527 548 568 598 639
6 38 56 81 110 119 162 213 273 284 305 311 319 334 338 358 362
 385 408 440 505 526 548 569 599 641
7 35 52 81 106 118 164 211 272 282 300 307 318 331 337 355 360
 387 411 441 502 528 549 570 602 643
8 33 53 83 105 121 167 212 274 286 303 309 321 329 336 354 361
 383 410 437 501 525 549 569 597 640
8 36 51 82 107 120 165 214 270 283 302 306 317 333 339 356 359
 388 412 442 500 529 548 570 601 644
7 32 66 102 119 123 158 165 176 228 274 285 369 395 424 456 493
 507 523 559 564 573 578 580 587 648
7 27 68 100 121 125 160 163 175 231 273 283 365 398 420 453 491
 508 518 561 565 571 575 583 586 649
6 31 63 101 118 128 156 167 178 233 270 287 367 399 422 455 489
 511 521 559 566 572 577 585 586 647
6 30 64 103 120 127 157 166 179 232 272 286 368 400 421 452 488
 510 519 560 567 571 576 584 587 645
8 29 65 104 117 126 159 164 177 229 275 284 370 396 423 457 492
 506 522 560 562 573 579 581 586 646
8 28 67 99 122 124 161 162 174 230 271 282 366 397 419 454 490
 509 520 561 563 572 574 582 587 650
35 71 126 132 151 165 179 201 219 227 273 297 308 324 329 335 381
 394 418 428 433 533 541 582 610 647
33 73 128 137 153 162 176 203 216 223 275 298 307 328 332 339 377
 391 414 426 436 534 537 584 610 649
34 74 127 136 152 163 177 202 218 226 274 299 306 326 334 337 378
 392 413 425 435 535 539 585 610 650
38 70 124 134 154 167 175 200 217 222 272 294 310 325 333 340 379
 390 415 429 432 531 538 581 610 648
37 69 125 135 155 166 174 198 220 224 270 295 309 327 331 338 380
 389 417 430 431 530 536 580 610 646
36 72 123 133 150 164 178 199 221 225 271 296 311 323 330 336 382
 393 416 427 434 532 540 583 610 645
110 113 122 179 199 209 224 247 277 374 396 405 411 436 442 453 474
 482 498 504 525 539 577 592 609 648
106 112 117 175 203 206 226 248 280 376 397 401 408 434 437 452 473
 484 496 503 529 536 578 593 609 647
108 116 120 176 200 207 227 250 278 372 399 403 410 431 440 457 470
 486 495 502 524 540 575 591 609 650
109 111 121 178 201 204 222 246 276 373 395 406 412 435 441 454 475
 485 499 505 527 537 576 588 609 646
105 115 118 177 198 208 225 251 279 371 400 404 409 432 439 456 472
 487 494 500 526 541 574 590 609 649
107 114 119 174 202 205 223 249 281 375 398 402 407 433 438 455 471
 483 497 501 528 538 579 589 609 645
5 15 27 57 109 126 167 169 174 197 232 240 291 311 339 371 392
 403 411 464 503 545 564 604 612 633
3 17 30 59 108 124 165 173 177 193 231 244 289 307 336 375 389
 406 408 469 504 546 566 606 611 633
4 19 29 59 106 128 163 170 179 192 228 242 292 310 338 373 393
 402 410 465 500 544 563 607 612 635
5 20 32 58 107 127 162 171 178 195 229 243 293 309 340 374 394
 401 409 466 502 543 565 605 611 635
3 18 31 58 105 125 164 172 176 194 230 245 288 306 335 376 390
 405 407 468 505 547 567 608 612 634
4 16 28 57 110 123 166 168 175 196 233 241 290 308 337 372 391
 404 412 467 501 542 562 603 611 634
28 41 45 61 88 101 105 134 159 163 199 214 216 324 341 353 395
 417 446 449 452 497 502 599 614 633
30 39 49 62 87 100 109 136 156 164 200 213 220 328 346 356 397
 418 444 451 456 498 501 598 614 635
27 42 46 62 90 103 108 135 158 162 201 211 218 323 343 354 396
 415 445 449 455 496 500 600 613 634
29 43 47 60 92 102 107 132 161 166 203 212 221 325 342 357 399
 413 447 451 453 494 505 602 613 633
32 44 48 60 91 104 106 133 160 167 202 210 219 327 344 358 400
 414 448 450 454 495 504 601 614 634
31 40 50 61 89 99 110 137 157 165 198 215 217 326 345 355 398
 416 443 450 457 499 503 597 613 635
6 9 24 106 126 139 182 235 243 252 259 294 314 320 359 375 417
 427 456 467 491 525 537 608 613 650
8 9 21 108 127 143 180 239 240 253 262 298 316 318 363 373 416
 430 453 468 493 526 538 603 614 647
6 10 23 107 123 138 185 234 242 254 258 295 315 321 360 376 415
 428 457 464 490 527 539 606 614 649
8 11 26 109 125 142 184 236 244 255 260 296 315 319 364 372 414
 425 452 466 489 528 541 607 613 648
7 11 25 110 124 140 183 237 245 257 261 297 314 322 361 371 413
 426 455 465 488 529 540 605 614 646
7 10 22 105 128 141 181 238 241 256 263 299 316 317 362 374 418
 429 454 469 492 524 536 604 613 645
2 41 79 82 96 139 152 166 191 195 200 255 311 318 348 396 433
 454 465 547 554 566 578 595 597 649
1 43 77 83 97 140 155 163 186 194 201 253 307 319 351 397 432
 457 467 543 555 564 577 595 601 645
2 42 80 81 95 138 153 167 190 192 198 257 308 317 347 395 434
 453 466 546 555 567 579 594 598 650
1 39 76 81 94 141 150 165 188 196 202 252 310 321 350 399 436
 452 468 545 554 565 574 596 600 646
0 40 75 82 93 143 151 164 189 197 203 254 309 320 349 400 435
 455 469 542 555 563 575 596 599 648
0 44 78 83 98 142 154 162 187 193 199 256 306 322 352 398 431
 456 464 544 554 562 576 594 602 647
13 35 57 72 85 90 142 160 185 194 203 250 287 293 304 359 378
 402 429 446 498 526 546 587 597 646
12 33 59 70 84 92 139 159 183 197 198 249 283 290 300 362 382
 405 425 444 495 527 543 587 600 647
14 36 57 71 84 88 140 161 182 193 202 251 286 292 305 360 377
 401 430 445 499 524 547 586 598 648
12 34 58 69 85 91 138 158 184 196 200 248 282 291 302 363 381
 406 426 443 494 525 544 586 599 645
14 37 58 74 86 89 141 156 180 192 201 247 284 289 303 364 379
 403 427 448 497 529 542 587 602 649
13 38 59 73 86 87 143 157 181 195 199 246 285 288 301 361 380
 404 428 447 496 528 545 586 601 650
75 114 125 144 157 185 201 214 229 238 291 300 310 313 348 366 377
 413 434 456 504 521 569 591 603 636
78 115 127 146 160 181 200 212 230 234 289 305 308 312 351 370 382
 417 436 455 503 523 570 588 607 636
77 116 128 145 161 180 198 210 231 235 288 304 311 313 352 369 381
 415 435 452 501 522 570 592 605 637
79 111 123 145 159 184 202 215 232 237 293 301 307 312 349 367 379
 418 431 453 500 520 569 593 608 638
80 113 126 146 158 183 203 213 233 236 292 303 306 313 350 368 380
 416 432 454 502 518 568 589 606 638
76 112 124 144 156 182 199 211 228 239 290 302 309 312 347 365 378
 414 433 457 505 519 568 590 604 637
28 62 74 138 155 157 178 203 210 228 244 264 283 297 305 383 411
 439 460 470 492 538 550 554 608 630
32 61 70 143 153 161 177 201 213 232 241 266 287 295 302 387 407
 437 462 474 491 540 551 554 607 631
31 60 71 142 150 159 174 200 211 231 242 269 285 299 303 385 409
 442 459 473 488 537 550 555 603 631
29 62 69 141 152 160 176 199 215 233 240 267 286 294 300 388 408
 438 463 475 490 541 551 555 605 632
27 61 73 139 154 156 179 202 212 229 245 265 282 296 304 384 412
 440 461 472 493 536 552 555 606 630
30 60 72 140 151 158 175 198 214 230 243 268 284 298 301 386 410
 441 458 471 489 539 552 554 604 632
18 22 43 45 53 72 111 138 154 177 235 240 270 273 366 436 445
 488 495 516 528 542 568 578 624 635
16 25 39 50 56 69 114 142 153 179 239 243 271 274 367 432 448
 492 496 514 527 547 570 575 624 633
15 26 40 49 55 70 112 140 152 178 238 242 273 275 368 431 447
 493 497 513 525 546 570 574 622 634
17 21 44 46 54 71 113 139 155 176 234 241 271 272 365 435 446
 489 494 517 529 545 569 579 622 635
20 23 41 47 51 73 116 141 151 174 237 244 272 274 370 434 444
 491 499 515 526 544 568 577 623 634
19 24 42 48 52 74 115 143 150 175 236 245 270 275 369 433 443
 490 498 512 524 543 569 576 623 633
66 68 82 85 105 110 112 116 126 127 148 220 221 246 249 307 310
 445 448 461 462 489 490 550 594 625
63 64 83 86 106 107 111 113 124 125 149 216 218 250 251 308 311
 443 444 458 459 492 493 551 596 625
65 67 81 84 108 109 114 115 123 128 147 217 219 247 248 306 309
 446 447 460 463 488 491 552 595 625
45 73 77 89 98 123 129 146 218 269 283 316 340 342 387 400 408
 419 433 489 514 525 591 598 612 646
46 74 78 87 97 126 130 145 216 268 282 316 338 344 388 399 407
 420 434 488 513 527 590 597 611 648
48 71 80 92 94 127 130 144 217 267 287 314 336 343 386 397 412
 424 431 492 515 528 592 599 612 649
49 69 75 90 96 124 131 145 221 265 284 315 337 345 383 395 409
 421 436 491 517 524 589 601 612 647
47 72 79 91 93 128 129 144 220 266 286 315 335 341 385 398 411
 423 432 493 512 529 588 600 611 650
50 70 76 88 95 125 131 146 219 264 285 314 339 346 384 396 410
 422 435 490 516 526 593 602 611 645
37 56 88 123 144 169 177 188 210 223 230 246 260 272 354 359 374
 443 451 465 486 513 518 555 558 647
36 53 89 125 145 171 179 186 211 222 233 249 258 275 358 363 371
 446 451 469 484 515 523 554 557 650
38 55 90 126 144 168 176 189 212 226 231 247 261 270 353 360 373
 444 450 466 487 514 520 554 556 645
33 51 91 127 145 172 175 191 213 227 228 251 263 271 355 364 375
 447 449 464 482 516 521 555 556 646
34 52 92 128 146 173 174 190 215 225 229 250 262 273 356 361 376
 448 449 467 485 517 519 554 558 648
35 54 87 124 146 170 178 187 214 224 232 248 259 274 357 362 372
 445 450 468 483 512 522 555 557 649
13 48 83 109 179 198 207 263 294 302 323 349 360 370 413 419 468
 497 511 517 518 534 550 578 611 641
12 46 81 107 177 199 206 261 298 304 327 348 364 368 418 422 467
 499 509 512 523 531 550 575 612 640
14 49 81 105 174 203 209 259 296 301 326 351 363 365 415 424 465
 495 506 514 521 533 551 576 611 644
13 50 82 108 175 202 204 258 297 303 328 352 362 366 417 423 466
 494 507 513 519 532 551 577 612 643
14 47 83 110 178 200 208 262 295 300 324 350 359 369 414 420 469
 496 510 516 520 535 552 579 612 642
12 45 82 106 176 201 205 260 299 305 325 347 361 367 416 421 464
 498 508 515 522 530 552 574 611 639
3 13 21 56 146 152 156 251 254 278 310 327 332 381 395 411 437
 471 488 515 520 543 562 583 613 644
4 12 24 53 146 151 161 247 255 280 307 323 333 378 398 409 440
 475 492 513 521 545 567 580 614 642
4 14 25 51 144 154 159 248 253 277 311 328 329 380 400 407 441
 470 490 517 523 546 565 585 613 639
5 13 26 52 144 155 158 249 256 276 308 326 330 379 399 408 442
 472 491 516 522 547 563 584 614 640
3 14 22 55 145 153 157 250 252 279 309 325 334 382 396 412 438
 473 489 512 518 544 564 582 614 643
5 12 23 54 145 150 160 246 257 281 306 324 331 377 397 410 439
 474 493 514 519 542 566 581 613 641
22 50 98 117 147 161 186 196 228 246 262 268 294 296 327 335 392
 421 442 444 455 502 546 569 620 649
21 49 97 119 148 160 187 197 229 247 263 269 295 297 325 336 391
 422 441 443 452 500 547 568 620 650
23 48 93 122 147 159 191 192 233 250 260 265 297 298 326 340 389
 420 437 445 456 505 545 570 619 645
25 45 95 120 149 156 188 194 231 249 259 267 295 298 323 337 394
 423 439 447 454 503 544 569 621 648
24 47 94 121 148 158 190 195 232 251 261 264 296 299 328 338 390
 419 438 446 457 504 542 570 621 647
26 46 96 118 149 157 189 193 230 248 258 266 294 299 324 339 393
 424 440 448 453 501 543 568 619 646
10 29 53 75 127 169 193 198 250 259 276 282 285 319 328 350 353
 367 433 460 474 529 531 583 620 634
9 32 54 76 128 168 194 200 251 258 277 283 284 322 326 349 354
 368 434 461 475 528 530 582 620 633
10 28 51 78 125 173 197 202 246 261 278 284 287 318 323 347 357
 369 432 463 473 525 533 584 619 635
11 30 56 79 126 171 192 199 248 262 281 283 287 321 325 351 355
 366 435 459 472 524 534 580 621 634
9 27 52 77 124 172 196 203 247 260 279 285 286 317 324 348 358
 370 431 462 471 527 532 585 621 635
11 31 55 80 123 170 195 201 249 263 280 282 286 320 327 352 356
 365 436 458 470 526 535 581 619 633
7 46 48 59 61 85 174 178 186 188 235 239 254 255 284 286 306
 308 325 328 482 487 553 591 593 628
6 49 50 57 60 86 176 177 190 191 236 237 253 256 282 283 309
 310 323 324 483 484 553 588 592 627
8 45 47 58 62 84 175 179 187 189 234 238 252 257 285 287 307
 311 326 327 485 486 553 589 590 626
11 32 147 155 164 208 218 231 252 291 292 301 317 357 391 440 482
 490 497 515 519 531 588 597 624 647
10 27 149 150 166 209 219 228 253 289 293 300 322 356 390 437 487
 489 499 513 522 534 589 599 624 650
9 31 147 152 162 205 220 232 257 289 290 304 321 353 393 441 484
 492 494 516 518 533 591 601 623 648
10 30 148 153 163 206 217 233 255 288 291 305 320 354 394 442 483
 493 495 517 520 532 590 602 623 646
9 28 149 151 167 204 221 229 256 288 292 302 319 355 389 438 486
 488 498 514 523 535 593 600 622 649
11 29 148 154 165 207 216 230 254 290 293 303 318 358 392 439 485
 491 496 512 521 530 592 598 622 645
18 27 40 95 134 195 233 256 269 271 284 307 321 344 359 381 413
 424 430 444 460 512 519 607 609 639
19 31 43 93 133 193 229 252 267 274 283 308 318 346 364 380 415
 421 426 446 462 513 520 604 609 641
20 30 44 94 132 194 228 254 266 275 282 311 317 345 361 379 417
 422 425 445 463 514 518 603 609 642
16 32 41 98 137 197 230 257 264 270 286 310 319 343 363 378 418
 420 427 447 459 517 522 606 609 643
15 29 42 97 136 196 231 255 265 272 287 309 322 341 362 377 416
 419 428 448 458 516 523 608 609 644
17 28 39 96 135 192 232 253 268 273 285 306 320 342 360 382 414
 423 429 443 461 515 521 605 609 640
19 28 80 103 188 238 240 248 304 349 358 361 375 409 420 444 457
 474 477 489 507 547 588 602 610 644
16 29 76 100 190 234 244 247 301 352 355 359 371 407 421 445 454
 473 480 493 511 543 591 599 610 640
20 27 79 101 189 239 241 249 305 350 357 364 376 410 419 443 456
 475 476 488 506 546 592 601 610 643
17 31 78 104 186 237 243 250 302 348 354 362 373 411 424 447 452
 472 478 490 508 542 589 598 610 642
18 30 77 102 187 236 242 251 300 347 353 363 374 412 423 448 455
 470 479 491 509 545 593 597 610 641
15 32 75 99 191 235 245 246 303 351 356 360 372 408 422 446 453
 471 481 492 510 544 590 600 610 639
61 66 92 121 129 164 210 224 233 234 253 339 348 375 378 379 458
 466 488 496 524 533 544 574 620 641
62 65 91 122 130 165 212 222 232 235 256 337 347 376 377 380 459
 465 489 497 526 532 543 575 620 642
60 63 88 120 129 162 215 226 228 238 255 336 351 371 380 381 461
 468 491 498 527 531 542 579 619 643
61 68 87 119 131 166 211 225 230 236 252 340 349 373 377 381 463
 464 492 495 529 535 546 577 621 640
60 64 90 118 130 163 213 223 229 239 257 335 352 372 379 382 460
 469 490 499 525 530 545 578 621 644
62 67 89 117 131 167 214 227 231 237 254 338 350 374 378 382 462
 467 493 494 528 534 547 576 619 639
7 14 60 62 82 146 265 266 319 321 373 375 392 394 404 405 431
 434 443 446 509 511 581 584 624 637
8 13 60 61 81 145 264 267 320 322 374 376 391 393 403 406 432
 433 444 445 508 510 580 585 622 636
6 12 61 62 83 144 268 269 317 318 371 372 389 390 401 402 435
 436 447 448 506 507 582 583 623 638
3 4 5 6 7 8 69 70 71 72 73 74 147 148 149 347 348
 349 350 351 352 449 450 451 609 629
168 171 173 252 255 256 300 303 304 335 338 339 365 367 370 395 397
 400 443 445 447 538 539 540 616 629
169 170 172 253 254 257 301 302 305 336 337 340 366 368 369 396 398
 399 444 446 448 536 537 541 615 629
33 35 37 94 96 98 313 323 325 326 353 356 358 401 404 406 488
 490 493 575 577 579 604 607 608 629
34 36 38 93 95 97 312 324 327 328 354 355 357 402 403 405 489
 491 492 574 576 578 603 605 606 629
8 111 116 129 157 160 192 196 205 208 211 213 254 256 259 261 384
 386 401 405 513 517 559 595 610 633
7 113 115 130 156 161 195 197 206 207 214 215 252 253 258 260 383
 385 402 406 514 516 560 594 610 634
6 112 114 131 158 159 193 194 204 209 210 212 255 257 262 263 387
 388 403 404 512 515 561 596 610 635
0 34 41 65 70 102 157 223 231 243 253 263 278 296 308 321 331
 358 445 475 498 529 572 590 612 638
1 33 42 66 69 104 156 226 230 242 256 262 279 297 311 320 333
 357 446 474 499 528 571 591 611 638
2 35 40 64 73 100 159 222 228 240 252 261 280 295 306 319 330
 354 448 471 494 524 572 592 611 636
1 38 44 68 72 103 161 227 233 244 257 259 277 299 309 318 332
 356 443 472 497 527 573 593 612 636
0 37 43 67 71 101 160 225 232 245 255 258 276 298 310 317 334
 355 444 470 496 525 573 589 611 637
2 36 39 63 74 99 158 224 229 241 254 260 281 294 307 322 329
 353 447 473 495 526 571 588 612 637
21 24 59 129 131 201 202 309 311 353 355 368 370 372 376 420 424
 426 429 439 442 451 572 594 624 632
25 26 57 129 130 198 200 306 307 357 358 365 366 373 374 421 422
 427 428 437 438 449 573 596 623 630
22 23 58 130 131 199 203 308 310 354 356 367 369 371 375 419 423
 425 430 440 441 450 571 595 622 631
72 96 100 101 162 170 180 202 236 272 279 291 308 314 388 405 437
 447 457 469 485 514 550 580 620 639
73 97 102 103 164 168 184 198 239 273 281 289 310 314 383 401 442
 446 454 464 486 512 551 585 619 642
74 98 101 104 165 169 183 200 238 271 280 288 309 315 384 402 441
 445 453 467 487 515 551 584 621 641
70 94 100 104 166 172 185 199 235 274 276 292 307 316 385 403 439
 443 455 466 484 517 552 582 619 644
71 95 99 103 163 171 181 203 237 270 278 290 311 315 387 406 438
 448 456 468 482 513 552 581 620 640
69 93 99 102 167 173 182 201 234 275 277 293 306 316 386 404 440
 444 452 465 483 516 550 583 621 643
174 176 179 181 182 184 210 213 214 217 218 221 276 279 280 318 321
 322 420 422 423 542 543 546 618 629
175 177 178 180 183 185 211 212 215 216 219 220 277 278 281 317 319
 320 419 421 424 544 545 547 617 629
52 73 75 85 94 120 167 177 187 209 258 271 290 305 335 346 373
 420 458 473 497 580 595 605 613 638
56 72 78 86 95 121 165 174 189 206 263 275 292 300 340 343 372
 421 461 474 494 585 595 608 614 637
55 71 77 86 96 122 164 175 188 205 262 274 293 302 338 341 371
 422 460 475 495 584 594 606 613 636
51 74 76 84 93 118 166 176 186 204 259 273 291 304 336 345 374
 419 459 471 496 581 594 607 614 638
53 69 80 84 98 119 163 178 191 207 261 272 289 301 339 344 376
 423 462 472 498 582 596 603 613 637
54 70 79 85 97 117 162 179 190 208 260 270 288 303 337 342 375
 424 463 470 499 583 596 604 614 636
0 58 81 87 90 186 191 210 215 290 292 295 299 314 329 333 366
 370 476 479 489 493 583 584 609 633
1 59 82 88 89 187 190 212 213 291 293 294 298 315 330 331 365
 369 477 478 488 492 582 585 609 634
2 57 83 91 92 188 189 211 214 288 289 296 297 316 332 334 367
 368 480 481 490 491 580 581 609 635
9 10 11 39 40 41 42 43 44 57 58 59 117 118 119 120 121
 122 144 145 146 550 551 552 610 629
46 47 50 111 112 115 229 231 233 425 427 429 464 465 468 470 471
 474 549 580 582 584 598 599 601 629
45 48 49 113 114 116 228 230 232 426 428 430 466 467 469 472 473
 475 548 581 583 585 597 600 602 629
2 5 22 116 118 201 206 212 242 271 283 301 314 328 341 358 378
 389 443 463 468 510 562 589 618 648
2 4 21 115 120 199 205 210 243 273 282 303 315 326 343 357 377
 390 444 462 469 511 564 593 617 646
1 4 26 114 121 203 208 215 245 272 284 302 316 327 346 353 382
 394 445 459 464 507 566 592 618 650
0 3 24 113 117 198 204 211 240 274 287 305 315 324 344 356 379
 391 447 461 465 509 565 591 618 645
0 5 25 112 122 202 207 213 244 270 285 300 316 325 345 354 381
 393 446 458 467 506 567 588 617 649
1 3 23 111 119 200 209 214 241 275 286 304 314 323 342 355 380
 392 448 460 466 508 563 590 617 647
4 17 23 52 83 90 102 117 153 195 202 220 222 230 238 259 283
 403 416 422 482 488 541 599 616 637
3 19 26 54 81 91 100 120 154 197 201 221 223 233 237 262 285
 401 417 419 487 492 539 597 615 637
5 16 21 55 81 89 103 121 151 193 200 216 225 228 235 260 287
 405 413 423 483 490 536 601 616 638
5 18 24 51 83 88 104 119 152 192 203 217 224 231 239 258 282
 404 418 421 485 489 540 600 615 636
4 15 22 56 82 87 101 122 150 194 198 218 227 229 234 261 286
 406 414 424 484 491 538 602 615 638
3 20 25 53 82 92 99 118 155 196 199 219 226 232 236 263 284
 402 415 420 486 493 537 598 616 636
5 39 90 105 106 123 154 157 183 190 227 255 267 275 289 302 357
 385 420 430 435 471 509 577 620 626
3 42 87 107 110 128 151 160 182 188 222 253 264 271 291 303 353
 387 421 425 431 472 506 578 619 626
3 41 89 106 109 127 150 161 185 189 224 256 265 273 290 301 354
 388 422 426 432 470 507 579 621 628
4 40 88 107 108 126 155 156 184 191 225 257 266 274 288 300 358
 386 419 429 436 473 508 576 620 628
5 43 91 108 110 125 153 159 181 187 226 254 268 272 292 304 356
 383 424 427 433 475 511 574 621 627
4 44 92 105 109 124 152 158 180 186 223 252 269 270 293 305 355
 384 423 428 434 474 510 575 619 627
3 9 45 65 75 97 137 142 158 166 178 181 192 202 206 227 266
 333 365 371 444 490 549 558 592 641
3 10 46 66 76 98 136 140 159 167 179 180 195 203 205 225 267
 331 366 372 443 491 548 556 588 642
4 11 48 68 77 95 132 141 157 162 177 182 197 200 204 224 268
 330 367 376 446 493 549 556 589 644
5 11 47 67 78 96 133 143 156 163 176 185 196 198 209 222 269
 329 368 375 445 492 548 558 593 643
5 10 49 63 80 93 135 139 161 165 175 184 194 199 208 223 264
 334 370 373 448 488 549 557 591 639
4 9 50 64 79 94 134 138 160 164 174 183 193 201 207 226 265
 332 369 374 447 489 548 557 590 640
51 68 71 111 117 128 158 169 199 265 289 295 320 346 358 372 413
 478 514 538 543 553 567 574 597 643
52 67 72 113 119 127 159 168 201 264 288 294 321 345 357 371 414
 479 513 536 544 553 566 575 598 644
53 64 70 116 122 123 156 173 203 268 291 299 322 343 355 373 417
 481 512 541 547 553 565 579 601 641
56 65 73 112 118 125 161 170 200 267 293 297 317 344 353 375 416
 476 517 539 542 553 564 576 600 640
55 66 74 114 120 124 160 171 198 266 292 296 318 342 354 376 418
 477 516 537 545 553 562 577 599 639
54 63 69 115 121 126 157 172 202 269 290 298 319 341 356 374 415
 480 515 540 546 553 563 578 602 642
8 49 154 163 168 188 195 219 224 250 266 355 369 377 408 427 455
 476 494 515 527 550 567 604 618 638
6 48 152 164 173 187 196 216 227 249 264 354 366 380 409 429 453
 480 499 514 529 552 564 607 618 637
8 46 151 166 170 190 194 217 226 246 269 358 367 382 411 426 456
 479 497 516 524 551 565 606 617 637
7 50 155 162 169 189 192 221 222 251 267 356 370 378 407 428 452
 477 495 512 525 552 566 603 617 638
6 47 153 165 172 186 197 218 225 248 265 353 365 379 410 430 454
 481 498 513 528 550 562 605 617 636
7 45 150 167 171 191 193 220 223 247 268 357 368 381 412 425 457
 478 496 517 526 551 563 608 618 636
11 61 84 158 226 240 250 271 277 310 331 342 347 370 385 394 422
 469 480 501 513 576 601 608 615 649
9 60 84 156 224 244 246 275 280 308 334 341 350 366 387 390 424
 464 477 500 517 575 597 605 616 645
11 62 85 159 223 241 251 273 276 309 333 344 348 369 386 393 421
 468 481 503 514 577 602 606 616 650
10 60 85 157 222 245 247 274 281 311 332 343 349 365 388 389 423
 467 476 502 516 574 598 607 615 647
10 61 86 160 227 243 248 270 279 307 330 346 352 368 383 392 419
 465 479 505 515 579 600 603 616 648
9 62 86 161 225 242 249 272 278 306 329 345 351 367 384 391 420
 466 478 504 512 578 599 604 615 646
12 51 52 79 80 140 142 156 157 219 221 234 235 338 340 353 354
 391 392 468 469 551 561 573 609 627
14 53 56 76 77 139 143 158 160 216 217 237 238 335 337 356 357
 389 393 464 466 550 560 572 609 628
13 54 55 75 78 138 141 159 161 218 220 236 239 336 339 355 358
 390 394 465 467 552 559 571 609 626
38 67 118 137 140 184 187 220 228 265 303 308 316 323 348 359 376
 435 438 474 495 515 560 565 615 633
37 68 120 136 142 183 186 217 229 264 301 311 316 324 347 360 375
 436 437 475 494 512 559 563 616 634
33 63 122 134 141 185 190 221 231 266 305 306 314 327 349 363 372
 433 441 472 496 513 560 564 616 635
35 65 119 133 139 180 189 218 233 268 302 310 315 328 351 361 374
 431 439 473 499 516 561 567 616 633
36 66 117 132 138 181 188 216 232 269 300 309 314 326 352 364 373
 432 440 471 498 517 561 566 615 634
34 64 121 135 143 182 191 219 230 267 304 307 315 325 350 362 371
 434 442 470 497 514 559 562 615 635
16 73 93 108 117 130 140 160 224 236 249 299 302 311 321 395 487
 510 521 531 558 582 602 608 617 635
17 69 95 107 118 129 143 159 227 235 247 296 305 310 322 397 485
 507 518 535 557 584 597 604 617 634
18 70 96 106 120 130 141 158 225 234 246 297 304 309 319 398 482
 506 520 534 557 585 598 603 618 633
15 74 94 105 119 129 142 161 222 237 248 298 300 308 320 396 486
 511 519 530 556 583 601 606 618 635
20 71 97 110 121 131 138 156 223 238 250 294 301 306 318 400 484
 509 522 532 556 580 600 607 617 633
19 72 98 109 122 131 139 157 226 239 251 295 303 307 317 399 483
 508 523 533 558 581 599 605 618 634
14 15 90 98 113 121 128 133 134 166 177 184 243 249 254 285 297
 347 355 388 397 440 468 477 623 636
13 16 88 97 111 122 127 132 135 167 176 183 242 248 252 284 296
 348 356 387 398 439 469 476 623 637
12 17 87 93 112 120 123 132 137 163 174 180 245 251 256 287 294
 350 358 383 396 441 466 480 624 636
13 19 92 96 116 117 125 134 136 165 178 182 241 247 257 282 298
 351 354 385 400 438 464 479 624 638
14 20 91 95 115 119 124 135 137 164 179 185 240 246 255 283 299
 352 353 386 399 437 467 478 622 638
12 18 89 94 114 118 126 133 136 162 175 181 244 250 253 286 295
 349 357 384 395 442 465 481 622 637
17 75 92 98 103 111 156 175 255 292 321 324 330 374 407 426 450
 463 506 526 530 550 564 570 615 650
19 79 87 95 104 114 161 176 254 289 319 326 331 371 412 429 449
 458 510 525 532 550 565 568 616 647
20 80 89 96 102 112 160 177 252 288 322 328 333 372 411 430 449
 459 511 527 533 552 563 569 615 645
15 78 88 93 100 116 158 179 253 290 317 325 332 376 409 427 450
 460 509 528 535 551 566 569 616 646
18 76 91 97 101 113 157 174 257 293 320 323 329 373 408 425 451
 462 507 524 531 552 562 570 616 649
16 77 90 94 99 115 159 178 256 291 318 327 334 375 410 428 451
 461 508 529 534 551 567 568 615 648
24 25 63 66 81 265 268 276 278 283 286 288 293 396 397 450 464
 469 494 497 558 568 603 607 610 626
21 22 67 68 83 266 267 280 281 284 285 290 291 399 400 449 465
 466 498 499 557 570 606 608 610 627
23 26 64 65 82 264 269 277 279 282 287 289 292 395 398 451 467
 468 495 496 556 569 604 605 610 628
33 56 57 61 67 74 75 100 106 132 173 195 208 257 415 423 431
 442 468 475 478 489 523 568 617 645
38 53 58 61 63 71 79 102 108 136 170 197 209 256 414 421 434
 439 467 471 477 490 518 570 618 646
35 51 58 60 66 70 77 101 109 135 168 193 206 254 416 420 436
 438 465 472 480 492 519 569 617 650
37 54 59 62 64 72 80 104 105 137 171 196 204 253 413 422 433
 440 464 473 476 491 520 570 617 648
36 52 59 60 65 69 78 103 110 134 169 194 205 252 418 419 435
 437 466 470 481 493 521 568 618 649
34 55 57 62 68 73 76 99 107 133 172 192 207 255 417 424 432
 441 469 474 479 488 522 569 618 647
57 70 81 93 111 136 155 171 227 230 239 269 280 353 361 369 388
 461 504 511 532 544 560 589 613 649
59 71 81 98 116 135 152 172 222 229 236 266 277 357 359 367 383
 458 503 507 534 542 561 590 614 645
59 74 83 95 112 133 151 168 223 232 234 265 279 356 363 366 385
 463 502 508 531 547 559 592 613 646
58 73 83 96 114 132 150 169 226 233 235 264 278 355 362 365 386
 462 500 509 530 546 560 588 614 648
58 72 82 97 115 134 153 173 224 228 237 267 276 358 360 368 384
 459 501 506 535 545 561 591 613 647
57 69 82 94 113 137 154 170 225 231 238 268 281 354 364 370 387
 460 505 510 533 543 559 593 614 650
26 30 42 76 83 85 123 134 161 181 191 229 240 338 405 439 450
 515 529 533 537 575 585 589 617 643
25 31 41 75 83 84 126 135 160 180 190 228 241 340 406 440 451
 512 528 532 539 574 584 593 618 644
24 32 43 78 82 84 124 136 157 184 188 233 242 335 403 441 449
 514 526 534 536 579 583 592 617 640
23 29 44 77 81 85 125 137 156 183 189 232 243 336 404 442 449
 513 524 535 538 578 582 588 618 639
22 28 40 79 81 86 127 133 158 182 187 231 245 339 402 437 451
 517 527 530 541 577 581 591 617 642
21 27 39 80 82 86 128 132 159 185 186 230 244 337 401 438 450
 516 525 531 540 576 580 590 618 641
13 39 70 107 115 163 169 187 211 262 286 345 389 426 434 440 454
 489 533 542 556 573 592 608 616 639
12 43 73 109 113 165 171 190 210 259 284 341 393 429 431 437 455
 490 535 547 556 571 590 603 615 643
14 41 72 108 112 167 172 188 215 261 282 342 391 428 435 442 456
 492 530 543 557 571 589 607 616 641
13 42 71 105 114 166 173 189 213 260 283 344 392 427 436 441 457
 493 531 544 557 572 593 605 615 642
12 44 74 110 111 164 170 191 212 258 285 343 394 430 432 438 452
 491 534 546 558 572 591 604 616 644
14 40 69 106 116 162 168 186 214 263 287 346 390 425 433 439 453
 488 532 545 558 573 588 606 615 640
7 15 39 51 103 137 182 212 236 250 269 288 327 366 379 393 439
 462 475 539 557 579 595 599 611 647
8 19 44 56 102 135 181 215 235 249 265 291 324 368 378 390 441
 460 473 540 556 577 596 598 611 649
6 17 42 53 100 133 183 214 239 246 266 293 326 370 381 391 438
 459 470 536 556 574 595 602 612 648
7 20 43 55 104 134 180 213 234 248 264 290 323 367 377 389 442
 461 471 541 558 576 596 597 612 650
8 16 40 52 101 136 185 210 237 251 268 289 325 365 380 394 440
 463 474 537 557 578 594 600 612 645
6 18 41 54 99 132 184 211 238 247 267 292 328 369 382 392 437
 458 472 538 558 575 594 601 611 646
7 38 101 107 112 139 142 145 190 196 201 224 230 240 278 292 326
 336 346 400 423 460 481 534 623 642
8 37 103 106 114 138 140 146 191 197 199 222 231 241 279 293 328
 335 345 399 424 461 480 535 623 641
6 35 102 105 113 140 143 145 188 192 200 226 229 244 276 290 327
 339 343 398 419 463 478 532 624 639
8 34 100 110 115 139 141 144 186 193 203 227 232 242 281 288 323
 340 344 395 422 458 477 530 624 643
6 36 104 108 111 141 142 146 189 195 198 223 228 245 277 291 325
 337 341 397 420 462 479 533 622 640
7 33 99 109 116 138 143 144 187 194 202 225 233 243 280 289 324
 338 342 396 421 459 476 531 622 644
23 32 35 62 79 88 112 121 149 154 173 181 186 198 205 236 247
 271 320 334 399 426 560 603 612 644
22 31 38 62 77 92 113 120 148 151 169 185 191 202 208 239 248
 275 322 331 395 427 561 607 611 640
26 27 34 60 75 89 116 119 147 153 170 183 188 199 204 234 251
 270 318 329 397 429 560 608 611 642
21 30 37 61 78 91 111 118 147 150 168 182 190 203 207 238 249
 274 319 333 396 428 561 605 612 639
24 29 36 61 80 90 114 122 149 155 172 180 187 200 206 237 246
 273 321 332 400 425 559 604 611 643
25 28 33 60 76 87 115 117 148 152 171 184 189 201 209 235 250
 272 317 330 398 430 559 606 612 641
2 43 103 126 129 141 173 178 209 217 230 251 265 285 302 331 352
 391 402 425 476 484 569 575 614 639
1 40 102 128 131 142 171 175 207 218 232 246 267 282 305 329 348
 389 405 427 480 487 568 579 614 644
0 39 104 127 131 140 170 174 208 216 233 247 266 283 304 330 347
 390 406 428 481 486 569 578 613 643
2 44 101 123 130 143 172 179 204 220 231 250 264 284 300 333 351
 392 401 426 477 483 568 574 613 640
1 41 100 124 129 138 169 176 206 219 229 249 268 287 303 334 349
 393 404 430 479 482 570 576 613 642
0 42 99 125 130 139 168 177 205 221 228 248 269 286 301 332 350
 394 403 429 478 485 570 577 614 641
3 15 43 62 63 114 143 168 183 282 299 312 330 340 358 359 410
 423 452 482 499 517 533 580 594 649
5 19 40 60 68 113 138 173 180 286 296 312 333 337 353 362 407
 422 456 486 496 515 534 582 595 646
5 17 41 62 66 115 142 170 182 284 295 313 332 335 355 361 412
 419 453 484 495 513 531 585 596 645
4 20 39 60 67 111 139 172 181 287 297 313 331 339 354 363 408
 421 457 487 497 512 535 583 594 648
3 16 44 61 64 112 141 169 184 283 298 313 329 338 357 360 409
 424 455 485 498 516 532 581 595 650
4 18 42 61 65 116 140 171 185 285 294 312 334 336 356 364 411
 420 454 483 494 514 530 584 596 647
28 90 97 100 112 143 146 147 165 258 286 311 331 364 367 374 386
 390 413 472 495 537 544 579 618 627
29 87 96 103 113 142 144 147 167 263 283 307 334 363 369 376 384
 394 417 471 499 540 542 574 617 628
30 92 93 104 115 138 145 149 162 261 285 310 329 359 365 372 387
 392 416 475 497 536 547 577 618 628
31 91 94 102 116 139 146 149 163 260 284 309 330 360 366 371 388
 391 418 474 496 538 546 576 617 626
32 89 95 101 111 140 144 148 166 262 282 306 332 362 370 375 383
 393 415 473 498 541 545 575 618 626
27 88 98 99 114 141 145 148 164 259 287 308 333 361 368 373 385
 389 414 470 494 539 543 578 617 627
8 30 35 41 55 95 128 130 155 183 202 209 294 409 443 462 464
 481 496 505 523 542 583 591 615 627
7 28 37 44 53 93 126 131 153 185 200 205 296 408 447 458 468
 479 499 500 519 543 585 592 615 626
7 31 36 42 56 96 127 129 154 184 203 204 295 410 444 463 467
 480 497 504 522 545 582 590 616 627
6 29 34 40 51 98 124 130 150 181 201 208 298 411 446 461 466
 476 495 501 518 547 580 593 616 626
8 27 38 43 54 94 123 131 152 182 198 206 297 407 448 459 469
 478 498 502 521 544 584 588 616 628
6 32 33 39 52 97 125 129 151 180 199 207 299 412 445 460 465
 477 494 503 520 546 581 589 615 628
8 25 42 78 79 89 113 132 172 178 223 280 299 304 310 346 360
 389 404 491 495 519 564 599 620 632
7 23 40 76 78 92 114 135 170 177 227 276 294 303 311 341 363
 391 401 489 498 520 567 601 621 630
8 24 39 75 77 91 112 134 171 176 225 277 295 301 308 343 362
 392 402 488 499 518 566 602 619 630
6 22 44 75 80 88 115 136 168 174 222 278 297 302 307 342 364
 393 405 493 496 522 565 597 621 632
7 26 41 77 80 87 111 133 173 179 226 281 298 305 309 345 359
 390 403 490 494 521 562 600 620 631
6 21 43 76 79 90 116 137 169 175 224 279 296 300 306 344 361
 394 406 492 497 523 563 598 619 631
17 37 73 134 145 158 189 208 219 242 286 318 366 425 467 483 492
 498 503 505 511 540 565 594 620 644
16 33 71 133 146 157 186 206 220 240 282 322 369 429 466 486 491
 497 500 505 506 539 566 596 621 639
15 34 72 132 145 156 187 205 217 241 283 319 370 430 465 487 490
 496 502 504 507 537 567 596 619 640
19 36 70 137 144 160 191 209 218 244 284 320 367 428 468 485 488
 494 501 502 509 536 564 594 621 642
18 38 74 135 146 159 188 207 221 243 287 317 365 426 464 484 493
 499 501 504 510 541 563 595 620 643
20 35 69 136 144 161 190 204 216 245 285 321 368 427 469 482 489
 495 500 503 508 538 562 595 619 641
11 17 18 33 34 81 82 131 149 160 161 168 169 178 179 316 341
 343 379 380 456 457 471 473 623 627
9 15 20 36 37 81 83 130 148 157 159 170 173 175 176 315 342
 346 378 381 454 455 472 474 624 628
10 16 19 35 38 82 83 129 147 156 158 171 172 174 177 314 344
 345 377 382 452 453 470 475 622 626
50 58 78 123 139 148 167 211 244 266 273 279 298 353 380 397 402
 413 475 482 510 522 524 596 615 644
46 57 79 124 141 147 163 212 243 264 275 276 295 356 381 400 405
 416 473 486 507 521 528 594 615 641
45 57 80 125 143 148 162 210 242 265 274 277 294 355 382 399 406
 418 471 487 506 519 529 595 616 642
49 59 77 126 138 147 166 214 245 267 271 278 299 354 379 398 401
 414 474 485 511 523 526 596 616 643
48 58 75 128 140 149 165 213 240 269 272 281 296 357 378 396 404
 417 470 484 508 520 527 594 616 640
47 59 76 127 142 149 164 215 241 268 270 280 297 358 377 395 403
 415 472 483 509 518 525 595 615 639
11 54 66 88 153 175 229 235 289 299 323 345 350 363 388 400 402
 411 428 431 444 505 572 595 618 640
10 52 68 89 154 176 232 239 292 297 327 341 351 359 386 396 406
 409 425 434 447 501 572 596 617 641
11 53 65 90 152 174 228 234 288 298 324 346 349 362 387 399 401
 412 427 432 443 504 571 594 617 639
9 55 63 92 150 179 230 237 291 295 328 344 347 364 383 398 404
 408 429 435 445 502 573 595 617 644
10 56 64 91 151 178 231 236 290 294 326 342 348 361 384 397 403
 407 430 436 446 500 573 594 618 643
9 51 67 87 155 177 233 238 293 296 325 343 352 360 385 395 405
 410 426 433 448 503 571 596 618 642
13 15 45 68 104 118 124 139 151 153 209 215 306 321 338 343 364
 369 401 451 470 480 588 603 620 645
14 18 48 63 100 117 123 142 151 155 205 212 310 318 339 345 362
 368 406 449 474 476 590 605 621 650
12 20 50 66 103 122 128 143 152 154 208 214 308 319 336 344 360
 365 403 451 473 479 589 608 621 646
14 16 46 67 102 120 125 138 150 152 204 213 307 320 340 341 361
 370 402 450 472 481 592 604 620 647
12 19 49 65 101 121 127 141 153 155 207 211 311 322 335 342 359
 366 404 450 471 478 593 606 619 648
13 17 47 64 99 119 126 140 150 154 206 210 309 317 337 346 363
 367 405 449 475 477 591 607 619 649
16 24 31 85 95 109 145 173 199 212 218 238 253 266 272 297 350
 401 471 479 495 530 548 563 573 649
19 25 32 86 94 108 145 169 203 214 220 234 255 269 273 294 347
 405 472 476 499 535 549 562 572 645
20 26 29 86 93 105 146 168 202 211 217 235 257 268 271 295 348
 406 470 477 498 534 548 564 571 647
18 21 28 85 98 107 144 170 198 213 219 237 252 265 275 299 351
 403 475 480 496 532 549 566 571 648
17 22 27 84 97 106 144 171 200 215 221 236 254 264 274 298 352
 404 474 481 497 533 548 567 572 646
15 23 30 84 96 110 146 172 201 210 216 239 256 267 270 296 349
 402 473 478 494 531 549 565 573 650
23 28 34 56 59 63 94 109 140 176 211 333 352 394 400 427 453
 462 506 512 516 536 589 597 620 636
21 32 38 51 57 65 96 105 138 179 215 330 350 389 397 425 455
 458 508 512 513 537 591 602 621 637
22 29 37 52 57 66 95 108 139 178 213 329 349 390 398 426 452
 459 509 514 515 539 590 601 619 636
26 31 35 53 59 67 97 107 141 175 210 332 347 392 396 430 456
 461 510 514 517 540 588 599 621 638
24 27 33 55 58 64 93 110 142 177 214 331 351 393 399 428 454
 463 507 515 517 538 593 598 620 637
25 30 36 54 58 68 98 106 143 174 212 334 348 391 395 429 457
 460 511 513 516 541 592 600 619 638
2 12 55 56 60 97 98 105 108 149 182 185 232 233 345 346 369
 370 482 485 528 529 563 565 610 630
1 14 52 54 61 93 96 107 109 148 181 183 228 231 343 344 366
 367 484 486 525 526 562 567 610 632
0 13 51 53 62 94 95 106 110 147 180 184 229 230 341 342 365
 368 483 487 524 527 564 566 610 631
63 67 85 130 146 153 154 164 166 169 171 180 182 242 244 261 263
 324 326 507 508 569 600 601 609 632
64 68 84 129 145 152 155 165 167 168 170 181 185 243 245 260 262
 323 328 506 509 568 599 602 609 631
65 66 86 131 144 150 151 162 163 172 173 183 184 240 241 258 259
 325 327 510 511 570 597 598 609 630
86 120 135 140 153 196 212 280 344 349 355 374 385 425 446 456 485
 490 522 533 538 566 568 583 612 628
86 118 134 142 152 197 210 281 342 350 356 373 386 426 445 457 482
 491 523 532 536 567 569 582 611 626
85 121 136 139 150 192 214 277 345 352 358 376 387 430 447 455 486
 492 520 531 541 564 568 584 611 627
85 119 132 143 155 193 215 279 341 347 354 372 384 427 444 454 484
 488 521 534 539 565 570 581 612 626
84 122 137 138 151 195 211 276 346 351 357 375 388 429 448 452 487
 493 518 530 540 562 569 585 612 627
84 117 133 141 154 194 213 278 343 348 353 371 383 428 443 453 483
 489 519 535 537 563 570 580 611 628
30 33 65 88 113 196 245 273 295 318 340 352 367 378 403 424 434
 438 487 550 557 563 588 601 613 626
32 37 63 87 116 193 240 275 297 321 337 348 365 382 402 419 432
 442 485 552 556 567 593 599 613 627
27 36 67 92 112 192 243 272 299 319 335 349 369 380 406 422 436
 439 483 551 556 562 591 597 614 626
31 34 66 90 111 197 244 271 294 317 338 351 368 377 404 423 433
 437 486 552 557 565 592 602 614 628
29 38 64 89 115 194 241 274 296 320 339 347 366 381 401 420 431
 441 482 550 558 566 589 600 614 627
28 35 68 91 114 195 242 270 298 322 336 350 370 379 405 421 435
 440 484 551 558 564 590 598 613 628
21 40 66 72 84 87 94 125 192 212 223 302 322 324 367 392 408
 409 415 454 467 470 482 560 623 643
22 39 65 71 85 89 93 124 195 210 226 300 319 323 368 391 407
 410 417 453 464 472 485 559 623 644
26 44 63 73 84 90 95 127 196 214 225 303 320 325 369 389 407
 411 418 457 465 475 484 561 624 641
23 42 67 70 86 91 98 126 194 215 224 305 318 328 365 393 409
 412 413 452 469 471 486 559 624 640
25 43 64 74 85 88 96 128 197 211 227 301 321 327 370 390 408
 412 416 456 466 474 483 561 622 642
24 41 68 69 86 92 97 123 193 213 222 304 317 326 366 394 410
 411 414 455 468 473 487 560 622 639
2 6 11 87 89 134 135 202 203 335 336 474 475 486 487 508 509
 516 517 543 544 570 573 603 604 625
1 7 9 90 91 132 136 198 199 339 340 470 473 483 485 506 510
 513 515 542 547 569 572 606 607 625
0 8 10 88 92 133 137 200 201 337 338 471 472 482 484 507 511
 512 514 545 546 568 571 605 608 625
3 12 57 77 78 131 228 229 270 272 320 321 326 328 385 386 453
 454 476 477 496 497 540 541 557 625
5 14 59 75 79 130 230 233 273 274 317 322 323 327 384 387 452
 457 479 480 494 498 537 538 556 625
4 13 58 76 80 129 231 232 271 275 318 319 324 325 383 388 455
 456 478 481 495 499 536 539 558 625
30 43 48 51 69 81 112 185 195 218 241 303 324 332 371 373 382
 384 398 477 486 522 572 608 620 648
28 42 49 54 73 82 111 180 193 217 243 300 327 329 371 376 378
 385 399 481 482 518 573 607 621 645
27 41 50 53 74 81 113 181 194 220 242 302 325 330 372 375 377
 386 400 480 485 520 573 605 619 647
29 39 46 55 72 83 116 184 197 219 245 305 326 333 374 375 380
 387 395 478 484 519 572 603 621 649
31 44 47 52 70 82 114 182 192 216 240 301 323 334 372 374 381
 383 397 476 487 523 571 606 620 646
32 40 45 56 71 83 115 183 196 221 244 304 328 331 373 376 379
 388 396 479 483 521 571 604 619 650
9 22 25 34 35 47 49 61 103 104 123 125 303 305 386 388 531
 534 543 545 556 563 566 594 609 637
10 21 26 33 36 48 50 62 101 102 124 126 301 304 385 387 530
 535 542 544 558 565 567 595 609 636
11 23 24 37 38 45 46 60 99 100 127 128 300 302 383 384 532
 533 546 547 557 562 564 596 609 638
4 46 49 84 89 91 142 143 169 173 314 317 321 438 439 458 461
 502 505 520 522 571 577 578 610 636
3 47 48 86 88 90 138 139 170 171 316 319 322 441 442 462 463
 501 503 519 521 573 574 575 610 638
5 45 50 85 87 92 140 141 168 172 315 318 320 437 440 459 460
 500 504 518 523 572 576 579 610 637
0 29 50 54 118 158 173 185 188 280 311 340 351 383 405 412 414
 418 430 462 488 497 508 556 623 650
0 28 48 55 119 156 169 181 190 277 307 335 348 388 401 410 415
 416 425 459 491 494 510 557 624 646
2 31 46 51 121 161 171 183 187 279 310 337 349 386 403 408 414
 417 428 460 493 498 506 558 624 645
2 30 45 52 122 160 170 184 186 278 309 339 350 385 404 407 413
 415 427 461 492 499 507 556 622 647
1 32 49 53 120 159 172 182 189 281 308 338 352 384 406 411 413
 416 429 463 489 496 509 558 623 649
1 27 47 56 117 157 168 180 191 276 306 336 347 387 402 409 417
 418 426 458 490 495 511 557 622 648
0 77 79 84 100 103 105 107 150 153 282 284 294 297 372 373 378
 380 503 504 515 516 558 559 622 629
2 75 76 86 102 104 109 110 154 155 286 287 298 299 375 376 381
 382 500 502 513 514 557 561 623 629
1 78 80 85 99 101 106 108 151 152 283 285 295 296 371 374 377
 379 501 505 512 517 556 560 624 629
132 133 144 149 152 153 301 303 331 333 405 406 419 420 452 455 460
 461 464 467 524 526 553 557 573 635
135 136 145 147 151 154 300 305 330 332 402 404 422 424 454 457 459
 462 466 468 525 529 553 558 571 633
134 137 146 148 150 155 302 304 329 334 401 403 421 423 453 456 458
 463 465 469 527 528 553 556 572 634
11 52 63 98 112 138 189 217 227 253 274 284 304 377 405 417 438
 451 454 478 500 510 545 583 611 631
10 55 65 94 111 143 186 221 224 257 272 283 303 381 402 414 440
 449 456 480 503 509 547 585 611 632
9 53 68 96 115 140 190 218 223 254 271 287 300 380 403 418 442
 450 452 476 505 507 544 581 611 630
9 56 66 93 113 141 187 219 222 255 270 282 301 382 401 413 439
 449 457 481 501 508 546 584 612 631
11 51 64 97 114 139 188 220 225 256 275 285 305 378 406 415 437
 450 453 479 502 511 542 582 612 632
10 54 67 95 116 142 191 216 226 252 273 286 302 379 404 416 441
 451 455 477 504 506 543 580 612 630
18 35 46 75 122 148 182 196 215 223 283 289 311 410 432 447 466
 477 511 515 535 536 573 576 614 631
19 37 50 77 119 149 184 195 212 227 287 290 306 411 434 445 469
 481 506 517 531 537 571 574 614 632
17 36 45 76 121 147 185 197 213 226 282 288 308 409 431 448 465
 476 510 512 534 538 573 577 613 632
15 33 47 80 120 147 181 193 211 224 284 293 310 407 435 443 467
 479 508 514 532 541 572 578 614 630
16 34 48 79 118 148 180 194 214 222 285 292 309 408 436 444 464
 478 509 513 533 540 571 579 613 630
20 38 49 78 117 149 183 192 210 225 286 291 307 412 433 446 468
 480 507 516 530 539 572 575 613 631
