n48
1,2,3,4,5,6,7,8;
0,3,8,9,10,11,12,13;
0,9,14,15,16,17,18,19;
0,1,8,14,20,21,22,23;
0,10,15,20,24,25,26,27;
0,11,16,21,24,28,29,30;
0,12,17,22,25,28,31,32;
0,13,18,23,26,29,31,33;
0,1,3,19,27,30,32,33;
1,2,14,19,34,35,36,37;
1,4,22,32,34,39,45,47;
1,5,20,27,35,42,44,47;
1,6,21,30,36,41,42,45;
1,7,23,33,37,39,41,44;
2,3,9,19,39,41,42,47;
2,4,29,30,33,34,42,44;
2,5,31,32,33,35,41,45;
2,6,25,27,32,36,39,44;
2,7,24,27,30,37,45,47;
2,8,9,14,24,25,29,31;
3,4,11,30,36,37,38,39;
3,5,12,32,34,36,40,42;
3,6,10,27,35,37,40,41;
3,7,13,33,34,35,38,47;
4,5,18,19,33,37,40,47;
4,6,17,19,32,35,38,42;
4,7,35,36,40,43,44,45;
4,8,11,17,18,22,29,43;
5,6,34,37,38,44,45,46;
5,7,15,19,27,36,38,41;
5,8,12,15,18,20,31,46;
6,7,16,19,30,34,39,40;
6,8,10,16,17,21,25,46;
7,8,13,15,16,23,24,43;
9,10,15,21,23,28,31,41;
9,11,16,22,23,25,26,39;
9,12,17,20,21,26,29,42;
9,13,18,20,22,24,28,47;
20,23,25,28,29,43,44,46;
10,13,14,17,20,31,35,43;
21,22,24,26,31,43,45,46;
12,13,14,16,22,29,34,46;
11,12,14,15,21,25,36,43;
26,27,33,38,39,40,42,45;
11,13,15,17,26,28,38,46;
10,12,16,18,26,28,40,43;
28,30,32,38,40,41,44,47;
10,11,14,18,23,24,37,46.
