n96
1,2,3,4,5,6,7,8;
0,9,10,11,12,13,14,15;
0,9,16,17,18,19,20,21;
0,10,16,22,23,24,25,26;
0,11,17,22,27,28,29,30;
0,12,18,23,27,31,32,33;
0,7,8,13,19,24,28,31;
0,6,8,14,20,25,29,32;
0,6,7,15,21,26,30,33;
1,2,34,35,36,37,38,39;
1,3,34,40,42,44,45,46;
1,4,35,41,42,47,48,49;
1,5,36,40,41,50,51,52;
1,6,20,21,37,44,47,50;
1,7,19,21,38,45,48,51;
1,8,19,20,39,46,49,52;
2,3,36,41,42,53,54,55;
2,4,34,42,43,56,57,58;
2,5,35,41,43,59,60,61;
2,6,14,15,37,53,56,59;
2,7,13,15,38,54,57,60;
2,8,13,14,39,55,58,61;
3,4,40,41,43,62,63,64;
3,5,34,36,43,65,66,67;
3,6,29,30,44,53,62,65;
3,7,28,30,45,54,63,66;
3,8,28,29,46,55,64,67;
4,5,34,35,40,68,69,70;
4,6,25,26,47,56,62,68;
4,7,24,26,48,57,63,69;
4,8,24,25,49,58,64,70;
5,6,32,33,50,59,65,68;
5,7,31,33,51,60,66,69;
5,8,31,32,52,61,67,70;
9,10,17,23,27,87,88,89;
9,11,18,27,71,72,73,74;
9,12,16,23,71,75,76,77;
9,13,19,38,39,72,75,87;
9,14,20,37,39,73,76,88;
9,15,21,37,38,74,77,89;
10,12,22,27,71,78,79,80;
11,12,16,18,22,90,91,92;
10,11,16,17,71,81,82,83;
17,18,22,23,71,84,85,86;
10,13,24,57,58,78,81,87;
10,14,25,56,58,79,82,88;
10,15,26,56,57,80,83,89;
11,13,28,54,55,72,81,90;
11,14,29,53,55,73,82,91;
11,15,30,53,54,74,83,92;
12,13,31,60,61,75,78,90;
12,14,32,59,61,76,79,91;
12,15,33,59,60,77,80,92;
16,19,24,48,49,75,81,90;
16,20,25,47,49,76,82,91;
16,21,26,47,48,77,83,92;
17,19,28,45,46,81,84,87;
17,20,29,44,46,82,85,88;
17,21,30,44,45,83,86,89;
18,19,31,51,52,72,84,90;
18,20,32,50,52,73,85,91;
18,21,33,50,51,74,86,92;
22,24,28,63,64,78,84,90;
22,25,29,62,64,79,85,91;
22,26,30,62,63,80,86,92;
23,24,31,69,70,75,84,87;
23,25,32,68,70,76,85,88;
23,26,33,68,69,77,86,89;
27,28,31,66,67,72,78,87;
27,29,32,65,67,73,79,88;
27,30,33,65,66,74,80,89;
35,36,40,42,43,93,94,95;
35,37,47,59,68,76,77,93;
35,38,48,60,69,75,77,94;
35,39,49,61,70,75,76,95;
36,37,50,53,65,73,74,93;
36,38,51,54,66,72,74,94;
36,39,52,55,67,72,73,95;
40,44,50,62,68,85,86,93;
40,45,51,63,69,84,86,94;
40,46,52,64,70,84,85,95;
42,44,47,53,56,82,83,93;
42,45,48,54,57,81,83,94;
42,46,49,55,58,81,82,95;
43,56,59,62,65,79,80,93;
43,57,60,63,66,78,80,94;
43,58,61,64,67,78,79,95;
34,37,44,56,65,68,88,89;
34,38,45,57,66,69,87,89;
34,39,46,58,67,70,87,88;
41,47,50,53,59,62,91,92;
41,48,51,54,60,63,90,92;
41,49,52,55,61,64,90,91;
71,72,75,78,81,84,94,95;
71,73,76,79,82,85,93,95;
71,74,77,80,83,86,93,94.
