n128
1,2,4,8,15,16,32,64;
0,3,5,9,14,17,33,65;
0,3,6,10,13,18,34,66;
1,2,7,11,12,19,35,67;
0,5,6,11,12,20,36,68;
1,4,7,10,13,21,37,69;
2,4,7,9,14,22,38,70;
3,5,6,8,15,23,39,71;
0,7,9,10,12,24,40,72;
1,6,8,11,13,25,41,73;
2,5,8,11,14,26,42,74;
3,4,9,10,15,27,43,75;
3,4,8,13,14,28,44,76;
2,5,9,12,15,29,45,77;
1,6,10,12,15,30,46,78;
0,7,11,13,14,31,47,79;
0,17,18,20,24,31,48,80;
1,16,19,21,25,30,49,81;
2,16,19,22,26,29,50,82;
3,17,18,23,27,28,51,83;
4,16,21,22,27,28,52,84;
5,17,20,23,26,29,53,85;
6,18,20,23,25,30,54,86;
7,19,21,22,24,31,55,87;
8,16,23,25,26,28,56,88;
9,17,22,24,27,29,57,89;
10,18,21,24,27,30,58,90;
11,19,20,25,26,31,59,91;
12,19,20,24,29,30,60,92;
13,18,21,25,28,31,61,93;
14,17,22,26,28,31,62,94;
15,16,23,27,29,30,63,95;
0,33,34,36,40,47,48,96;
1,32,35,37,41,46,49,97;
2,32,35,38,42,45,50,98;
3,33,34,39,43,44,51,99;
4,32,37,38,43,44,52,100;
5,33,36,39,42,45,53,101;
6,34,36,39,41,46,54,102;
7,35,37,38,40,47,55,103;
8,32,39,41,42,44,56,104;
9,33,38,40,43,45,57,105;
10,34,37,40,43,46,58,106;
11,35,36,41,42,47,59,107;
12,35,36,40,45,46,60,108;
13,34,37,41,44,47,61,109;
14,33,38,42,44,47,62,110;
15,32,39,43,45,46,63,111;
16,32,49,50,52,56,63,112;
17,33,48,51,53,57,62,113;
18,34,48,51,54,58,61,114;
19,35,49,50,55,59,60,115;
20,36,48,53,54,59,60,116;
21,37,49,52,55,58,61,117;
22,38,50,52,55,57,62,118;
23,39,51,53,54,56,63,119;
24,40,48,55,57,58,60,120;
25,41,49,54,56,59,61,121;
26,42,50,53,56,59,62,122;
27,43,51,52,57,58,63,123;
28,44,51,52,56,61,62,124;
29,45,50,53,57,60,63,125;
30,46,49,54,58,60,63,126;
31,47,48,55,59,61,62,127;
0,65,66,68,72,79,80,96;
1,64,67,69,73,78,81,97;
2,64,67,70,74,77,82,98;
3,65,66,71,75,76,83,99;
4,64,69,70,75,76,84,100;
5,65,68,71,74,77,85,101;
6,66,68,71,73,78,86,102;
7,67,69,70,72,79,87,103;
8,64,71,73,74,76,88,104;
9,65,70,72,75,77,89,105;
10,66,69,72,75,78,90,106;
11,67,68,73,74,79,91,107;
12,67,68,72,77,78,92,108;
13,66,69,73,76,79,93,109;
14,65,70,74,76,79,94,110;
15,64,71,75,77,78,95,111;
16,64,81,82,84,88,95,112;
17,65,80,83,85,89,94,113;
18,66,80,83,86,90,93,114;
19,67,81,82,87,91,92,115;
20,68,80,85,86,91,92,116;
21,69,81,84,87,90,93,117;
22,70,82,84,87,89,94,118;
23,71,83,85,86,88,95,119;
24,72,80,87,89,90,92,120;
25,73,81,86,88,91,93,121;
26,74,82,85,88,91,94,122;
27,75,83,84,89,90,95,123;
28,76,83,84,88,93,94,124;
29,77,82,85,89,92,95,125;
30,78,81,86,90,92,95,126;
31,79,80,87,91,93,94,127;
32,64,97,98,100,104,111,112;
33,65,96,99,101,105,110,113;
34,66,96,99,102,106,109,114;
35,67,97,98,103,107,108,115;
36,68,96,101,102,107,108,116;
37,69,97,100,103,106,109,117;
38,70,98,100,103,105,110,118;
39,71,99,101,102,104,111,119;
40,72,96,103,105,106,108,120;
41,73,97,102,104,107,109,121;
42,74,98,101,104,107,110,122;
43,75,99,100,105,106,111,123;
44,76,99,100,104,109,110,124;
45,77,98,101,105,108,111,125;
46,78,97,102,106,108,111,126;
47,79,96,103,107,109,110,127;
48,80,96,113,114,116,120,127;
49,81,97,112,115,117,121,126;
50,82,98,112,115,118,122,125;
51,83,99,113,114,119,123,124;
52,84,100,112,117,118,123,124;
53,85,101,113,116,119,122,125;
54,86,102,114,116,119,121,126;
55,87,103,115,117,118,120,127;
56,88,104,112,119,121,122,124;
57,89,105,113,118,120,123,125;
58,90,106,114,117,120,123,126;
59,91,107,115,116,121,122,127;
60,92,108,115,116,120,125,126;
61,93,109,114,117,121,124,127;
62,94,110,113,118,122,124,127;
63,95,111,112,119,123,125,126.
