0 1 17 24 13 20 9 25 5 12 10 26 6 22
 2 18 7 14 21 19 8 15 4 11 27 16 23 3 28
 29 30 32 33 31 36 34 35 44 45 43 39 37 38 40
 41 42 51 49 50 52 53 54 47 48 46 55 56 57 59
 60 58 63 61 62 71 72 70 66 64 65 67 68 69 78
 76 77 79 80 81 74 75 73 82 83 84 86 87 85 90
 88 89 98 99 97 93 91 92 94 95 96 105 103 104 106
 107 108 101 102 100 136 137 138 140 141 139 144 142 143 152
 153 151 147 145 146 148 149 150 159 157 158 160 161 162 155
 156 154 163 164 165 167 168 166 171 169 170 179 180 178 174
 172 173 175 176 177 186 184 185 187 188 189 182 183 181 109
 110 111 113 114 112 117 115 116 125 126 124 120 118 119 121
 122 123 132 130 131 133 134 135 128 129 127 244 245 246 248
 249 247 252 250 251 260 261 259 255 253 254 256 257 258 267
 265 266 268 269 270 263 264 262 190 191 192 194 195 193 198
 196 197 206 207 205 201 199 200 202 203 204 213 211 212 214
 215 216 209 210 208 217 218 219 221 222 220 225 223 224 233
 234 232 228 226 227 229 230 231 240 238 239 241 242 243 236
 237 235 460 461 462 464 465 463 468 466 467 476 477 475 471
 469 470 472 473 474 483 481 482 484 485 486 479 480 478 487
 488 489 491 492 490 495 493 494 503 504 502 498 496 497 499
 500 501 510 508 509 511 512 513 506 507 505 433 434 435 437
 438 436 441 439 440 449 450 448 444 442 443 445 446 447 456
 454 455 457 458 459 452 453 451 325 326 327 329 330 328 333
 331 332 341 342 340 336 334 335 337 338 339 348 346 347 349
 350 351 344 345 343 271 272 273 275 276 274 279 277 278 287
 288 286 282 280 281 283 284 285 294 292 293 295 296 297 290
 291 289 298 299 300 302 303 301 306 304 305 314 315 313 309
 307 308 310 311 312 321 319 320 322 323 324 317 318 316 352
 353 354 356 357 355 360 358 359 368 369 367 363 361 362 364
 365 366 375 373 374 376 377 378 371 372 370 379 380 381 383
 384 382 387 385 386 395 396 394 390 388 389 391 392 393 402
 400 401 403 404 405 398 399 397 406 407 408 410 411 409 414
 412 413 422 423 421 417 415 416 418 419 420 429 427 428 430
 431 432 425 426 424 649 650 651 653 654 652 657 655 656 665
 666 664 660 658 659 661 662 663 672 670 671 673 674 675 668
 669 667 595 596 597 599 600 598 603 601 602 611 612 610 606
 604 605 607 608 609 618 616 617 619 620 621 614 615 613 622
 623 624 626 627 625 630 628 629 638 639 637 633 631 632 634
 635 636 645 643 644 646 647 648 641 642 640 676 677 678 680
 681 679 684 682 683 692 693 691 687 685 686 688 689 690 699
 697 698 700 701 702 695 696 694 703 704 705 707 708 706 711
 709 710 719 720 718 714 712 713 715 716 717 726 724 725 727
 728 729 722 723 721 730 731 732 734 735 733 738 736 737 746
 747 745 741 739 740 742 743 744 753 751 752 754 755 756 749
 750 748 541 542 543 545 546 544 549 547 548 557 558 556 552
 550 551 553 554 555 564 562 563 565 566 567 560 561 559 568
 569 570 572 573 571 576 574 575 584 585 583 579 577 578 580
 581 582 591 589 590 592 593 594 587 588 586 514 515 516 518
 519 517 522 520 521 530 531 529 525 523 524 526 527 528 537
 535 536 538 539 540 533 534 532 757 758 759 760 762 763 761
 766 764 765 774 775 773 769 767 768 770 771 772 781 779 780
 782 783 784 777 778 776 785 786 787 789 790 788 793 791 792
 801 802 800 796 794 795 797 798 799 808 806 807 809 810 811
 804 805 803 1217 1218 1219 1221 1222 1220 1225 1223 1224 1233 1234 1232
 1228 1226 1227 1229 1230 1231 1240 1238 1239 1241 1242 1243 1236 1237 1235
 1406 1407 1408 1410 1411 1409 1414 1412 1413 1422 1423 1421 1417 1415 1416
 1418 1419 1420 1429 1427 1428 1430 1431 1432 1425 1426 1424 1109 1110 1111
 1113 1114 1112 1117 1115 1116 1125 1126 1124 1120 1118 1119 1121 1122 1123
 1132 1130 1131 1133 1134 1135 1128 1129 1127 1298 1299 1300 1302 1303 1301
 1306 1304 1305 1314 1315 1313 1309 1307 1308 1310 1311 1312 1321 1319 1320
 1322 1323 1324 1317 1318 1316 1001 1002 1003 1005 1006 1004 1009 1007 1008
 1017 1018 1016 1012 1010 1011 1013 1014 1015 1024 1022 1023 1025 1026 1027
 1020 1021 1019 1433 1434 1435 1437 1438 1436 1441 1439 1440 1449 1450 1448
 1444 1442 1443 1445 1446 1447 1456 1454 1455 1457 1458 1459 1452 1453 1451
 893 894 895 897 898 896 901 899 900 909 910 908 904 902 903
 905 906 907 916 914 915 917 918 919 912 913 911 1082 1083 1084
 1086 1087 1085 1090 1088 1089 1098 1099 1097 1093 1091 1092 1094 1095 1096
 1105 1103 1104 1106 1107 1108 1101 1102 1100 1028 1029 1030 1032 1033 1031
 1036 1034 1035 1044 1045 1043 1039 1037 1038 1040 1041 1042 1051 1049 1050
 1052 1053 1054 1047 1048 1046 1460 1461 1462 1464 1465 1463 1468 1466 1467
 1476 1477 1475 1471 1469 1470 1472 1473 1474 1483 1481 1482 1484 1485 1486
 1479 1480 1478 920 921 922 924 925 923 928 926 927 936 937 935
 931 929 930 932 933 934 943 941 942 944 945 946 939 940 938
 1352 1353 1354 1356 1357 1355 1360 1358 1359 1368 1369 1367 1363 1361 1362
 1364 1365 1366 1375 1373 1374 1376 1377 1378 1371 1372 1370 812 813 814
 816 817 815 820 818 819 828 829 827 823 821 822 824 825 826
 835 833 834 836 837 838 831 832 830 1244 1245 1246 1248 1249 1247
 1252 1250 1251 1260 1261 1259 1255 1253 1254 1256 1257 1258 1267 1265 1266
 1268 1269 1270 1263 1264 1262 947 948 949 951 952 950 955 953 954
 963 964 962 958 956 957 959 960 961 970 968 969 971 972 973
 966 967 965 1136 1137 1138 1140 1141 1139 1144 1142 1143 1152 1153 1151
 1147 1145 1146 1148 1149 1150 1159 1157 1158 1160 1161 1162 1155 1156 1154
 1325 1326 1327 1329 1330 1328 1333 1331 1332 1341 1342 1340 1336 1334 1335
 1337 1338 1339 1348 1346 1347 1349 1350 1351 1344 1345 1343 1271 1272 1273
 1275 1276 1274 1279 1277 1278 1287 1288 1286 1282 1280 1281 1283 1284 1285
 1294 1292 1293 1295 1296 1297 1290 1291 1289 974 975 976 978 979 977
 982 980 981 990 991 989 985 983 984 986 987 988 997 995 996
 998 999 1000 993 994 992 1163 1164 1165 1167 1168 1166 1171 1169 1170
 1179 1180 1178 1174 1172 1173 1175 1176 1177 1186 1184 1185 1187 1188 1189
 1182 1183 1181 866 867 868 870 871 869 874 872 873 882 883 881
 877 875 876 878 879 880 889 887 888 890 891 892 885 886 884
 1055 1056 1057 1059 1060 1058 1063 1061 1062 1071 1072 1070 1066 1064 1065
 1067 1068 1069 1078 1076 1077 1079 1080 1081 1074 1075 1073 1487 1488 1489
 1491 1492 1490 1495 1493 1494 1503 1504 1502 1498 1496 1497 1499 1500 1501
 1510 1508 1509 1511 1512 1513 1506 1507 1505 1190 1191 1192 1194 1195 1193
 1198 1196 1197 1206 1207 1205 1201 1199 1200 1202 1203 1204 1213 1211 1212
 1214 1215 1216 1209 1210 1208 1379 1380 1381 1383 1384 1382 1387 1385 1386
 1395 1396 1394 1390 1388 1389 1391 1392 1393 1402 1400 1401 1403 1404 1405
 1398 1399 1397 839 840 841 843 844 842 847 845 846 855 856 854
 850 848 849 851 852 853 862 860 861 863 864 865 858 859 857
0 1 2 3 4 5 6 7 8 9 10 11 12 13
 14 15 16 17 18 19 20 21 22 23 24 25 26 27 29
 30 28 32 33 31 35 36 34 38 39 37 41 42 40 44
 45 43 47 48 46 50 51 49 53 54 52 56 57 55 59
 60 58 62 63 61 65 66 64 68 69 67 71 72 70 74
 75 73 77 78 76 80 81 79 83 84 82 86 87 85 89
 90 88 92 93 91 95 96 94 98 99 97 101 102 100 104
 105 103 107 108 106 110 111 109 113 114 112 116 117 115 119
 120 118 122 123 121 125 126 124 128 129 127 131 132 130 134
 135 133 137 138 136 140 141 139 143 144 142 146 147 145 149
 150 148 152 153 151 155 156 154 158 159 157 161 162 160 164
 165 163 167 168 166 170 171 169 173 174 172 176 177 175 179
 180 178 182 183 181 185 186 184 188 189 187 191 192 190 194
 195 193 197 198 196 200 201 199 203 204 202 206 207 205 209
 210 208 212 213 211 215 216 214 218 219 217 221 222 220 224
 225 223 227 228 226 230 231 229 233 234 232 236 237 235 239
 240 238 242 243 241 245 246 244 248 249 247 251 252 250 254
 255 253 257 258 256 260 261 259 263 264 262 266 267 265 269
 270 268 272 273 271 275 276 274 278 279 277 281 282 280 284
 285 283 287 288 286 290 291 289 293 294 292 296 297 295 299
 300 298 302 303 301 305 306 304 308 309 307 311 312 310 314
 315 313 317 318 316 320 321 319 323 324 322 326 327 325 329
 330 328 332 333 331 335 336 334 338 339 337 341 342 340 344
 345 343 347 348 346 350 351 349 353 354 352 356 357 355 359
 360 358 362 363 361 365 366 364 368 369 367 371 372 370 374
 375 373 377 378 376 380 381 379 383 384 382 386 387 385 389
 390 388 392 393 391 395 396 394 398 399 397 401 402 400 404
 405 403 407 408 406 410 411 409 413 414 412 416 417 415 419
 420 418 422 423 421 425 426 424 428 429 427 431 432 430 434
 435 433 437 438 436 440 441 439 443 444 442 446 447 445 449
 450 448 452 453 451 455 456 454 458 459 457 461 462 460 464
 465 463 467 468 466 470 471 469 473 474 472 476 477 475 479
 480 478 482 483 481 485 486 484 488 489 487 491 492 490 494
 495 493 497 498 496 500 501 499 503 504 502 506 507 505 509
 510 508 512 513 511 515 516 514 518 519 517 521 522 520 524
 525 523 527 528 526 530 531 529 533 534 532 536 537 535 539
 540 538 542 543 541 545 546 544 548 549 547 551 552 550 554
 555 553 557 558 556 560 561 559 563 564 562 566 567 565 569
 570 568 572 573 571 575 576 574 578 579 577 581 582 580 584
 585 583 587 588 586 590 591 589 593 594 592 596 597 595 599
 600 598 602 603 601 605 606 604 608 609 607 611 612 610 614
 615 613 617 618 616 620 621 619 623 624 622 626 627 625 629
 630 628 632 633 631 635 636 634 638 639 637 641 642 640 644
 645 643 647 648 646 650 651 649 653 654 652 656 657 655 659
 660 658 662 663 661 665 666 664 668 669 667 671 672 670 674
 675 673 677 678 676 680 681 679 683 684 682 686 687 685 689
 690 688 692 693 691 695 696 694 698 699 697 701 702 700 704
 705 703 707 708 706 710 711 709 713 714 712 716 717 715 719
 720 718 722 723 721 725 726 724 728 729 727 731 732 730 734
 735 733 737 738 736 740 741 739 743 744 742 746 747 745 749
 750 748 752 753 751 755 756 754 757 758 759 760 761 762 763
 764 765 766 767 768 769 770 771 772 773 774 775 776 777 778
 779 780 781 782 783 784 786 787 785 789 790 788 792 793 791
 795 796 794 798 799 797 801 802 800 804 805 803 807 808 806
 810 811 809 813 814 812 816 817 815 819 820 818 822 823 821
 825 826 824 828 829 827 831 832 830 834 835 833 837 838 836
 840 841 839 843 844 842 846 847 845 849 850 848 852 853 851
 855 856 854 858 859 857 861 862 860 864 865 863 867 868 866
 870 871 869 873 874 872 876 877 875 879 880 878 882 883 881
 885 886 884 888 889 887 891 892 890 894 895 893 897 898 896
 900 901 899 903 904 902 906 907 905 909 910 908 912 913 911
 915 916 914 918 919 917 921 922 920 924 925 923 927 928 926
 930 931 929 933 934 932 936 937 935 939 940 938 942 943 941
 945 946 944 948 949 947 951 952 950 954 955 953 957 958 956
 960 961 959 963 964 962 966 967 965 969 970 968 972 973 971
 975 976 974 978 979 977 981 982 980 984 985 983 987 988 986
 990 991 989 993 994 992 996 997 995 999 1000 998 1002 1003 1001
 1005 1006 1004 1008 1009 1007 1011 1012 1010 1014 1015 1013 1017 1018 1016
 1020 1021 1019 1023 1024 1022 1026 1027 1025 1029 1030 1028 1032 1033 1031
 1035 1036 1034 1038 1039 1037 1041 1042 1040 1044 1045 1043 1047 1048 1046
 1050 1051 1049 1053 1054 1052 1056 1057 1055 1059 1060 1058 1062 1063 1061
 1065 1066 1064 1068 1069 1067 1071 1072 1070 1074 1075 1073 1077 1078 1076
 1080 1081 1079 1083 1084 1082 1086 1087 1085 1089 1090 1088 1092 1093 1091
 1095 1096 1094 1098 1099 1097 1101 1102 1100 1104 1105 1103 1107 1108 1106
 1110 1111 1109 1113 1114 1112 1116 1117 1115 1119 1120 1118 1122 1123 1121
 1125 1126 1124 1128 1129 1127 1131 1132 1130 1134 1135 1133 1137 1138 1136
 1140 1141 1139 1143 1144 1142 1146 1147 1145 1149 1150 1148 1152 1153 1151
 1155 1156 1154 1158 1159 1157 1161 1162 1160 1164 1165 1163 1167 1168 1166
 1170 1171 1169 1173 1174 1172 1176 1177 1175 1179 1180 1178 1182 1183 1181
 1185 1186 1184 1188 1189 1187 1191 1192 1190 1194 1195 1193 1197 1198 1196
 1200 1201 1199 1203 1204 1202 1206 1207 1205 1209 1210 1208 1212 1213 1211
 1215 1216 1214 1218 1219 1217 1221 1222 1220 1224 1225 1223 1227 1228 1226
 1230 1231 1229 1233 1234 1232 1236 1237 1235 1239 1240 1238 1242 1243 1241
 1245 1246 1244 1248 1249 1247 1251 1252 1250 1254 1255 1253 1257 1258 1256
 1260 1261 1259 1263 1264 1262 1266 1267 1265 1269 1270 1268 1272 1273 1271
 1275 1276 1274 1278 1279 1277 1281 1282 1280 1284 1285 1283 1287 1288 1286
 1290 1291 1289 1293 1294 1292 1296 1297 1295 1299 1300 1298 1302 1303 1301
 1305 1306 1304 1308 1309 1307 1311 1312 1310 1314 1315 1313 1317 1318 1316
 1320 1321 1319 1323 1324 1322 1326 1327 1325 1329 1330 1328 1332 1333 1331
 1335 1336 1334 1338 1339 1337 1341 1342 1340 1344 1345 1343 1347 1348 1346
 1350 1351 1349 1353 1354 1352 1356 1357 1355 1359 1360 1358 1362 1363 1361
 1365 1366 1364 1368 1369 1367 1371 1372 1370 1374 1375 1373 1377 1378 1376
 1380 1381 1379 1383 1384 1382 1386 1387 1385 1389 1390 1388 1392 1393 1391
 1395 1396 1394 1398 1399 1397 1401 1402 1400 1404 1405 1403 1407 1408 1406
 1410 1411 1409 1413 1414 1412 1416 1417 1415 1419 1420 1418 1422 1423 1421
 1425 1426 1424 1428 1429 1427 1431 1432 1430 1434 1435 1433 1437 1438 1436
 1440 1441 1439 1443 1444 1442 1446 1447 1445 1449 1450 1448 1452 1453 1451
 1455 1456 1454 1458 1459 1457 1461 1462 1460 1464 1465 1463 1467 1468 1466
 1470 1471 1469 1473 1474 1472 1476 1477 1475 1479 1480 1478 1482 1483 1481
 1485 1486 1484 1488 1489 1487 1491 1492 1490 1494 1495 1493 1497 1498 1496
 1500 1501 1499 1503 1504 1502 1506 1507 1505 1509 1510 1508 1512 1513 1511
0 1 2 3 4 5 6 7 8 9 10 11 12 13
 14 15 16 17 18 19 20 21 22 23 24 25 26 27 31
 32 33 34 35 36 28 29 30 40 41 42 43 44 45 37
 38 39 49 50 51 52 53 54 46 47 48 58 59 60 61
 62 63 55 56 57 67 68 69 70 71 72 64 65 66 76
 77 78 79 80 81 73 74 75 85 86 87 88 89 90 82
 83 84 94 95 96 97 98 99 91 92 93 103 104 105 106
 107 108 100 101 102 112 113 114 115 116 117 109 110 111 121
 122 123 124 125 126 118 119 120 130 131 132 133 134 135 127
 128 129 139 140 141 142 143 144 136 137 138 148 149 150 151
 152 153 145 146 147 157 158 159 160 161 162 154 155 156 166
 167 168 169 170 171 163 164 165 175 176 177 178 179 180 172
 173 174 184 185 186 187 188 189 181 182 183 193 194 195 196
 197 198 190 191 192 202 203 204 205 206 207 199 200 201 211
 212 213 214 215 216 208 209 210 220 221 222 223 224 225 217
 218 219 229 230 231 232 233 234 226 227 228 238 239 240 241
 242 243 235 236 237 247 248 249 250 251 252 244 245 246 256
 257 258 259 260 261 253 254 255 265 266 267 268 269 270 262
 263 264 274 275 276 277 278 279 271 272 273 283 284 285 286
 287 288 280 281 282 292 293 294 295 296 297 289 290 291 301
 302 303 304 305 306 298 299 300 310 311 312 313 314 315 307
 308 309 319 320 321 322 323 324 316 317 318 328 329 330 331
 332 333 325 326 327 337 338 339 340 341 342 334 335 336 346
 347 348 349 350 351 343 344 345 355 356 357 358 359 360 352
 353 354 364 365 366 367 368 369 361 362 363 373 374 375 376
 377 378 370 371 372 382 383 384 385 386 387 379 380 381 391
 392 393 394 395 396 388 389 390 400 401 402 403 404 405 397
 398 399 409 410 411 412 413 414 406 407 408 418 419 420 421
 422 423 415 416 417 427 428 429 430 431 432 424 425 426 436
 437 438 439 440 441 433 434 435 445 446 447 448 449 450 442
 443 444 454 455 456 457 458 459 451 452 453 463 464 465 466
 467 468 460 461 462 472 473 474 475 476 477 469 470 471 481
 482 483 484 485 486 478 479 480 490 491 492 493 494 495 487
 488 489 499 500 501 502 503 504 496 497 498 508 509 510 511
 512 513 505 506 507 517 518 519 520 521 522 514 515 516 526
 527 528 529 530 531 523 524 525 535 536 537 538 539 540 532
 533 534 544 545 546 547 548 549 541 542 543 553 554 555 556
 557 558 550 551 552 562 563 564 565 566 567 559 560 561 571
 572 573 574 575 576 568 569 570 580 581 582 583 584 585 577
 578 579 589 590 591 592 593 594 586 587 588 598 599 600 601
 602 603 595 596 597 607 608 609 610 611 612 604 605 606 616
 617 618 619 620 621 613 614 615 625 626 627 628 629 630 622
 623 624 634 635 636 637 638 639 631 632 633 643 644 645 646
 647 648 640 641 642 652 653 654 655 656 657 649 650 651 661
 662 663 664 665 666 658 659 660 670 671 672 673 674 675 667
 668 669 679 680 681 682 683 684 676 677 678 688 689 690 691
 692 693 685 686 687 697 698 699 700 701 702 694 695 696 706
 707 708 709 710 711 703 704 705 715 716 717 718 719 720 712
 713 714 724 725 726 727 728 729 721 722 723 733 734 735 736
 737 738 730 731 732 742 743 744 745 746 747 739 740 741 751
 752 753 754 755 756 748 749 750 757 758 759 760 761 762 763
 764 765 766 767 768 769 770 771 772 773 774 775 776 777 778
 779 780 781 782 783 784 788 789 790 791 792 793 785 786 787
 797 798 799 800 801 802 794 795 796 806 807 808 809 810 811
 803 804 805 815 816 817 818 819 820 812 813 814 824 825 826
 827 828 829 821 822 823 833 834 835 836 837 838 830 831 832
 842 843 844 845 846 847 839 840 841 851 852 853 854 855 856
 848 849 850 860 861 862 863 864 865 857 858 859 869 870 871
 872 873 874 866 867 868 878 879 880 881 882 883 875 876 877
 887 888 889 890 891 892 884 885 886 896 897 898 899 900 901
 893 894 895 905 906 907 908 909 910 902 903 904 914 915 916
 917 918 919 911 912 913 923 924 925 926 927 928 920 921 922
 932 933 934 935 936 937 929 930 931 941 942 943 944 945 946
 938 939 940 950 951 952 953 954 955 947 948 949 959 960 961
 962 963 964 956 957 958 968 969 970 971 972 973 965 966 967
 977 978 979 980 981 982 974 975 976 986 987 988 989 990 991
 983 984 985 995 996 997 998 999 1000 992 993 994 1004 1005 1006
 1007 1008 1009 1001 1002 1003 1013 1014 1015 1016 1017 1018 1010 1011 1012
 1022 1023 1024 1025 1026 1027 1019 1020 1021 1031 1032 1033 1034 1035 1036
 1028 1029 1030 1040 1041 1042 1043 1044 1045 1037 1038 1039 1049 1050 1051
 1052 1053 1054 1046 1047 1048 1058 1059 1060 1061 1062 1063 1055 1056 1057
 1067 1068 1069 1070 1071 1072 1064 1065 1066 1076 1077 1078 1079 1080 1081
 1073 1074 1075 1085 1086 1087 1088 1089 1090 1082 1083 1084 1094 1095 1096
 1097 1098 1099 1091 1092 1093 1103 1104 1105 1106 1107 1108 1100 1101 1102
 1112 1113 1114 1115 1116 1117 1109 1110 1111 1121 1122 1123 1124 1125 1126
 1118 1119 1120 1130 1131 1132 1133 1134 1135 1127 1128 1129 1139 1140 1141
 1142 1143 1144 1136 1137 1138 1148 1149 1150 1151 1152 1153 1145 1146 1147
 1157 1158 1159 1160 1161 1162 1154 1155 1156 1166 1167 1168 1169 1170 1171
 1163 1164 1165 1175 1176 1177 1178 1179 1180 1172 1173 1174 1184 1185 1186
 1187 1188 1189 1181 1182 1183 1193 1194 1195 1196 1197 1198 1190 1191 1192
 1202 1203 1204 1205 1206 1207 1199 1200 1201 1211 1212 1213 1214 1215 1216
 1208 1209 1210 1220 1221 1222 1223 1224 1225 1217 1218 1219 1229 1230 1231
 1232 1233 1234 1226 1227 1228 1238 1239 1240 1241 1242 1243 1235 1236 1237
 1247 1248 1249 1250 1251 1252 1244 1245 1246 1256 1257 1258 1259 1260 1261
 1253 1254 1255 1265 1266 1267 1268 1269 1270 1262 1263 1264 1274 1275 1276
 1277 1278 1279 1271 1272 1273 1283 1284 1285 1286 1287 1288 1280 1281 1282
 1292 1293 1294 1295 1296 1297 1289 1290 1291 1301 1302 1303 1304 1305 1306
 1298 1299 1300 1310 1311 1312 1313 1314 1315 1307 1308 1309 1319 1320 1321
 1322 1323 1324 1316 1317 1318 1328 1329 1330 1331 1332 1333 1325 1326 1327
 1337 1338 1339 1340 1341 1342 1334 1335 1336 1346 1347 1348 1349 1350 1351
 1343 1344 1345 1355 1356 1357 1358 1359 1360 1352 1353 1354 1364 1365 1366
 1367 1368 1369 1361 1362 1363 1373 1374 1375 1376 1377 1378 1370 1371 1372
 1382 1383 1384 1385 1386 1387 1379 1380 1381 1391 1392 1393 1394 1395 1396
 1388 1389 1390 1400 1401 1402 1403 1404 1405 1397 1398 1399 1409 1410 1411
 1412 1413 1414 1406 1407 1408 1418 1419 1420 1421 1422 1423 1415 1416 1417
 1427 1428 1429 1430 1431 1432 1424 1425 1426 1436 1437 1438 1439 1440 1441
 1433 1434 1435 1445 1446 1447 1448 1449 1450 1442 1443 1444 1454 1455 1456
 1457 1458 1459 1451 1452 1453 1463 1464 1465 1466 1467 1468 1460 1461 1462
 1472 1473 1474 1475 1476 1477 1469 1470 1471 1481 1482 1483 1484 1485 1486
 1478 1479 1480 1490 1491 1492 1493 1494 1495 1487 1488 1489 1499 1500 1501
 1502 1503 1504 1496 1497 1498 1508 1509 1510 1511 1512 1513 1505 1506 1507
0 1 2 3 4 5 6 7 8 9 10 11 12 13
 14 15 16 17 18 19 20 21 22 23 24 25 26 27 37
 38 39 40 41 42 43 44 45 46 47 48 49 50 51 52
 53 54 28 29 30 31 32 33 34 35 36 64 65 66 67
 68 69 70 71 72 73 74 75 76 77 78 79 80 81 55
 56 57 58 59 60 61 62 63 91 92 93 94 95 96 97
 98 99 100 101 102 103 104 105 106 107 108 82 83 84 85
 86 87 88 89 90 118 119 120 121 122 123 124 125 126 127
 128 129 130 131 132 133 134 135 109 110 111 112 113 114 115
 116 117 145 146 147 148 149 150 151 152 153 154 155 156 157
 158 159 160 161 162 136 137 138 139 140 141 142 143 144 172
 173 174 175 176 177 178 179 180 181 182 183 184 185 186 187
 188 189 163 164 165 166 167 168 169 170 171 199 200 201 202
 203 204 205 206 207 208 209 210 211 212 213 214 215 216 190
 191 192 193 194 195 196 197 198 226 227 228 229 230 231 232
 233 234 235 236 237 238 239 240 241 242 243 217 218 219 220
 221 222 223 224 225 253 254 255 256 257 258 259 260 261 262
 263 264 265 266 267 268 269 270 244 245 246 247 248 249 250
 251 252 280 281 282 283 284 285 286 287 288 289 290 291 292
 293 294 295 296 297 271 272 273 274 275 276 277 278 279 307
 308 309 310 311 312 313 314 315 316 317 318 319 320 321 322
 323 324 298 299 300 301 302 303 304 305 306 334 335 336 337
 338 339 340 341 342 343 344 345 346 347 348 349 350 351 325
 326 327 328 329 330 331 332 333 361 362 363 364 365 366 367
 368 369 370 371 372 373 374 375 376 377 378 352 353 354 355
 356 357 358 359 360 388 389 390 391 392 393 394 395 396 397
 398 399 400 401 402 403 404 405 379 380 381 382 383 384 385
 386 387 415 416 417 418 419 420 421 422 423 424 425 426 427
 428 429 430 431 432 406 407 408 409 410 411 412 413 414 442
 443 444 445 446 447 448 449 450 451 452 453 454 455 456 457
 458 459 433 434 435 436 437 438 439 440 441 469 470 471 472
 473 474 475 476 477 478 479 480 481 482 483 484 485 486 460
 461 462 463 464 465 466 467 468 496 497 498 499 500 501 502
 503 504 505 506 507 508 509 510 511 512 513 487 488 489 490
 491 492 493 494 495 523 524 525 526 527 528 529 530 531 532
 533 534 535 536 537 538 539 540 514 515 516 517 518 519 520
 521 522 550 551 552 553 554 555 556 557 558 559 560 561 562
 563 564 565 566 567 541 542 543 544 545 546 547 548 549 577
 578 579 580 581 582 583 584 585 586 587 588 589 590 591 592
 593 594 568 569 570 571 572 573 574 575 576 604 605 606 607
 608 609 610 611 612 613 614 615 616 617 618 619 620 621 595
 596 597 598 599 600 601 602 603 631 632 633 634 635 636 637
 638 639 640 641 642 643 644 645 646 647 648 622 623 624 625
 626 627 628 629 630 658 659 660 661 662 663 664 665 666 667
 668 669 670 671 672 673 674 675 649 650 651 652 653 654 655
 656 657 685 686 687 688 689 690 691 692 693 694 695 696 697
 698 699 700 701 702 676 677 678 679 680 681 682 683 684 712
 713 714 715 716 717 718 719 720 721 722 723 724 725 726 727
 728 729 703 704 705 706 707 708 709 710 711 739 740 741 742
 743 744 745 746 747 748 749 750 751 752 753 754 755 756 730
 731 732 733 734 735 736 737 738 757 758 759 760 761 762 763
 764 765 766 767 768 769 770 771 772 773 774 775 776 777 778
 779 780 781 782 783 784 794 795 796 797 798 799 800 801 802
 803 804 805 806 807 808 809 810 811 785 786 787 788 789 790
 791 792 793 821 822 823 824 825 826 827 828 829 830 831 832
 833 834 835 836 837 838 812 813 814 815 816 817 818 819 820
 848 849 850 851 852 853 854 855 856 857 858 859 860 861 862
 863 864 865 839 840 841 842 843 844 845 846 847 875 876 877
 878 879 880 881 882 883 884 885 886 887 888 889 890 891 892
 866 867 868 869 870 871 872 873 874 902 903 904 905 906 907
 908 909 910 911 912 913 914 915 916 917 918 919 893 894 895
 896 897 898 899 900 901 929 930 931 932 933 934 935 936 937
 938 939 940 941 942 943 944 945 946 920 921 922 923 924 925
 926 927 928 956 957 958 959 960 961 962 963 964 965 966 967
 968 969 970 971 972 973 947 948 949 950 951 952 953 954 955
 983 984 985 986 987 988 989 990 991 992 993 994 995 996 997
 998 999 1000 974 975 976 977 978 979 980 981 982 1010 1011 1012
 1013 1014 1015 1016 1017 1018 1019 1020 1021 1022 1023 1024 1025 1026 1027
 1001 1002 1003 1004 1005 1006 1007 1008 1009 1037 1038 1039 1040 1041 1042
 1043 1044 1045 1046 1047 1048 1049 1050 1051 1052 1053 1054 1028 1029 1030
 1031 1032 1033 1034 1035 1036 1064 1065 1066 1067 1068 1069 1070 1071 1072
 1073 1074 1075 1076 1077 1078 1079 1080 1081 1055 1056 1057 1058 1059 1060
 1061 1062 1063 1091 1092 1093 1094 1095 1096 1097 1098 1099 1100 1101 1102
 1103 1104 1105 1106 1107 1108 1082 1083 1084 1085 1086 1087 1088 1089 1090
 1118 1119 1120 1121 1122 1123 1124 1125 1126 1127 1128 1129 1130 1131 1132
 1133 1134 1135 1109 1110 1111 1112 1113 1114 1115 1116 1117 1145 1146 1147
 1148 1149 1150 1151 1152 1153 1154 1155 1156 1157 1158 1159 1160 1161 1162
 1136 1137 1138 1139 1140 1141 1142 1143 1144 1172 1173 1174 1175 1176 1177
 1178 1179 1180 1181 1182 1183 1184 1185 1186 1187 1188 1189 1163 1164 1165
 1166 1167 1168 1169 1170 1171 1199 1200 1201 1202 1203 1204 1205 1206 1207
 1208 1209 1210 1211 1212 1213 1214 1215 1216 1190 1191 1192 1193 1194 1195
 1196 1197 1198 1226 1227 1228 1229 1230 1231 1232 1233 1234 1235 1236 1237
 1238 1239 1240 1241 1242 1243 1217 1218 1219 1220 1221 1222 1223 1224 1225
 1253 1254 1255 1256 1257 1258 1259 1260 1261 1262 1263 1264 1265 1266 1267
 1268 1269 1270 1244 1245 1246 1247 1248 1249 1250 1251 1252 1280 1281 1282
 1283 1284 1285 1286 1287 1288 1289 1290 1291 1292 1293 1294 1295 1296 1297
 1271 1272 1273 1274 1275 1276 1277 1278 1279 1307 1308 1309 1310 1311 1312
 1313 1314 1315 1316 1317 1318 1319 1320 1321 1322 1323 1324 1298 1299 1300
 1301 1302 1303 1304 1305 1306 1334 1335 1336 1337 1338 1339 1340 1341 1342
 1343 1344 1345 1346 1347 1348 1349 1350 1351 1325 1326 1327 1328 1329 1330
 1331 1332 1333 1361 1362 1363 1364 1365 1366 1367 1368 1369 1370 1371 1372
 1373 1374 1375 1376 1377 1378 1352 1353 1354 1355 1356 1357 1358 1359 1360
 1388 1389 1390 1391 1392 1393 1394 1395 1396 1397 1398 1399 1400 1401 1402
 1403 1404 1405 1379 1380 1381 1382 1383 1384 1385 1386 1387 1415 1416 1417
 1418 1419 1420 1421 1422 1423 1424 1425 1426 1427 1428 1429 1430 1431 1432
 1406 1407 1408 1409 1410 1411 1412 1413 1414 1442 1443 1444 1445 1446 1447
 1448 1449 1450 1451 1452 1453 1454 1455 1456 1457 1458 1459 1433 1434 1435
 1436 1437 1438 1439 1440 1441 1469 1470 1471 1472 1473 1474 1475 1476 1477
 1478 1479 1480 1481 1482 1483 1484 1485 1486 1460 1461 1462 1463 1464 1465
 1466 1467 1468 1496 1497 1498 1499 1500 1501 1502 1503 1504 1505 1506 1507
 1508 1509 1510 1511 1512 1513 1487 1488 1489 1490 1491 1492 1493 1494 1495
0 1 2 3 4 5 6 7 8 9 10 11 12 13
 14 15 16 17 18 19 20 21 22 23 24 25 26 27 55
 56 57 58 59 60 61 62 63 64 65 66 67 68 69 70
 71 72 73 74 75 76 77 78 79 80 81 82 83 84 85
 86 87 88 89 90 91 92 93 94 95 96 97 98 99 100
 101 102 103 104 105 106 107 108 28 29 30 31 32 33 34
 35 36 37 38 39 40 41 42 43 44 45 46 47 48 49
 50 51 52 53 54 136 137 138 139 140 141 142 143 144 145
 146 147 148 149 150 151 152 153 154 155 156 157 158 159 160
 161 162 163 164 165 166 167 168 169 170 171 172 173 174 175
 176 177 178 179 180 181 182 183 184 185 186 187 188 189 109
 110 111 112 113 114 115 116 117 118 119 120 121 122 123 124
 125 126 127 128 129 130 131 132 133 134 135 217 218 219 220
 221 222 223 224 225 226 227 228 229 230 231 232 233 234 235
 236 237 238 239 240 241 242 243 244 245 246 247 248 249 250
 251 252 253 254 255 256 257 258 259 260 261 262 263 264 265
 266 267 268 269 270 190 191 192 193 194 195 196 197 198 199
 200 201 202 203 204 205 206 207 208 209 210 211 212 213 214
 215 216 298 299 300 301 302 303 304 305 306 307 308 309 310
 311 312 313 314 315 316 317 318 319 320 321 322 323 324 325
 326 327 328 329 330 331 332 333 334 335 336 337 338 339 340
 341 342 343 344 345 346 347 348 349 350 351 271 272 273 274
 275 276 277 278 279 280 281 282 283 284 285 286 287 288 289
 290 291 292 293 294 295 296 297 379 380 381 382 383 384 385
 386 387 388 389 390 391 392 393 394 395 396 397 398 399 400
 401 402 403 404 405 406 407 408 409 410 411 412 413 414 415
 416 417 418 419 420 421 422 423 424 425 426 427 428 429 430
 431 432 352 353 354 355 356 357 358 359 360 361 362 363 364
 365 366 367 368 369 370 371 372 373 374 375 376 377 378 460
 461 462 463 464 465 466 467 468 469 470 471 472 473 474 475
 476 477 478 479 480 481 482 483 484 485 486 487 488 489 490
 491 492 493 494 495 496 497 498 499 500 501 502 503 504 505
 506 507 508 509 510 511 512 513 433 434 435 436 437 438 439
 440 441 442 443 444 445 446 447 448 449 450 451 452 453 454
 455 456 457 458 459 541 542 543 544 545 546 547 548 549 550
 551 552 553 554 555 556 557 558 559 560 561 562 563 564 565
 566 567 568 569 570 571 572 573 574 575 576 577 578 579 580
 581 582 583 584 585 586 587 588 589 590 591 592 593 594 514
 515 516 517 518 519 520 521 522 523 524 525 526 527 528 529
 530 531 532 533 534 535 536 537 538 539 540 622 623 624 625
 626 627 628 629 630 631 632 633 634 635 636 637 638 639 640
 641 642 643 644 645 646 647 648 649 650 651 652 653 654 655
 656 657 658 659 660 661 662 663 664 665 666 667 668 669 670
 671 672 673 674 675 595 596 597 598 599 600 601 602 603 604
 605 606 607 608 609 610 611 612 613 614 615 616 617 618 619
 620 621 703 704 705 706 707 708 709 710 711 712 713 714 715
 716 717 718 719 720 721 722 723 724 725 726 727 728 729 730
 731 732 733 734 735 736 737 738 739 740 741 742 743 744 745
 746 747 748 749 750 751 752 753 754 755 756 676 677 678 679
 680 681 682 683 684 685 686 687 688 689 690 691 692 693 694
 695 696 697 698 699 700 701 702 757 759 760 758 762 763 761
 765 766 764 768 769 767 771 772 770 774 775 773 777 778 776
 780 781 779 783 784 782 785 786 787 788 789 790 791 792 793
 794 795 796 797 798 799 800 801 802 803 804 805 806 807 808
 809 810 811 830 831 832 833 834 835 836 837 838 812 813 814
 815 816 817 818 819 820 821 822 823 824 825 826 827 828 829
 848 849 850 851 852 853 854 855 856 857 858 859 860 861 862
 863 864 865 839 840 841 842 843 844 845 846 847 872 873 874
 866 867 868 869 870 871 881 882 883 875 876 877 878 879 880
 890 891 892 884 885 886 887 888 889 917 918 919 911 912 913
 914 915 916 899 900 901 893 894 895 896 897 898 908 909 910
 902 903 904 905 906 907 935 936 937 929 930 931 932 933 934
 944 945 946 938 939 940 941 942 943 926 927 928 920 921 922
 923 924 925 950 951 952 953 954 955 947 948 949 959 960 961
 962 963 964 956 957 958 968 969 970 971 972 973 965 966 967
 995 996 997 998 999 1000 992 993 994 977 978 979 980 981 982
 974 975 976 986 987 988 989 990 991 983 984 985 1013 1014 1015
 1016 1017 1018 1010 1011 1012 1022 1023 1024 1025 1026 1027 1019 1020 1021
 1004 1005 1006 1007 1008 1009 1001 1002 1003 1030 1028 1029 1033 1031 1032
 1036 1034 1035 1039 1037 1038 1042 1040 1041 1045 1043 1044 1048 1046 1047
 1051 1049 1050 1054 1052 1053 1075 1073 1074 1078 1076 1077 1081 1079 1080
 1057 1055 1056 1060 1058 1059 1063 1061 1062 1066 1064 1065 1069 1067 1068
 1072 1070 1071 1093 1091 1092 1096 1094 1095 1099 1097 1098 1102 1100 1101
 1105 1103 1104 1108 1106 1107 1084 1082 1083 1087 1085 1086 1090 1088 1089
 1117 1115 1116 1111 1109 1110 1114 1112 1113 1126 1124 1125 1120 1118 1119
 1123 1121 1122 1135 1133 1134 1129 1127 1128 1132 1130 1131 1162 1160 1161
 1156 1154 1155 1159 1157 1158 1144 1142 1143 1138 1136 1137 1141 1139 1140
 1153 1151 1152 1147 1145 1146 1150 1148 1149 1180 1178 1179 1174 1172 1173
 1177 1175 1176 1189 1187 1188 1183 1181 1182 1186 1184 1185 1171 1169 1170
 1165 1163 1164 1168 1166 1167 1195 1193 1194 1198 1196 1197 1192 1190 1191
 1204 1202 1203 1207 1205 1206 1201 1199 1200 1213 1211 1212 1216 1214 1215
 1210 1208 1209 1240 1238 1239 1243 1241 1242 1237 1235 1236 1222 1220 1221
 1225 1223 1224 1219 1217 1218 1231 1229 1230 1234 1232 1233 1228 1226 1227
 1258 1256 1257 1261 1259 1260 1255 1253 1254 1267 1265 1266 1270 1268 1269
 1264 1262 1263 1249 1247 1248 1252 1250 1251 1246 1244 1245 1272 1273 1271
 1275 1276 1274 1278 1279 1277 1281 1282 1280 1284 1285 1283 1287 1288 1286
 1290 1291 1289 1293 1294 1292 1296 1297 1295 1317 1318 1316 1320 1321 1319
 1323 1324 1322 1299 1300 1298 1302 1303 1301 1305 1306 1304 1308 1309 1307
 1311 1312 1310 1314 1315 1313 1335 1336 1334 1338 1339 1337 1341 1342 1340
 1344 1345 1343 1347 1348 1346 1350 1351 1349 1326 1327 1325 1329 1330 1328
 1332 1333 1331 1359 1360 1358 1353 1354 1352 1356 1357 1355 1368 1369 1367
 1362 1363 1361 1365 1366 1364 1377 1378 1376 1371 1372 1370 1374 1375 1373
 1404 1405 1403 1398 1399 1397 1401 1402 1400 1386 1387 1385 1380 1381 1379
 1383 1384 1382 1395 1396 1394 1389 1390 1388 1392 1393 1391 1422 1423 1421
 1416 1417 1415 1419 1420 1418 1431 1432 1430 1425 1426 1424 1428 1429 1427
 1413 1414 1412 1407 1408 1406 1410 1411 1409 1437 1438 1436 1440 1441 1439
 1434 1435 1433 1446 1447 1445 1449 1450 1448 1443 1444 1442 1455 1456 1454
 1458 1459 1457 1452 1453 1451 1482 1483 1481 1485 1486 1484 1479 1480 1478
 1464 1465 1463 1467 1468 1466 1461 1462 1460 1473 1474 1472 1476 1477 1475
 1470 1471 1469 1500 1501 1499 1503 1504 1502 1497 1498 1496 1509 1510 1508
 1512 1513 1511 1506 1507 1505 1491 1492 1490 1494 1495 1493 1488 1489 1487
0 1 2 3 4 5 6 7 8 9 10 11 12 13
 14 15 16 17 18 19 20 21 22 23 24 25 26 27 109
 110 111 112 113 114 115 116 117 118 119 120 121 122 123 124
 125 126 127 128 129 130 131 132 133 134 135 136 137 138 139
 140 141 142 143 144 145 146 147 148 149 150 151 152 153 154
 155 156 157 158 159 160 161 162 163 164 165 166 167 168 169
 170 171 172 173 174 175 176 177 178 179 180 181 182 183 184
 185 186 187 188 189 190 191 192 193 194 195 196 197 198 199
 200 201 202 203 204 205 206 207 208 209 210 211 212 213 214
 215 216 217 218 219 220 221 222 223 224 225 226 227 228 229
 230 231 232 233 234 235 236 237 238 239 240 241 242 243 244
 245 246 247 248 249 250 251 252 253 254 255 256 257 258 259
 260 261 262 263 264 265 266 267 268 269 270 28 29 30 31
 32 33 34 35 36 37 38 39 40 41 42 43 44 45 46
 47 48 49 50 51 52 53 54 55 56 57 58 59 60 61
 62 63 64 65 66 67 68 69 70 71 72 73 74 75 76
 77 78 79 80 81 82 83 84 85 86 87 88 89 90 91
 92 93 94 95 96 97 98 99 100 101 102 103 104 105 106
 107 108 352 353 354 355 356 357 358 359 360 361 362 363 364
 365 366 367 368 369 370 371 372 373 374 375 376 377 378 379
 380 381 382 383 384 385 386 387 388 389 390 391 392 393 394
 395 396 397 398 399 400 401 402 403 404 405 406 407 408 409
 410 411 412 413 414 415 416 417 418 419 420 421 422 423 424
 425 426 427 428 429 430 431 432 433 434 435 436 437 438 439
 440 441 442 443 444 445 446 447 448 449 450 451 452 453 454
 455 456 457 458 459 460 461 462 463 464 465 466 467 468 469
 470 471 472 473 474 475 476 477 478 479 480 481 482 483 484
 485 486 487 488 489 490 491 492 493 494 495 496 497 498 499
 500 501 502 503 504 505 506 507 508 509 510 511 512 513 271
 272 273 274 275 276 277 278 279 280 281 282 283 284 285 286
 287 288 289 290 291 292 293 294 295 296 297 298 299 300 301
 302 303 304 305 306 307 308 309 310 311 312 313 314 315 316
 317 318 319 320 321 322 323 324 325 326 327 328 329 330 331
 332 333 334 335 336 337 338 339 340 341 342 343 344 345 346
 347 348 349 350 351 595 596 597 598 599 600 601 602 603 604
 605 606 607 608 609 610 611 612 613 614 615 616 617 618 619
 620 621 622 623 624 625 626 627 628 629 630 631 632 633 634
 635 636 637 638 639 640 641 642 643 644 645 646 647 648 649
 650 651 652 653 654 655 656 657 658 659 660 661 662 663 664
 665 666 667 668 669 670 671 672 673 674 675 676 677 678 679
 680 681 682 683 684 685 686 687 688 689 690 691 692 693 694
 695 696 697 698 699 700 701 702 703 704 705 706 707 708 709
 710 711 712 713 714 715 716 717 718 719 720 721 722 723 724
 725 726 727 728 729 730 731 732 733 734 735 736 737 738 739
 740 741 742 743 744 745 746 747 748 749 750 751 752 753 754
 755 756 514 515 516 517 518 519 520 521 522 523 524 525 526
 527 528 529 530 531 532 533 534 535 536 537 538 539 540 541
 542 543 544 545 546 547 548 549 550 551 552 553 554 555 556
 557 558 559 560 561 562 563 564 565 566 567 568 569 570 571
 572 573 574 575 576 577 578 579 580 581 582 583 584 585 586
 587 588 589 590 591 592 593 594 757 761 762 763 764 765 766
 758 759 760 770 771 772 773 774 775 767 768 769 779 780 781
 782 783 784 776 777 778 785 786 787 788 789 790 791 792 793
 794 795 796 797 798 799 800 801 802 803 804 805 806 807 808
 809 810 811 814 812 813 817 815 816 820 818 819 823 821 822
 826 824 825 829 827 828 832 830 831 835 833 834 838 836 837
 862 860 861 865 863 864 859 857 858 844 842 843 847 845 846
 841 839 840 853 851 852 856 854 855 850 848 849 884 885 886
 887 888 889 890 891 892 866 867 868 869 870 871 872 873 874
 875 876 877 878 879 880 881 882 883 900 901 899 894 895 893
 897 898 896 909 910 908 903 904 902 906 907 905 918 919 917
 912 913 911 915 916 914 942 943 941 945 946 944 939 940 938
 924 925 923 927 928 926 921 922 920 933 934 932 936 937 935
 930 931 929 959 960 961 962 963 964 956 957 958 968 969 970
 971 972 973 965 966 967 950 951 952 953 954 955 947 948 949
 994 992 993 997 995 996 1000 998 999 976 974 975 979 977 978
 982 980 981 985 983 984 988 986 987 991 989 990 1014 1015 1013
 1017 1018 1016 1011 1012 1010 1023 1024 1022 1026 1027 1025 1020 1021 1019
 1005 1006 1004 1008 1009 1007 1002 1003 1001 1034 1035 1036 1028 1029 1030
 1031 1032 1033 1043 1044 1045 1037 1038 1039 1040 1041 1042 1052 1053 1054
 1046 1047 1048 1049 1050 1051 1081 1079 1080 1075 1073 1074 1078 1076 1077
 1063 1061 1062 1057 1055 1056 1060 1058 1059 1072 1070 1071 1066 1064 1065
 1069 1067 1068 1083 1084 1082 1086 1087 1085 1089 1090 1088 1092 1093 1091
 1095 1096 1094 1098 1099 1097 1101 1102 1100 1104 1105 1103 1107 1108 1106
 1133 1134 1135 1127 1128 1129 1130 1131 1132 1115 1116 1117 1109 1110 1111
 1112 1113 1114 1124 1125 1126 1118 1119 1120 1121 1122 1123 1161 1162 1160
 1155 1156 1154 1158 1159 1157 1143 1144 1142 1137 1138 1136 1140 1141 1139
 1152 1153 1151 1146 1147 1145 1149 1150 1148 1168 1166 1167 1171 1169 1170
 1165 1163 1164 1177 1175 1176 1180 1178 1179 1174 1172 1173 1186 1184 1185
 1189 1187 1188 1183 1181 1182 1201 1199 1200 1204 1202 1203 1207 1205 1206
 1210 1208 1209 1213 1211 1212 1216 1214 1215 1192 1190 1191 1195 1193 1194
 1198 1196 1197 1232 1233 1234 1226 1227 1228 1229 1230 1231 1241 1242 1243
 1235 1236 1237 1238 1239 1240 1223 1224 1225 1217 1218 1219 1220 1221 1222
 1263 1264 1262 1266 1267 1265 1269 1270 1268 1245 1246 1244 1248 1249 1247
 1251 1252 1250 1254 1255 1253 1257 1258 1256 1260 1261 1259 1274 1275 1276
 1277 1278 1279 1271 1272 1273 1283 1284 1285 1286 1287 1288 1280 1281 1282
 1292 1293 1294 1295 1296 1297 1289 1290 1291 1315 1313 1314 1309 1307 1308
 1312 1310 1311 1324 1322 1323 1318 1316 1317 1321 1319 1320 1306 1304 1305
 1300 1298 1299 1303 1301 1302 1339 1337 1338 1342 1340 1341 1336 1334 1335
 1348 1346 1347 1351 1349 1350 1345 1343 1344 1330 1328 1329 1333 1331 1332
 1327 1325 1326 1373 1374 1375 1376 1377 1378 1370 1371 1372 1355 1356 1357
 1358 1359 1360 1352 1353 1354 1364 1365 1366 1367 1368 1369 1361 1362 1363
 1388 1389 1390 1391 1392 1393 1394 1395 1396 1397 1398 1399 1400 1401 1402
 1403 1404 1405 1379 1380 1381 1382 1383 1384 1385 1386 1387 1416 1417 1415
 1419 1420 1418 1422 1423 1421 1425 1426 1424 1428 1429 1427 1431 1432 1430
 1407 1408 1406 1410 1411 1409 1413 1414 1412 1449 1450 1448 1443 1444 1442
 1446 1447 1445 1458 1459 1457 1452 1453 1451 1455 1456 1454 1440 1441 1439
 1434 1435 1433 1437 1438 1436 1468 1466 1467 1462 1460 1461 1465 1463 1464
 1477 1475 1476 1471 1469 1470 1474 1472 1473 1486 1484 1485 1480 1478 1479
 1483 1481 1482 1491 1492 1490 1494 1495 1493 1488 1489 1487 1500 1501 1499
 1503 1504 1502 1497 1498 1496 1509 1510 1508 1512 1513 1511 1506 1507 1505
0 1 2 3 4 5 6 7 8 9 10 11 12 13
 14 15 16 17 18 19 20 21 22 23 24 25 26 27 271
 272 273 274 275 276 277 278 279 280 281 282 283 284 285 286
 287 288 289 290 291 292 293 294 295 296 297 298 299 300 301
 302 303 304 305 306 307 308 309 310 311 312 313 314 315 316
 317 318 319 320 321 322 323 324 325 326 327 328 329 330 331
 332 333 334 335 336 337 338 339 340 341 342 343 344 345 346
 347 348 349 350 351 352 353 354 355 356 357 358 359 360 361
 362 363 364 365 366 367 368 369 370 371 372 373 374 375 376
 377 378 379 380 381 382 383 384 385 386 387 388 389 390 391
 392 393 394 395 396 397 398 399 400 401 402 403 404 405 406
 407 408 409 410 411 412 413 414 415 416 417 418 419 420 421
 422 423 424 425 426 427 428 429 430 431 432 433 434 435 436
 437 438 439 440 441 442 443 444 445 446 447 448 449 450 451
 452 453 454 455 456 457 458 459 460 461 462 463 464 465 466
 467 468 469 470 471 472 473 474 475 476 477 478 479 480 481
 482 483 484 485 486 487 488 489 490 491 492 493 494 495 496
 497 498 499 500 501 502 503 504 505 506 507 508 509 510 511
 512 513 514 515 516 517 518 519 520 521 522 523 524 525 526
 527 528 529 530 531 532 533 534 535 536 537 538 539 540 541
 542 543 544 545 546 547 548 549 550 551 552 553 554 555 556
 557 558 559 560 561 562 563 564 565 566 567 568 569 570 571
 572 573 574 575 576 577 578 579 580 581 582 583 584 585 586
 587 588 589 590 591 592 593 594 595 596 597 598 599 600 601
 602 603 604 605 606 607 608 609 610 611 612 613 614 615 616
 617 618 619 620 621 622 623 624 625 626 627 628 629 630 631
 632 633 634 635 636 637 638 639 640 641 642 643 644 645 646
 647 648 649 650 651 652 653 654 655 656 657 658 659 660 661
 662 663 664 665 666 667 668 669 670 671 672 673 674 675 676
 677 678 679 680 681 682 683 684 685 686 687 688 689 690 691
 692 693 694 695 696 697 698 699 700 701 702 703 704 705 706
 707 708 709 710 711 712 713 714 715 716 717 718 719 720 721
 722 723 724 725 726 727 728 729 730 731 732 733 734 735 736
 737 738 739 740 741 742 743 744 745 746 747 748 749 750 751
 752 753 754 755 756 28 29 30 31 32 33 34 35 36 37
 38 39 40 41 42 43 44 45 46 47 48 49 50 51 52
 53 54 55 56 57 58 59 60 61 62 63 64 65 66 67
 68 69 70 71 72 73 74 75 76 77 78 79 80 81 82
 83 84 85 86 87 88 89 90 91 92 93 94 95 96 97
 98 99 100 101 102 103 104 105 106 107 108 109 110 111 112
 113 114 115 116 117 118 119 120 121 122 123 124 125 126 127
 128 129 130 131 132 133 134 135 136 137 138 139 140 141 142
 143 144 145 146 147 148 149 150 151 152 153 154 155 156 157
 158 159 160 161 162 163 164 165 166 167 168 169 170 171 172
 173 174 175 176 177 178 179 180 181 182 183 184 185 186 187
 188 189 190 191 192 193 194 195 196 197 198 199 200 201 202
 203 204 205 206 207 208 209 210 211 212 213 214 215 216 217
 218 219 220 221 222 223 224 225 226 227 228 229 230 231 232
 233 234 235 236 237 238 239 240 241 242 243 244 245 246 247
 248 249 250 251 252 253 254 255 256 257 258 259 260 261 262
 263 264 265 266 267 268 269 270 757 767 768 769 770 771 772
 773 774 775 776 777 778 779 780 781 782 783 784 758 759 760
 761 762 763 764 765 766 785 786 787 788 789 790 791 792 793
 794 795 796 797 798 799 800 801 802 803 804 805 806 807 808
 809 810 811 827 828 829 821 822 823 824 825 826 836 837 838
 830 831 832 833 834 835 818 819 820 812 813 814 815 816 817
 861 862 860 864 865 863 858 859 857 843 844 842 846 847 845
 840 841 839 852 853 851 855 856 854 849 850 848 880 878 879
 883 881 882 877 875 876 889 887 888 892 890 891 886 884 885
 871 869 870 874 872 873 868 866 867 914 915 916 917 918 919
 911 912 913 896 897 898 899 900 901 893 894 895 905 906 907
 908 909 910 902 903 904 931 929 930 934 932 933 937 935 936
 940 938 939 943 941 942 946 944 945 922 920 921 925 923 924
 928 926 927 957 958 956 960 961 959 963 964 962 966 967 965
 969 970 968 972 973 971 948 949 947 951 952 950 954 955 953
 991 989 990 985 983 984 988 986 987 1000 998 999 994 992 993
 997 995 996 982 980 981 976 974 975 979 977 978 1017 1018 1016
 1011 1012 1010 1014 1015 1013 1026 1027 1025 1020 1021 1019 1023 1024 1022
 1008 1009 1007 1002 1003 1001 1005 1006 1004 1046 1047 1048 1049 1050 1051
 1052 1053 1054 1028 1029 1030 1031 1032 1033 1034 1035 1036 1037 1038 1039
 1040 1041 1042 1043 1044 1045 1079 1080 1081 1073 1074 1075 1076 1077 1078
 1061 1062 1063 1055 1056 1057 1058 1059 1060 1070 1071 1072 1064 1065 1066
 1067 1068 1069 1085 1086 1087 1088 1089 1090 1082 1083 1084 1094 1095 1096
 1097 1098 1099 1091 1092 1093 1103 1104 1105 1106 1107 1108 1100 1101 1102
 1111 1109 1110 1114 1112 1113 1117 1115 1116 1120 1118 1119 1123 1121 1122
 1126 1124 1125 1129 1127 1128 1132 1130 1131 1135 1133 1134 1144 1142 1143
 1138 1136 1137 1141 1139 1140 1153 1151 1152 1147 1145 1146 1150 1148 1149
 1162 1160 1161 1156 1154 1155 1159 1157 1158 1186 1184 1185 1189 1187 1188
 1183 1181 1182 1168 1166 1167 1171 1169 1170 1165 1163 1164 1177 1175 1176
 1180 1178 1179 1174 1172 1173 1191 1192 1190 1194 1195 1193 1197 1198 1196
 1200 1201 1199 1203 1204 1202 1206 1207 1205 1209 1210 1208 1212 1213 1211
 1215 1216 1214 1224 1225 1223 1218 1219 1217 1221 1222 1220 1233 1234 1232
 1227 1228 1226 1230 1231 1229 1242 1243 1241 1236 1237 1235 1239 1240 1238
 1248 1249 1247 1251 1252 1250 1245 1246 1244 1257 1258 1256 1260 1261 1259
 1254 1255 1253 1266 1267 1265 1269 1270 1268 1263 1264 1262 1280 1281 1282
 1283 1284 1285 1286 1287 1288 1289 1290 1291 1292 1293 1294 1295 1296 1297
 1271 1272 1273 1274 1275 1276 1277 1278 1279 1311 1312 1310 1314 1315 1313
 1308 1309 1307 1320 1321 1319 1323 1324 1322 1317 1318 1316 1302 1303 1301
 1305 1306 1304 1299 1300 1298 1331 1332 1333 1325 1326 1327 1328 1329 1330
 1340 1341 1342 1334 1335 1336 1337 1338 1339 1349 1350 1351 1343 1344 1345
 1346 1347 1348 1377 1378 1376 1371 1372 1370 1374 1375 1373 1359 1360 1358
 1353 1354 1352 1356 1357 1355 1368 1369 1367 1362 1363 1361 1365 1366 1364
 1405 1403 1404 1399 1397 1398 1402 1400 1401 1387 1385 1386 1381 1379 1380
 1384 1382 1383 1396 1394 1395 1390 1388 1389 1393 1391 1392 1425 1426 1424
 1428 1429 1427 1431 1432 1430 1407 1408 1406 1410 1411 1409 1413 1414 1412
 1416 1417 1415 1419 1420 1418 1422 1423 1421 1453 1451 1452 1456 1454 1455
 1459 1457 1458 1435 1433 1434 1438 1436 1437 1441 1439 1440 1444 1442 1443
 1447 1445 1446 1450 1448 1449 1465 1463 1464 1468 1466 1467 1462 1460 1461
 1474 1472 1473 1477 1475 1476 1471 1469 1470 1483 1481 1482 1486 1484 1485
 1480 1478 1479 1499 1500 1501 1502 1503 1504 1496 1497 1498 1508 1509 1510
 1511 1512 1513 1505 1506 1507 1490 1491 1492 1493 1494 1495 1487 1488 1489
0 1 2 3 4 5 6 7 8 9 10 11 12 13
 14 15 16 17 18 19 20 21 22 23 24 25 26 27 28
 30 29 34 36 35 31 33 32 46 48 47 52 54 53 49
 51 50 37 39 38 43 45 44 40 42 41 82 84 83 88
 90 89 85 87 86 100 102 101 106 108 107 103 105 104 91
 93 92 97 99 98 94 96 95 55 57 56 61 63 62 58
 60 59 73 75 74 79 81 80 76 78 77 64 66 65 70
 72 71 67 69 68 190 192 191 196 198 197 193 195 194 208
 210 209 214 216 215 211 213 212 199 201 200 205 207 206 202
 204 203 244 246 245 250 252 251 247 249 248 262 264 263 268
 270 269 265 267 266 253 255 254 259 261 260 256 258 257 217
 219 218 223 225 224 220 222 221 235 237 236 241 243 242 238
 240 239 226 228 227 232 234 233 229 231 230 109 111 110 115
 117 116 112 114 113 127 129 128 133 135 134 130 132 131 118
 120 119 124 126 125 121 123 122 163 165 164 169 171 170 166
 168 167 181 183 182 187 189 188 184 186 185 172 174 173 178
 180 179 175 177 176 136 138 137 142 144 143 139 141 140 154
 156 155 160 162 161 157 159 158 145 147 146 151 153 152 148
 150 149 514 516 515 520 522 521 517 519 518 532 534 533 538
 540 539 535 537 536 523 525 524 529 531 530 526 528 527 568
 570 569 574 576 575 571 573 572 586 588 587 592 594 593 589
 591 590 577 579 578 583 585 584 580 582 581 541 543 542 547
 549 548 544 546 545 559 561 560 565 567 566 562 564 563 550
 552 551 556 558 557 553 555 554 676 678 677 682 684 683 679
 681 680 694 696 695 700 702 701 697 699 698 685 687 686 691
 693 692 688 690 689 730 732 731 736 738 737 733 735 734 748
 750 749 754 756 755 751 753 752 739 741 740 745 747 746 742
 744 743 703 705 704 709 711 710 706 708 707 721 723 722 727
 729 728 724 726 725 712 714 713 718 720 719 715 717 716 595
 597 596 601 603 602 598 600 599 613 615 614 619 621 620 616
 618 617 604 606 605 610 612 611 607 609 608 649 651 650 655
 657 656 652 654 653 667 669 668 673 675 674 670 672 671 658
 660 659 664 666 665 661 663 662 622 624 623 628 630 629 625
 627 626 640 642 641 646 648 647 643 645 644 631 633 632 637
 639 638 634 636 635 271 273 272 277 279 278 274 276 275 289
 291 290 295 297 296 292 294 293 280 282 281 286 288 287 283
 285 284 325 327 326 331 333 332 328 330 329 343 345 344 349
 351 350 346 348 347 334 336 335 340 342 341 337 339 338 298
 300 299 304 306 305 301 303 302 316 318 317 322 324 323 319
 321 320 307 309 308 313 315 314 310 312 311 433 435 434 439
 441 440 436 438 437 451 453 452 457 459 458 454 456 455 442
 444 443 448 450 449 445 447 446 487 489 488 493 495 494 490
 492 491 505 507 506 511 513 512 508 510 509 496 498 497 502
 504 503 499 501 500 460 462 461 466 468 467 463 465 464 478
 480 479 484 486 485 481 483 482 469 471 470 475 477 476 472
 474 473 352 354 353 358 360 359 355 357 356 370 372 371 376
 378 377 373 375 374 361 363 362 367 369 368 364 366 365 406
 408 407 412 414 413 409 411 410 424 426 425 430 432 431 427
 429 428 415 417 416 421 423 422 418 420 419 379 381 380 385
 387 386 382 384 383 397 399 398 403 405 404 400 402 401 388
 390 389 394 396 395 391 393 392 757 758 760 759 764 766 765
 761 763 762 776 778 777 782 784 783 779 781 780 767 769 768
 773 775 774 770 772 771 785 787 786 791 793 792 788 790 789
 803 805 804 809 811 810 806 808 807 794 796 795 800 802 801
 797 799 798 812 814 813 818 820 819 815 817 816 830 832 831
 836 838 837 833 835 834 821 823 822 827 829 828 824 826 825
 839 841 840 845 847 846 842 844 843 857 859 858 863 865 864
 860 862 861 848 850 849 854 856 855 851 853 852 866 868 867
 872 874 873 869 871 870 884 886 885 890 892 891 887 889 888
 875 877 876 881 883 882 878 880 879 893 895 894 899 901 900
 896 898 897 911 913 912 917 919 918 914 916 915 902 904 903
 908 910 909 905 907 906 920 922 921 926 928 927 923 925 924
 938 940 939 944 946 945 941 943 942 929 931 930 935 937 936
 932 934 933 947 949 948 953 955 954 950 952 951 965 967 966
 971 973 972 968 970 969 956 958 957 962 964 963 959 961 960
 974 976 975 980 982 981 977 979 978 992 994 993 998 1000 999
 995 997 996 983 985 984 989 991 990 986 988 987 1001 1003 1002
 1007 1009 1008 1004 1006 1005 1019 1021 1020 1025 1027 1026 1022 1024 1023
 1010 1012 1011 1016 1018 1017 1013 1015 1014 1028 1030 1029 1034 1036 1035
 1031 1033 1032 1046 1048 1047 1052 1054 1053 1049 1051 1050 1037 1039 1038
 1043 1045 1044 1040 1042 1041 1055 1057 1056 1061 1063 1062 1058 1060 1059
 1073 1075 1074 1079 1081 1080 1076 1078 1077 1064 1066 1065 1070 1072 1071
 1067 1069 1068 1082 1084 1083 1088 1090 1089 1085 1087 1086 1100 1102 1101
 1106 1108 1107 1103 1105 1104 1091 1093 1092 1097 1099 1098 1094 1096 1095
 1109 1111 1110 1115 1117 1116 1112 1114 1113 1127 1129 1128 1133 1135 1134
 1130 1132 1131 1118 1120 1119 1124 1126 1125 1121 1123 1122 1136 1138 1137
 1142 1144 1143 1139 1141 1140 1154 1156 1155 1160 1162 1161 1157 1159 1158
 1145 1147 1146 1151 1153 1152 1148 1150 1149 1163 1165 1164 1169 1171 1170
 1166 1168 1167 1181 1183 1182 1187 1189 1188 1184 1186 1185 1172 1174 1173
 1178 1180 1179 1175 1177 1176 1190 1192 1191 1196 1198 1197 1193 1195 1194
 1208 1210 1209 1214 1216 1215 1211 1213 1212 1199 1201 1200 1205 1207 1206
 1202 1204 1203 1217 1219 1218 1223 1225 1224 1220 1222 1221 1235 1237 1236
 1241 1243 1242 1238 1240 1239 1226 1228 1227 1232 1234 1233 1229 1231 1230
 1244 1246 1245 1250 1252 1251 1247 1249 1248 1262 1264 1263 1268 1270 1269
 1265 1267 1266 1253 1255 1254 1259 1261 1260 1256 1258 1257 1271 1273 1272
 1277 1279 1278 1274 1276 1275 1289 1291 1290 1295 1297 1296 1292 1294 1293
 1280 1282 1281 1286 1288 1287 1283 1285 1284 1298 1300 1299 1304 1306 1305
 1301 1303 1302 1316 1318 1317 1322 1324 1323 1319 1321 1320 1307 1309 1308
 1313 1315 1314 1310 1312 1311 1325 1327 1326 1331 1333 1332 1328 1330 1329
 1343 1345 1344 1349 1351 1350 1346 1348 1347 1334 1336 1335 1340 1342 1341
 1337 1339 1338 1352 1354 1353 1358 1360 1359 1355 1357 1356 1370 1372 1371
 1376 1378 1377 1373 1375 1374 1361 1363 1362 1367 1369 1368 1364 1366 1365
 1379 1381 1380 1385 1387 1386 1382 1384 1383 1397 1399 1398 1403 1405 1404
 1400 1402 1401 1388 1390 1389 1394 1396 1395 1391 1393 1392 1406 1408 1407
 1412 1414 1413 1409 1411 1410 1424 1426 1425 1430 1432 1431 1427 1429 1428
 1415 1417 1416 1421 1423 1422 1418 1420 1419 1433 1435 1434 1439 1441 1440
 1436 1438 1437 1451 1453 1452 1457 1459 1458 1454 1456 1455 1442 1444 1443
 1448 1450 1449 1445 1447 1446 1460 1462 1461 1466 1468 1467 1463 1465 1464
 1478 1480 1479 1484 1486 1485 1481 1483 1482 1469 1471 1470 1475 1477 1476
 1472 1474 1473 1487 1489 1488 1493 1495 1494 1490 1492 1491 1505 1507 1506
 1511 1513 1512 1508 1510 1509 1496 1498 1497 1502 1504 1503 1499 1501 1500
10 1 2 13 5 27 9 23 24 12 19 15 6 20
 14 25 26 17 16 0 3 7 8 21 22 11 18 4 28
 56 84 168 112 140 224 252 196 392 420 364 448 476 504 336
 280 308 756 700 728 560 588 532 616 644 672 55 83 30 114
 139 167 251 198 223 419 366 391 475 503 450 282 307 335 702
 727 755 587 534 559 643 671 618 82 29 57 141 166 113 197
 225 250 365 393 418 502 449 477 309 334 281 729 754 701 533
 561 586 670 617 645 163 110 138 222 247 194 35 63 88 446
 474 499 340 287 315 390 415 362 567 592 539 614 642 667 751
 698 726 109 137 165 249 193 221 62 90 34 473 501 445 286
 314 342 417 361 389 594 538 566 641 669 613 697 725 753 136
 164 111 195 220 248 89 36 61 500 447 472 313 341 288 363
 388 416 540 565 593 668 615 640 724 752 699 217 245 192 33
 58 86 170 117 142 338 285 310 394 422 369 444 469 497 621
 646 674 749 696 721 562 590 537 244 191 219 60 85 32 116
 144 169 284 312 337 421 368 396 471 496 443 648 673 620 695
 723 748 589 536 564 190 218 246 87 31 59 143 171 115 311
 339 283 367 395 423 498 442 470 675 619 647 722 750 694 535
 563 591 379 407 354 438 463 491 332 279 304 743 690 715 556
 584 531 606 631 659 54 79 107 182 129 154 238 266 213 406
 353 381 465 490 437 278 306 331 689 717 742 583 530 558 633
 658 605 81 106 53 128 156 181 265 212 240 352 380 408 492
 436 464 305 333 277 716 744 688 529 557 585 660 604 632 108
 52 80 155 183 127 211 239 267 433 461 489 330 274 302 386
 414 358 554 582 526 610 638 666 741 685 713 189 133 161 236
 264 208 49 77 105 460 488 435 276 301 329 413 360 385 581
 528 553 637 665 612 687 712 740 135 160 188 263 210 235 76
 104 51 487 434 462 303 328 275 359 387 412 527 555 580 664
 611 639 714 739 686 162 187 134 209 237 262 103 50 78 325
 272 300 384 409 356 440 468 493 608 636 661 745 692 720 552
 577 524 243 268 215 47 75 100 184 131 159 271 299 327 411
 355 383 467 495 439 635 663 607 691 719 747 579 523 551 270
 214 242 74 102 46 130 158 186 298 326 273 357 382 410 494
 441 466 662 609 634 718 746 693 525 550 578 216 241 269 101
 48 73 157 185 132 730 677 705 546 571 518 602 630 655 41
 69 94 178 125 153 228 253 200 405 430 377 452 480 505 346
 293 321 676 704 732 573 517 545 629 657 601 68 96 40 124
 152 180 255 199 227 432 376 404 479 507 451 292 320 348 703
 731 678 519 544 572 656 603 628 95 42 67 151 179 126 201
 226 254 378 403 431 506 453 478 319 347 294 541 569 516 600
 625 653 737 684 709 176 123 148 232 260 207 39 64 92 459
 484 512 344 291 316 400 428 375 568 515 543 627 652 599 683
 711 736 122 150 175 259 206 234 66 91 38 486 511 458 290
 318 343 427 374 402 514 542 570 654 598 626 710 738 682 149
 177 121 205 233 261 93 37 65 513 457 485 317 345 289 373
 401 429 595 623 651 735 679 707 548 576 520 230 258 202 43
 71 99 174 118 146 351 295 323 398 426 370 454 482 510 622
 650 597 681 706 734 575 522 547 257 204 229 70 98 45 120
 145 173 297 322 350 425 372 397 481 509 456 649 596 624 708
 733 680 521 549 574 203 231 256 97 44 72 147 172 119 324
 349 296 371 399 424 508 455 483 757 1028 1030 1029 1035 1034 1036
 1033 1032 1031 1054 1053 1052 1049 1051 1050 1047 1046 1048 1041 1040 1042
 1039 1038 1037 1043 1045 1044 785 786 787 790 788 789 792 793 791
 798 799 797 800 801 802 796 794 795 811 809 810 804 805 803
 806 807 808 812 831 823 825 817 833 838 827 819 821 813 832
 834 826 815 820 836 828 830 822 814 816 835 824 829 818 837
 1109 1115 1112 1130 1127 1133 1124 1121 1118 1117 1114 1111 1129 1135 1132
 1123 1120 1126 1113 1110 1116 1134 1131 1128 1119 1125 1122 893 918 907
 905 894 919 917 906 895 913 908 897 898 911 909 910 896 912
 903 901 914 915 904 899 900 916 902 1487 1501 1512 1510 1494 1496
 1503 1505 1492 1490 1504 1506 1513 1488 1499 1497 1508 1495 1493 1498 1509
 1507 1491 1502 1500 1511 1489 1001 1014 1027 1004 1017 1021 1007 1011 1024
 1016 1020 1006 1010 1023 1009 1013 1026 1003 1022 1008 1012 1025 1002 1015
 1019 1005 1018 1379 1405 1392 1404 1391 1381 1393 1380 1403 1386 1400 1390
 1402 1389 1385 1388 1387 1401 1384 1398 1394 1397 1396 1383 1395 1382 1399
 1406 1423 1428 1414 1419 1424 1410 1415 1432 1425 1412 1420 1430 1411 1416
 1429 1407 1421 1417 1431 1409 1422 1427 1408 1418 1426 1413 1082 1091 1100
 1104 1086 1095 1099 1108 1090 1107 1089 1098 1093 1102 1084 1085 1094 1103
 1096 1105 1087 1088 1097 1106 1101 1083 1092 1271 1273 1272 1278 1277 1279
 1276 1275 1274 1297 1296 1295 1292 1294 1293 1290 1289 1291 1284 1283 1285
 1282 1281 1280 1286 1288 1287 1163 1178 1184 1183 1171 1177 1173 1188 1167
 1179 1185 1164 1169 1175 1181 1189 1168 1174 1186 1165 1180 1176 1182 1170
 1166 1172 1187 920 936 943 929 945 925 938 927 934 942 922 935
 924 931 944 933 940 926 937 941 921 946 923 930 928 932 939
 1298 1318 1308 1316 1309 1299 1307 1300 1317 1321 1311 1301 1312 1302 1319
 1303 1320 1310 1314 1304 1324 1305 1322 1315 1323 1313 1306 1136 1160 1148
 1140 1155 1152 1144 1159 1147 1157 1145 1142 1161 1149 1137 1156 1153 1141
 1151 1139 1154 1146 1143 1158 1150 1138 1162 1433 1438 1440 1450 1443 1445
 1455 1457 1453 1447 1449 1442 1452 1454 1459 1439 1435 1437 1458 1451 1456
 1436 1441 1434 1444 1446 1448 1460 1483 1476 1475 1462 1482 1481 1477 1461
 1466 1480 1473 1472 1468 1479 1478 1474 1467 1463 1486 1470 1469 1465 1485
 1484 1471 1464 1217 1238 1232 1241 1226 1220 1229 1223 1235 1227 1221 1242
 1224 1236 1230 1239 1233 1218 1237 1231 1225 1234 1219 1240 1222 1243 1228
 1190 1193 1196 1201 1204 1207 1209 1212 1215 1214 1208 1211 1198 1192 1195
 1206 1200 1203 1202 1205 1199 1213 1216 1210 1194 1197 1191 758 759 760
 763 761 762 765 766 764 771 772 770 773 774 775 769 767 768
 784 782 783 777 778 776 779 780 781 839 849 859 855 865 845
 862 842 852 840 850 857 856 863 846 860 843 853 841 848 858
 854 864 847 861 844 851 947 951 955 961 962 957 972 967 968
 949 950 954 960 964 956 971 966 970 948 952 953 959 963 958
 973 965 969 974 996 991 975 997 989 976 995 990 979 998 984
 977 999 985 978 1000 983 981 994 986 982 992 987 980 993 988
 1325 1336 1344 1331 1342 1350 1328 1339 1347 1329 1337 1348 1326 1334 1345
 1332 1340 1351 1333 1341 1349 1330 1338 1346 1327 1335 1343 1352 1360 1356
 1371 1376 1375 1363 1368 1364 1370 1378 1374 1362 1367 1366 1354 1359 1355
 1361 1369 1365 1353 1358 1357 1372 1377 1373 1055 1073 1064 1057 1075 1066
 1056 1074 1065 1072 1063 1081 1071 1062 1080 1070 1061 1079 1077 1068 1059
 1076 1067 1058 1078 1069 1060 1244 1256 1268 1254 1266 1251 1264 1249 1261
 1255 1267 1252 1262 1247 1259 1245 1257 1269 1263 1248 1260 1246 1258 1270
 1253 1265 1250 866 873 871 892 887 885 879 877 881 878 876 883
 868 872 870 891 889 884 890 888 886 880 875 882 867 874 869
8 1 4 11 23 7 3 9 21 5 27 6 22 26
 24 17 14 20 12 13 15 0 18 2 16 10 19 25 28
 299 570 625 167 357 493 683 225 531 70 341 390 658 119 258
 445 716 293 564 103 161 432 619 749 210 478 55 326 516 652
 113 384 439 710 252 558 97 287 417 604 146 204 472 743 320
 591 49 188 378 646 695 237 505 82 272 543 598 140 411 466
 737 198 585 43 314 363 631 173 231 499 689 347 537 76 134
 405 673 722 264 451 109 380 651 706 248 438 331 521 63 612
 151 422 471 739 200 96 283 554 374 645 184 242 513 700 587
 48 316 136 407 597 733 194 465 277 548 90 639 178 368 498
 685 227 42 310 581 401 672 130 269 459 727 533 75 343 163
 353 624 679 221 492 304 575 36 666 124 395 444 712 254 69
 337 527 428 618 157 215 486 754 560 102 289 190 461 732 544
 86 276 412 602 144 693 232 503 309 577 38 177 364 635 455
 726 265 80 351 538 668 129 397 217 488 678 571 32 303 358
 629 171 720 259 449 336 523 65 123 391 662 482 753 211 107
 297 565 614 156 424 244 434 705 517 59 330 385 656 117 747
 205 476 282 550 92 150 418 608 509 699 238 53 324 592 641
 183 370 487 677 219 31 302 573 628 170 360 261 448 719 525
 64 335 393 661 122 752 213 481 296 567 106 155 426 613 433
 704 246 58 329 519 655 116 387 207 475 746 552 91 281 420
 607 149 698 240 508 323 594 52 182 372 640 460 731 192 85
 275 546 601 143 414 234 502 692 579 37 308 366 634 176 725
 267 454 350 540 79 128 399 667 325 515 57 112 383 654 709
 251 441 99 286 557 606 145 416 474 742 203 590 51 319 377
 648 187 236 507 694 271 542 84 139 410 600 736 197 468 45
 313 584 633 172 362 501 688 230 536 78 346 404 675 133 263
 453 721 298 569 30 166 356 627 682 224 495 72 340 530 660
 118 389 447 715 257 563 105 292 431 621 160 209 480 748 406
 596 138 193 464 735 547 89 279 180 367 638 687 226 497 312
 580 41 671 132 400 458 729 268 74 345 532 352 623 165 220
 491 681 574 35 306 126 394 665 714 253 443 339 526 68 617
 159 427 485 756 214 101 291 559 379 650 111 247 437 708 520
 62 333 153 421 611 741 199 470 285 553 95 644 186 373 512
 702 241 47 318 586 622 164 354 490 680 222 34 305 576 396
 664 125 255 442 713 528 67 338 158 429 616 755 216 484 290
 561 100 649 110 381 436 707 249 61 332 522 423 610 152 201
 469 740 555 94 284 185 375 643 701 243 511 317 588 46 595
 137 408 463 734 195 88 278 549 369 637 179 228 496 686 582
 40 311 131 402 670 728 270 457 344 534 73 703 245 435 328
 518 60 115 386 657 477 745 206 93 280 551 609 148 419 239
 510 697 593 54 322 371 642 181 730 191 462 274 545 87 142
 413 603 504 691 233 39 307 578 636 175 365 266 456 724 539
 81 349 398 669 127 676 218 489 301 572 33 169 359 630 450
 718 260 66 334 524 663 121 392 212 483 751 566 108 295 425
 615 154 541 83 273 409 599 141 196 467 738 315 583 44 174
 361 632 690 229 500 77 348 535 674 135 403 452 723 262 568
 29 300 355 626 168 223 494 684 342 529 71 120 388 659 717
 256 446 104 294 562 620 162 430 479 750 208 514 56 327 382
 653 114 250 440 711 288 556 98 147 415 605 744 202 473 50
 321 589 647 189 376 506 696 235 757 974 995 989 994 988 982
 984 978 999 977 998 983 997 991 976 987 981 993 980 992 986
 1000 985 979 990 975 996 785 786 787 788 789 790 791 792 793
 802 800 801 796 794 795 799 797 798 807 808 806 810 811 809
 804 805 803 866 875 884 882 891 873 889 871 880 869 878 887
 876 885 867 892 874 883 872 881 890 879 888 870 886 868 877
 1055 1070 1076 1077 1056 1071 1072 1078 1057 1075 1063 1069 1067 1073 1061
 1062 1068 1074 1065 1080 1059 1060 1066 1081 1079 1058 1064 1379 1392 1405
 1393 1403 1380 1404 1381 1391 1397 1383 1396 1384 1394 1398 1395 1399 1382
 1388 1401 1387 1402 1385 1389 1386 1390 1400 947 961 972 949 960 971
 948 959 973 954 956 970 953 958 969 955 957 968 952 963 965
 951 962 967 950 964 966 839 844 846 852 854 850 865 858 860
 861 863 859 847 840 842 848 853 855 856 849 851 857 862 864
 843 845 841 1001 1021 1011 1013 1006 1023 1025 1018 1008 1002 1019 1012
 1014 1004 1024 1026 1016 1009 1003 1020 1010 1015 1005 1022 1027 1017 1007
 1325 1342 1347 1343 1333 1338 1334 1351 1329 1336 1350 1328 1327 1341 1346
 1345 1332 1337 1344 1331 1339 1335 1349 1330 1326 1340 1348 893 903 913
 897 907 914 901 908 918 916 896 906 917 900 910 912 895 902
 909 919 899 904 911 894 905 915 898 1487 1513 1500 1495 1509 1496
 1491 1505 1504 1492 1506 1502 1488 1511 1501 1493 1510 1497 1494 1508 1498
 1490 1507 1503 1489 1512 1499 920 944 932 943 931 928 936 924 939
 926 941 929 940 937 925 933 921 945 923 938 935 946 934 922
 930 927 942 1352 1373 1367 1358 1370 1364 1355 1376 1361 1371 1365 1359
 1377 1362 1356 1374 1368 1353 1363 1357 1378 1369 1354 1375 1366 1360 1372
 1460 1485 1474 1479 1477 1463 1471 1466 1482 1472 1461 1486 1464 1480 1475
 1483 1469 1467 1484 1473 1462 1476 1465 1478 1468 1481 1470 1406 1412 1409
 1407 1413 1410 1408 1414 1411 1431 1428 1425 1432 1429 1426 1430 1427 1424
 1420 1417 1423 1418 1415 1421 1419 1416 1422 1217 1236 1228 1224 1243 1232
 1222 1238 1230 1227 1219 1235 1234 1223 1242 1229 1221 1240 1237 1226 1218
 1241 1233 1225 1239 1231 1220 1136 1159 1152 1146 1139 1162 1156 1149 1142
 1145 1141 1161 1155 1148 1144 1138 1158 1151 1154 1150 1143 1137 1157 1153
 1147 1140 1160 1298 1301 1304 1324 1318 1321 1311 1314 1308 1302 1305 1299
 1316 1319 1322 1315 1309 1312 1306 1300 1303 1320 1323 1317 1307 1310 1313
 1082 1094 1106 1091 1103 1088 1100 1085 1097 1096 1108 1084 1105 1090 1093
 1087 1099 1102 1107 1083 1095 1089 1092 1104 1098 1101 1086 1109 1117 1113
 1133 1132 1128 1121 1120 1125 1124 1123 1119 1112 1111 1116 1127 1135 1131
 1130 1129 1134 1118 1126 1122 1115 1114 1110 1163 1165 1164 1183 1182 1181
 1173 1172 1174 1184 1186 1185 1177 1176 1175 1167 1166 1168 1178 1180 1179
 1171 1170 1169 1188 1187 1189 758 768 778 780 763 770 775 782 765
 776 759 769 771 781 761 766 773 783 767 777 760 762 772 779
 784 764 774 1244 1260 1267 1249 1253 1269 1251 1258 1262 1257 1264 1250
 1259 1266 1246 1255 1268 1248 1270 1247 1254 1263 1252 1256 1265 1245 1261
 812 819 817 829 824 822 834 832 836 814 818 816 828 826 821
 833 831 838 813 820 815 827 825 823 835 830 837 1190 1194 1198
 1205 1200 1204 1211 1215 1210 1206 1201 1202 1212 1216 1208 1191 1195 1196
 1213 1214 1209 1192 1193 1197 1207 1199 1203 1028 1046 1037 1039 1030 1048
 1047 1038 1029 1054 1045 1036 1035 1053 1044 1043 1034 1052 1041 1032 1050
 1049 1040 1031 1033 1051 1042 1271 1282 1290 1296 1277 1288 1285 1293 1274
 1279 1287 1295 1292 1276 1284 1281 1289 1273 1275 1283 1294 1291 1272 1280
 1286 1297 1278 1433 1455 1450 1454 1449 1435 1448 1434 1456 1457 1443 1438
 1442 1437 1459 1436 1458 1444 1445 1440 1453 1439 1452 1447 1451 1446 1441
2 1 12 8 5 13 19 21 20 10 17 25 0 4
 6 18 7 9 26 14 3 16 27 11 22 23 15 24 28
 192 110 574 738 656 301 465 383 264 182 100 729 647 565 456
 374 292 146 64 228 611 529 693 419 337 501 82 246 164 547
 711 629 274 438 356 237 155 73 702 620 538 510 428 346 119
 37 201 665 583 747 392 310 474 55 219 137 520 684 602 328
 492 410 210 128 46 756 674 592 483 401 319 173 91 255 638
 556 720 365 283 447 190 111 29 736 657 575 463 384 302 183
 101 262 648 566 727 375 293 454 65 226 147 530 691 612 338
 499 420 244 165 83 709 630 548 436 357 275 156 74 235 621
 539 700 429 347 508 38 199 120 584 745 666 311 472 393 217
 138 56 682 603 521 490 411 329 129 47 208 675 593 754 402
 320 481 92 253 174 557 718 639 284 445 366 109 30 191 655
 576 737 382 303 464 102 263 181 567 728 646 294 455 373 227
 145 66 692 610 531 500 418 339 163 84 245 628 549 710 355
 276 437 75 236 154 540 701 619 348 509 427 200 118 39 746
 664 585 473 391 312 136 57 218 601 522 683 409 330 491 48
 209 127 594 755 673 321 482 400 254 172 93 719 637 558 446
 364 285 568 732 650 304 468 386 31 195 113 723 641 559 459
 377 295 267 185 103 605 523 687 422 340 504 149 67 231 541
 705 623 277 441 359 85 249 167 696 614 532 513 431 349 240
 158 76 659 577 741 395 313 477 122 40 204 514 678 596 331
 495 413 58 222 140 750 668 586 486 404 322 213 131 49 632
 550 714 368 286 450 176 94 258 730 651 569 466 387 305 193
 114 32 642 560 721 378 296 457 186 104 265 524 685 606 341
 502 423 68 229 150 703 624 542 439 360 278 247 168 86 615
 533 694 432 350 511 159 77 238 578 739 660 314 475 396 41
 202 123 676 597 515 493 414 332 220 141 59 669 587 748 405
 323 484 132 50 211 551 712 633 287 448 369 95 256 177 649
 570 731 385 306 467 112 33 194 561 722 640 297 458 376 105
 266 184 686 604 525 503 421 342 230 148 69 622 543 704 358
 279 440 166 87 248 534 695 613 351 512 430 78 239 157 740
 658 579 476 394 315 203 121 42 595 516 677 412 333 494 139
 60 221 588 749 667 324 485 403 51 212 130 713 631 552 449
 367 288 257 175 96 298 462 380 34 198 116 571 735 653 453
 371 289 270 188 106 726 644 562 416 334 498 152 70 234 608
 526 690 271 435 353 88 252 170 544 708 626 507 425 343 243
 161 79 699 617 535 389 307 471 125 43 207 662 580 744 325
 489 407 61 225 143 517 681 599 480 398 316 216 134 52 753
 671 589 362 280 444 179 97 261 635 553 717 460 381 299 196
 117 35 733 654 572 372 290 451 189 107 268 645 563 724 335
 496 417 71 232 153 527 688 609 433 354 272 250 171 89 706
 627 545 426 344 505 162 80 241 618 536 697 308 469 390 44
 205 126 581 742 663 487 408 326 223 144 62 679 600 518 399
 317 478 135 53 214 672 590 751 281 442 363 98 259 180 554
 715 636 379 300 461 115 36 197 652 573 734 291 452 370 108
 269 187 564 725 643 497 415 336 233 151 72 689 607 528 352
 273 434 169 90 251 625 546 707 345 506 424 81 242 160 537
 698 616 470 388 309 206 124 45 743 661 582 406 327 488 142
 63 224 598 519 680 318 479 397 54 215 133 591 752 670 443
 361 282 260 178 99 716 634 555 757 812 821 830 813 822 831
 814 823 832 815 824 833 816 825 834 817 826 835 818 827 836
 819 828 837 820 829 838 785 787 786 791 793 792 788 790 789
 805 804 803 811 810 809 808 807 806 795 794 796 801 800 802
 798 797 799 1082 1083 1084 1104 1105 1103 1099 1097 1098 1093 1091 1092
 1085 1086 1087 1107 1108 1106 1101 1102 1100 1096 1094 1095 1088 1089 1090
 974 983 992 981 990 999 979 988 997 989 998 980 987 996 978
 985 994 976 995 977 986 993 975 984 1000 982 991 893 897 901
 917 912 916 905 909 904 900 895 896 915 919 911 903 907 908
 898 899 894 913 914 918 910 902 906 1109 1123 1134 1111 1122 1133
 1110 1121 1135 1115 1120 1131 1117 1119 1130 1116 1118 1132 1112 1126 1128
 1114 1125 1127 1113 1124 1129 1271 1279 1275 1297 1293 1289 1284 1280 1288
 1296 1292 1291 1283 1282 1287 1273 1278 1274 1285 1281 1286 1272 1277 1276
 1295 1294 1290 1325 1349 1337 1345 1342 1330 1335 1332 1347 1333 1348 1336
 1350 1338 1326 1340 1328 1343 1329 1344 1341 1346 1334 1331 1339 1327 1351
 1298 1319 1313 1302 1323 1308 1306 1318 1312 1321 1315 1300 1322 1307 1301
 1317 1311 1305 1314 1299 1320 1309 1303 1324 1310 1304 1316 1028 1033 1035
 1044 1037 1042 1051 1053 1046 1049 1054 1047 1029 1031 1036 1045 1038 1040
 1043 1039 1041 1050 1052 1048 1030 1032 1034 1217 1240 1233 1232 1219 1239
 1238 1234 1218 1235 1231 1224 1223 1237 1230 1229 1225 1236 1226 1222 1242
 1241 1228 1221 1220 1243 1227 1433 1455 1450 1445 1440 1453 1457 1443 1438
 1442 1437 1459 1454 1449 1435 1439 1452 1447 1451 1446 1441 1436 1458 1444
 1448 1434 1456 758 764 761 778 784 781 768 774 771 766 763 760
 783 780 777 773 770 767 762 759 765 779 776 782 772 769 775
 866 877 885 891 872 883 880 888 869 871 879 887 884 868 876
 882 890 874 873 881 892 889 870 878 875 886 867 920 936 943
 930 946 923 940 926 933 939 928 932 922 935 942 929 945 925
 931 944 924 938 927 934 921 937 941 1244 1254 1264 1262 1245 1255
 1253 1263 1246 1270 1250 1260 1261 1268 1251 1252 1259 1269 1257 1267 1247
 1248 1258 1265 1266 1249 1256 947 973 960 970 957 953 963 950 967
 961 948 971 954 968 958 965 964 951 972 959 949 956 955 969
 952 966 962 1001 1026 1015 1018 1004 1020 1023 1012 1007 1005 1021 1016
 1010 1008 1024 1027 1013 1002 1009 1022 1011 1014 1003 1025 1019 1017 1006
 1460 1463 1466 1469 1472 1475 1478 1481 1484 1462 1465 1468 1471 1474 1477
 1480 1483 1486 1461 1464 1467 1470 1473 1476 1479 1482 1485 1136 1149 1162
 1150 1160 1137 1161 1138 1148 1153 1154 1140 1155 1141 1151 1139 1152 1156
 1158 1144 1145 1142 1146 1159 1147 1157 1143 839 854 860 844 850 865
 846 852 858 863 842 848 859 847 853 861 840 855 851 857 845
 856 862 841 849 864 843 1190 1208 1199 1193 1211 1202 1196 1214 1205
 1206 1197 1215 1200 1191 1209 1203 1194 1212 1213 1204 1195 1216 1207 1198
 1210 1201 1192 1487 1494 1492 1498 1502 1500 1506 1513 1508 1499 1497 1504
 1510 1505 1512 1491 1489 1493 1511 1509 1507 1495 1490 1488 1503 1501 1496
 1055 1067 1079 1074 1059 1071 1066 1078 1063 1068 1080 1056 1060 1072 1075
 1076 1061 1064 1081 1057 1069 1070 1073 1058 1062 1065 1077 1352 1369 1374
 1365 1370 1360 1378 1356 1361 1353 1367 1375 1366 1371 1358 1376 1357 1362
 1354 1368 1373 1364 1372 1359 1377 1355 1363 1379 1399 1389 1400 1393 1383
 1394 1387 1404 1401 1391 1384 1395 1385 1405 1380 1397 1390 1396 1386 1403
 1381 1398 1388 1402 1392 1382 1163 1169 1166 1171 1168 1165 1167 1164 1170
 1173 1179 1176 1178 1175 1172 1177 1174 1180 1183 1189 1186 1188 1185 1182
 1184 1181 1187 1406 1425 1417 1407 1426 1415 1408 1424 1416 1409 1428 1420
 1410 1429 1418 1411 1427 1419 1412 1431 1423 1413 1432 1421 1414 1430 1422
