<v, Krein array>
<8892, [ 351, 350, 6084/19, 39, 1, 585/19, 312, 351 ]>

P =
[   1  945 7000  945    1]
[   1  105    0 -105   -1]
[   1    9  -20    9    1]
[   1   -9    0    9   -1]
[   1  -81  160  -81    1]

Q =
[    1   351  3990  4095   455]
[    1    39    38   -39   -39]
[    1     0 -57/5     0  52/5]
[    1   -39    38    39   -39]
[    1  -351  3990 -4095   455]

L = 
[
    [1 0 0 0 0]
    [0 1 0 0 0]
    [0 0 1 0 0]
    [0 0 0 1 0]
    [0 0 0 0 1],

    [  0 945   0   0   0]
    [  1 120 800  24   0]
    [  0 108 729 108   0]
    [  0  24 800 120   1]
    [  0   0   0 945   0],

    [   0    0 7000    0    0]
    [   0  800 5400  800    0]
    [   1  729 5540  729    1]
    [   0  800 5400  800    0]
    [   0    0 7000    0    0],

    [  0   0   0 945   0]
    [  0  24 800 120   1]
    [  0 108 729 108   0]
    [  1 120 800  24   0]
    [  0 945   0   0   0],

    [0 0 0 0 1]
    [0 0 0 1 0]
    [0 0 1 0 0]
    [0 1 0 0 0]
    [1 0 0 0 0]
]

L* =
[
    [1 0 0 0 0]
    [0 1 0 0 0]
    [0 0 1 0 0]
    [0 0 0 1 0]
    [0 0 0 0 1],

    [      0     351       0       0       0]
    [      1       0     350       0       0]
    [      0  585/19       0 6084/19       0]
    [      0       0     312       0      39]
    [      0       0       0     351       0],

    [      0       0    3990       0       0]
    [      0     350       0    3640       0]
    [      1       0 17917/5       0  2028/5]
    [      0     312       0    3678       0]
    [      0       0 17784/5       0  2166/5],

    [       0        0        0     4095        0]
    [       0        0     3640        0      455]
    [       0  6084/19        0 71721/19        0]
    [       1        0     3678        0      416]
    [       0      351        0     3744        0],

    [     0      0      0      0    455]
    [     0      0      0    455      0]
    [     0      0 2028/5      0  247/5]
    [     0     39      0    416      0]
    [     1      0 2166/5      0  104/5]
]
