<v, Krein array>
<1932, [ 21, 20, 441/23, 49/3, 1, 42/23, 14/3, 21 ]>

P =
[   1  405 1120  405    1]
[   1  135    0 -135   -1]
[   1   27  -56   27    1]
[   1   -3    0    3   -1]
[   1   -9   16   -9    1]

Q =
[    1    21   230   945   735]
[    1     7  46/3    -7 -49/3]
[    1     0 -23/2     0  21/2]
[    1    -7  46/3     7 -49/3]
[    1   -21   230  -945   735]

L = 
[
    [1 0 0 0 0]
    [0 1 0 0 0]
    [0 0 1 0 0]
    [0 0 0 1 0]
    [0 0 0 0 1],

    [  0 405   0   0   0]
    [  1 156 224  24   0]
    [  0  81 243  81   0]
    [  0  24 224 156   1]
    [  0   0   0 405   0],

    [   0    0 1120    0    0]
    [   0  224  672  224    0]
    [   1  243  632  243    1]
    [   0  224  672  224    0]
    [   0    0 1120    0    0],

    [  0   0   0 405   0]
    [  0  24 224 156   1]
    [  0  81 243  81   0]
    [  1 156 224  24   0]
    [  0 405   0   0   0],

    [0 0 0 0 1]
    [0 0 0 1 0]
    [0 0 1 0 0]
    [0 1 0 0 0]
    [1 0 0 0 0]
]

L* =
[
    [1 0 0 0 0]
    [0 1 0 0 0]
    [0 0 1 0 0]
    [0 0 0 1 0]
    [0 0 0 0 1],

    [     0     21      0      0      0]
    [     1      0     20      0      0]
    [     0  42/23      0 441/23      0]
    [     0      0   14/3      0   49/3]
    [     0      0      0     21      0],

    [    0     0   230     0     0]
    [    0    20     0   210     0]
    [    1     0 115/2     0 343/2]
    [    0  14/3     0 676/3     0]
    [    0     0 161/3     0 529/3],

    [       0        0        0      945        0]
    [       0        0      210        0      735]
    [       0   441/23        0 21294/23        0]
    [       1        0    676/3        0   2156/3]
    [       0       21        0      924        0],

    [     0      0      0      0    735]
    [     0      0      0    735      0]
    [     0      0  343/2      0 1127/2]
    [     0   49/3      0 2156/3      0]
    [     1      0  529/3      0 1673/3]
]
