<v, Krein array>
<2312, [ 136, 135, 119, 10, 1, 17, 126, 136 ]>

P =
[   1  480 1350  480    1]
[   1   60    0  -60   -1]
[   1    4  -10    4    1]
[   1   -8    0    8   -1]
[   1  -64  126  -64    1]

Q =
[    1   136  1080  1020    75]
[    1    17     9   -17   -10]
[    1     0    -8     0     7]
[    1   -17     9    17   -10]
[    1  -136  1080 -1020    75]

L = 
[
    [1 0 0 0 0]
    [0 1 0 0 0]
    [0 0 1 0 0]
    [0 0 0 1 0]
    [0 0 0 0 1],

    [  0 480   0   0   0]
    [  1 108 315  56   0]
    [  0 112 256 112   0]
    [  0  56 315 108   1]
    [  0   0   0 480   0],

    [   0    0 1350    0    0]
    [   0  315  720  315    0]
    [   1  256  836  256    1]
    [   0  315  720  315    0]
    [   0    0 1350    0    0],

    [  0   0   0 480   0]
    [  0  56 315 108   1]
    [  0 112 256 112   0]
    [  1 108 315  56   0]
    [  0 480   0   0   0],

    [0 0 0 0 1]
    [0 0 0 1 0]
    [0 0 1 0 0]
    [0 1 0 0 0]
    [1 0 0 0 0]
]

L* =
[
    [1 0 0 0 0]
    [0 1 0 0 0]
    [0 0 1 0 0]
    [0 0 0 1 0]
    [0 0 0 0 1],

    [  0 136   0   0   0]
    [  1   0 135   0   0]
    [  0  17   0 119   0]
    [  0   0 126   0  10]
    [  0   0   0 136   0],

    [   0    0 1080    0    0]
    [   0  135    0  945    0]
    [   1    0 1009    0   70]
    [   0  126    0  954    0]
    [   0    0 1008    0   72],

    [   0    0    0 1020    0]
    [   0    0  945    0   75]
    [   0  119    0  901    0]
    [   1    0  954    0   65]
    [   0  136    0  884    0],

    [ 0  0  0  0 75]
    [ 0  0  0 75  0]
    [ 0  0 70  0  5]
    [ 0 10  0 65  0]
    [ 1  0 72  0  2]
]
