<v, Krein array>
<1798, [ 31, 30, 6727/232, 31/2, 1, 465/232, 31/2, 31 ]>

P =
[   1  448  900  448    1]
[   1  112    0 -112   -1]
[   1   14  -30   14    1]
[   1   -4    0    4   -1]
[   1  -16   30  -16    1]

Q =
[      1      31     464     868     434]
[      1    31/4    29/2   -31/4   -31/2]
[      1       0 -232/15       0  217/15]
[      1   -31/4    29/2    31/4   -31/2]
[      1     -31     464    -868     434]

L = 
[
    [1 0 0 0 0]
    [0 1 0 0 0]
    [0 0 1 0 0]
    [0 0 0 1 0]
    [0 0 0 0 1],

    [  0 448   0   0   0]
    [  1 165 225  57   0]
    [  0 112 224 112   0]
    [  0  57 225 165   1]
    [  0   0   0 448   0],

    [  0   0 900   0   0]
    [  0 225 450 225   0]
    [  1 224 450 224   1]
    [  0 225 450 225   0]
    [  0   0 900   0   0],

    [  0   0   0 448   0]
    [  0  57 225 165   1]
    [  0 112 224 112   0]
    [  1 165 225  57   0]
    [  0 448   0   0   0],

    [0 0 0 0 1]
    [0 0 0 1 0]
    [0 0 1 0 0]
    [0 1 0 0 0]
    [1 0 0 0 0]
]

L* =
[
    [1 0 0 0 0]
    [0 1 0 0 0]
    [0 0 1 0 0]
    [0 0 0 1 0]
    [0 0 0 0 1],

    [       0       31        0        0        0]
    [       1        0       30        0        0]
    [       0  465/232        0 6727/232        0]
    [       0        0     31/2        0     31/2]
    [       0        0        0       31        0],

    [      0       0     464       0       0]
    [      0      30       0     434       0]
    [      1       0 7163/30       0 6727/30]
    [      0    31/2       0   897/2       0]
    [      0       0 3596/15       0 3364/15],

    [         0          0          0        868          0]
    [         0          0        434          0        434]
    [         0   6727/232          0 194649/232          0]
    [         1          0      897/2          0      837/2]
    [         0         31          0        837          0],

    [      0       0       0       0     434]
    [      0       0       0     434       0]
    [      0       0 6727/30       0 6293/30]
    [      0    31/2       0   837/2       0]
    [      1       0 3364/15       0 3131/15]
]
