<v, Krein array>
<9900, [ 405, 404, 4050/11, 45, 1, 405/11, 360, 405 ]>

P =
[   1  909 8080  909    1]
[   1  101    0 -101   -1]
[   1    9  -20    9    1]
[   1   -9    0    9   -1]
[   1  -81  160  -81    1]

Q =
[    1   405  4444  4545   505]
[    1    45    44   -45   -45]
[    1     0   -11     0    10]
[    1   -45    44    45   -45]
[    1  -405  4444 -4545   505]

L = 
[
    [1 0 0 0 0]
    [0 1 0 0 0]
    [0 0 1 0 0]
    [0 0 0 1 0]
    [0 0 0 0 1],

    [  0 909   0   0   0]
    [  1 100 800   8   0]
    [  0  90 729  90   0]
    [  0   8 800 100   1]
    [  0   0   0 909   0],

    [   0    0 8080    0    0]
    [   0  800 6480  800    0]
    [   1  729 6620  729    1]
    [   0  800 6480  800    0]
    [   0    0 8080    0    0],

    [  0   0   0 909   0]
    [  0   8 800 100   1]
    [  0  90 729  90   0]
    [  1 100 800   8   0]
    [  0 909   0   0   0],

    [0 0 0 0 1]
    [0 0 0 1 0]
    [0 0 1 0 0]
    [0 1 0 0 0]
    [1 0 0 0 0]
]

L* =
[
    [1 0 0 0 0]
    [0 1 0 0 0]
    [0 0 1 0 0]
    [0 0 0 1 0]
    [0 0 0 0 1],

    [      0     405       0       0       0]
    [      1       0     404       0       0]
    [      0  405/11       0 4050/11       0]
    [      0       0     360       0      45]
    [      0       0       0     405       0],

    [   0    0 4444    0    0]
    [   0  404    0 4040    0]
    [   1    0 3993    0  450]
    [   0  360    0 4084    0]
    [   0    0 3960    0  484],

    [       0        0        0     4545        0]
    [       0        0     4040        0      505]
    [       0  4050/11        0 45945/11        0]
    [       1        0     4084        0      460]
    [       0      405        0     4140        0],

    [  0   0   0   0 505]
    [  0   0   0 505   0]
    [  0   0 450   0  55]
    [  0  45   0 460   0]
    [  1   0 484   0  20]
]
