<v, Krein array>
<6272, [ 56, 55, 1344/25, 32, 1, 56/25, 24, 56 ]>

P =
[   1 1375 3520 1375    1]
[   1  275    0 -275   -1]
[   1   31  -64   31    1]
[   1   -5    0    5   -1]
[   1  -25   48  -25    1]

Q =
[    1    56  1375  3080  1760]
[    1  56/5    31 -56/5   -32]
[    1     0   -25     0    24]
[    1 -56/5    31  56/5   -32]
[    1   -56  1375 -3080  1760]

L = 
[
    [1 0 0 0 0]
    [0 1 0 0 0]
    [0 0 1 0 0]
    [0 0 0 1 0]
    [0 0 0 0 1],

    [   0 1375    0    0    0]
    [   1  438  768  168    0]
    [   0  300  775  300    0]
    [   0  168  768  438    1]
    [   0    0    0 1375    0],

    [   0    0 3520    0    0]
    [   0  768 1984  768    0]
    [   1  775 1968  775    1]
    [   0  768 1984  768    0]
    [   0    0 3520    0    0],

    [   0    0    0 1375    0]
    [   0  168  768  438    1]
    [   0  300  775  300    0]
    [   1  438  768  168    0]
    [   0 1375    0    0    0],

    [0 0 0 0 1]
    [0 0 0 1 0]
    [0 0 1 0 0]
    [0 1 0 0 0]
    [1 0 0 0 0]
]

L* =
[
    [1 0 0 0 0]
    [0 1 0 0 0]
    [0 0 1 0 0]
    [0 0 0 1 0]
    [0 0 0 0 1],

    [      0      56       0       0       0]
    [      1       0      55       0       0]
    [      0   56/25       0 1344/25       0]
    [      0       0      24       0      32]
    [      0       0       0      56       0],

    [   0    0 1375    0    0]
    [   0   55    0 1320    0]
    [   1    0  606    0  768]
    [   0   24    0 1351    0]
    [   0    0  600    0  775],

    [       0        0        0     3080        0]
    [       0        0     1320        0     1760]
    [       0  1344/25        0 75656/25        0]
    [       1        0     1351        0     1728]
    [       0       56        0     3024        0],

    [   0    0    0    0 1760]
    [   0    0    0 1760    0]
    [   0    0  768    0  992]
    [   0   32    0 1728    0]
    [   1    0  775    0  984]
]
