<v, Krein array>
<2652, [ 51, 50, 31212/637, 51/25, 1, 1275/637, 1224/25, 51 ]>

P =
[   1 1225  200 1225    1]
[   1  175    0 -175   -1]
[   1    1   -4    1    1]
[   1   -7    0    7   -1]
[   1  -49   96  -49    1]

Q =
[      1      51    1274    1275      51]
[      1    51/7   26/25   -51/7  -51/25]
[      1       0 -637/25       0  612/25]
[      1   -51/7   26/25    51/7  -51/25]
[      1     -51    1274   -1275      51]

L = 
[
    [1 0 0 0 0]
    [0 1 0 0 0]
    [0 0 1 0 0]
    [0 0 0 1 0]
    [0 0 0 0 1],

    [   0 1225    0    0    0]
    [   1  648   96  480    0]
    [   0  588   49  588    0]
    [   0  480   96  648    1]
    [   0    0    0 1225    0],

    [  0   0 200   0   0]
    [  0  96   8  96   0]
    [  1  49 100  49   1]
    [  0  96   8  96   0]
    [  0   0 200   0   0],

    [   0    0    0 1225    0]
    [   0  480   96  648    1]
    [   0  588   49  588    0]
    [   1  648   96  480    0]
    [   0 1225    0    0    0],

    [0 0 0 0 1]
    [0 0 0 1 0]
    [0 0 1 0 0]
    [0 1 0 0 0]
    [1 0 0 0 0]
]

L* =
[
    [1 0 0 0 0]
    [0 1 0 0 0]
    [0 0 1 0 0]
    [0 0 0 1 0]
    [0 0 0 0 1],

    [        0        51         0         0         0]
    [        1         0        50         0         0]
    [        0  1275/637         0 31212/637         0]
    [        0         0   1224/25         0     51/25]
    [        0         0         0        51         0],

    [         0          0       1274          0          0]
    [         0         50          0       1224          0]
    [         1          0 764413/625          0  31212/625]
    [         0    1224/25          0   30626/25          0]
    [         0          0 779688/625          0  16562/625],

    [         0          0          0       1275          0]
    [         0          0       1224          0         51]
    [         0  31212/637          0 780963/637          0]
    [         1          0   30626/25          0    1224/25]
    [         0         51          0       1224          0],

    [        0         0         0         0        51]
    [        0         0         0        51         0]
    [        0         0 31212/625         0   663/625]
    [        0     51/25         0   1224/25         0]
    [        1         0 16562/625         0 14688/625]
]
