<v, Krein array>
<572, [ 26, 25, 507/22, 13/2, 1, 65/22, 39/2, 26 ]>

P =
[  1 160 250 160   1]
[  1  40   0 -40  -1]
[  1   4 -10   4   1]
[  1  -4   0   4  -1]
[  1 -16  30 -16   1]

Q =
[    1    26   220   260    65]
[    1  13/2  11/2 -13/2 -13/2]
[    1     0 -44/5     0  39/5]
[    1 -13/2  11/2  13/2 -13/2]
[    1   -26   220  -260    65]

L = 
[
    [1 0 0 0 0]
    [0 1 0 0 0]
    [0 0 1 0 0]
    [0 0 0 1 0]
    [0 0 0 0 1],

    [  0 160   0   0   0]
    [  1  60  75  24   0]
    [  0  48  64  48   0]
    [  0  24  75  60   1]
    [  0   0   0 160   0],

    [  0   0 250   0   0]
    [  0  75 100  75   0]
    [  1  64 120  64   1]
    [  0  75 100  75   0]
    [  0   0 250   0   0],

    [  0   0   0 160   0]
    [  0  24  75  60   1]
    [  0  48  64  48   0]
    [  1  60  75  24   0]
    [  0 160   0   0   0],

    [0 0 0 0 1]
    [0 0 0 1 0]
    [0 0 1 0 0]
    [0 1 0 0 0]
    [1 0 0 0 0]
]

L* =
[
    [1 0 0 0 0]
    [0 1 0 0 0]
    [0 0 1 0 0]
    [0 0 0 1 0]
    [0 0 0 0 1],

    [     0     26      0      0      0]
    [     1      0     25      0      0]
    [     0  65/22      0 507/22      0]
    [     0      0   39/2      0   13/2]
    [     0      0      0     26      0],

    [      0       0     220       0       0]
    [      0      25       0     195       0]
    [      1       0 1683/10       0  507/10]
    [      0    39/2       0   401/2       0]
    [      0       0   858/5       0   242/5],

    [      0       0       0     260       0]
    [      0       0     195       0      65]
    [      0  507/22       0 5213/22       0]
    [      1       0   401/2       0   117/2]
    [      0      26       0     234       0],

    [     0      0      0      0     65]
    [     0      0      0     65      0]
    [     0      0 507/10      0 143/10]
    [     0   13/2      0  117/2      0]
    [     1      0  242/5      0   78/5]
]
