<v, Krein array>
<7482, [ 301, 300, 24037/87, 301/40, 1, 2150/87, 11739/40, 301 ]>

P =
[   1 2240 3000 2240    1]
[   1  160    0 -160   -1]
[   1    4  -10    4    1]
[   1  -14    0   14   -1]
[   1 -196  390 -196    1]

Q =
[      1     301    3654    3440      86]
[      1    43/2  261/40   -43/2 -301/40]
[      1       0 -609/50       0  559/50]
[      1   -43/2  261/40    43/2 -301/40]
[      1    -301    3654   -3440      86]

L = 
[
    [1 0 0 0 0]
    [0 1 0 0 0]
    [0 0 1 0 0]
    [0 0 0 1 0]
    [0 0 0 0 1],

    [   0 2240    0    0    0]
    [   1  705  975  559    0]
    [   0  728  784  728    0]
    [   0  559  975  705    1]
    [   0    0    0 2240    0],

    [   0    0 3000    0    0]
    [   0  975 1050  975    0]
    [   1  784 1430  784    1]
    [   0  975 1050  975    0]
    [   0    0 3000    0    0],

    [   0    0    0 2240    0]
    [   0  559  975  705    1]
    [   0  728  784  728    0]
    [   1  705  975  559    0]
    [   0 2240    0    0    0],

    [0 0 0 0 1]
    [0 0 0 1 0]
    [0 0 1 0 0]
    [0 1 0 0 0]
    [1 0 0 0 0]
]

L* =
[
    [1 0 0 0 0]
    [0 1 0 0 0]
    [0 0 1 0 0]
    [0 0 0 1 0]
    [0 0 0 0 1],

    [       0      301        0        0        0]
    [       1        0      300        0        0]
    [       0  2150/87        0 24037/87        0]
    [       0        0 11739/40        0   301/40]
    [       0        0        0      301        0],

    [           0            0         3654            0            0]
    [           0          300            0         3354            0]
    [           1            0 7137741/2000            0  168259/2000]
    [           0     11739/40            0    134421/40            0]
    [           0            0 7149051/2000            0  158949/2000],

    [        0         0         0      3440         0]
    [        0         0      3354         0        86]
    [        0  24037/87         0 275243/87         0]
    [        1         0 134421/40         0   3139/40]
    [        0       301         0      3139         0],

    [          0           0           0           0          86]
    [          0           0           0          86           0]
    [          0           0 168259/2000           0   3741/2000]
    [          0      301/40           0     3139/40           0]
    [          1           0 158949/2000           0  11051/2000]
]
