<v, Krein array>
<6432, [ 201, 200, 4489/24, 67/3, 1, 335/24, 536/3, 201 ]>

P =
[   1 1215 4000 1215    1]
[   1  135    0 -135   -1]
[   1    9  -20    9    1]
[   1   -9    0    9   -1]
[   1  -81  160  -81    1]

Q =
[    1   201  2880  3015   335]
[    1  67/3  64/3 -67/3 -67/3]
[    1     0 -72/5     0  67/5]
[    1 -67/3  64/3  67/3 -67/3]
[    1  -201  2880 -3015   335]

L = 
[
    [1 0 0 0 0]
    [0 1 0 0 0]
    [0 0 1 0 0]
    [0 0 0 1 0]
    [0 0 0 0 1],

    [   0 1215    0    0    0]
    [   1  270  800  144    0]
    [   0  243  729  243    0]
    [   0  144  800  270    1]
    [   0    0    0 1215    0],

    [   0    0 4000    0    0]
    [   0  800 2400  800    0]
    [   1  729 2540  729    1]
    [   0  800 2400  800    0]
    [   0    0 4000    0    0],

    [   0    0    0 1215    0]
    [   0  144  800  270    1]
    [   0  243  729  243    0]
    [   1  270  800  144    0]
    [   0 1215    0    0    0],

    [0 0 0 0 1]
    [0 0 0 1 0]
    [0 0 1 0 0]
    [0 1 0 0 0]
    [1 0 0 0 0]
]

L* =
[
    [1 0 0 0 0]
    [0 1 0 0 0]
    [0 0 1 0 0]
    [0 0 0 1 0]
    [0 0 0 0 1],

    [      0     201       0       0       0]
    [      1       0     200       0       0]
    [      0  335/24       0 4489/24       0]
    [      0       0   536/3       0    67/3]
    [      0       0       0     201       0],

    [       0        0     2880        0        0]
    [       0      200        0     2680        0]
    [       1        0 38696/15        0  4489/15]
    [       0    536/3        0   8104/3        0]
    [       0        0  12864/5        0   1536/5],

    [       0        0        0     3015        0]
    [       0        0     2680        0      335]
    [       0  4489/24        0 67871/24        0]
    [       1        0   8104/3        0    938/3]
    [       0      201        0     2814        0],

    [      0       0       0       0     335]
    [      0       0       0     335       0]
    [      0       0 4489/15       0  536/15]
    [      0    67/3       0   938/3       0]
    [      1       0  1536/5       0   134/5]
]
