<v, Krein array>
<6450, [ 105, 104, 4320/43, 357/13, 1, 195/43, 1008/13, 105 ]>

P =
[   1 1456 3536 1456    1]
[   1  208    0 -208   -1]
[   1   16  -34   16    1]
[   1   -7    0    7   -1]
[   1  -49   96  -49    1]

Q =
[      1     105    2408    3120     816]
[      1      15  344/13     -15 -357/13]
[      1       0 -301/13       0  288/13]
[      1     -15  344/13      15 -357/13]
[      1    -105    2408   -3120     816]

L = 
[
    [1 0 0 0 0]
    [0 1 0 0 0]
    [0 0 1 0 0]
    [0 0 0 1 0]
    [0 0 0 0 1],

    [   0 1456    0    0    0]
    [   1  420  816  219    0]
    [   0  336  784  336    0]
    [   0  219  816  420    1]
    [   0    0    0 1456    0],

    [   0    0 3536    0    0]
    [   0  816 1904  816    0]
    [   1  784 1966  784    1]
    [   0  816 1904  816    0]
    [   0    0 3536    0    0],

    [   0    0    0 1456    0]
    [   0  219  816  420    1]
    [   0  336  784  336    0]
    [   1  420  816  219    0]
    [   0 1456    0    0    0],

    [0 0 0 0 1]
    [0 0 0 1 0]
    [0 0 1 0 0]
    [0 1 0 0 0]
    [1 0 0 0 0]
]

L* =
[
    [1 0 0 0 0]
    [0 1 0 0 0]
    [0 0 1 0 0]
    [0 0 0 1 0]
    [0 0 0 0 1],

    [      0     105       0       0       0]
    [      1       0     104       0       0]
    [      0  195/43       0 4320/43       0]
    [      0       0 1008/13       0  357/13]
    [      0       0       0     105       0],

    [         0          0       2408          0          0]
    [         0        104          0       2304          0]
    [         1          0 303967/169          0 102816/169]
    [         0    1008/13          0   30296/13          0]
    [         0          0 303408/169          0 103544/169],

    [        0         0         0      3120         0]
    [        0         0      2304         0       816]
    [        0   4320/43         0 129840/43         0]
    [        1         0  30296/13         0  10251/13]
    [        0       105         0      3015         0],

    [         0          0          0          0        816]
    [         0          0          0        816          0]
    [         0          0 102816/169          0  35088/169]
    [         0     357/13          0   10251/13          0]
    [         1          0 103544/169          0  34191/169]
]
