<v, Krein array>
<4794, [ 141, 140, 2209/17, 611/16, 1, 188/17, 1645/16, 141 ]>

P =
[   1  576 3640  576    1]
[   1   96    0  -96   -1]
[   1   12  -26   12    1]
[   1   -6    0    6   -1]
[   1  -36   70  -36    1]

Q =
[      1     141    1785    2256     611]
[      1    47/2  595/16   -47/2 -611/16]
[      1       0   -51/4       0    47/4]
[      1   -47/2  595/16    47/2 -611/16]
[      1    -141    1785   -2256     611]

L = 
[
    [1 0 0 0 0]
    [0 1 0 0 0]
    [0 0 1 0 0]
    [0 0 0 1 0]
    [0 0 0 0 1],

    [  0 576   0   0   0]
    [  1 105 455  15   0]
    [  0  72 432  72   0]
    [  0  15 455 105   1]
    [  0   0   0 576   0],

    [   0    0 3640    0    0]
    [   0  455 2730  455    0]
    [   1  432 2774  432    1]
    [   0  455 2730  455    0]
    [   0    0 3640    0    0],

    [  0   0   0 576   0]
    [  0  15 455 105   1]
    [  0  72 432  72   0]
    [  1 105 455  15   0]
    [  0 576   0   0   0],

    [0 0 0 0 1]
    [0 0 0 1 0]
    [0 0 1 0 0]
    [0 1 0 0 0]
    [1 0 0 0 0]
]

L* =
[
    [1 0 0 0 0]
    [0 1 0 0 0]
    [0 0 1 0 0]
    [0 0 0 1 0]
    [0 0 0 0 1],

    [      0     141       0       0       0]
    [      1       0     140       0       0]
    [      0  188/17       0 2209/17       0]
    [      0       0 1645/16       0  611/16]
    [      0       0       0     141       0],

    [       0        0     1785        0        0]
    [       0      140        0     1645        0]
    [       1        0 85459/64        0 28717/64]
    [       0  1645/16        0 26915/16        0]
    [       0        0 83895/64        0 30345/64],

    [       0        0        0     2256        0]
    [       0        0     1645        0      611]
    [       0  2209/17        0 36143/17        0]
    [       1        0 26915/16        0  9165/16]
    [       0      141        0     2115        0],

    [       0        0        0        0      611]
    [       0        0        0      611        0]
    [       0        0 28717/64        0 10387/64]
    [       0   611/16        0  9165/16        0]
    [       1        0 30345/64        0  8695/64]
]
