<v, Krein array>
<2060, [ 50, 49, 4800/103, 110/7, 1, 350/103, 240/7, 50 ]>

P =
[   1  490 1078  490    1]
[   1   98    0  -98   -1]
[   1   10  -22   10    1]
[   1   -5    0    5   -1]
[   1  -25   48  -25    1]

Q =
[     1     50    721    980    308]
[     1     10  103/7    -10 -110/7]
[     1      0 -103/7      0   96/7]
[     1    -10  103/7     10 -110/7]
[     1    -50    721   -980    308]

L = 
[
    [1 0 0 0 0]
    [0 1 0 0 0]
    [0 0 1 0 0]
    [0 0 0 1 0]
    [0 0 0 0 1],

    [  0 490   0   0   0]
    [  1 159 264  66   0]
    [  0 120 250 120   0]
    [  0  66 264 159   1]
    [  0   0   0 490   0],

    [   0    0 1078    0    0]
    [   0  264  550  264    0]
    [   1  250  576  250    1]
    [   0  264  550  264    0]
    [   0    0 1078    0    0],

    [  0   0   0 490   0]
    [  0  66 264 159   1]
    [  0 120 250 120   0]
    [  1 159 264  66   0]
    [  0 490   0   0   0],

    [0 0 0 0 1]
    [0 0 0 1 0]
    [0 0 1 0 0]
    [0 1 0 0 0]
    [1 0 0 0 0]
]

L* =
[
    [1 0 0 0 0]
    [0 1 0 0 0]
    [0 0 1 0 0]
    [0 0 0 1 0]
    [0 0 0 0 1],

    [       0       50        0        0        0]
    [       1        0       49        0        0]
    [       0  350/103        0 4800/103        0]
    [       0        0    240/7        0    110/7]
    [       0        0        0       50        0],

    [       0        0      721        0        0]
    [       0       49        0      672        0]
    [       1        0 24720/49        0 10560/49]
    [       0    240/7        0   4807/7        0]
    [       0        0 24720/49        0 10609/49],

    [        0         0         0       980         0]
    [        0         0       672         0       308]
    [        0  4800/103         0 96140/103         0]
    [        1         0    4807/7         0    2046/7]
    [        0        50         0       930         0],

    [       0        0        0        0      308]
    [       0        0        0      308        0]
    [       0        0 10560/49        0  4532/49]
    [       0    110/7        0   2046/7        0]
    [       1        0 10609/49        0  4434/49]
]
