<v, Krein array>
<2888, [ 38, 37, 285/8, 23, 1, 19/8, 15, 38 ]>

P =
[   1  592 1702  592    1]
[   1  148    0 -148   -1]
[   1   22  -46   22    1]
[   1   -4    0    4   -1]
[   1  -16   30  -16    1]

Q =
[    1    38   592  1406   851]
[    1  19/2    22 -19/2   -23]
[    1     0   -16     0    15]
[    1 -19/2    22  19/2   -23]
[    1   -38   592 -1406   851]

L = 
[
    [1 0 0 0 0]
    [0 1 0 0 0]
    [0 0 1 0 0]
    [0 0 0 1 0]
    [0 0 0 0 1],

    [  0 592   0   0   0]
    [  1 195 345  51   0]
    [  0 120 352 120   0]
    [  0  51 345 195   1]
    [  0   0   0 592   0],

    [   0    0 1702    0    0]
    [   0  345 1012  345    0]
    [   1  352  996  352    1]
    [   0  345 1012  345    0]
    [   0    0 1702    0    0],

    [  0   0   0 592   0]
    [  0  51 345 195   1]
    [  0 120 352 120   0]
    [  1 195 345  51   0]
    [  0 592   0   0   0],

    [0 0 0 0 1]
    [0 0 0 1 0]
    [0 0 1 0 0]
    [0 1 0 0 0]
    [1 0 0 0 0]
]

L* =
[
    [1 0 0 0 0]
    [0 1 0 0 0]
    [0 0 1 0 0]
    [0 0 0 1 0]
    [0 0 0 0 1],

    [    0    38     0     0     0]
    [    1     0    37     0     0]
    [    0  19/8     0 285/8     0]
    [    0     0    15     0    23]
    [    0     0     0    38     0],

    [  0   0 592   0   0]
    [  0  37   0 555   0]
    [  1   0 246   0 345]
    [  0  15   0 577   0]
    [  0   0 240   0 352],

    [      0       0       0    1406       0]
    [      0       0     555       0     851]
    [      0   285/8       0 10963/8       0]
    [      1       0     577       0     828]
    [      0      38       0    1368       0],

    [  0   0   0   0 851]
    [  0   0   0 851   0]
    [  0   0 345   0 506]
    [  0  23   0 828   0]
    [  1   0 352   0 498]
]
