<v, Krein array>
<4968, [ 92, 91, 21160/243, 391/13, 1, 1196/243, 805/13, 92 ]>

P =
[   1  936 3094  936    1]
[   1  156    0 -156   -1]
[   1   16  -34   16    1]
[   1   -6    0    6   -1]
[   1  -36   70  -36    1]

Q =
[      1      92    1701    2392     782]
[      1    46/3  378/13   -46/3 -391/13]
[      1       0 -243/13       0  230/13]
[      1   -46/3  378/13    46/3 -391/13]
[      1     -92    1701   -2392     782]

L = 
[
    [1 0 0 0 0]
    [0 1 0 0 0]
    [0 0 1 0 0]
    [0 0 0 1 0]
    [0 0 0 0 1],

    [  0 936   0   0   0]
    [  1 245 595  95   0]
    [  0 180 576 180   0]
    [  0  95 595 245   1]
    [  0   0   0 936   0],

    [   0    0 3094    0    0]
    [   0  595 1904  595    0]
    [   1  576 1940  576    1]
    [   0  595 1904  595    0]
    [   0    0 3094    0    0],

    [  0   0   0 936   0]
    [  0  95 595 245   1]
    [  0 180 576 180   0]
    [  1 245 595  95   0]
    [  0 936   0   0   0],

    [0 0 0 0 1]
    [0 0 0 1 0]
    [0 0 1 0 0]
    [0 1 0 0 0]
    [1 0 0 0 0]
]

L* =
[
    [1 0 0 0 0]
    [0 1 0 0 0]
    [0 0 1 0 0]
    [0 0 0 1 0]
    [0 0 0 0 1],

    [        0        92         0         0         0]
    [        1         0        91         0         0]
    [        0  1196/243         0 21160/243         0]
    [        0         0    805/13         0    391/13]
    [        0         0         0        92         0],

    [         0          0       1701          0          0]
    [         0         91          0       1610          0]
    [         1          0 197370/169          0  89930/169]
    [         0     805/13          0   21308/13          0]
    [         0          0 195615/169          0  91854/169],

    [         0          0          0       2392          0]
    [         0          0       1610          0        782]
    [         0  21160/243          0 560096/243          0]
    [         1          0   21308/13          0    9775/13]
    [         0         92          0       2300          0],

    [        0         0         0         0       782]
    [        0         0         0       782         0]
    [        0         0 89930/169         0 42228/169]
    [        0    391/13         0   9775/13         0]
    [        1         0 91854/169         0 40135/169]
]
