<v, Krein array>
<4250, [ 85, 84, 1445/18, 51/2, 1, 85/18, 119/2, 85 ]>

P =
[   1  864 2520  864    1]
[   1  144    0 -144   -1]
[   1   14  -30   14    1]
[   1   -6    0    6   -1]
[   1  -36   70  -36    1]

Q =
[    1    85  1512  2040   612]
[    1  85/6  49/2 -85/6 -51/2]
[    1     0   -18     0    17]
[    1 -85/6  49/2  85/6 -51/2]
[    1   -85  1512 -2040   612]

L = 
[
    [1 0 0 0 0]
    [0 1 0 0 0]
    [0 0 1 0 0]
    [0 0 0 1 0]
    [0 0 0 0 1],

    [  0 864   0   0   0]
    [  1 238 525 100   0]
    [  0 180 504 180   0]
    [  0 100 525 238   1]
    [  0   0   0 864   0],

    [   0    0 2520    0    0]
    [   0  525 1470  525    0]
    [   1  504 1510  504    1]
    [   0  525 1470  525    0]
    [   0    0 2520    0    0],

    [  0   0   0 864   0]
    [  0 100 525 238   1]
    [  0 180 504 180   0]
    [  1 238 525 100   0]
    [  0 864   0   0   0],

    [0 0 0 0 1]
    [0 0 0 1 0]
    [0 0 1 0 0]
    [0 1 0 0 0]
    [1 0 0 0 0]
]

L* =
[
    [1 0 0 0 0]
    [0 1 0 0 0]
    [0 0 1 0 0]
    [0 0 0 1 0]
    [0 0 0 0 1],

    [      0      85       0       0       0]
    [      1       0      84       0       0]
    [      0   85/18       0 1445/18       0]
    [      0       0   119/2       0    51/2]
    [      0       0       0      85       0],

    [     0      0   1512      0      0]
    [     0     84      0   1428      0]
    [     1      0 2155/2      0  867/2]
    [     0  119/2      0 2905/2      0]
    [     0      0   1071      0    441],

    [       0        0        0     2040        0]
    [       0        0     1428        0      612]
    [       0  1445/18        0 35275/18        0]
    [       1        0   2905/2        0   1173/2]
    [       0       85        0     1955        0],

    [     0      0      0      0    612]
    [     0      0      0    612      0]
    [     0      0  867/2      0  357/2]
    [     0   51/2      0 1173/2      0]
    [     1      0    441      0    170]
]
