<v, Krein array>
<9522, [ 69, 68, 1656/25, 45, 1, 69/25, 24, 69 ]>

P =
[   1 1700 6120 1700    1]
[   1  340    0 -340   -1]
[   1   44  -90   44    1]
[   1   -5    0    5   -1]
[   1  -25   48  -25    1]

Q =
[    1    69  1700  4692  3060]
[    1  69/5    44 -69/5   -45]
[    1     0   -25     0    24]
[    1 -69/5    44  69/5   -45]
[    1   -69  1700 -4692  3060]

L = 
[
    [1 0 0 0 0]
    [0 1 0 0 0]
    [0 0 1 0 0]
    [0 0 0 1 0]
    [0 0 0 0 1],

    [   0 1700    0    0    0]
    [   1  477 1080  142    0]
    [   0  300 1100  300    0]
    [   0  142 1080  477    1]
    [   0    0    0 1700    0],

    [   0    0 6120    0    0]
    [   0 1080 3960 1080    0]
    [   1 1100 3918 1100    1]
    [   0 1080 3960 1080    0]
    [   0    0 6120    0    0],

    [   0    0    0 1700    0]
    [   0  142 1080  477    1]
    [   0  300 1100  300    0]
    [   1  477 1080  142    0]
    [   0 1700    0    0    0],

    [0 0 0 0 1]
    [0 0 0 1 0]
    [0 0 1 0 0]
    [0 1 0 0 0]
    [1 0 0 0 0]
]

L* =
[
    [1 0 0 0 0]
    [0 1 0 0 0]
    [0 0 1 0 0]
    [0 0 0 1 0]
    [0 0 0 0 1],

    [      0      69       0       0       0]
    [      1       0      68       0       0]
    [      0   69/25       0 1656/25       0]
    [      0       0      24       0      45]
    [      0       0       0      69       0],

    [   0    0 1700    0    0]
    [   0   68    0 1632    0]
    [   1    0  619    0 1080]
    [   0   24    0 1676    0]
    [   0    0  600    0 1100],

    [        0         0         0      4692         0]
    [        0         0      1632         0      3060]
    [        0   1656/25         0 115644/25         0]
    [        1         0      1676         0      3015]
    [        0        69         0      4623         0],

    [   0    0    0    0 3060]
    [   0    0    0 3060    0]
    [   0    0 1080    0 1980]
    [   0   45    0 3015    0]
    [   1    0 1100    0 1959]
]
