<v, Krein array>
<6300, [ 189, 188, 882/5, 21, 1, 63/5, 168, 189 ]>

P =
[   1 1269 3760 1269    1]
[   1  141    0 -141   -1]
[   1    9  -20    9    1]
[   1   -9    0    9   -1]
[   1  -81  160  -81    1]

Q =
[    1   189  2820  2961   329]
[    1    21    20   -21   -21]
[    1     0   -15     0    14]
[    1   -21    20    21   -21]
[    1  -189  2820 -2961   329]

L = 
[
    [1 0 0 0 0]
    [0 1 0 0 0]
    [0 0 1 0 0]
    [0 0 0 1 0]
    [0 0 0 0 1],

    [   0 1269    0    0    0]
    [   1  300  800  168    0]
    [   0  270  729  270    0]
    [   0  168  800  300    1]
    [   0    0    0 1269    0],

    [   0    0 3760    0    0]
    [   0  800 2160  800    0]
    [   1  729 2300  729    1]
    [   0  800 2160  800    0]
    [   0    0 3760    0    0],

    [   0    0    0 1269    0]
    [   0  168  800  300    1]
    [   0  270  729  270    0]
    [   1  300  800  168    0]
    [   0 1269    0    0    0],

    [0 0 0 0 1]
    [0 0 0 1 0]
    [0 0 1 0 0]
    [0 1 0 0 0]
    [1 0 0 0 0]
]

L* =
[
    [1 0 0 0 0]
    [0 1 0 0 0]
    [0 0 1 0 0]
    [0 0 0 1 0]
    [0 0 0 0 1],

    [    0   189     0     0     0]
    [    1     0   188     0     0]
    [    0  63/5     0 882/5     0]
    [    0     0   168     0    21]
    [    0     0     0   189     0],

    [   0    0 2820    0    0]
    [   0  188    0 2632    0]
    [   1    0 2525    0  294]
    [   0  168    0 2652    0]
    [   0    0 2520    0  300],

    [      0       0       0    2961       0]
    [      0       0    2632       0     329]
    [      0   882/5       0 13923/5       0]
    [      1       0    2652       0     308]
    [      0     189       0    2772       0],

    [  0   0   0   0 329]
    [  0   0   0 329   0]
    [  0   0 294   0  35]
    [  0  21   0 308   0]
    [  1   0 300   0  28]
]
