<v, Krein array>
<2862, [ 53, 52, 11236/225, 265/13, 1, 689/225, 424/13, 53 ]>

P =
[   1  650 1560  650    1]
[   1  130    0 -130   -1]
[   1   14  -30   14    1]
[   1   -5    0    5   -1]
[   1  -25   48  -25    1]

Q =
[      1      53     900    1378     530]
[      1    53/5  252/13   -53/5 -265/13]
[      1       0 -225/13       0  212/13]
[      1   -53/5  252/13    53/5 -265/13]
[      1     -53     900   -1378     530]

L = 
[
    [1 0 0 0 0]
    [0 1 0 0 0]
    [0 0 1 0 0]
    [0 0 0 1 0]
    [0 0 0 0 1],

    [  0 650   0   0   0]
    [  1 207 360  82   0]
    [  0 150 350 150   0]
    [  0  82 360 207   1]
    [  0   0   0 650   0],

    [   0    0 1560    0    0]
    [   0  360  840  360    0]
    [   1  350  858  350    1]
    [   0  360  840  360    0]
    [   0    0 1560    0    0],

    [  0   0   0 650   0]
    [  0  82 360 207   1]
    [  0 150 350 150   0]
    [  1 207 360  82   0]
    [  0 650   0   0   0],

    [0 0 0 0 1]
    [0 0 0 1 0]
    [0 0 1 0 0]
    [0 1 0 0 0]
    [1 0 0 0 0]
]

L* =
[
    [1 0 0 0 0]
    [0 1 0 0 0]
    [0 0 1 0 0]
    [0 0 0 1 0]
    [0 0 0 0 1],

    [        0        53         0         0         0]
    [        1         0        52         0         0]
    [        0   689/225         0 11236/225         0]
    [        0         0    424/13         0    265/13]
    [        0         0         0        53         0],

    [        0         0       900         0         0]
    [        0        52         0       848         0]
    [        1         0 95751/169         0 56180/169]
    [        0    424/13         0  11276/13         0]
    [        0         0 95400/169         0 56700/169],

    [         0          0          0       1378          0]
    [         0          0        848          0        530]
    [         0  11236/225          0 298814/225          0]
    [         1          0   11276/13          0    6625/13]
    [         0         53          0       1325          0],

    [        0         0         0         0       530]
    [        0         0         0       530         0]
    [        0         0 56180/169         0 33390/169]
    [        0    265/13         0   6625/13         0]
    [        1         0 56700/169         0 32701/169]
]
