<v, Krein array>
<5792, [ 181, 180, 32761/196, 181/5, 1, 2715/196, 724/5, 181 ]>

P =
[   1  735 4320  735    1]
[   1  105    0 -105   -1]
[   1   11  -24   11    1]
[   1   -7    0    7   -1]
[   1  -49   96  -49    1]

Q =
[      1     181    2352    2715     543]
[      1   181/7   176/5  -181/7  -181/5]
[      1       0 -196/15       0  181/15]
[      1  -181/7   176/5   181/7  -181/5]
[      1    -181    2352   -2715     543]

L = 
[
    [1 0 0 0 0]
    [0 1 0 0 0]
    [0 0 1 0 0]
    [0 0 0 1 0]
    [0 0 0 0 1],

    [  0 735   0   0   0]
    [  1 128 576  30   0]
    [  0  98 539  98   0]
    [  0  30 576 128   1]
    [  0   0   0 735   0],

    [   0    0 4320    0    0]
    [   0  576 3168  576    0]
    [   1  539 3240  539    1]
    [   0  576 3168  576    0]
    [   0    0 4320    0    0],

    [  0   0   0 735   0]
    [  0  30 576 128   1]
    [  0  98 539  98   0]
    [  1 128 576  30   0]
    [  0 735   0   0   0],

    [0 0 0 0 1]
    [0 0 0 1 0]
    [0 0 1 0 0]
    [0 1 0 0 0]
    [1 0 0 0 0]
]

L* =
[
    [1 0 0 0 0]
    [0 1 0 0 0]
    [0 0 1 0 0]
    [0 0 0 1 0]
    [0 0 0 0 1],

    [        0       181         0         0         0]
    [        1         0       180         0         0]
    [        0  2715/196         0 32761/196         0]
    [        0         0     724/5         0     181/5]
    [        0         0         0       181         0],

    [        0         0      2352         0         0]
    [        0       180         0      2172         0]
    [        1         0 143564/75         0  32761/75]
    [        0     724/5         0   11036/5         0]
    [        0         0 141904/75         0  34496/75],

    [         0          0          0       2715          0]
    [         0          0       2172          0        543]
    [         0  32761/196          0 499379/196          0]
    [         1          0    11036/5          0     2534/5]
    [         0        181          0       2534          0],

    [       0        0        0        0      543]
    [       0        0        0      543        0]
    [       0        0 32761/75        0  7964/75]
    [       0    181/5        0   2534/5        0]
    [       1        0 34496/75        0  6154/75]
]
