<v, Krein array>
<5852, [ 76, 75, 3249/44, 38/5, 1, 95/44, 342/5, 76 ]>

P =
[   1 2400 1050 2400    1]
[   1  300    0 -300   -1]
[   1    6  -14    6    1]
[   1   -8    0    8   -1]
[   1  -64  126  -64    1]

Q =
[     1     76   2640   2850    285]
[     1   19/2   33/5  -19/2  -38/5]
[     1      0 -176/5      0  171/5]
[     1  -19/2   33/5   19/2  -38/5]
[     1    -76   2640  -2850    285]

L = 
[
    [1 0 0 0 0]
    [0 1 0 0 0]
    [0 0 1 0 0]
    [0 0 0 1 0]
    [0 0 0 0 1],

    [   0 2400    0    0    0]
    [   1 1125  441  833    0]
    [   0 1008  384 1008    0]
    [   0  833  441 1125    1]
    [   0    0    0 2400    0],

    [   0    0 1050    0    0]
    [   0  441  168  441    0]
    [   1  384  280  384    1]
    [   0  441  168  441    0]
    [   0    0 1050    0    0],

    [   0    0    0 2400    0]
    [   0  833  441 1125    1]
    [   0 1008  384 1008    0]
    [   1 1125  441  833    0]
    [   0 2400    0    0    0],

    [0 0 0 0 1]
    [0 0 0 1 0]
    [0 0 1 0 0]
    [0 1 0 0 0]
    [1 0 0 0 0]
]

L* =
[
    [1 0 0 0 0]
    [0 1 0 0 0]
    [0 0 1 0 0]
    [0 0 0 1 0]
    [0 0 0 0 1],

    [      0      76       0       0       0]
    [      1       0      75       0       0]
    [      0   95/44       0 3249/44       0]
    [      0       0   342/5       0    38/5]
    [      0       0       0      76       0],

    [       0        0     2640        0        0]
    [       0       75        0     2565        0]
    [       1        0 59477/25        0  6498/25]
    [       0    342/5        0  12858/5        0]
    [       0        0 60192/25        0  5808/25],

    [        0         0         0      2850         0]
    [        0         0      2565         0       285]
    [        0   3249/44         0 122151/44         0]
    [        1         0   12858/5         0    1387/5]
    [        0        76         0      2774         0],

    [      0       0       0       0     285]
    [      0       0       0     285       0]
    [      0       0 6498/25       0  627/25]
    [      0    38/5       0  1387/5       0]
    [      1       0 5808/25       0 1292/25]
]
