<v, Krein array>
<8400, [ 120, 119, 810/7, 51/2, 1, 30/7, 189/2, 120 ]>

P =
[   1 2176 4046 2176    1]
[   1  272    0 -272   -1]
[   1   16  -34   16    1]
[   1   -8    0    8   -1]
[   1  -64  126  -64    1]

Q =
[    1   120  3332  4080   867]
[    1    15  49/2   -15 -51/2]
[    1     0   -28     0    27]
[    1   -15  49/2    15 -51/2]
[    1  -120  3332 -4080   867]

L = 
[
    [1 0 0 0 0]
    [0 1 0 0 0]
    [0 0 1 0 0]
    [0 0 0 1 0]
    [0 0 0 0 1],

    [   0 2176    0    0    0]
    [   1  684 1071  420    0]
    [   0  576 1024  576    0]
    [   0  420 1071  684    1]
    [   0    0    0 2176    0],

    [   0    0 4046    0    0]
    [   0 1071 1904 1071    0]
    [   1 1024 1996 1024    1]
    [   0 1071 1904 1071    0]
    [   0    0 4046    0    0],

    [   0    0    0 2176    0]
    [   0  420 1071  684    1]
    [   0  576 1024  576    0]
    [   1  684 1071  420    0]
    [   0 2176    0    0    0],

    [0 0 0 0 1]
    [0 0 0 1 0]
    [0 0 1 0 0]
    [0 1 0 0 0]
    [1 0 0 0 0]
]

L* =
[
    [1 0 0 0 0]
    [0 1 0 0 0]
    [0 0 1 0 0]
    [0 0 0 1 0]
    [0 0 0 0 1],

    [    0   120     0     0     0]
    [    1     0   119     0     0]
    [    0  30/7     0 810/7     0]
    [    0     0 189/2     0  51/2]
    [    0     0     0   120     0],

    [     0      0   3332      0      0]
    [     0    119      0   3213      0]
    [     1      0 5285/2      0 1377/2]
    [     0  189/2      0 6475/2      0]
    [     0      0   2646      0    686],

    [      0       0       0    4080       0]
    [      0       0    3213       0     867]
    [      0   810/7       0 27750/7       0]
    [      1       0  6475/2       0  1683/2]
    [      0     120       0    3960       0],

    [     0      0      0      0    867]
    [     0      0      0    867      0]
    [     0      0 1377/2      0  357/2]
    [     0   51/2      0 1683/2      0]
    [     1      0    686      0    180]
]
