<v, Krein array>
<2142, [ 51, 50, 289/6, 17/2, 1, 17/6, 85/2, 51 ]>

P =
[   1  720  700  720    1]
[   1  120    0 -120   -1]
[   1    6  -14    6    1]
[   1   -6    0    6   -1]
[   1  -36   70  -36    1]

Q =
[    1    51   900  1020   170]
[    1  17/2  15/2 -17/2 -17/2]
[    1     0   -18     0    17]
[    1 -17/2  15/2  17/2 -17/2]
[    1   -51   900 -1020   170]

L = 
[
    [1 0 0 0 0]
    [0 1 0 0 0]
    [0 0 1 0 0]
    [0 0 0 1 0]
    [0 0 0 0 1],

    [  0 720   0   0   0]
    [  1 294 245 180   0]
    [  0 252 216 252   0]
    [  0 180 245 294   1]
    [  0   0   0 720   0],

    [  0   0 700   0   0]
    [  0 245 210 245   0]
    [  1 216 266 216   1]
    [  0 245 210 245   0]
    [  0   0 700   0   0],

    [  0   0   0 720   0]
    [  0 180 245 294   1]
    [  0 252 216 252   0]
    [  1 294 245 180   0]
    [  0 720   0   0   0],

    [0 0 0 0 1]
    [0 0 0 1 0]
    [0 0 1 0 0]
    [0 1 0 0 0]
    [1 0 0 0 0]
]

L* =
[
    [1 0 0 0 0]
    [0 1 0 0 0]
    [0 0 1 0 0]
    [0 0 0 1 0]
    [0 0 0 0 1],

    [    0    51     0     0     0]
    [    1     0    50     0     0]
    [    0  17/6     0 289/6     0]
    [    0     0  85/2     0  17/2]
    [    0     0     0    51     0],

    [     0      0    900      0      0]
    [     0     50      0    850      0]
    [     1      0 1509/2      0  289/2]
    [     0   85/2      0 1715/2      0]
    [     0      0    765      0    135],

    [     0      0      0   1020      0]
    [     0      0    850      0    170]
    [     0  289/6      0 5831/6      0]
    [     1      0 1715/2      0  323/2]
    [     0     51      0    969      0],

    [    0     0     0     0   170]
    [    0     0     0   170     0]
    [    0     0 289/2     0  51/2]
    [    0  17/2     0 323/2     0]
    [    1     0   135     0    34]
]
