<v, Krein array>
<9522, [ 161, 160, 460/3, 49, 1, 23/3, 112, 161 ]>

P =
[   1 1400 6720 1400    1]
[   1  200    0 -200   -1]
[   1   20  -42   20    1]
[   1   -7    0    7   -1]
[   1  -49   96  -49    1]

Q =
[    1   161  3360  4600  1400]
[    1    23    48   -23   -49]
[    1     0   -21     0    20]
[    1   -23    48    23   -49]
[    1  -161  3360 -4600  1400]

L = 
[
    [1 0 0 0 0]
    [0 1 0 0 0]
    [0 0 1 0 0]
    [0 0 0 1 0]
    [0 0 0 0 1],

    [   0 1400    0    0    0]
    [   1  292 1008   99    0]
    [   0  210  980  210    0]
    [   0   99 1008  292    1]
    [   0    0    0 1400    0],

    [   0    0 6720    0    0]
    [   0 1008 4704 1008    0]
    [   1  980 4758  980    1]
    [   0 1008 4704 1008    0]
    [   0    0 6720    0    0],

    [   0    0    0 1400    0]
    [   0   99 1008  292    1]
    [   0  210  980  210    0]
    [   1  292 1008   99    0]
    [   0 1400    0    0    0],

    [0 0 0 0 1]
    [0 0 0 1 0]
    [0 0 1 0 0]
    [0 1 0 0 0]
    [1 0 0 0 0]
]

L* =
[
    [1 0 0 0 0]
    [0 1 0 0 0]
    [0 0 1 0 0]
    [0 0 0 1 0]
    [0 0 0 0 1],

    [    0   161     0     0     0]
    [    1     0   160     0     0]
    [    0  23/3     0 460/3     0]
    [    0     0   112     0    49]
    [    0     0     0   161     0],

    [   0    0 3360    0    0]
    [   0  160    0 3200    0]
    [   1    0 2379    0  980]
    [   0  112    0 3248    0]
    [   0    0 2352    0 1008],

    [      0       0       0    4600       0]
    [      0       0    3200       0    1400]
    [      0   460/3       0 13340/3       0]
    [      1       0    3248       0    1351]
    [      0     161       0    4439       0],

    [   0    0    0    0 1400]
    [   0    0    0 1400    0]
    [   0    0  980    0  420]
    [   0   49    0 1351    0]
    [   1    0 1008    0  391]
]
