<v, Krein array>
<1260, [ 75, 74, 450/7, 15, 1, 75/7, 60, 75 ]>

P =
[  1 185 888 185   1]
[  1  37   0 -37  -1]
[  1   5 -12   5   1]
[  1  -5   0   5  -1]
[  1 -25  48 -25   1]

Q =
[   1   75  518  555  111]
[   1   15   14  -15  -15]
[   1    0   -7    0    6]
[   1  -15   14   15  -15]
[   1  -75  518 -555  111]

L = 
[
    [1 0 0 0 0]
    [0 1 0 0 0]
    [0 0 1 0 0]
    [0 0 0 1 0]
    [0 0 0 0 1],

    [  0 185   0   0   0]
    [  1  36 144   4   0]
    [  0  30 125  30   0]
    [  0   4 144  36   1]
    [  0   0   0 185   0],

    [  0   0 888   0   0]
    [  0 144 600 144   0]
    [  1 125 636 125   1]
    [  0 144 600 144   0]
    [  0   0 888   0   0],

    [  0   0   0 185   0]
    [  0   4 144  36   1]
    [  0  30 125  30   0]
    [  1  36 144   4   0]
    [  0 185   0   0   0],

    [0 0 0 0 1]
    [0 0 0 1 0]
    [0 0 1 0 0]
    [0 1 0 0 0]
    [1 0 0 0 0]
]

L* =
[
    [1 0 0 0 0]
    [0 1 0 0 0]
    [0 0 1 0 0]
    [0 0 0 1 0]
    [0 0 0 0 1],

    [    0    75     0     0     0]
    [    1     0    74     0     0]
    [    0  75/7     0 450/7     0]
    [    0     0    60     0    15]
    [    0     0     0    75     0],

    [  0   0 518   0   0]
    [  0  74   0 444   0]
    [  1   0 427   0  90]
    [  0  60   0 458   0]
    [  0   0 420   0  98],

    [     0      0      0    555      0]
    [     0      0    444      0    111]
    [     0  450/7      0 3435/7      0]
    [     1      0    458      0     96]
    [     0     75      0    480      0],

    [  0   0   0   0 111]
    [  0   0   0 111   0]
    [  0   0  90   0  21]
    [  0  15   0  96   0]
    [  1   0  98   0  12]
]
