<v, Krein array>
<8400, [ 105, 104, 405/4, 33, 1, 15/4, 72, 105 ]>

P =
[   1 1911 4576 1911    1]
[   1  273    0 -273   -1]
[   1   21  -44   21    1]
[   1   -7    0    7   -1]
[   1  -49   96  -49    1]

Q =
[    1   105  2912  4095  1287]
[    1    15    32   -15   -33]
[    1     0   -28     0    27]
[    1   -15    32    15   -33]
[    1  -105  2912 -4095  1287]

L = 
[
    [1 0 0 0 0]
    [0 1 0 0 0]
    [0 0 1 0 0]
    [0 0 0 1 0]
    [0 0 0 0 1],

    [   0 1911    0    0    0]
    [   1  560 1056  294    0]
    [   0  441 1029  441    0]
    [   0  294 1056  560    1]
    [   0    0    0 1911    0],

    [   0    0 4576    0    0]
    [   0 1056 2464 1056    0]
    [   1 1029 2516 1029    1]
    [   0 1056 2464 1056    0]
    [   0    0 4576    0    0],

    [   0    0    0 1911    0]
    [   0  294 1056  560    1]
    [   0  441 1029  441    0]
    [   1  560 1056  294    0]
    [   0 1911    0    0    0],

    [0 0 0 0 1]
    [0 0 0 1 0]
    [0 0 1 0 0]
    [0 1 0 0 0]
    [1 0 0 0 0]
]

L* =
[
    [1 0 0 0 0]
    [0 1 0 0 0]
    [0 0 1 0 0]
    [0 0 0 1 0]
    [0 0 0 0 1],

    [    0   105     0     0     0]
    [    1     0   104     0     0]
    [    0  15/4     0 405/4     0]
    [    0     0    72     0    33]
    [    0     0     0   105     0],

    [   0    0 2912    0    0]
    [   0  104    0 2808    0]
    [   1    0 2020    0  891]
    [   0   72    0 2840    0]
    [   0    0 2016    0  896],

    [      0       0       0    4095       0]
    [      0       0    2808       0    1287]
    [      0   405/4       0 15975/4       0]
    [      1       0    2840       0    1254]
    [      0     105       0    3990       0],

    [   0    0    0    0 1287]
    [   0    0    0 1287    0]
    [   0    0  891    0  396]
    [   0   33    0 1254    0]
    [   1    0  896    0  390]
]
