<v, Krein array>
<3042, [ 65, 64, 182/3, 25, 1, 13/3, 40, 65 ]>

P =
[   1  560 1920  560    1]
[   1  112    0 -112   -1]
[   1   14  -30   14    1]
[   1   -5    0    5   -1]
[   1  -25   48  -25    1]

Q =
[    1    65   960  1456   560]
[    1    13    24   -13   -25]
[    1     0   -15     0    14]
[    1   -13    24    13   -25]
[    1   -65   960 -1456   560]

L = 
[
    [1 0 0 0 0]
    [0 1 0 0 0]
    [0 0 1 0 0]
    [0 0 0 1 0]
    [0 0 0 0 1],

    [  0 560   0   0   0]
    [  1 153 360  46   0]
    [  0 105 350 105   0]
    [  0  46 360 153   1]
    [  0   0   0 560   0],

    [   0    0 1920    0    0]
    [   0  360 1200  360    0]
    [   1  350 1218  350    1]
    [   0  360 1200  360    0]
    [   0    0 1920    0    0],

    [  0   0   0 560   0]
    [  0  46 360 153   1]
    [  0 105 350 105   0]
    [  1 153 360  46   0]
    [  0 560   0   0   0],

    [0 0 0 0 1]
    [0 0 0 1 0]
    [0 0 1 0 0]
    [0 1 0 0 0]
    [1 0 0 0 0]
]

L* =
[
    [1 0 0 0 0]
    [0 1 0 0 0]
    [0 0 1 0 0]
    [0 0 0 1 0]
    [0 0 0 0 1],

    [    0    65     0     0     0]
    [    1     0    64     0     0]
    [    0  13/3     0 182/3     0]
    [    0     0    40     0    25]
    [    0     0     0    65     0],

    [  0   0 960   0   0]
    [  0  64   0 896   0]
    [  1   0 609   0 350]
    [  0  40   0 920   0]
    [  0   0 600   0 360],

    [     0      0      0   1456      0]
    [     0      0    896      0    560]
    [     0  182/3      0 4186/3      0]
    [     1      0    920      0    535]
    [     0     65      0   1391      0],

    [  0   0   0   0 560]
    [  0   0   0 560   0]
    [  0   0 350   0 210]
    [  0  25   0 535   0]
    [  1   0 360   0 199]
]
