<v, Krein array>
<8432, [ 136, 135, 4046/31, 289/10, 1, 170/31, 1071/10, 136 ]>

P =
[   1 1920 4590 1920    1]
[   1  240    0 -240   -1]
[   1   16  -34   16    1]
[   1   -8    0    8   -1]
[   1  -64  126  -64    1]

Q =
[      1     136    3348    4080     867]
[      1      17  279/10     -17 -289/10]
[      1       0  -124/5       0   119/5]
[      1     -17  279/10      17 -289/10]
[      1    -136    3348   -4080     867]

L = 
[
    [1 0 0 0 0]
    [0 1 0 0 0]
    [0 0 1 0 0]
    [0 0 0 1 0]
    [0 0 0 0 1],

    [   0 1920    0    0    0]
    [   1  540 1071  308    0]
    [   0  448 1024  448    0]
    [   0  308 1071  540    1]
    [   0    0    0 1920    0],

    [   0    0 4590    0    0]
    [   0 1071 2448 1071    0]
    [   1 1024 2540 1024    1]
    [   0 1071 2448 1071    0]
    [   0    0 4590    0    0],

    [   0    0    0 1920    0]
    [   0  308 1071  540    1]
    [   0  448 1024  448    0]
    [   1  540 1071  308    0]
    [   0 1920    0    0    0],

    [0 0 0 0 1]
    [0 0 0 1 0]
    [0 0 1 0 0]
    [0 1 0 0 0]
    [1 0 0 0 0]
]

L* =
[
    [1 0 0 0 0]
    [0 1 0 0 0]
    [0 0 1 0 0]
    [0 0 0 1 0]
    [0 0 0 0 1],

    [      0     136       0       0       0]
    [      1       0     135       0       0]
    [      0  170/31       0 4046/31       0]
    [      0       0 1071/10       0  289/10]
    [      0       0       0     136       0],

    [        0         0      3348         0         0]
    [        0       135         0      3213         0]
    [        1         0 132959/50         0  34391/50]
    [        0   1071/10         0  32409/10         0]
    [        0         0  66402/25         0  17298/25],

    [        0         0         0      4080         0]
    [        0         0      3213         0       867]
    [        0   4046/31         0 122434/31         0]
    [        1         0  32409/10         0   8381/10]
    [        0       136         0      3944         0],

    [       0        0        0        0      867]
    [       0        0        0      867        0]
    [       0        0 34391/50        0  8959/50]
    [       0   289/10        0  8381/10        0]
    [       1        0 17298/25        0  4352/25]
]
