<v, Krein array>
<4032, [ 144, 143, 23328/175, 90/13, 1, 1872/175, 1782/13, 144 ]>

P =
[   1 1300 1430 1300    1]
[   1  130    0 -130   -1]
[   1    4  -10    4    1]
[   1  -10    0   10   -1]
[   1 -100  198 -100    1]

Q =
[      1     144    1925    1872      90]
[      1    72/5   77/13   -72/5  -90/13]
[      1       0 -175/13       0  162/13]
[      1   -72/5   77/13    72/5  -90/13]
[      1    -144    1925   -1872      90]

L = 
[
    [1 0 0 0 0]
    [0 1 0 0 0]
    [0 0 1 0 0]
    [0 0 0 1 0]
    [0 0 0 0 1],

    [   0 1300    0    0    0]
    [   1  462  495  342    0]
    [   0  450  400  450    0]
    [   0  342  495  462    1]
    [   0    0    0 1300    0],

    [   0    0 1430    0    0]
    [   0  495  440  495    0]
    [   1  400  628  400    1]
    [   0  495  440  495    0]
    [   0    0 1430    0    0],

    [   0    0    0 1300    0]
    [   0  342  495  462    1]
    [   0  450  400  450    0]
    [   1  462  495  342    0]
    [   0 1300    0    0    0],

    [0 0 0 0 1]
    [0 0 0 1 0]
    [0 0 1 0 0]
    [0 1 0 0 0]
    [1 0 0 0 0]
]

L* =
[
    [1 0 0 0 0]
    [0 1 0 0 0]
    [0 0 1 0 0]
    [0 0 0 1 0]
    [0 0 0 0 1],

    [        0       144         0         0         0]
    [        1         0       143         0         0]
    [        0  1872/175         0 23328/175         0]
    [        0         0   1782/13         0     90/13]
    [        0         0         0       144         0],

    [         0          0       1925          0          0]
    [         0        143          0       1782          0]
    [         1          0 310576/169          0  14580/169]
    [         0    1782/13          0   23243/13          0]
    [         0          0 311850/169          0  13475/169],

    [         0          0          0       1872          0]
    [         0          0       1782          0         90]
    [         0  23328/175          0 304272/175          0]
    [         1          0   23243/13          0    1080/13]
    [         0        144          0       1728          0],

    [        0         0         0         0        90]
    [        0         0         0        90         0]
    [        0         0 14580/169         0   630/169]
    [        0     90/13         0   1080/13         0]
    [        1         0 13475/169         0  1566/169]
]
