<v, Krein array>
<7744, [ 99, 98, 385/4, 9, 1, 11/4, 90, 99 ]>

P =
[   1 3087 1568 3087    1]
[   1  343    0 -343   -1]
[   1    7  -16    7    1]
[   1   -9    0    9   -1]
[   1  -81  160  -81    1]

Q =
[    1    99  3528  3773   343]
[    1    11     8   -11    -9]
[    1     0   -36     0    35]
[    1   -11     8    11    -9]
[    1   -99  3528 -3773   343]

L = 
[
    [1 0 0 0 0]
    [0 1 0 0 0]
    [0 0 1 0 0]
    [0 0 0 1 0]
    [0 0 0 0 1],

    [   0 3087    0    0    0]
    [   1 1390  640 1056    0]
    [   0 1260  567 1260    0]
    [   0 1056  640 1390    1]
    [   0    0    0 3087    0],

    [   0    0 1568    0    0]
    [   0  640  288  640    0]
    [   1  567  432  567    1]
    [   0  640  288  640    0]
    [   0    0 1568    0    0],

    [   0    0    0 3087    0]
    [   0 1056  640 1390    1]
    [   0 1260  567 1260    0]
    [   1 1390  640 1056    0]
    [   0 3087    0    0    0],

    [0 0 0 0 1]
    [0 0 0 1 0]
    [0 0 1 0 0]
    [0 1 0 0 0]
    [1 0 0 0 0]
]

L* =
[
    [1 0 0 0 0]
    [0 1 0 0 0]
    [0 0 1 0 0]
    [0 0 0 1 0]
    [0 0 0 0 1],

    [    0    99     0     0     0]
    [    1     0    98     0     0]
    [    0  11/4     0 385/4     0]
    [    0     0    90     0     9]
    [    0     0     0    99     0],

    [   0    0 3528    0    0]
    [   0   98    0 3430    0]
    [   1    0 3212    0  315]
    [   0   90    0 3438    0]
    [   0    0 3240    0  288],

    [      0       0       0    3773       0]
    [      0       0    3430       0     343]
    [      0   385/4       0 14707/4       0]
    [      1       0    3438       0     334]
    [      0      99       0    3674       0],

    [  0   0   0   0 343]
    [  0   0   0 343   0]
    [  0   0 315   0  28]
    [  0   9   0 334   0]
    [  1   0 288   0  54]
]
