<v, Krein array>
<4590, [ 75, 74, 1200/17, 35, 1, 75/17, 40, 75 ]>

P =
[   1  740 3108  740    1]
[   1  148    0 -148   -1]
[   1   20  -42   20    1]
[   1   -5    0    5   -1]
[   1  -25   48  -25    1]

Q =
[    1    75  1258  2220  1036]
[    1    15    34   -15   -35]
[    1     0   -17     0    16]
[    1   -15    34    15   -35]
[    1   -75  1258 -2220  1036]

L = 
[
    [1 0 0 0 0]
    [0 1 0 0 0]
    [0 0 1 0 0]
    [0 0 0 1 0]
    [0 0 0 0 1],

    [  0 740   0   0   0]
    [  1 189 504  46   0]
    [  0 120 500 120   0]
    [  0  46 504 189   1]
    [  0   0   0 740   0],

    [   0    0 3108    0    0]
    [   0  504 2100  504    0]
    [   1  500 2106  500    1]
    [   0  504 2100  504    0]
    [   0    0 3108    0    0],

    [  0   0   0 740   0]
    [  0  46 504 189   1]
    [  0 120 500 120   0]
    [  1 189 504  46   0]
    [  0 740   0   0   0],

    [0 0 0 0 1]
    [0 0 0 1 0]
    [0 0 1 0 0]
    [0 1 0 0 0]
    [1 0 0 0 0]
]

L* =
[
    [1 0 0 0 0]
    [0 1 0 0 0]
    [0 0 1 0 0]
    [0 0 0 1 0]
    [0 0 0 0 1],

    [      0      75       0       0       0]
    [      1       0      74       0       0]
    [      0   75/17       0 1200/17       0]
    [      0       0      40       0      35]
    [      0       0       0      75       0],

    [   0    0 1258    0    0]
    [   0   74    0 1184    0]
    [   1    0  697    0  560]
    [   0   40    0 1218    0]
    [   0    0  680    0  578],

    [       0        0        0     2220        0]
    [       0        0     1184        0     1036]
    [       0  1200/17        0 36540/17        0]
    [       1        0     1218        0     1001]
    [       0       75        0     2145        0],

    [   0    0    0    0 1036]
    [   0    0    0 1036    0]
    [   0    0  560    0  476]
    [   0   35    0 1001    0]
    [   1    0  578    0  457]
]
