<v, Krein array>
<5000, [ 50, 49, 375/8, 35, 1, 25/8, 15, 50 ]>

P =
[   1  784 3430  784    1]
[   1  196    0 -196   -1]
[   1   34  -70   34    1]
[   1   -4    0    4   -1]
[   1  -16   30  -16    1]

Q =
[    1    50   784  2450  1715]
[    1  25/2    34 -25/2   -35]
[    1     0   -16     0    15]
[    1 -25/2    34  25/2   -35]
[    1   -50   784 -2450  1715]

L = 
[
    [1 0 0 0 0]
    [0 1 0 0 0]
    [0 0 1 0 0]
    [0 0 0 1 0]
    [0 0 0 0 1],

    [  0 784   0   0   0]
    [  1 225 525  33   0]
    [  0 120 544 120   0]
    [  0  33 525 225   1]
    [  0   0   0 784   0],

    [   0    0 3430    0    0]
    [   0  525 2380  525    0]
    [   1  544 2340  544    1]
    [   0  525 2380  525    0]
    [   0    0 3430    0    0],

    [  0   0   0 784   0]
    [  0  33 525 225   1]
    [  0 120 544 120   0]
    [  1 225 525  33   0]
    [  0 784   0   0   0],

    [0 0 0 0 1]
    [0 0 0 1 0]
    [0 0 1 0 0]
    [0 1 0 0 0]
    [1 0 0 0 0]
]

L* =
[
    [1 0 0 0 0]
    [0 1 0 0 0]
    [0 0 1 0 0]
    [0 0 0 1 0]
    [0 0 0 0 1],

    [    0    50     0     0     0]
    [    1     0    49     0     0]
    [    0  25/8     0 375/8     0]
    [    0     0    15     0    35]
    [    0     0     0    50     0],

    [  0   0 784   0   0]
    [  0  49   0 735   0]
    [  1   0 258   0 525]
    [  0  15   0 769   0]
    [  0   0 240   0 544],

    [      0       0       0    2450       0]
    [      0       0     735       0    1715]
    [      0   375/8       0 19225/8       0]
    [      1       0     769       0    1680]
    [      0      50       0    2400       0],

    [   0    0    0    0 1715]
    [   0    0    0 1715    0]
    [   0    0  525    0 1190]
    [   0   35    0 1680    0]
    [   1    0  544    0 1170]
]
