<v, Krein array>
<2550, [ 85, 84, 1156/15, 187/7, 1, 119/15, 408/7, 85 ]>

P =
[   1  350 1848  350    1]
[   1   70    0  -70   -1]
[   1   10  -22   10    1]
[   1   -5    0    5   -1]
[   1  -25   48  -25    1]

Q =
[     1     85    900   1190    374]
[     1     17  180/7    -17 -187/7]
[     1      0  -75/7      0   68/7]
[     1    -17  180/7     17 -187/7]
[     1    -85    900  -1190    374]

L = 
[
    [1 0 0 0 0]
    [0 1 0 0 0]
    [0 0 1 0 0]
    [0 0 0 1 0]
    [0 0 0 0 1],

    [  0 350   0   0   0]
    [  1  75 264  10   0]
    [  0  50 250  50   0]
    [  0  10 264  75   1]
    [  0   0   0 350   0],

    [   0    0 1848    0    0]
    [   0  264 1320  264    0]
    [   1  250 1346  250    1]
    [   0  264 1320  264    0]
    [   0    0 1848    0    0],

    [  0   0   0 350   0]
    [  0  10 264  75   1]
    [  0  50 250  50   0]
    [  1  75 264  10   0]
    [  0 350   0   0   0],

    [0 0 0 0 1]
    [0 0 0 1 0]
    [0 0 1 0 0]
    [0 1 0 0 0]
    [1 0 0 0 0]
]

L* =
[
    [1 0 0 0 0]
    [0 1 0 0 0]
    [0 0 1 0 0]
    [0 0 0 1 0]
    [0 0 0 0 1],

    [      0      85       0       0       0]
    [      1       0      84       0       0]
    [      0  119/15       0 1156/15       0]
    [      0       0   408/7       0   187/7]
    [      0       0       0      85       0],

    [       0        0      900        0        0]
    [       0       84        0      816        0]
    [       1        0 31335/49        0 12716/49]
    [       0    408/7        0   5892/7        0]
    [       0        0 30600/49        0 13500/49],

    [       0        0        0     1190        0]
    [       0        0      816        0      374]
    [       0  1156/15        0 16694/15        0]
    [       1        0   5892/7        0   2431/7]
    [       0       85        0     1105        0],

    [       0        0        0        0      374]
    [       0        0        0      374        0]
    [       0        0 12716/49        0  5610/49]
    [       0    187/7        0   2431/7        0]
    [       1        0 13500/49        0  4777/49]
]
