<v, Krein array>
<4032, [ 196, 195, 1568/9, 28, 1, 196/9, 168, 196 ]>

P =
[   1  455 3120  455    1]
[   1   65    0  -65   -1]
[   1    7  -16    7    1]
[   1   -7    0    7   -1]
[   1  -49   96  -49    1]

Q =
[    1   196  1755  1820   260]
[    1    28    27   -28   -28]
[    1     0    -9     0     8]
[    1   -28    27    28   -28]
[    1  -196  1755 -1820   260]

L = 
[
    [1 0 0 0 0]
    [0 1 0 0 0]
    [0 0 1 0 0]
    [0 0 0 1 0]
    [0 0 0 0 1],

    [  0 455   0   0   0]
    [  1  64 384   6   0]
    [  0  56 343  56   0]
    [  0   6 384  64   1]
    [  0   0   0 455   0],

    [   0    0 3120    0    0]
    [   0  384 2352  384    0]
    [   1  343 2432  343    1]
    [   0  384 2352  384    0]
    [   0    0 3120    0    0],

    [  0   0   0 455   0]
    [  0   6 384  64   1]
    [  0  56 343  56   0]
    [  1  64 384   6   0]
    [  0 455   0   0   0],

    [0 0 0 0 1]
    [0 0 0 1 0]
    [0 0 1 0 0]
    [0 1 0 0 0]
    [1 0 0 0 0]
]

L* =
[
    [1 0 0 0 0]
    [0 1 0 0 0]
    [0 0 1 0 0]
    [0 0 0 1 0]
    [0 0 0 0 1],

    [     0    196      0      0      0]
    [     1      0    195      0      0]
    [     0  196/9      0 1568/9      0]
    [     0      0    168      0     28]
    [     0      0      0    196      0],

    [   0    0 1755    0    0]
    [   0  195    0 1560    0]
    [   1    0 1530    0  224]
    [   0  168    0 1587    0]
    [   0    0 1512    0  243],

    [      0       0       0    1820       0]
    [      0       0    1560       0     260]
    [      0  1568/9       0 14812/9       0]
    [      1       0    1587       0     232]
    [      0     196       0    1624       0],

    [  0   0   0   0 260]
    [  0   0   0 260   0]
    [  0   0 224   0  36]
    [  0  28   0 232   0]
    [  1   0 243   0  16]
]
