<v, Krein array>
<4708, [ 66, 65, 6776/107, 561/26, 1, 286/107, 1155/26, 66 ]>

P =
[   1 1248 2210 1248    1]
[   1  208    0 -208   -1]
[   1   16  -34   16    1]
[   1   -6    0    6   -1]
[   1  -36   70  -36    1]

Q =
[      1      66    1605    2288     748]
[      1      11  535/26     -11 -561/26]
[      1       0 -321/13       0  308/13]
[      1     -11  535/26      11 -561/26]
[      1     -66    1605   -2288     748]

L = 
[
    [1 0 0 0 0]
    [0 1 0 0 0]
    [0 0 1 0 0]
    [0 0 0 1 0]
    [0 0 0 0 1],

    [   0 1248    0    0    0]
    [   1  427  595  225    0]
    [   0  336  576  336    0]
    [   0  225  595  427    1]
    [   0    0    0 1248    0],

    [   0    0 2210    0    0]
    [   0  595 1020  595    0]
    [   1  576 1056  576    1]
    [   0  595 1020  595    0]
    [   0    0 2210    0    0],

    [   0    0    0 1248    0]
    [   0  225  595  427    1]
    [   0  336  576  336    0]
    [   1  427  595  225    0]
    [   0 1248    0    0    0],

    [0 0 0 0 1]
    [0 0 0 1 0]
    [0 0 1 0 0]
    [0 1 0 0 0]
    [1 0 0 0 0]
]

L* =
[
    [1 0 0 0 0]
    [0 1 0 0 0]
    [0 0 1 0 0]
    [0 0 0 1 0]
    [0 0 0 0 1],

    [       0       66        0        0        0]
    [       1        0       65        0        0]
    [       0  286/107        0 6776/107        0]
    [       0        0  1155/26        0   561/26]
    [       0        0        0       66        0],

    [         0          0       1605          0          0]
    [         0         65          0       1540          0]
    [         1          0 184682/169          0  86394/169]
    [         0    1155/26          0   40575/26          0]
    [         0          0 370755/338          0 171735/338],

    [         0          0          0       2288          0]
    [         0          0       1540          0        748]
    [         0   6776/107          0 238040/107          0]
    [         1          0   40575/26          0   18887/26]
    [         0         66          0       2222          0],

    [         0          0          0          0        748]
    [         0          0          0        748          0]
    [         0          0  86394/169          0  40018/169]
    [         0     561/26          0   18887/26          0]
    [         1          0 171735/338          0  80751/338]
]
