<v, Krein array>
<7920, [ 75, 74, 1575/22, 45, 1, 75/22, 30, 75 ]>

P =
[   1 1295 5328 1295    1]
[   1  259    0 -259   -1]
[   1   35  -72   35    1]
[   1   -5    0    5   -1]
[   1  -25   48  -25    1]

Q =
[    1    75  1628  3885  2331]
[    1    15    44   -15   -45]
[    1     0   -22     0    21]
[    1   -15    44    15   -45]
[    1   -75  1628 -3885  2331]

L = 
[
    [1 0 0 0 0]
    [0 1 0 0 0]
    [0 0 1 0 0]
    [0 0 0 1 0]
    [0 0 0 0 1],

    [   0 1295    0    0    0]
    [   1  342  864   88    0]
    [   0  210  875  210    0]
    [   0   88  864  342    1]
    [   0    0    0 1295    0],

    [   0    0 5328    0    0]
    [   0  864 3600  864    0]
    [   1  875 3576  875    1]
    [   0  864 3600  864    0]
    [   0    0 5328    0    0],

    [   0    0    0 1295    0]
    [   0   88  864  342    1]
    [   0  210  875  210    0]
    [   1  342  864   88    0]
    [   0 1295    0    0    0],

    [0 0 0 0 1]
    [0 0 0 1 0]
    [0 0 1 0 0]
    [0 1 0 0 0]
    [1 0 0 0 0]
]

L* =
[
    [1 0 0 0 0]
    [0 1 0 0 0]
    [0 0 1 0 0]
    [0 0 0 1 0]
    [0 0 0 0 1],

    [      0      75       0       0       0]
    [      1       0      74       0       0]
    [      0   75/22       0 1575/22       0]
    [      0       0      30       0      45]
    [      0       0       0      75       0],

    [   0    0 1628    0    0]
    [   0   74    0 1554    0]
    [   1    0  682    0  945]
    [   0   30    0 1598    0]
    [   0    0  660    0  968],

    [       0        0        0     3885        0]
    [       0        0     1554        0     2331]
    [       0  1575/22        0 83895/22        0]
    [       1        0     1598        0     2286]
    [       0       75        0     3810        0],

    [   0    0    0    0 2331]
    [   0    0    0 2331    0]
    [   0    0  945    0 1386]
    [   0   45    0 2286    0]
    [   1    0  968    0 1362]
]
