<v, Krein array>
<3564, [ 66, 65, 121/2, 77/2, 1, 11/2, 55/2, 66 ]>

P =
[   1  416 2730  416    1]
[   1  104    0 -104   -1]
[   1   20  -42   20    1]
[   1   -4    0    4   -1]
[   1  -16   30  -16    1]

Q =
[    1    66   780  1716  1001]
[    1  33/2  75/2 -33/2 -77/2]
[    1     0   -12     0    11]
[    1 -33/2  75/2  33/2 -77/2]
[    1   -66   780 -1716  1001]

L = 
[
    [1 0 0 0 0]
    [0 1 0 0 0]
    [0 0 1 0 0]
    [0 0 0 1 0]
    [0 0 0 0 1],

    [  0 416   0   0   0]
    [  1 100 315   0   0]
    [  0  48 320  48   0]
    [  0   0 315 100   1]
    [  0   0   0 416   0],

    [   0    0 2730    0    0]
    [   0  315 2100  315    0]
    [   1  320 2088  320    1]
    [   0  315 2100  315    0]
    [   0    0 2730    0    0],

    [  0   0   0 416   0]
    [  0   0 315 100   1]
    [  0  48 320  48   0]
    [  1 100 315   0   0]
    [  0 416   0   0   0],

    [0 0 0 0 1]
    [0 0 0 1 0]
    [0 0 1 0 0]
    [0 1 0 0 0]
    [1 0 0 0 0]
]

L* =
[
    [1 0 0 0 0]
    [0 1 0 0 0]
    [0 0 1 0 0]
    [0 0 0 1 0]
    [0 0 0 0 1],

    [    0    66     0     0     0]
    [    1     0    65     0     0]
    [    0  11/2     0 121/2     0]
    [    0     0  55/2     0  77/2]
    [    0     0     0    66     0],

    [     0      0    780      0      0]
    [     0     65      0    715      0]
    [     1      0  711/2      0  847/2]
    [     0   55/2      0 1505/2      0]
    [     0      0    330      0    450],

    [     0      0      0   1716      0]
    [     0      0    715      0   1001]
    [     0  121/2      0 3311/2      0]
    [     1      0 1505/2      0 1925/2]
    [     0     66      0   1650      0],

    [     0      0      0      0   1001]
    [     0      0      0   1001      0]
    [     0      0  847/2      0 1155/2]
    [     0   77/2      0 1925/2      0]
    [     1      0    450      0    550]
]
