<v, Krein array>
<7920, [ 108, 107, 1134/11, 45, 1, 54/11, 63, 108 ]>

P =
[   1 1284 5350 1284    1]
[   1  214    0 -214   -1]
[   1   24  -50   24    1]
[   1   -6    0    6   -1]
[   1  -36   70  -36    1]

Q =
[    1   108  2354  3852  1605]
[    1    18    44   -18   -45]
[    1     0   -22     0    21]
[    1   -18    44    18   -45]
[    1  -108  2354 -3852  1605]

L = 
[
    [1 0 0 0 0]
    [0 1 0 0 0]
    [0 0 1 0 0]
    [0 0 0 1 0]
    [0 0 0 0 1],

    [   0 1284    0    0    0]
    [   1  308  875  100    0]
    [   0  210  864  210    0]
    [   0  100  875  308    1]
    [   0    0    0 1284    0],

    [   0    0 5350    0    0]
    [   0  875 3600  875    0]
    [   1  864 3620  864    1]
    [   0  875 3600  875    0]
    [   0    0 5350    0    0],

    [   0    0    0 1284    0]
    [   0  100  875  308    1]
    [   0  210  864  210    0]
    [   1  308  875  100    0]
    [   0 1284    0    0    0],

    [0 0 0 0 1]
    [0 0 0 1 0]
    [0 0 1 0 0]
    [0 1 0 0 0]
    [1 0 0 0 0]
]

L* =
[
    [1 0 0 0 0]
    [0 1 0 0 0]
    [0 0 1 0 0]
    [0 0 0 1 0]
    [0 0 0 0 1],

    [      0     108       0       0       0]
    [      1       0     107       0       0]
    [      0   54/11       0 1134/11       0]
    [      0       0      63       0      45]
    [      0       0       0     108       0],

    [   0    0 2354    0    0]
    [   0  107    0 2247    0]
    [   1    0 1408    0  945]
    [   0   63    0 2291    0]
    [   0    0 1386    0  968],

    [       0        0        0     3852        0]
    [       0        0     2247        0     1605]
    [       0  1134/11        0 41238/11        0]
    [       1        0     2291        0     1560]
    [       0      108        0     3744        0],

    [   0    0    0    0 1605]
    [   0    0    0 1605    0]
    [   0    0  945    0  660]
    [   0   45    0 1560    0]
    [   1    0  968    0  636]
]
