<v, Krein array>
<8760, [ 146, 145, 37303/270, 1679/29, 1, 2117/270, 2555/29, 146 ]>

P =
[   1 1044 6670 1044    1]
[   1  174    0 -174   -1]
[   1   22  -46   22    1]
[   1   -6    0    6   -1]
[   1  -36   70  -36    1]

Q =
[       1      146     2700     4234     1679]
[       1     73/3  1650/29    -73/3 -1679/29]
[       1        0  -540/29        0   511/29]
[       1    -73/3  1650/29     73/3 -1679/29]
[       1     -146     2700    -4234     1679]

L = 
[
    [1 0 0 0 0]
    [0 1 0 0 0]
    [0 0 1 0 0]
    [0 0 0 1 0]
    [0 0 0 0 1],

    [   0 1044    0    0    0]
    [   1  203  805   35    0]
    [   0  126  792  126    0]
    [   0   35  805  203    1]
    [   0    0    0 1044    0],

    [   0    0 6670    0    0]
    [   0  805 5060  805    0]
    [   1  792 5084  792    1]
    [   0  805 5060  805    0]
    [   0    0 6670    0    0],

    [   0    0    0 1044    0]
    [   0   35  805  203    1]
    [   0  126  792  126    0]
    [   1  203  805   35    0]
    [   0 1044    0    0    0],

    [0 0 0 0 1]
    [0 0 0 1 0]
    [0 0 1 0 0]
    [0 1 0 0 0]
    [1 0 0 0 0]
]

L* =
[
    [1 0 0 0 0]
    [0 1 0 0 0]
    [0 0 1 0 0]
    [0 0 0 1 0]
    [0 0 0 0 1],

    [        0       146         0         0         0]
    [        1         0       145         0         0]
    [        0  2117/270         0 37303/270         0]
    [        0         0   2555/29         0   1679/29]
    [        0         0         0       146         0],

    [          0           0        2700           0           0]
    [          0         145           0        2555           0]
    [          1           0 1411890/841           0  857969/841]
    [          0     2555/29           0    75745/29           0]
    [          0           0 1379700/841           0  891000/841],

    [          0           0           0        4234           0]
    [          0           0        2555           0        1679]
    [          0   37303/270           0 1105877/270           0]
    [          1           0    75745/29           0    47012/29]
    [          0         146           0        4088           0],

    [         0          0          0          0       1679]
    [         0          0          0       1679          0]
    [         0          0 857969/841          0 554070/841]
    [         0    1679/29          0   47012/29          0]
    [         1          0 891000/841          0 520198/841]
]
