<v, Krein array>
<2576, [ 46, 45, 529/12, 23/3, 1, 23/12, 115/3, 46 ]>

P =
[   1  972  630  972    1]
[   1  162    0 -162   -1]
[   1    6  -14    6    1]
[   1   -6    0    6   -1]
[   1  -36   70  -36    1]

Q =
[    1    46  1080  1242   207]
[    1  23/3  20/3 -23/3 -23/3]
[    1     0   -24     0    23]
[    1 -23/3  20/3  23/3 -23/3]
[    1   -46  1080 -1242   207]

L = 
[
    [1 0 0 0 0]
    [0 1 0 0 0]
    [0 0 1 0 0]
    [0 0 0 1 0]
    [0 0 0 0 1],

    [  0 972   0   0   0]
    [  1 441 245 285   0]
    [  0 378 216 378   0]
    [  0 285 245 441   1]
    [  0   0   0 972   0],

    [  0   0 630   0   0]
    [  0 245 140 245   0]
    [  1 216 196 216   1]
    [  0 245 140 245   0]
    [  0   0 630   0   0],

    [  0   0   0 972   0]
    [  0 285 245 441   1]
    [  0 378 216 378   0]
    [  1 441 245 285   0]
    [  0 972   0   0   0],

    [0 0 0 0 1]
    [0 0 0 1 0]
    [0 0 1 0 0]
    [0 1 0 0 0]
    [1 0 0 0 0]
]

L* =
[
    [1 0 0 0 0]
    [0 1 0 0 0]
    [0 0 1 0 0]
    [0 0 0 1 0]
    [0 0 0 0 1],

    [     0     46      0      0      0]
    [     1      0     45      0      0]
    [     0  23/12      0 529/12      0]
    [     0      0  115/3      0   23/3]
    [     0      0      0     46      0],

    [     0      0   1080      0      0]
    [     0     45      0   1035      0]
    [     1      0 2708/3      0  529/3]
    [     0  115/3      0 3125/3      0]
    [     0      0    920      0    160],

    [       0        0        0     1242        0]
    [       0        0     1035        0      207]
    [       0   529/12        0 14375/12        0]
    [       1        0   3125/3        0    598/3]
    [       0       46        0     1196        0],

    [    0     0     0     0   207]
    [    0     0     0   207     0]
    [    0     0 529/3     0  92/3]
    [    0  23/3     0 598/3     0]
    [    1     0   160     0    46]
]
