<v, Krein array>
<3332, [ 136, 135, 867/7, 68/5, 1, 85/7, 612/5, 136 ]>

P =
[   1  720 1890  720    1]
[   1   90    0  -90   -1]
[   1    6  -14    6    1]
[   1   -8    0    8   -1]
[   1  -64  126  -64    1]

Q =
[    1   136  1512  1530   153]
[    1    17  63/5   -17 -68/5]
[    1     0 -56/5     0  51/5]
[    1   -17  63/5    17 -68/5]
[    1  -136  1512 -1530   153]

L = 
[
    [1 0 0 0 0]
    [0 1 0 0 0]
    [0 0 1 0 0]
    [0 0 0 1 0]
    [0 0 0 0 1],

    [  0 720   0   0   0]
    [  1 180 441  98   0]
    [  0 168 384 168   0]
    [  0  98 441 180   1]
    [  0   0   0 720   0],

    [   0    0 1890    0    0]
    [   0  441 1008  441    0]
    [   1  384 1120  384    1]
    [   0  441 1008  441    0]
    [   0    0 1890    0    0],

    [  0   0   0 720   0]
    [  0  98 441 180   1]
    [  0 168 384 168   0]
    [  1 180 441  98   0]
    [  0 720   0   0   0],

    [0 0 0 0 1]
    [0 0 0 1 0]
    [0 0 1 0 0]
    [0 1 0 0 0]
    [1 0 0 0 0]
]

L* =
[
    [1 0 0 0 0]
    [0 1 0 0 0]
    [0 0 1 0 0]
    [0 0 0 1 0]
    [0 0 0 0 1],

    [    0   136     0     0     0]
    [    1     0   135     0     0]
    [    0  85/7     0 867/7     0]
    [    0     0 612/5     0  68/5]
    [    0     0     0   136     0],

    [       0        0     1512        0        0]
    [       0      135        0     1377        0]
    [       1        0 34307/25        0  3468/25]
    [       0    612/5        0   6948/5        0]
    [       0        0 34272/25        0  3528/25],

    [     0      0      0   1530      0]
    [     0      0   1377      0    153]
    [     0  867/7      0 9843/7      0]
    [     1      0 6948/5      0  697/5]
    [     0    136      0   1394      0],

    [      0       0       0       0     153]
    [      0       0       0     153       0]
    [      0       0 3468/25       0  357/25]
    [      0    68/5       0   697/5       0]
    [      1       0 3528/25       0  272/25]
]
