<v, Krein array>
<2730, [ 78, 77, 507/7, 52/3, 1, 39/7, 182/3, 78 ]>

P =
[   1  594 1540  594    1]
[   1   99    0  -99   -1]
[   1    9  -20    9    1]
[   1   -6    0    6   -1]
[   1  -36   70  -36    1]

Q =
[    1    78  1078  1287   286]
[    1    13  49/3   -13 -52/3]
[    1     0   -14     0    13]
[    1   -13  49/3    13 -52/3]
[    1   -78  1078 -1287   286]

L = 
[
    [1 0 0 0 0]
    [0 1 0 0 0]
    [0 0 1 0 0]
    [0 0 0 1 0]
    [0 0 0 0 1],

    [  0 594   0   0   0]
    [  1 168 350  75   0]
    [  0 135 324 135   0]
    [  0  75 350 168   1]
    [  0   0   0 594   0],

    [   0    0 1540    0    0]
    [   0  350  840  350    0]
    [   1  324  890  324    1]
    [   0  350  840  350    0]
    [   0    0 1540    0    0],

    [  0   0   0 594   0]
    [  0  75 350 168   1]
    [  0 135 324 135   0]
    [  1 168 350  75   0]
    [  0 594   0   0   0],

    [0 0 0 0 1]
    [0 0 0 1 0]
    [0 0 1 0 0]
    [0 1 0 0 0]
    [1 0 0 0 0]
]

L* =
[
    [1 0 0 0 0]
    [0 1 0 0 0]
    [0 0 1 0 0]
    [0 0 0 1 0]
    [0 0 0 0 1],

    [    0    78     0     0     0]
    [    1     0    77     0     0]
    [    0  39/7     0 507/7     0]
    [    0     0 182/3     0  52/3]
    [    0     0     0    78     0],

    [     0      0   1078      0      0]
    [     0     77      0   1001      0]
    [     1      0 2555/3      0  676/3]
    [     0  182/3      0 3052/3      0]
    [     0      0 2548/3      0  686/3],

    [     0      0      0   1287      0]
    [     0      0   1001      0    286]
    [     0  507/7      0 8502/7      0]
    [     1      0 3052/3      0  806/3]
    [     0     78      0   1209      0],

    [    0     0     0     0   286]
    [    0     0     0   286     0]
    [    0     0 676/3     0 182/3]
    [    0  52/3     0 806/3     0]
    [    1     0 686/3     0 169/3]
]
