<v, Krein array>
<4500, [ 105, 104, 99, 21, 1, 6, 84, 105 ]>

P =
[   1 1001 2496 1001    1]
[   1  143    0 -143   -1]
[   1   11  -24   11    1]
[   1   -7    0    7   -1]
[   1  -49   96  -49    1]

Q =
[    1   105  1820  2145   429]
[    1    15    20   -15   -21]
[    1     0 -35/2     0  33/2]
[    1   -15    20    15   -21]
[    1  -105  1820 -2145   429]

L = 
[
    [1 0 0 0 0]
    [0 1 0 0 0]
    [0 0 1 0 0]
    [0 0 0 1 0]
    [0 0 0 0 1],

    [   0 1001    0    0    0]
    [   1  280  576  144    0]
    [   0  231  539  231    0]
    [   0  144  576  280    1]
    [   0    0    0 1001    0],

    [   0    0 2496    0    0]
    [   0  576 1344  576    0]
    [   1  539 1416  539    1]
    [   0  576 1344  576    0]
    [   0    0 2496    0    0],

    [   0    0    0 1001    0]
    [   0  144  576  280    1]
    [   0  231  539  231    0]
    [   1  280  576  144    0]
    [   0 1001    0    0    0],

    [0 0 0 0 1]
    [0 0 0 1 0]
    [0 0 1 0 0]
    [0 1 0 0 0]
    [1 0 0 0 0]
]

L* =
[
    [1 0 0 0 0]
    [0 1 0 0 0]
    [0 0 1 0 0]
    [0 0 0 1 0]
    [0 0 0 0 1],

    [  0 105   0   0   0]
    [  1   0 104   0   0]
    [  0   6   0  99   0]
    [  0   0  84   0  21]
    [  0   0   0 105   0],

    [     0      0   1820      0      0]
    [     0    104      0   1716      0]
    [     1      0 2945/2      0  693/2]
    [     0     84      0   1736      0]
    [     0      0   1470      0    350],

    [   0    0    0 2145    0]
    [   0    0 1716    0  429]
    [   0   99    0 2046    0]
    [   1    0 1736    0  408]
    [   0  105    0 2040    0],

    [    0     0     0     0   429]
    [    0     0     0   429     0]
    [    0     0 693/2     0 165/2]
    [    0    21     0   408     0]
    [    1     0   350     0    78]
]
