<v, Krein array>
<4340, [ 217, 216, 961/5, 31, 1, 124/5, 186, 217 ]>

P =
[   1  441 3456  441    1]
[   1   63    0  -63   -1]
[   1    7  -16    7    1]
[   1   -7    0    7   -1]
[   1  -49   96  -49    1]

Q =
[    1   217  1890  1953   279]
[    1    31    30   -31   -31]
[    1     0 -35/4     0  31/4]
[    1   -31    30    31   -31]
[    1  -217  1890 -1953   279]

L = 
[
    [1 0 0 0 0]
    [0 1 0 0 0]
    [0 0 1 0 0]
    [0 0 0 1 0]
    [0 0 0 0 1],

    [  0 441   0   0   0]
    [  1  56 384   0   0]
    [  0  49 343  49   0]
    [  0   0 384  56   1]
    [  0   0   0 441   0],

    [   0    0 3456    0    0]
    [   0  384 2688  384    0]
    [   1  343 2768  343    1]
    [   0  384 2688  384    0]
    [   0    0 3456    0    0],

    [  0   0   0 441   0]
    [  0   0 384  56   1]
    [  0  49 343  49   0]
    [  1  56 384   0   0]
    [  0 441   0   0   0],

    [0 0 0 0 1]
    [0 0 0 1 0]
    [0 0 1 0 0]
    [0 1 0 0 0]
    [1 0 0 0 0]
]

L* =
[
    [1 0 0 0 0]
    [0 1 0 0 0]
    [0 0 1 0 0]
    [0 0 0 1 0]
    [0 0 0 0 1],

    [    0   217     0     0     0]
    [    1     0   216     0     0]
    [    0 124/5     0 961/5     0]
    [    0     0   186     0    31]
    [    0     0     0   217     0],

    [     0      0   1890      0      0]
    [     0    216      0   1674      0]
    [     1      0 6595/4      0  961/4]
    [     0    186      0   1704      0]
    [     0      0 3255/2      0  525/2],

    [     0      0      0   1953      0]
    [     0      0   1674      0    279]
    [     0  961/5      0 8804/5      0]
    [     1      0   1704      0    248]
    [     0    217      0   1736      0],

    [    0     0     0     0   279]
    [    0     0     0   279     0]
    [    0     0 961/4     0 155/4]
    [    0    31     0   248     0]
    [    1     0 525/2     0  31/2]
]
