<v, Krein array>
<6278, [ 73, 72, 21316/301, 365/21, 1, 657/301, 1168/21, 73 ]>

P =
[   1 2058 2160 2058    1]
[   1  294    0 -294   -1]
[   1   14  -30   14    1]
[   1   -7    0    7   -1]
[   1  -49   96  -49    1]

Q =
[      1      73    2408    3066     730]
[      1    73/7  344/21   -73/7 -365/21]
[      1       0  -301/9       0   292/9]
[      1   -73/7  344/21    73/7 -365/21]
[      1     -73    2408   -3066     730]

L = 
[
    [1 0 0 0 0]
    [0 1 0 0 0]
    [0 0 1 0 0]
    [0 0 0 1 0]
    [0 0 0 0 1],

    [   0 2058    0    0    0]
    [   1  812  720  525    0]
    [   0  686  686  686    0]
    [   0  525  720  812    1]
    [   0    0    0 2058    0],

    [   0    0 2160    0    0]
    [   0  720  720  720    0]
    [   1  686  786  686    1]
    [   0  720  720  720    0]
    [   0    0 2160    0    0],

    [   0    0    0 2058    0]
    [   0  525  720  812    1]
    [   0  686  686  686    0]
    [   1  812  720  525    0]
    [   0 2058    0    0    0],

    [0 0 0 0 1]
    [0 0 0 1 0]
    [0 0 1 0 0]
    [0 1 0 0 0]
    [1 0 0 0 0]
]

L* =
[
    [1 0 0 0 0]
    [0 1 0 0 0]
    [0 0 1 0 0]
    [0 0 0 1 0]
    [0 0 0 0 1],

    [        0        73         0         0         0]
    [        1         0        72         0         0]
    [        0   657/301         0 21316/301         0]
    [        0         0   1168/21         0    365/21]
    [        0         0         0        73         0],

    [         0          0       2408          0          0]
    [         0         72          0       2336          0]
    [         1          0 348343/189          0 106580/189]
    [         0    1168/21          0   49400/21          0]
    [         0          0   50224/27          0   14792/27],

    [         0          0          0       3066          0]
    [         0          0       2336          0        730]
    [         0  21316/301          0 901550/301          0]
    [         1          0   49400/21          0   14965/21]
    [         0         73          0       2993          0],

    [         0          0          0          0        730]
    [         0          0          0        730          0]
    [         0          0 106580/189          0  31390/189]
    [         0     365/21          0   14965/21          0]
    [         1          0   14792/27          0    4891/27]
]
