<v, Krein array>
<4232, [ 46, 45, 345/8, 31, 1, 23/8, 15, 46 ]>

P =
[   1  720 2790  720    1]
[   1  180    0 -180   -1]
[   1   30  -62   30    1]
[   1   -4    0    4   -1]
[   1  -16   30  -16    1]

Q =
[    1    46   720  2070  1395]
[    1  23/2    30 -23/2   -31]
[    1     0   -16     0    15]
[    1 -23/2    30  23/2   -31]
[    1   -46   720 -2070  1395]

L = 
[
    [1 0 0 0 0]
    [0 1 0 0 0]
    [0 0 1 0 0]
    [0 0 0 1 0]
    [0 0 0 0 1],

    [  0 720   0   0   0]
    [  1 215 465  39   0]
    [  0 120 480 120   0]
    [  0  39 465 215   1]
    [  0   0   0 720   0],

    [   0    0 2790    0    0]
    [   0  465 1860  465    0]
    [   1  480 1828  480    1]
    [   0  465 1860  465    0]
    [   0    0 2790    0    0],

    [  0   0   0 720   0]
    [  0  39 465 215   1]
    [  0 120 480 120   0]
    [  1 215 465  39   0]
    [  0 720   0   0   0],

    [0 0 0 0 1]
    [0 0 0 1 0]
    [0 0 1 0 0]
    [0 1 0 0 0]
    [1 0 0 0 0]
]

L* =
[
    [1 0 0 0 0]
    [0 1 0 0 0]
    [0 0 1 0 0]
    [0 0 0 1 0]
    [0 0 0 0 1],

    [    0    46     0     0     0]
    [    1     0    45     0     0]
    [    0  23/8     0 345/8     0]
    [    0     0    15     0    31]
    [    0     0     0    46     0],

    [  0   0 720   0   0]
    [  0  45   0 675   0]
    [  1   0 254   0 465]
    [  0  15   0 705   0]
    [  0   0 240   0 480],

    [      0       0       0    2070       0]
    [      0       0     675       0    1395]
    [      0   345/8       0 16215/8       0]
    [      1       0     705       0    1364]
    [      0      46       0    2024       0],

    [   0    0    0    0 1395]
    [   0    0    0 1395    0]
    [   0    0  465    0  930]
    [   0   31    0 1364    0]
    [   1    0  480    0  914]
]
