<v, Krein array>
<1280, [ 64, 63, 512/9, 8, 1, 64/9, 56, 64 ]>

P =
[  1 324 630 324   1]
[  1  54   0 -54  -1]
[  1   4 -10   4   1]
[  1  -6   0   6  -1]
[  1 -36  70 -36   1]

Q =
[    1    64   567   576    72]
[    1  32/3     7 -32/3    -8]
[    1     0    -9     0     8]
[    1 -32/3     7  32/3    -8]
[    1   -64   567  -576    72]

L = 
[
    [1 0 0 0 0]
    [0 1 0 0 0]
    [0 0 1 0 0]
    [0 0 0 1 0]
    [0 0 0 0 1],

    [  0 324   0   0   0]
    [  1  98 175  50   0]
    [  0  90 144  90   0]
    [  0  50 175  98   1]
    [  0   0   0 324   0],

    [  0   0 630   0   0]
    [  0 175 280 175   0]
    [  1 144 340 144   1]
    [  0 175 280 175   0]
    [  0   0 630   0   0],

    [  0   0   0 324   0]
    [  0  50 175  98   1]
    [  0  90 144  90   0]
    [  1  98 175  50   0]
    [  0 324   0   0   0],

    [0 0 0 0 1]
    [0 0 0 1 0]
    [0 0 1 0 0]
    [0 1 0 0 0]
    [1 0 0 0 0]
]

L* =
[
    [1 0 0 0 0]
    [0 1 0 0 0]
    [0 0 1 0 0]
    [0 0 0 1 0]
    [0 0 0 0 1],

    [    0    64     0     0     0]
    [    1     0    63     0     0]
    [    0  64/9     0 512/9     0]
    [    0     0    56     0     8]
    [    0     0     0    64     0],

    [  0   0 567   0   0]
    [  0  63   0 504   0]
    [  1   0 502   0  64]
    [  0  56   0 511   0]
    [  0   0 504   0  63],

    [     0      0      0    576      0]
    [     0      0    504      0     72]
    [     0  512/9      0 4672/9      0]
    [     1      0    511      0     64]
    [     0     64      0    512      0],

    [ 0  0  0  0 72]
    [ 0  0  0 72  0]
    [ 0  0 64  0  8]
    [ 0  8  0 64  0]
    [ 1  0 63  0  8]
]
