<v, Krein array>
<6734, [ 111, 110, 1369/13, 333/8, 1, 74/13, 555/8, 111 ]>

P =
[   1 1056 4620 1056    1]
[   1  176    0 -176   -1]
[   1   20  -42   20    1]
[   1   -6    0    6   -1]
[   1  -36   70  -36    1]

Q =
[     1    111   2145   3256   1221]
[     1   37/2  325/8  -37/2 -333/8]
[     1      0  -39/2      0   37/2]
[     1  -37/2  325/8   37/2 -333/8]
[     1   -111   2145  -3256   1221]

L = 
[
    [1 0 0 0 0]
    [0 1 0 0 0]
    [0 0 1 0 0]
    [0 0 0 1 0]
    [0 0 0 0 1],

    [   0 1056    0    0    0]
    [   1  245  735   75    0]
    [   0  168  720  168    0]
    [   0   75  735  245    1]
    [   0    0    0 1056    0],

    [   0    0 4620    0    0]
    [   0  735 3150  735    0]
    [   1  720 3178  720    1]
    [   0  735 3150  735    0]
    [   0    0 4620    0    0],

    [   0    0    0 1056    0]
    [   0   75  735  245    1]
    [   0  168  720  168    0]
    [   1  245  735   75    0]
    [   0 1056    0    0    0],

    [0 0 0 0 1]
    [0 0 0 1 0]
    [0 0 1 0 0]
    [0 1 0 0 0]
    [1 0 0 0 0]
]

L* =
[
    [1 0 0 0 0]
    [0 1 0 0 0]
    [0 0 1 0 0]
    [0 0 0 1 0]
    [0 0 0 0 1],

    [      0     111       0       0       0]
    [      1       0     110       0       0]
    [      0   74/13       0 1369/13       0]
    [      0       0   555/8       0   333/8]
    [      0       0       0     111       0],

    [       0        0     2145        0        0]
    [       0      110        0     2035        0]
    [       1        0 21983/16        0 12321/16]
    [       0    555/8        0  16605/8        0]
    [       0        0 21645/16        0 12675/16],

    [       0        0        0     3256        0]
    [       0        0     2035        0     1221]
    [       0  1369/13        0 40959/13        0]
    [       1        0  16605/8        0   9435/8]
    [       0      111        0     3145        0],

    [       0        0        0        0     1221]
    [       0        0        0     1221        0]
    [       0        0 12321/16        0  7215/16]
    [       0    333/8        0   9435/8        0]
    [       1        0 12675/16        0  6845/16]
]
