<v, Krein array>
<2058, [ 49, 48, 686/15, 77/5, 1, 49/15, 168/5, 49 ]>

P =
[   1  500 1056  500    1]
[   1  100    0 -100   -1]
[   1   10  -22   10    1]
[   1   -5    0    5   -1]
[   1  -25   48  -25    1]

Q =
[    1    49   720   980   308]
[    1  49/5  72/5 -49/5 -77/5]
[    1     0   -15     0    14]
[    1 -49/5  72/5  49/5 -77/5]
[    1   -49   720  -980   308]

L = 
[
    [1 0 0 0 0]
    [0 1 0 0 0]
    [0 0 1 0 0]
    [0 0 0 1 0]
    [0 0 0 0 1],

    [  0 500   0   0   0]
    [  1 165 264  70   0]
    [  0 125 250 125   0]
    [  0  70 264 165   1]
    [  0   0   0 500   0],

    [   0    0 1056    0    0]
    [   0  264  528  264    0]
    [   1  250  554  250    1]
    [   0  264  528  264    0]
    [   0    0 1056    0    0],

    [  0   0   0 500   0]
    [  0  70 264 165   1]
    [  0 125 250 125   0]
    [  1 165 264  70   0]
    [  0 500   0   0   0],

    [0 0 0 0 1]
    [0 0 0 1 0]
    [0 0 1 0 0]
    [0 1 0 0 0]
    [1 0 0 0 0]
]

L* =
[
    [1 0 0 0 0]
    [0 1 0 0 0]
    [0 0 1 0 0]
    [0 0 0 1 0]
    [0 0 0 0 1],

    [     0     49      0      0      0]
    [     1      0     48      0      0]
    [     0  49/15      0 686/15      0]
    [     0      0  168/5      0   77/5]
    [     0      0      0     49      0],

    [     0      0    720      0      0]
    [     0     48      0    672      0]
    [     1      0 2517/5      0 1078/5]
    [     0  168/5      0 3432/5      0]
    [     0      0    504      0    216],

    [       0        0        0      980        0]
    [       0        0      672        0      308]
    [       0   686/15        0 14014/15        0]
    [       1        0   3432/5        0   1463/5]
    [       0       49        0      931        0],

    [     0      0      0      0    308]
    [     0      0      0    308      0]
    [     0      0 1078/5      0  462/5]
    [     0   77/5      0 1463/5      0]
    [     1      0    216      0     91]
]
