<v, Krein array>
<4440, [ 148, 147, 1369/10, 37/2, 1, 111/10, 259/2, 148 ]>

P =
[   1  896 2646  896    1]
[   1  112    0 -112   -1]
[   1    8  -18    8    1]
[   1   -8    0    8   -1]
[   1  -64  126  -64    1]

Q =
[    1   148  1960  2072   259]
[    1  37/2  35/2 -37/2 -37/2]
[    1     0 -40/3     0  37/3]
[    1 -37/2  35/2  37/2 -37/2]
[    1  -148  1960 -2072   259]

L = 
[
    [1 0 0 0 0]
    [0 1 0 0 0]
    [0 0 1 0 0]
    [0 0 0 1 0]
    [0 0 0 0 1],

    [  0 896   0   0   0]
    [  1 216 567 112   0]
    [  0 192 512 192   0]
    [  0 112 567 216   1]
    [  0   0   0 896   0],

    [   0    0 2646    0    0]
    [   0  567 1512  567    0]
    [   1  512 1620  512    1]
    [   0  567 1512  567    0]
    [   0    0 2646    0    0],

    [  0   0   0 896   0]
    [  0 112 567 216   1]
    [  0 192 512 192   0]
    [  1 216 567 112   0]
    [  0 896   0   0   0],

    [0 0 0 0 1]
    [0 0 0 1 0]
    [0 0 1 0 0]
    [0 1 0 0 0]
    [1 0 0 0 0]
]

L* =
[
    [1 0 0 0 0]
    [0 1 0 0 0]
    [0 0 1 0 0]
    [0 0 0 1 0]
    [0 0 0 0 1],

    [      0     148       0       0       0]
    [      1       0     147       0       0]
    [      0  111/10       0 1369/10       0]
    [      0       0   259/2       0    37/2]
    [      0       0       0     148       0],

    [      0       0    1960       0       0]
    [      0     147       0    1813       0]
    [      1       0 10385/6       0  1369/6]
    [      0   259/2       0  3661/2       0]
    [      0       0  5180/3       0   700/3],

    [       0        0        0     2072        0]
    [       0        0     1813        0      259]
    [       0  1369/10        0 19351/10        0]
    [       1        0   3661/2        0    481/2]
    [       0      148        0     1924        0],

    [     0      0      0      0    259]
    [     0      0      0    259      0]
    [     0      0 1369/6      0  185/6]
    [     0   37/2      0  481/2      0]
    [     1      0  700/3      0   74/3]
]
