<v, Krein array>
<5936, [ 106, 105, 2809/28, 1007/27, 1, 159/28, 1855/27, 106 ]>

P =
[   1  972 3990  972    1]
[   1  162    0 -162   -1]
[   1   18  -38   18    1]
[   1   -6    0    6   -1]
[   1  -36   70  -36    1]

Q =
[       1      106     1960     2862     1007]
[       1     53/3   980/27    -53/3 -1007/27]
[       1        0    -56/3        0     53/3]
[       1    -53/3   980/27     53/3 -1007/27]
[       1     -106     1960    -2862     1007]

L = 
[
    [1 0 0 0 0]
    [0 1 0 0 0]
    [0 0 1 0 0]
    [0 0 0 1 0]
    [0 0 0 0 1],

    [  0 972   0   0   0]
    [  1 231 665  75   0]
    [  0 162 648 162   0]
    [  0  75 665 231   1]
    [  0   0   0 972   0],

    [   0    0 3990    0    0]
    [   0  665 2660  665    0]
    [   1  648 2692  648    1]
    [   0  665 2660  665    0]
    [   0    0 3990    0    0],

    [  0   0   0 972   0]
    [  0  75 665 231   1]
    [  0 162 648 162   0]
    [  1 231 665  75   0]
    [  0 972   0   0   0],

    [0 0 0 0 1]
    [0 0 0 1 0]
    [0 0 1 0 0]
    [0 1 0 0 0]
    [1 0 0 0 0]
]

L* =
[
    [1 0 0 0 0]
    [0 1 0 0 0]
    [0 0 1 0 0]
    [0 0 0 1 0]
    [0 0 0 0 1],

    [      0     106       0       0       0]
    [      1       0     105       0       0]
    [      0  159/28       0 2809/28       0]
    [      0       0 1855/27       0 1007/27]
    [      0       0       0     106       0],

    [        0         0      1960         0         0]
    [        0       105         0      1855         0]
    [        1         0 105308/81         0  53371/81]
    [        0   1855/27         0  51065/27         0]
    [        0         0 103880/81         0  54880/81],

    [       0        0        0     2862        0]
    [       0        0     1855        0     1007]
    [       0  2809/28        0 77327/28        0]
    [       1        0 51065/27        0 26182/27]
    [       0      106        0     2756        0],

    [       0        0        0        0     1007]
    [       0        0        0     1007        0]
    [       0        0 53371/81        0 28196/81]
    [       0  1007/27        0 26182/27        0]
    [       1        0 54880/81        0 26606/81]
]
