<v, Krein array>
<3740, [ 85, 84, 867/11, 34, 1, 68/11, 51, 85 ]>

P =
[   1  525 2688  525    1]
[   1  105    0 -105   -1]
[   1   15  -32   15    1]
[   1   -5    0    5   -1]
[   1  -25   48  -25    1]

Q =
[    1    85  1155  1785   714]
[    1    17    33   -17   -34]
[    1     0 -55/4     0  51/4]
[    1   -17    33    17   -34]
[    1   -85  1155 -1785   714]

L = 
[
    [1 0 0 0 0]
    [0 1 0 0 0]
    [0 0 1 0 0]
    [0 0 0 1 0]
    [0 0 0 0 1],

    [  0 525   0   0   0]
    [  1 120 384  20   0]
    [  0  75 375  75   0]
    [  0  20 384 120   1]
    [  0   0   0 525   0],

    [   0    0 2688    0    0]
    [   0  384 1920  384    0]
    [   1  375 1936  375    1]
    [   0  384 1920  384    0]
    [   0    0 2688    0    0],

    [  0   0   0 525   0]
    [  0  20 384 120   1]
    [  0  75 375  75   0]
    [  1 120 384  20   0]
    [  0 525   0   0   0],

    [0 0 0 0 1]
    [0 0 0 1 0]
    [0 0 1 0 0]
    [0 1 0 0 0]
    [1 0 0 0 0]
]

L* =
[
    [1 0 0 0 0]
    [0 1 0 0 0]
    [0 0 1 0 0]
    [0 0 0 1 0]
    [0 0 0 0 1],

    [     0     85      0      0      0]
    [     1      0     84      0      0]
    [     0  68/11      0 867/11      0]
    [     0      0     51      0     34]
    [     0      0      0     85      0],

    [     0      0   1155      0      0]
    [     0     84      0   1071      0]
    [     1      0 1441/2      0  867/2]
    [     0     51      0   1104      0]
    [     0      0 2805/4      0 1815/4],

    [       0        0        0     1785        0]
    [       0        0     1071        0      714]
    [       0   867/11        0 18768/11        0]
    [       1        0     1104        0      680]
    [       0       85        0     1700        0],

    [     0      0      0      0    714]
    [     0      0      0    714      0]
    [     0      0  867/2      0  561/2]
    [     0     34      0    680      0]
    [     1      0 1815/4      0 1037/4]
]
