<v, Krein array>
<7548, [ 85, 84, 8959/111, 340/7, 1, 476/111, 255/7, 85 ]>

P =
[   1 1085 5376 1085    1]
[   1  217    0 -217   -1]
[   1   31  -64   31    1]
[   1   -5    0    5   -1]
[   1  -25   48  -25    1]

Q =
[      1      85    1665    3689    2108]
[      1      17   333/7     -17  -340/7]
[      1       0 -555/28       0  527/28]
[      1     -17   333/7      17  -340/7]
[      1     -85    1665   -3689    2108]

L = 
[
    [1 0 0 0 0]
    [0 1 0 0 0]
    [0 0 1 0 0]
    [0 0 0 1 0]
    [0 0 0 0 1],

    [   0 1085    0    0    0]
    [   1  264  768   52    0]
    [   0  155  775  155    0]
    [   0   52  768  264    1]
    [   0    0    0 1085    0],

    [   0    0 5376    0    0]
    [   0  768 3840  768    0]
    [   1  775 3824  775    1]
    [   0  768 3840  768    0]
    [   0    0 5376    0    0],

    [   0    0    0 1085    0]
    [   0   52  768  264    1]
    [   0  155  775  155    0]
    [   1  264  768   52    0]
    [   0 1085    0    0    0],

    [0 0 0 0 1]
    [0 0 0 1 0]
    [0 0 1 0 0]
    [0 1 0 0 0]
    [1 0 0 0 0]
]

L* =
[
    [1 0 0 0 0]
    [0 1 0 0 0]
    [0 0 1 0 0]
    [0 0 0 1 0]
    [0 0 0 0 1],

    [       0       85        0        0        0]
    [       1        0       84        0        0]
    [       0  476/111        0 8959/111        0]
    [       0        0    255/7        0    340/7]
    [       0        0        0       85        0],

    [         0          0       1665          0          0]
    [         0         84          0       1581          0]
    [         1          0   36741/49          0   44795/49]
    [         0      255/7          0    11400/7          0]
    [         0          0 141525/196          0 184815/196],

    [         0          0          0       3689          0]
    [         0          0       1581          0       2108]
    [         0   8959/111          0 400520/111          0]
    [         1          0    11400/7          0    14416/7]
    [         0         85          0       3604          0],

    [         0          0          0          0       2108]
    [         0          0          0       2108          0]
    [         0          0   44795/49          0   58497/49]
    [         0      340/7          0    14416/7          0]
    [         1          0 184815/196          0 228157/196]
]
