<v, Krein array>
<800, [ 25, 24, 625/28, 75/7, 25/7, 1, 75/28, 100/7, 150/7, 25 ]>
r.1 = sqrt(625/7)

P =
[1 56 56 343 343 1]
[1 56/25*r.1 -56/25*r.1 49 -49 -1]
[1 6 6 -7 -7 1]
[1 0 0 -7 7 -1]
[1 -8 -8 7 7 1]
[1 -56/25*r.1 56/25*r.1 49 -49 -1]

Q =
[        1        25       224       350       175        25]
[        1       r.1        24         0       -25      -r.1]
[        1      -r.1        24         0       -25       r.1]
[        1  25/7 -32/7 -50/7  25/7  25/7]
[        1 -25/7 -32/7  50/7  25/7 -25/7]
[        1       -25       224      -350       175       -25]

L = 
[
    [1 0 0 0 0 0]
    [0 1 0 0 0 0]
    [0 0 1 0 0 0]
    [0 0 0 1 0 0]
    [0 0 0 0 1 0]
    [0 0 0 0 0 1],

    [ 0 56  0  0  0  0]
    [ 1  3  3 49  0  0]
    [ 0  3  3  0 49  1]
    [ 0  8  0 24 24  0]
    [ 0  0  8 24 24  0]
    [ 0  0 56  0  0  0],

    [ 0  0 56  0  0  0]
    [ 0  3  3  0 49  1]
    [ 1  3  3 49  0  0]
    [ 0  0  8 24 24  0]
    [ 0  8  0 24 24  0]
    [ 0 56  0  0  0  0],

    [  0   0   0 343   0   0]
    [  0  49   0 147 147   0]
    [  0   0  49 147 147   0]
    [  1  24  24 168 126   0]
    [  0  24  24 126 168   1]
    [  0   0   0   0 343   0],

    [  0   0   0   0 343   0]
    [  0   0  49 147 147   0]
    [  0  49   0 147 147   0]
    [  0  24  24 126 168   1]
    [  1  24  24 168 126   0]
    [  0   0   0 343   0   0],

    [0 0 0 0 0 1]
    [0 0 1 0 0 0]
    [0 1 0 0 0 0]
    [0 0 0 0 1 0]
    [0 0 0 1 0 0]
    [1 0 0 0 0 0]
]

L* =
[
    [1 0 0 0 0 0]
    [0 1 0 0 0 0]
    [0 0 1 0 0 0]
    [0 0 0 1 0 0]
    [0 0 0 0 1 0]
    [0 0 0 0 0 1],

    [     0     25      0      0      0      0]
    [     1      0     24      0      0      0]
    [     0  75/28      0 625/28      0      0]
    [     0      0  100/7      0   75/7      0]
    [     0      0      0  150/7      0   25/7]
    [     0      0      0      0     25      0],

    [     0      0    224      0      0      0]
    [     0     24      0    200      0      0]
    [     1      0  936/7      0  625/7      0]
    [     0  100/7      0 1368/7      0  100/7]
    [     0      0  800/7      0  768/7      0]
    [     0      0      0    200      0     24],

    [      0       0       0     350       0       0]
    [      0       0     200       0     150       0]
    [      0  625/28       0 4275/14       0  625/28]
    [      1       0  1368/7       0  1075/7       0]
    [      0   150/7       0  2150/7       0   150/7]
    [      0       0     200       0     150       0],

    [     0      0      0      0    175      0]
    [     0      0      0    150      0     25]
    [     0      0  625/7      0  600/7      0]
    [     0   75/7      0 1075/7      0   75/7]
    [     1      0  768/7      0  450/7      0]
    [     0     25      0    150      0      0],

    [     0      0      0      0      0     25]
    [     0      0      0      0     25      0]
    [     0      0      0 625/28      0  75/28]
    [     0      0  100/7      0   75/7      0]
    [     0   25/7      0  150/7      0      0]
    [     1      0     24      0      0      0]
]
