<v, Krein array>
<14480, [ 181, 180, 32761/190, 1629/19, 181/19, 1, 1629/190, 1810/19, 3258/19, 181 ]>
r.1 = sqrt(19)

P =
[      1     380     380    6859    6859       1]
[      1  20*r.1 -20*r.1     361    -361      -1]
[      1      18      18     -19     -19       1]
[      1       0       0     -19      19      -1]
[      1     -20     -20      19      19       1]
[      1 -20*r.1  20*r.1     361    -361      -1]

Q =
[              1             181            3800            6878            3439             181]
[              1  181/19*r.1             180               0            -181 -181/19*r.1]
[              1 -181/19*r.1             180               0            -181  181/19*r.1]
[              1      181/19     -200/19     -362/19      181/19      181/19]
[              1     -181/19     -200/19      362/19      181/19     -181/19]
[              1            -181            3800           -6878            3439            -181]

L = 
[
    [1 0 0 0 0 0]
    [0 1 0 0 0 0]
    [0 0 1 0 0 0]
    [0 0 0 1 0 0]
    [0 0 0 0 1 0]
    [0 0 0 0 0 1],

    [  0 380   0   0   0   0]
    [  1   9   9 361   0   0]
    [  0   9   9   0 361   1]
    [  0  20   0 180 180   0]
    [  0   0  20 180 180   0]
    [  0   0 380   0   0   0],

    [  0   0 380   0   0   0]
    [  0   9   9   0 361   1]
    [  1   9   9 361   0   0]
    [  0   0  20 180 180   0]
    [  0  20   0 180 180   0]
    [  0 380   0   0   0   0],

    [   0    0    0 6859    0    0]
    [   0  361    0 3249 3249    0]
    [   0    0  361 3249 3249    0]
    [   1  180  180 3420 3078    0]
    [   0  180  180 3078 3420    1]
    [   0    0    0    0 6859    0],

    [   0    0    0    0 6859    0]
    [   0    0  361 3249 3249    0]
    [   0  361    0 3249 3249    0]
    [   0  180  180 3078 3420    1]
    [   1  180  180 3420 3078    0]
    [   0    0    0 6859    0    0],

    [0 0 0 0 0 1]
    [0 0 1 0 0 0]
    [0 1 0 0 0 0]
    [0 0 0 0 1 0]
    [0 0 0 1 0 0]
    [1 0 0 0 0 0]
]

L* =
[
    [1 0 0 0 0 0]
    [0 1 0 0 0 0]
    [0 0 1 0 0 0]
    [0 0 0 1 0 0]
    [0 0 0 0 1 0]
    [0 0 0 0 0 1],

    [        0       181         0         0         0         0]
    [        1         0       180         0         0         0]
    [        0  1629/190         0 32761/190         0         0]
    [        0         0   1810/19         0   1629/19         0]
    [        0         0         0   3258/19         0    181/19]
    [        0         0         0         0       181         0],

    [       0        0     3800        0        0        0]
    [       0      180        0     3620        0        0]
    [       1        0 39420/19        0 32761/19        0]
    [       0  1810/19        0 68580/19        0  1810/19]
    [       0        0 36200/19        0 36000/19        0]
    [       0        0        0     3620        0      180],

    [        0         0         0      6878         0         0]
    [        0         0      3620         0      3258         0]
    [        0 32761/190         0 620649/95         0 32761/190]
    [        1         0  68580/19         0  62083/19         0]
    [        0   3258/19         0 124166/19         0   3258/19]
    [        0         0      3620         0      3258         0],

    [       0        0        0        0     3439        0]
    [       0        0        0     3258        0      181]
    [       0        0 32761/19        0 32580/19        0]
    [       0  1629/19        0 62083/19        0  1629/19]
    [       1        0 36000/19        0 29322/19        0]
    [       0      181        0     3258        0        0],

    [        0         0         0         0         0       181]
    [        0         0         0         0       181         0]
    [        0         0         0 32761/190         0  1629/190]
    [        0         0   1810/19         0   1629/19         0]
    [        0    181/19         0   3258/19         0         0]
    [        1         0       180         0         0         0]
]
