<v, Krein array>
<576, [ 21, 20, 18, 21/2, 27/7, 1, 3, 21/2, 120/7, 21 ]>

P =
[  1  42 245 245  42   1]
[  1  18  35 -35 -18  -1]
[  1   6  -7  -7   6   1]
[  1   0  -7   7   0  -1]
[  1  -6   5   5  -6   1]
[  1 -14  35 -35  14  -1]

Q =
[    1    21   140   240   147    27]
[    1     9    20     0   -21    -9]
[    1     3    -4 -48/7     3  27/7]
[    1    -3    -4  48/7     3 -27/7]
[    1    -9    20     0   -21     9]
[    1   -21   140  -240   147   -27]

L = 
[
    [1 0 0 0 0 0]
    [0 1 0 0 0 0]
    [0 0 1 0 0 0]
    [0 0 0 1 0 0]
    [0 0 0 0 1 0]
    [0 0 0 0 0 1],

    [ 0 42  0  0  0  0]
    [ 1  5 35  0  1  0]
    [ 0  6 18 18  0  0]
    [ 0  0 18 18  6  0]
    [ 0  1  0 35  5  1]
    [ 0  0  0  0 42  0],

    [  0   0 245   0   0   0]
    [  0  35 105 105   0   0]
    [  1  18 118  90  18   0]
    [  0  18  90 118  18   1]
    [  0   0 105 105  35   0]
    [  0   0   0 245   0   0],

    [  0   0   0 245   0   0]
    [  0   0 105 105  35   0]
    [  0  18  90 118  18   1]
    [  1  18 118  90  18   0]
    [  0  35 105 105   0   0]
    [  0   0 245   0   0   0],

    [ 0  0  0  0 42  0]
    [ 0  1  0 35  5  1]
    [ 0  0 18 18  6  0]
    [ 0  6 18 18  0  0]
    [ 1  5 35  0  1  0]
    [ 0 42  0  0  0  0],

    [0 0 0 0 0 1]
    [0 0 0 0 1 0]
    [0 0 0 1 0 0]
    [0 0 1 0 0 0]
    [0 1 0 0 0 0]
    [1 0 0 0 0 0]
]

L* =
[
    [1 0 0 0 0 0]
    [0 1 0 0 0 0]
    [0 0 1 0 0 0]
    [0 0 0 1 0 0]
    [0 0 0 0 1 0]
    [0 0 0 0 0 1],

    [    0    21     0     0     0     0]
    [    1     0    20     0     0     0]
    [    0     3     0    18     0     0]
    [    0     0  21/2     0  21/2     0]
    [    0     0     0 120/7     0  27/7]
    [    0     0     0     0    21     0],

    [   0    0  140    0    0    0]
    [   0   20    0  120    0    0]
    [   1    0   76    0   63    0]
    [   0 21/2    0  116    0 27/2]
    [   0    0   60    0   80    0]
    [   0    0    0  120    0   20],

    [      0       0       0     240       0       0]
    [      0       0     120       0     120       0]
    [      0      18       0  1392/7       0   162/7]
    [      1       0     116       0     123       0]
    [      0   120/7       0 9840/49       0 1080/49]
    [      0       0     120       0     120       0],

    [   0    0    0    0  147    0]
    [   0    0    0  120    0   27]
    [   0    0   63    0   84    0]
    [   0 21/2    0  123    0 27/2]
    [   1    0   80    0   66    0]
    [   0   21    0  120    0    6],

    [      0       0       0       0       0      27]
    [      0       0       0       0      27       0]
    [      0       0       0   162/7       0    27/7]
    [      0       0    27/2       0    27/2       0]
    [      0    27/7       0 1080/49       0   54/49]
    [      1       0      20       0       6       0]
]
