<v, Krein array>
<6272, [ 133, 132, 245/2, 63, 7, 1, 21/2, 70, 126, 133 ]>

P =
[   1  209 2926 2926  209    1]
[   1   55  154 -154  -55   -1]
[   1   13  -14  -14   13    1]
[   1   -1  -14   14    1   -1]
[   1  -15   14   14  -15    1]
[   1  -57  266 -266   57   -1]

Q =
[    1   133  1672  2926  1463    77]
[    1    35   104   -14  -105   -21]
[    1     7    -8   -14     7     7]
[    1    -7    -8    14     7    -7]
[    1   -35   104    14  -105    21]
[    1  -133  1672 -2926  1463   -77]

L = 
[
    [1 0 0 0 0 0]
    [0 1 0 0 0 0]
    [0 0 1 0 0 0]
    [0 0 0 1 0 0]
    [0 0 0 0 1 0]
    [0 0 0 0 0 1],

    [  0 209   0   0   0   0]
    [  1  12 196   0   0   0]
    [  0  14  90 105   0   0]
    [  0   0 105  90  14   0]
    [  0   0   0 196  12   1]
    [  0   0   0   0 209   0],

    [   0    0 2926    0    0    0]
    [   0  196 1260 1470    0    0]
    [   1   90 1470 1260  105    0]
    [   0  105 1260 1470   90    1]
    [   0    0 1470 1260  196    0]
    [   0    0    0 2926    0    0],

    [   0    0    0 2926    0    0]
    [   0    0 1470 1260  196    0]
    [   0  105 1260 1470   90    1]
    [   1   90 1470 1260  105    0]
    [   0  196 1260 1470    0    0]
    [   0    0 2926    0    0    0],

    [  0   0   0   0 209   0]
    [  0   0   0 196  12   1]
    [  0   0 105  90  14   0]
    [  0  14  90 105   0   0]
    [  1  12 196   0   0   0]
    [  0 209   0   0   0   0],

    [0 0 0 0 0 1]
    [0 0 0 0 1 0]
    [0 0 0 1 0 0]
    [0 0 1 0 0 0]
    [0 1 0 0 0 0]
    [1 0 0 0 0 0]
]

L* =
[
    [1 0 0 0 0 0]
    [0 1 0 0 0 0]
    [0 0 1 0 0 0]
    [0 0 0 1 0 0]
    [0 0 0 0 1 0]
    [0 0 0 0 0 1],

    [    0   133     0     0     0     0]
    [    1     0   132     0     0     0]
    [    0  21/2     0 245/2     0     0]
    [    0     0    70     0    63     0]
    [    0     0     0   126     0     7]
    [    0     0     0     0   133     0],

    [   0    0 1672    0    0    0]
    [   0  132    0 1540    0    0]
    [   1    0  936    0  735    0]
    [   0   70    0 1560    0   42]
    [   0    0  840    0  832    0]
    [   0    0    0 1596    0   76],

    [    0     0     0  2926     0     0]
    [    0     0  1540     0  1386     0]
    [    0 245/2     0  2730     0 147/2]
    [    1     0  1560     0  1365     0]
    [    0   126     0  2730     0    70]
    [    0     0  1596     0  1330     0],

    [   0    0    0    0 1463    0]
    [   0    0    0 1386    0   77]
    [   0    0  735    0  728    0]
    [   0   63    0 1365    0   35]
    [   1    0  832    0  630    0]
    [   0  133    0 1330    0    0],

    [    0     0     0     0     0    77]
    [    0     0     0     0    77     0]
    [    0     0     0 147/2     0   7/2]
    [    0     0    42     0    35     0]
    [    0     7     0    70     0     0]
    [    1     0    76     0     0     0]
]
