0 5 7 2 1 4 6 3 10 8 9 11 18 19 20 13 14
 22 21 15 16 12 23 17 25 26 24 45 42 37 43 36 28 46 27
 30 41 44 47 38 33 31 32 35 29 34 40 39 48 50 51 49 53
 54 52 58 59 63 61 60 56 55 57 62 64 65 69 72 66 68 71
 74 76 77 70 73 67 75 84 89 83 85 79 87 86 88 78 80 81
 82 97 98 93 96 99 90 92 95 100 101 91 94 102 104 105 103 107
 108 106 109 112 110 111 116 120 119 118 115 113 117 121 114 132 131 126
 129 130 123 122 133 124 127 128 125 135 136 134 141 144 143 138 142 137
 145 140 139 149 152 156 157 154 148 153 147 155 150 151 146 159 161 160
 158 164 163 165 162 166 170 167 169 168 173 171 172 174 175 176 177 181
 179 178 180 183 184 182 185 187 188 186 190 191 189 192 195 193 194 199
 206 205 207 204 197 198 200 203 202 201 196 216 218 217 219 208 210 209
 211 212 213 214 215 225 223 224 227 226 228 222 221 220 231 229 230 238
 235 239 241 234 242 240 236 232 233 243 237 245 246 244 247 249 250 248
 251 256 261 262 253 258 259 252 260 257 255 263 254 266 264 265 269 267
 268 272 270 271 273 275 276 274 278 279 277 280 283 282 284 281 285 286
 289 294 292 290 291 287 288 293 296 298 297 295 301 299 300 302 304 305
 303 308 306 307 309 312 310 311 314 316 315 313 317 319 320 318 327 324
 322 323 325 321 326 328 330 331 329 332 333 337 341 334 336 342 343 339
 345 344 340 338 335 355 353 351 352 358 363 369 366 346 354 364 367 361
 356 362 350 365 348 359 360 347 368 357 349 371 376 379 380 377 373 370
 378 374 381 375 372 387 384 392 382 390 385 391 386 389 393 383 388 408
 400 411 403 410 416 413 415 399 405 396 397 398 412 417 401 406 404 414
 395 407 409 402 394 425 434 432 423 420 426 436 437 421 441 430 428 429
 440 422 427 439 424 435 418 431 419 438 433 445 452 459 457 456 463 444
 458 464 455 465 449 450 461 460 442 453 448 446 451 447 462 454 443 486
 477 488 466 487 468 480 467 489 479 472 473 482 481 476 475 485 470 474
 478 469 483 471 484 493 511 503 507 506 498 499 500 512 501 513 496 510
 504 492 502 508 490 494 491 505 509 495 497 524 522 520 523 515 514 521
 516 518 525 519 517 527 528 526 529 530 534 532 531 533 536 537 535 538
 540 542 541 539 544 545 543
5 1 2 6 0 4 7 3 8 11 9 10 14 23 19 16 17
 15 13 12 21 22 20 18 27 32 38 28 24 31 29 30 47 36 39
 46 44 35 45 42 43 40 34 41 33 26 37 25 50 49 51 48 56
 61 62 52 55 53 60 54 63 57 59 58 64 65 77 74 72 70 76
 66 75 67 73 68 69 71 79 80 78 89 88 82 87 84 81 85 83
 86 92 90 91 95 93 94 101 100 96 97 99 98 104 103 105 102 106
 108 109 107 113 115 121 114 110 116 111 120 117 112 118 119 131 125 133
 130 122 128 129 127 123 126 124 132 141 144 145 143 137 135 134 140 136
 138 139 142 147 148 146 151 152 154 157 155 149 156 153 150 158 161 159
 160 162 164 165 163 171 167 169 170 168 173 172 166 174 175 176 177 178
 181 179 180 185 183 182 184 188 186 187 189 191 192 190 194 195 193 198
 196 197 201 199 200 204 205 206 207 202 203 209 213 214 216 215 208 219
 218 217 211 212 210 221 222 220 228 227 226 230 229 231 224 225 223 234
 232 233 236 237 235 241 240 242 243 239 238 244 246 247 245 248 250 251
 249 254 252 253 257 255 256 260 261 262 263 258 259 265 266 264 268 269
 267 271 272 270 273 276 274 275 280 278 277 279 281 283 284 282 285 286
 287 288 292 294 289 291 290 293 295 298 296 297 299 302 300 301 305 303
 304 307 308 306 309 310 317 311 315 314 316 313 312 320 318 319 327 322
 328 323 321 326 325 324 329 331 332 330 333 338 344 340 341 345 337 342
 339 336 335 343 334 359 349 347 348 356 369 366 363 350 362 354 351 355
 365 364 360 358 368 361 346 367 352 353 357 377 373 371 372 379 374 381
 380 376 375 370 378 386 382 389 391 383 392 384 388 385 390 393 387 415
 397 395 396 408 403 404 410 411 413 416 402 409 394 414 417 412 405 401
 399 398 407 400 406 423 420 421 419 418 422 429 432 437 430 435 433 440
 436 439 424 426 438 441 434 428 425 427 431 455 462 443 460 442 465 453
 459 456 450 448 452 445 446 451 464 447 463 454 457 444 449 461 458 471
 481 469 470 468 474 475 472 466 473 482 485 467 476 477 478 479 489 487
 480 484 486 483 488 502 500 493 494 492 497 495 496 501 513 512 511 506
 508 510 503 490 504 505 499 507 498 491 509 522 516 517 515 519 520 518
 524 525 521 523 514 529 527 526 528 537 532 533 531 534 530 536 535 538
 539 542 540 541 545 543 544
6 7 5 4 3 2 0 1 10 9 8 11 22 19 14 15 20
 18 17 13 16 23 12 21 29 44 37 41 46 24 47 34 40 42 31
 39 45 26 43 35 32 27 33 38 25 36 28 30 48 50 49 51 58
 55 61 53 59 63 52 56 60 54 62 57 64 65 75 67 73 77 70
 74 76 68 71 66 72 69 91 95 101 93 90 99 100 92 98 94 96
 97 82 78 85 81 87 79 88 89 86 83 84 80 109 107 106 108 104
 103 105 102 127 123 131 132 130 133 122 125 128 129 126 124 116 111 121
 117 120 110 118 119 114 112 113 115 151 156 148 154 153 149 147 150 155
 146 152 157 143 140 136 139 141 134 144 138 137 142 135 145 164 162 163
 165 159 160 158 161 169 171 173 166 172 167 170 168 174 176 175 177 184
 185 182 183 180 181 178 179 186 188 187 190 189 191 192 194 193 195 215
 217 209 219 212 213 218 208 216 214 210 211 203 198 206 207 200 201 205
 196 204 197 202 199 239 238 235 232 233 234 241 240 236 237 242 243 223
 224 225 222 228 229 221 220 227 226 230 231 249 248 250 251 245 244 246
 247 252 257 263 259 258 253 256 255 261 260 262 254 266 265 264 272 271
 270 269 268 267 273 276 275 274 284 283 281 282 279 280 278 277 286 285
 294 289 288 291 290 293 292 287 301 299 302 300 296 298 295 297 306 307
 308 303 304 305 309 316 313 314 311 312 317 310 315 318 320 319 322 321
 327 326 328 324 323 325 330 329 331 332 333 334 340 337 336 344 345 335
 343 342 341 338 339 368 359 350 362 348 361 360 364 357 367 366 354 363
 347 352 351 349 358 353 369 356 355 346 365 381 379 376 380 378 375 372
 377 374 371 373 370 390 384 383 389 387 386 388 385 382 393 392 391 396
 401 394 398 397 414 409 395 407 406 408 410 403 402 404 400 405 417 416
 415 399 413 412 411 435 429 441 438 433 440 437 436 431 432 439 419 434
 426 427 422 430 418 425 424 421 428 423 420 444 451 442 448 449 464 445
 446 463 443 461 456 462 465 453 459 460 457 458 452 454 450 447 455 479
 474 472 481 485 480 468 489 467 486 488 484 483 466 471 469 487 478 477
 470 475 482 476 473 498 503 511 495 513 493 510 508 490 502 506 505 499
 491 509 501 500 512 497 504 496 492 507 494 524 523 520 522 525 519 516
 521 517 515 514 518 526 528 527 529 532 535 530 536 537 531 533 534 538
 540 539 541 542 544 543 545
46 37 19 8 2 35 14 12 24 1 27 28 38 47 42 45 32
 39 34 4 0 25 26 5 3 30 36 31 40 17 21 10 33 16 44
 23 22 9 7 29 11 13 6 15 18 43 20 41 51 48 50 49 63
 53 56 62 57 54 58 59 55 52 60 61 64 65 69 72 66 68 71
 74 76 77 70 73 67 75 120 105 115 117 119 118 102 111 121 112 104
 116 173 138 145 137 171 139 135 142 166 143 144 136 147 148 146 167 90
 92 162 91 168 155 149 154 152 170 157 151 156 150 169 153 101 165 163
 94 100 99 164 96 98 93 95 97 108 129 122 131 109 132 124 128 133
 127 126 107 88 84 161 87 82 81 160 86 159 85 83 89 110 113 114
 103 134 140 141 172 130 79 158 78 80 125 123 106 175 176 174 178 182
 184 183 185 177 188 187 186 181 179 180 229 224 248 227 207 203 205 213
 211 218 212 217 214 210 209 215 216 208 219 272 194 270 264 267 265 268
 271 195 269 266 193 237 247 243 238 235 245 234 232 233 246 241 236 192
 263 262 190 255 260 258 259 256 257 191 261 254 253 189 252 242 239 244
 240 221 225 250 231 251 230 223 249 220 222 226 228 197 196 198 199 201
 200 202 204 206 281 284 283 282 273 274 276 275 277 279 280 278 287 295
 300 306 302 308 301 299 286 307 293 290 294 288 304 285 303 305 291 292
 289 298 297 296 310 313 314 315 309 320 318 319 316 312 317 311 323 330
 329 331 328 324 322 332 321 327 326 325 333 420 421 494 397 395 469 419
 493 468 396 492 470 355 350 351 384 358 356 369 389 374 391 348 388 347
 385 362 390 375 372 379 349 371 354 357 373 361 376 387 352 367 360 366
 378 393 381 392 364 359 380 365 382 353 363 368 386 370 346 383 377 446
 415 478 433 465 394 424 514 429 467 512 500 455 458 345 447 334 407 442
 491 522 338 481 525 401 498 410 475 427 501 519 511 430 520 341 459 456
 339 473 337 412 450 463 472 518 440 449 451 434 405 507 505 399 504 483
 439 503 484 432 510 413 508 426 486 411 402 487 403 425 488 437 489 414
 461 509 431 408 476 464 452 513 335 524 521 343 448 344 523 457 479 441
 453 482 499 436 398 417 454 480 428 497 445 444 336 340 460 443 517 438
 435 409 495 477 496 406 342 485 462 515 516 418 404 474 423 502 400 422
 506 466 416 471 490 536 530 537 535 531 527 526 528 529 534 532 533 538
 541 540 542 539 543 544 545
0 5 3 6 4 1 7 2 13 23 8 18 21 17 16 14 22
 10 12 9 19 11 15 20 24 26 25 34 47 31 37 40 39 41 27
 43 44 33 42 32 46 30 38 36 35 45 29 28 52 56 49 55 54
 48 53 57 58 59 50 51 62 60 63 61 65 64 71 69 76 75 73
 70 67 66 68 72 77 74 94 91 96 92 93 164 163 95 101 90 98
 165 81 159 87 88 84 161 89 83 82 86 85 160 136 145 172 142 149
 167 151 154 135 134 166 137 140 138 173 141 144 139 171 143 148 146 155
 157 150 170 152 156 169 153 168 147 102 112 111 104 121 105 116 118 119
 115 117 120 133 123 107 127 130 125 129 132 124 109 128 108 97 162 99
 100 79 78 158 80 110 122 131 126 106 103 113 114 174 175 176 189 222
 221 220 248 232 233 244 234 256 255 257 194 177 195 193 191 190 192 229
 249 228 225 227 231 224 223 251 230 226 250 241 235 239 238 245 247 243
 237 242 236 240 246 202 203 197 179 180 181 205 204 196 198 206 207 209
 212 210 182 213 218 184 185 215 214 219 208 211 183 216 217 199 178 201
 200 268 186 266 264 270 267 188 187 265 271 272 269 259 263 261 258 262
 260 253 254 252 273 274 276 275 277 279 278 280 284 283 281 282 295 299
 290 291 288 292 293 294 289 287 305 285 303 304 306 307 286 308 298 297
 296 301 302 300 329 321 327 326 328 323 324 322 325 332 330 331 310 313
 315 314 317 312 311 316 319 309 318 320 333 466 472 371 473 515 474 517
 516 475 373 471 372 394 462 400 369 420 430 440 427 355 457 461 416 407
 421 464 362 419 357 415 358 404 351 443 444 382 509 383 503 386 499 337
 505 513 341 339 508 514 480 381 477 488 376 485 522 378 489 483 525 418
 399 353 459 422 449 436 423 368 431 463 403 412 454 354 356 460 441 350
 363 410 401 413 445 442 432 406 455 439 364 453 417 409 433 424 348 452
 448 361 396 360 395 429 425 349 446 397 347 346 458 438 437 398 366 405
 435 414 359 367 465 365 451 434 408 402 352 450 426 411 447 456 428 490
 334 342 511 384 389 495 387 501 510 392 507 393 338 345 497 504 498 388
 496 336 506 502 340 467 370 478 469 379 520 484 377 476 482 479 380 374
 523 375 481 521 524 470 486 468 519 487 518 491 500 494 391 390 493 335
 512 344 343 385 492 528 529 527 526 530 532 533 534 531 535 537 536 539
 543 538 544 545 540 542 541
