0 1 10 4 3 15 12 11 8 13 2 7 6 9 14 5 16
 26 24 19 21 20 28 23 18 30 17 29 22 27 25 31 33 32 45
 43 40 37 39 38 36 41 44 35 42 34 49 48 47 46 55 53 57
 51 54 50 59 52 58 56 63 62 61 60 68 73 67 66 64 72 70
 71 69 65 77 85 78 74 76 81 83 79 86 80 84 75 82 87 151
 249 112 109 187 178 194 164 198 215 223 235 158 113 157 152 156 154 155
 125 153 91 160 159 90 101 146 148 149 144 150 147 145 143 124 167 122
 107 192 212 252 226 177 141 222 237 231 204 239 173 213 193 253 131 197
 121 117 120 114 119 115 116 118 88 103 108 105 106 104 102 100 111 110
 230 233 246 95 225 219 123 201 203 251 179 227 137 228 244 196 130 93
 171 242 234 210 247 206 205 202 92 189 188 248 217 126 139 94 254 176
 142 96 211 218 168 186 169 135 185 184 220 214 240 182 199 127 138 208
 97 224 191 200 166 207 229 132 98 216 165 129 172 174 221 161 134 245
 162 181 99 243 133 255 136 209 250 180 236 175 232 163 183 190 89 241
 170 128 140 195 238 256 257 259 258 269 270 271 268 267 265 266 264 263
 260 261 262 272 273 274 278 277 276 275 282 283 281 279 280 285 284 287
 286 288 289 296 291 293 292 303 304 290 297 302 301 300 299 298 294 295
 309 306 308 307 305 319 318 312 317 316 315 314 313 311 310 320 322 321
 331 332 329 326 330 333 325 327 323 324 328 334 368 444 388 401 382 510
 505 480 512 511 509 418 500 352 351 353 349 348 350 357 356 355 354 358
 361 360 359 364 367 362 374 371 363 335 370 369 366 372 373 365 488 469
 403 392 487 485 477 339 483 486 484 417 451 337 413 422 443 378 448 442
 447 446 445 441 438 437 338 435 377 439 440 433 432 434 436 412 471 410
 389 492 430 514 386 346 527 462 517 390 463 449 474 473 472 470 476 415
 475 407 406 408 402 409 400 399 404 405 398 394 391 336 397 396 395 393
 424 506 387 481 541 498 539 540 465 479 524 491 535 420 423 499 457 526
 497 536 376 428 411 427 426 425 431 429 381 507 458 342 452 508 383 385
 380 384 379 375 518 530 460 414 503 538 531 533 467 454 464 347 525 544
 493 519 341 450 478 482 345 340 344 343 520 416 543 542 421 489 504 513
 523 522 521 459 501 466 419 534 537 490 495 532 496 528 461 468 529 494
 455 456 453 516 515 502 545
0 2 14 4 9 3 8 12 11 13 7 1 10 15 6 5 16
 18 17 22 24 26 19 29 20 30 21 27 28 23 25 42 33 39 37
 32 45 40 43 38 31 34 41 35 36 44 65 143 141 114 241 204 244
 75 199 243 245 209 246 215 156 101 161 79 212 112 225 250 238 251 200
 191 52 92 125 253 181 68 100 237 165 210 248 236 229 185 56 194 148
 108 184 98 120 177 163 55 205 82 239 230 160 155 113 63 152 77 157
 154 153 158 91 159 145 147 90 149 151 144 150 62 146 124 48 198 254
 255 121 74 247 166 182 137 53 216 117 222 233 126 86 97 189 186 59
 202 111 129 219 99 72 57 249 240 224 118 252 235 133 174 136 231 162
 106 223 218 83 207 46 135 190 122 115 61 88 47 119 116 107 103 104
 102 109 110 60 105 226 167 192 49 85 96 213 84 169 138 70 203 183
 139 132 71 58 193 195 173 140 51 73 50 80 227 178 221 176 142 66
 168 130 211 94 206 67 217 188 242 81 95 187 170 171 54 179 134 197
 234 180 228 220 93 196 76 69 208 78 214 172 201 87 127 232 89 164
 175 64 123 131 128 256 263 259 264 258 265 270 266 267 271 261 269 262
 260 268 257 272 273 274 285 284 278 277 282 288 287 279 283 276 275 286
 281 280 289 291 298 293 299 292 297 304 290 300 301 295 303 296 294 302
 309 313 308 314 307 312 319 318 315 316 310 305 311 306 317 330 322 333
 321 326 332 329 325 331 320 334 323 327 328 324 417 337 436 468 398 381
 514 426 495 544 476 479 518 447 440 454 517 344 402 362 509 475 458 504
 535 427 540 445 430 482 348 384 474 505 521 345 467 494 489 460 485 486
 483 488 403 392 368 339 487 484 469 477 451 446 378 352 364 448 413 442
 422 444 443 441 434 388 377 438 439 338 412 433 432 435 437 351 537 473
 425 405 393 335 496 501 510 354 539 530 401 336 375 506 373 519 356 457
 543 394 382 411 529 359 461 478 528 342 406 387 525 456 418 361 502 367
 400 410 407 408 404 399 349 409 389 397 390 395 396 391 379 386 380 376
 385 383 531 372 481 347 421 465 520 503 527 471 462 492 353 346 534 343
 415 516 453 363 522 524 459 450 523 358 526 419 466 452 340 360 420 490
 431 532 533 455 498 357 513 416 374 497 493 464 355 512 480 472 538 369
 429 500 515 365 508 366 341 536 507 511 542 470 499 541 424 463 350 428
 414 449 423 371 370 491 545
0 1 7 15 5 4 12 2 14 9 11 10 6 13 8 3 19
 26 18 16 27 29 25 23 24 22 17 20 30 21 28 54 234 181 251
 91 209 71 239 136 240 84 116 109 149 170 46 59 56 49 57 53 55
 51 31 52 48 50 58 47 130 154 105 177 228 219 151 88 174 243 87
 37 236 166 210 124 108 182 153 235 217 99 204 191 41 122 135 70 67
 160 226 35 246 101 184 175 253 142 118 81 117 93 230 171 247 62 196
 212 76 43 249 242 129 178 218 208 42 100 98 119 145 173 85 126 75
 127 123 125 128 112 60 132 131 133 233 86 39 143 186 189 198 222 97
 137 158 120 200 147 214 44 223 66 179 78 61 176 183 161 144 180 89
 157 231 187 244 227 73 192 203 201 45 103 225 121 68 95 155 63 113
 152 159 33 77 156 94 245 138 163 193 139 248 83 167 188 206 254 106
 215 140 220 146 169 213 168 82 232 194 211 115 36 74 207 107 202 148
 197 238 80 114 65 199 241 141 150 255 172 90 165 64 250 102 162 205
 134 32 79 72 237 216 38 40 221 111 69 164 185 92 104 190 110 229
 34 252 96 195 224 256 265 267 264 269 263 262 261 259 257 266 258 270
 260 268 271 272 273 288 275 287 286 278 283 282 281 280 279 285 284 277
 276 274 289 290 297 301 299 303 298 296 291 295 293 300 292 304 294 302
 336 532 535 461 444 467 516 372 469 436 358 409 376 542 497 320 331 323
 322 332 330 334 329 328 327 325 321 324 333 326 340 305 339 342 337 335
 347 338 345 344 343 346 341 479 383 414 483 458 492 448 538 494 393 315
 433 373 406 420 490 462 378 475 530 510 495 531 431 312 360 392 375 317
 478 365 487 445 427 388 349 503 476 527 456 382 430 491 524 374 357 437
 465 407 485 449 421 442 480 534 507 536 426 361 396 537 316 471 412 411
 415 350 413 416 419 418 417 362 399 460 481 441 525 405 381 513 484 389
 371 446 359 529 528 314 394 517 468 473 424 400 459 309 380 432 457 354
 398 541 540 463 506 498 539 387 447 352 443 422 308 364 452 518 395 515
 310 439 313 520 410 477 440 501 366 385 472 377 348 401 423 502 351 429
 397 493 379 488 499 363 390 353 486 356 369 533 319 454 489 505 474 482
 384 521 500 453 403 544 512 368 511 509 428 514 466 311 438 464 523 470
 504 522 519 391 425 543 386 435 434 367 370 306 496 402 307 404 408 355
 455 451 450 318 526 508 545
0 2 14 4 9 3 8 12 11 13 7 1 10 15 6 5 31
 60 65 69 63 73 71 62 64 67 68 61 72 70 66 32 44 38 41
 42 34 35 36 39 16 45 37 40 43 33 17 96 90 93 89 92 88
 46 98 95 94 91 99 97 253 193 197 48 167 131 231 249 173 239 213
 158 78 204 129 156 234 21 217 177 134 195 147 164 227 103 86 232 242
 144 169 199 219 237 235 80 152 59 251 142 162 228 139 24 205 51 102
 176 117 191 209 220 166 248 141 116 175 108 214 29 178 128 79 121 182
 137 198 53 216 145 254 255 74 247 153 192 110 132 56 215 202 188 82
 189 207 125 120 246 28 76 250 109 183 208 122 163 130 106 170 225 160
 174 211 138 50 111 75 187 119 252 180 27 244 81 190 149 226 185 140
 157 240 233 18 196 107 212 222 85 49 143 200 54 184 218 23 206 224
 113 126 19 87 101 210 238 104 77 26 83 55 229 146 172 154 230 25
 179 133 223 245 203 30 100 186 148 47 243 135 136 201 84 168 165 161
 181 115 155 159 114 105 57 22 118 52 150 221 171 58 123 194 241 236
 151 20 127 112 124 257 258 268 267 263 266 261 265 264 260 270 262 269
 271 259 256 272 273 274 285 284 278 277 282 288 287 279 283 276 275 286
 281 280 291 289 292 302 301 298 300 295 294 297 299 304 296 303 290 293
 354 349 352 361 348 358 356 353 360 359 355 357 350 320 351 335 364 367
 362 373 369 366 371 374 306 372 365 368 363 370 405 445 425 537 393 454
 539 473 496 501 510 485 434 378 386 381 383 387 384 321 377 385 380 376
 382 379 375 337 407 406 307 402 409 404 399 403 410 401 408 400 479 435
 421 456 345 395 327 461 472 431 519 498 511 442 447 308 322 441 422 446
 413 443 444 448 518 397 509 523 341 538 497 508 415 486 491 317 468 426
 436 417 398 330 495 544 476 309 514 418 494 391 540 513 326 469 319 462
 423 396 535 480 536 316 339 507 534 471 482 344 502 488 530 314 525 333
 460 467 430 489 505 521 313 474 390 388 389 392 394 336 427 440 458 504
 475 517 533 334 466 499 483 420 450 493 419 342 457 428 318 490 528 512
 432 541 542 328 532 449 424 520 438 312 452 527 481 526 429 315 465 346
 484 522 531 416 477 305 506 455 331 412 503 500 310 343 411 487 338 332
 340 464 463 323 433 329 439 529 478 451 453 414 347 516 459 515 311 492
 470 524 543 325 324 437 545
1 4 8 2 9 10 14 12 15 13 5 0 3 11 6 7 16
 85 77 78 75 74 84 86 81 83 79 82 76 87 80 44 32 38 37
 33 34 36 35 39 31 45 41 43 40 42 51 253 129 205 220 176 191
 24 162 117 139 209 228 102 96 194 161 21 126 107 118 207 247 239 201
 244 69 154 90 143 149 48 151 124 150 145 147 144 148 146 62 101 229
 164 202 160 182 128 174 66 114 27 251 230 98 99 94 46 93 17 97
 92 95 88 91 89 210 248 125 181 100 236 165 56 185 237 68 104 219
 183 140 26 238 195 120 224 73 173 243 123 211 212 29 157 169 206 61
 184 249 141 254 155 57 72 111 240 137 225 130 106 122 163 170 208 199
 235 110 168 30 250 63 196 119 133 221 59 158 64 190 234 112 178 198
 215 109 223 49 187 131 132 127 60 18 156 171 19 189 179 58 188 255
 245 167 54 70 232 166 216 121 65 53 67 25 242 103 115 204 142 55
 218 252 233 113 186 50 175 203 227 20 153 105 136 213 71 138 214 197
 116 172 246 241 152 135 28 52 231 22 134 180 200 23 192 193 159 108
 217 47 222 226 177 257 259 263 264 268 266 270 265 267 269 261 271 260
 262 258 256 272 273 274 284 285 275 276 279 288 286 282 280 277 278 287
 281 283 306 320 435 384 528 486 522 493 539 532 534 503 416 455 514 402
 311 308 313 314 317 315 319 305 312 316 310 318 309 289 307 364 335 367
 368 372 369 374 365 366 291 373 371 362 363 370 377 523 482 394 542 487
 294 507 496 544 420 504 400 431 345 472 461 456 302 327 405 395 519 479
 421 498 511 438 439 436 351 293 433 432 388 440 338 412 437 434 376 292
 382 387 386 385 321 383 381 378 380 379 375 529 484 349 330 541 464 536
 500 470 414 516 460 521 417 445 430 467 494 474 505 298 489 348 396 478
 406 509 453 322 495 501 465 350 290 418 497 428 451 524 334 458 356 340
 481 468 483 411 446 359 517 473 299 342 425 488 525 344 530 361 502 333
 518 538 341 491 415 397 352 508 499 399 347 475 537 492 477 403 469 485
 392 339 533 326 543 390 535 510 424 295 512 471 429 391 357 490 301 419
 404 441 393 328 297 506 450 459 337 360 463 343 423 515 457 358 476 346
 447 300 531 296 427 353 449 303 329 401 304 413 355 527 480 454 410 332
 462 422 452 325 409 331 407 442 426 540 398 444 389 448 520 526 354 336
 443 513 466 323 324 408 545
16 31 44 33 32 43 45 40 37 38 42 36 34 39 41 35 0
 24 26 23 20 21 27 19 17 25 18 22 29 28 30 1 4 3 12
 15 11 8 9 13 7 14 10 5 2 6 51 47 48 53 50 46 59
 49 58 55 57 56 54 52 77 76 78 74 79 85 83 80 81 86 84
 87 82 75 63 73 61 60 62 64 67 68 72 66 70 65 69 71 139
 117 253 102 205 176 191 220 129 209 228 162 113 158 91 154 125 152 160
 156 159 157 155 153 140 100 135 138 142 89 134 136 123 141 137 120 173
 104 195 210 224 96 183 143 219 238 118 114 119 122 115 88 112 121 116
 131 249 167 204 239 213 197 231 193 105 111 103 110 107 109 101 108 106
 234 99 199 207 165 222 145 172 169 248 180 168 124 223 245 93 247 196
 242 171 230 212 130 188 187 186 185 184 206 251 94 254 151 217 126 178
 149 226 163 221 227 202 203 146 92 189 164 208 97 127 246 182 148 214
 240 252 194 229 132 95 200 166 174 128 225 198 201 98 218 181 150 244
 235 161 233 241 255 133 147 215 236 179 250 232 175 211 177 170 144 243
 190 216 90 192 237 256 257 259 258 269 270 271 268 267 265 266 264 263
 260 261 262 272 274 273 284 276 277 285 279 286 288 282 287 275 278 280
 283 281 289 311 306 308 307 305 319 318 312 317 316 315 314 313 309 310
 294 291 293 292 303 304 290 297 302 301 300 299 298 296 295 320 322 321
 331 332 329 326 330 333 325 327 323 324 328 334 364 487 377 400 394 420
 482 507 544 542 523 496 504 486 435 455 402 384 539 514 503 493 416 522
 534 532 528 368 363 335 371 374 367 362 369 370 365 373 372 366 448 422
 337 378 444 413 443 442 446 352 447 445 441 403 485 469 477 392 488 339
 484 483 417 451 440 338 437 351 388 436 438 432 433 412 439 434 426 408
 380 498 474 357 397 533 525 340 529 376 424 423 430 411 428 427 429 425
 431 406 407 410 349 404 401 405 409 399 387 382 381 379 386 383 385 375
 463 481 398 506 540 492 350 541 457 499 526 497 536 510 449 479 465 524
 491 535 390 472 473 470 471 415 475 476 391 480 464 478 450 341 396 395
 389 348 336 393 538 531 467 454 356 518 530 346 460 414 458 519 527 512
 355 347 508 452 342 505 521 462 516 502 543 354 520 511 537 494 500 515
 509 358 345 466 419 459 501 361 421 495 490 360 418 359 468 461 517 489
 353 453 456 344 513 343 545
