n96
1,2,3,4,5,6,7,8;
0,9,10,11,12,13,14,15;
0,9,16,17,18,19,20,21;
0,10,16,22,23,24,25,26;
0,11,17,22,27,28,29,30;
0,12,18,23,27,31,32,33;
0,13,19,24,28,31,34,35;
0,14,20,25,29,32,34,36;
0,15,21,26,30,33,35,36;
1,2,37,38,39,40,41,42;
1,3,37,48,51,53,56,58;
1,4,38,49,53,60,67,68;
1,5,39,56,63,67,73,74;
1,6,40,49,58,66,74,75;
1,7,41,51,68,69,73,75;
1,8,42,48,60,63,66,69;
2,3,38,45,53,62,70,71;
2,4,37,46,50,53,54,55;
2,5,41,46,65,70,73,76;
2,6,42,50,62,63,73,75;
2,7,40,54,64,71,75,76;
2,8,39,45,55,63,64,65;
3,4,38,39,47,55,56,59;
3,5,37,39,43,44,45,46;
3,6,44,52,58,59,61,62;
3,7,43,47,48,61,69,71;
3,8,46,51,52,55,69,70;
4,5,44,54,59,67,72,76;
4,6,37,42,44,47,48,49;
4,7,48,50,56,60,73,76;
4,8,39,42,46,68,72,73;
5,6,43,47,59,63,65,66;
5,7,37,41,47,54,56,57;
5,8,45,57,66,70,72,74;
6,7,37,40,43,50,51,52;
6,8,48,51,61,65,73,74;
7,8,52,57,60,61,64,68;
9,10,17,23,28,32,34,77;
9,11,16,22,77,78,79,80;
9,12,21,22,23,30,81,82;
9,13,20,34,79,81,83,84;
9,14,18,32,78,82,83,85;
9,15,19,28,30,80,84,85;
23,25,31,34,81,86,87,88;
23,24,27,28,82,85,86,89;
16,21,23,33,77,87,89,90;
17,18,23,26,30,85,88,90;
22,25,28,31,32,80,82,91;
10,15,25,28,29,35,87,89;
11,13,28,77,84,86,87,91;
17,19,29,34,84,87,90,92;
10,14,26,34,35,83,88,92;
24,26,34,36,77,79,86,90;
10,11,16,17,87,88,93,94;
17,20,27,32,84,85,91,93;
17,21,22,26,77,91,92,94;
10,12,22,29,32,78,92,93;
32,33,36,77,80,83,84,92;
10,13,24,77,78,83,89,94;
22,24,27,31,79,81,93,94;
11,15,29,36,79,84,93,95;
24,25,35,36,81,82,83,95;
16,19,24,78,85,90,93,95;
12,15,19,21,31,87,91,93;
20,21,36,81,88,90,92,93;
18,21,31,35,82,88,89,94;
13,15,31,33,79,80,86,89;
11,12,27,78,82,91,94,95;
11,14,30,36,80,82,86,88;
14,15,25,26,85,86,91,95;
16,18,26,33,79,83,94,95;
16,20,25,80,83,85,88,89;
27,30,33,81,84,86,90,95;
12,14,18,19,29,30,35,95;
12,13,33,35,81,87,92,94;
13,14,19,20,78,80,91,92;
18,20,27,29,78,79,89,90;
37,38,45,49,52,55,57,58;
38,41,56,58,62,67,75,76;
38,40,52,59,60,66,70,76;
38,42,47,57,66,68,71,75;
39,40,43,59,61,64,72,74;
39,41,44,47,61,65,67,68;
40,41,51,57,58,61,70,71;
40,42,49,50,54,57,60,72;
41,42,44,46,54,62,69,71;
43,44,49,52,66,68,69,72;
43,45,48,49,50,53,63,74;
43,46,51,53,64,65,68,71;
44,45,48,58,65,66,71,76;
45,46,50,52,62,64,72,76;
47,49,54,55,63,67,69,75;
50,51,55,56,57,64,74,75;
53,54,56,59,60,62,63,64;
53,55,58,59,65,67,70,74;
60,61,62,67,69,70,72,73.
