n96
1,2,3,4,5,6,7,8;
0,9,10,11,12,13,14,15;
0,9,16,17,18,19,20,21;
0,10,16,22,23,24,25,26;
0,11,17,22,27,28,29,30;
0,12,18,23,27,31,32,33;
0,13,19,24,28,31,34,35;
0,14,20,25,29,32,34,36;
0,15,21,26,30,33,35,36;
1,2,37,38,39,40,41,42;
1,3,37,44,53,64,68,71;
1,4,38,43,47,53,54,55;
1,5,39,47,51,57,64,65;
1,6,40,43,51,58,69,71;
1,7,41,44,55,57,58,59;
1,8,42,54,59,65,68,69;
2,3,41,43,47,57,70,71;
2,4,37,50,55,57,62,64;
2,5,39,43,46,55,58,60;
2,6,40,46,47,53,64,66;
2,7,38,50,53,58,71,72;
2,8,42,60,62,66,70,72;
3,4,46,51,53,57,58,61;
3,5,37,38,43,50,51,52;
3,6,39,41,50,58,64,67;
3,7,38,39,44,46,47,48;
3,8,48,52,61,67,68,70;
4,5,38,40,44,58,63,64;
4,6,37,41,43,44,45,46;
4,7,40,41,47,49,50,51;
4,8,45,49,54,61,62,63;
5,6,44,47,50,55,71,73;
5,7,37,40,46,57,71,74;
5,8,52,60,63,65,73,74;
6,7,37,39,51,53,55,56;
6,8,45,56,66,67,69,73;
7,8,48,49,56,59,72,74;
9,10,17,23,28,32,34,75;
9,11,20,23,25,27,76,77;
9,12,18,24,25,34,78,79;
9,13,19,27,29,32,78,80;
9,14,16,24,28,29,76,81;
9,15,21,75,77,79,80,81;
11,13,16,18,23,28,78,82;
10,14,25,27,28,31,78,83;
28,30,35,75,81,82,83,84;
18,19,22,25,28,32,76,84;
11,12,16,19,25,29,31,85;
25,26,36,77,79,83,84,85;
29,30,36,80,81,85,86,87;
17,20,23,24,29,31,78,86;
12,13,22,23,29,34,76,87;
23,26,33,75,77,82,86,87;
10,11,19,20,22,34,78,88;
11,15,30,77,82,85,88,89;
11,14,17,18,31,34,76,89;
34,35,36,75,79,87,88,89;
12,14,16,17,22,32,78,90;
13,14,18,20,22,24,27,91;
14,15,36,81,83,89,90,91;
18,21,33,79,82,84,89,91;
22,26,30,84,87,88,90,91;
17,21,30,75,86,89,90,92;
27,30,33,77,80,83,91,92;
10,12,17,19,24,27,76,92;
12,15,33,79,85,87,90,92;
19,21,35,80,84,85,88,92;
24,26,35,79,81,86,91,92;
10,15,26,75,83,88,92,93;
13,15,35,80,82,87,91,93;
16,21,26,81,82,85,90,93;
10,13,16,20,31,32,76,93;
20,21,36,77,86,88,91,93;
31,33,35,83,85,86,89,93;
32,33,36,75,80,84,90,93;
37,42,45,52,56,62,68,74;
38,41,46,51,55,64,71,94;
38,42,48,52,54,63,72,94;
39,40,43,44,50,53,57,95;
39,42,48,56,60,65,67,95;
40,42,49,63,66,69,74,95;
41,42,45,49,59,67,70,94;
43,45,52,54,60,69,70,95;
44,45,48,59,63,68,73,95;
45,46,48,60,61,66,74,94;
47,48,49,54,65,66,70,73;
49,50,52,62,67,72,73,95;
49,51,52,56,61,65,69,94;
53,54,56,61,66,68,72,95;
54,55,56,59,60,62,73,94;
57,59,61,62,65,70,74,95;
58,59,60,61,63,67,69,72;
62,63,64,65,66,67,68,94;
68,69,70,71,72,73,74,94;
76,77,81,84,87,89,92,93;
78,79,80,82,83,86,88,90.
