n128
1,2,3,4,5,6,7,8;
0,9,10,11,12,13,14,15;
0,9,16,17,18,19,20,21;
0,10,16,22,23,24,25,26;
0,11,17,22,27,28,29,30;
0,12,18,23,27,31,32,33;
0,13,19,24,28,31,34,35;
0,14,20,25,29,32,34,36;
0,15,21,26,30,33,35,36;
1,2,37,38,39,40,41,42;
1,3,37,43,49,50,51,52;
1,4,38,43,56,62,71,79;
1,5,39,44,50,62,73,77;
1,6,40,44,49,56,75,81;
1,7,41,51,53,71,73,75;
1,8,42,52,53,77,79,81;
2,3,37,44,56,62,72,80;
2,4,38,44,49,50,54,55;
2,5,39,43,49,56,76,82;
2,6,40,43,50,62,74,78;
2,7,41,54,66,78,80,82;
2,8,42,55,66,72,74,76;
3,4,39,40,50,56,57,58;
3,5,38,40,49,62,67,68;
3,6,38,39,43,44,45,46;
3,7,45,51,57,67,69,80;
3,8,46,52,58,68,69,72;
4,5,37,40,43,44,47,48;
4,6,37,39,49,62,63,64;
4,7,47,54,57,61,63,71;
4,8,48,55,58,61,64,79;
5,6,37,38,50,56,59,60;
5,7,47,59,67,70,73,82;
5,8,48,60,68,70,76,77;
6,7,45,59,63,65,75,78;
6,8,46,60,64,65,74,81;
7,8,53,61,65,66,69,70;
9,10,16,27,28,31,95,96;
9,11,17,23,24,31,99,100;
9,12,18,22,24,28,104,105;
9,13,19,22,23,27,110,111;
9,14,20,95,99,104,110,112;
9,15,21,96,100,105,111,112;
10,11,18,19,24,27,83,84;
12,13,16,17,24,27,85,86;
24,25,34,83,85,99,104,106;
24,26,35,84,86,100,105,106;
27,29,32,83,85,95,110,113;
27,30,33,84,86,96,111,113;
10,13,17,18,23,28,87,88;
10,12,17,19,22,31,89,90;
10,14,25,83,87,89,95,97;
10,15,26,84,88,90,96,97;
14,15,36,97,101,107,112,114;
17,20,29,85,87,89,99,102;
17,21,30,86,88,90,100,102;
11,13,16,18,22,31,91,92;
22,25,29,89,91,104,110,115;
22,26,30,90,92,105,111,115;
31,32,34,89,91,95,99,103;
31,33,35,90,92,96,100,103;
29,30,36,101,102,108,113,115;
11,12,16,19,23,28,93,94;
28,29,34,87,93,95,104,108;
28,30,35,88,94,96,105,108;
34,35,36,103,106,108,114,116;
20,21,36,98,102,109,112,116;
23,25,32,87,93,99,110,117;
23,26,33,88,94,100,111,117;
25,26,36,97,98,106,115,117;
32,33,36,103,107,109,113,117;
11,14,29,83,91,93,99,101;
16,21,26,86,92,94,96,98;
12,14,32,85,89,93,104,107;
19,21,35,84,90,94,111,116;
13,14,34,85,87,91,110,114;
18,21,33,84,88,92,105,109;
12,15,33,86,90,94,105,107;
19,20,34,83,89,93,110,116;
11,15,30,84,92,94,100,101;
16,20,25,85,91,93,95,98;
13,15,35,86,88,92,111,114;
18,20,32,83,87,91,104,109;
43,45,47,51,71,78,82,118;
43,46,48,52,74,76,79,118;
44,45,47,54,73,75,80,119;
44,46,48,55,72,77,81,119;
49,51,54,63,67,75,82,120;
49,52,55,64,68,76,81,120;
50,51,54,57,59,73,78,121;
50,52,55,58,60,74,77,121;
56,57,59,71,75,80,82,122;
56,58,60,72,76,79,81,122;
62,63,67,71,73,78,80,123;
62,64,68,72,74,77,79,123;
37,41,47,51,59,63,80,124;
37,42,48,52,60,64,72,124;
51,52,53,69,118,120,121,124;
66,69,72,80,119,122,123,124;
38,41,45,54,59,67,71,125;
38,42,46,55,60,68,79,125;
53,61,71,79,118,122,123,125;
54,55,61,66,119,120,121,125;
59,60,65,70,121,122,124,125;
39,41,45,57,63,73,82,126;
39,42,46,58,64,76,77,126;
45,46,65,69,118,119,125,126;
53,70,73,77,119,121,123,126;
61,63,64,65,120,123,124,126;
66,70,76,82,118,120,122,126;
40,41,47,57,67,75,78,127;
40,42,48,58,68,74,81,127;
41,42,53,66,124,125,126,127;
47,48,61,70,118,119,124,127;
53,65,75,81,119,120,122,127;
57,58,61,69,121,122,126,127;
65,66,74,78,118,121,123,127;
67,68,69,70,120,123,125,127;
83,84,97,101,106,109,113,116;
85,86,98,102,106,107,113,114;
87,88,97,102,108,109,114,117;
89,90,97,102,103,107,115,116;
91,92,98,101,103,109,114,115;
93,94,98,101,107,108,116,117;
95,96,97,98,103,108,112,113;
99,100,101,102,103,106,112,117;
104,105,106,107,108,109,112,115;
110,111,112,113,114,115,116,117.
