n112
1,2,3,4,5,6,7,8;
0,9,10,11,12,13,14,15;
0,9,16,17,18,19,20,21;
0,10,16,22,23,24,25,26;
0,11,17,22,27,28,29,30;
0,12,18,23,27,31,32,33;
0,13,19,24,28,31,34,35;
0,14,20,25,29,32,34,36;
0,15,21,26,30,33,35,36;
1,2,37,38,39,40,41,42;
1,3,37,45,48,50,51,52;
1,4,38,47,48,54,59,61;
1,5,39,44,51,53,54,57;
1,6,40,47,50,56,57,58;
1,7,41,44,45,56,60,61;
1,8,42,52,53,58,59,60;
2,3,37,44,47,54,55,56;
2,4,39,44,61,65,75,76;
2,5,38,54,62,68,75,77;
2,6,41,56,62,69,76,78;
2,7,40,47,61,70,77,78;
2,8,42,55,65,68,69,70;
3,4,43,47,50,66,75,77;
3,5,45,56,57,71,75,76;
3,6,48,54,57,72,77,78;
3,7,43,44,51,73,76,78;
3,8,52,55,66,71,72,73;
4,5,37,38,43,44,45,46;
4,6,37,39,50,54,62,63;
4,7,45,48,62,67,76,77;
4,8,46,59,63,65,66,67;
5,6,39,40,43,74,76,77;
5,7,37,40,51,56,62,64;
5,8,46,53,64,68,71,74;
6,7,37,41,43,47,48,49;
6,8,49,58,63,69,72,74;
7,8,49,60,64,67,70,73;
9,10,16,27,28,32,34,79;
9,11,18,27,80,81,82,83;
9,12,17,28,31,80,84,85;
9,13,20,31,32,81,86,87;
9,14,19,34,83,84,86,88;
9,15,21,79,82,85,87,88;
22,25,27,31,34,81,84,89;
12,14,16,17,25,27,83,90;
10,14,23,27,29,80,84,91;
27,30,33,79,82,89,90,91;
11,13,16,20,22,34,83,92;
10,11,24,29,34,81,86,93;
34,35,36,79,88,89,92,93;
10,13,22,28,80,81,94,95;
10,12,25,32,84,86,94,96;
10,15,26,79,91,93,95,96;
12,15,33,85,90,96,97,98;
11,12,16,18,24,28,94,97;
16,21,26,79,90,92,97,99;
13,14,16,19,23,32,94,99;
12,13,23,24,80,83,86,98;
13,15,35,87,92,95,98,99;
11,15,30,82,92,93,97,100;
14,15,36,88,90,91,99,100;
11,14,17,20,80,86,94,100;
18,19,28,29,32,81,84,101;
28,30,35,79,85,95,97,101;
32,33,36,79,87,96,99,101;
17,21,30,85,90,100,102,103;
22,26,30,89,92,95,102,104;
29,30,36,91,93,101,103,104;
18,21,33,82,97,101,102,104;
19,21,35,88,99,101,103,105;
20,21,36,87,92,100,104,105;
23,26,33,91,98,99,102,103;
24,26,35,93,97,98,104,105;
25,26,36,89,90,96,103,105;
31,33,35,85,87,89,103,104;
17,18,22,23,83,84,94,102;
17,19,23,25,29,31,86,103;
18,20,22,24,29,31,80,104;
19,20,24,25,81,83,94,105;
37,42,46,49,52,55,63,64;
38,39,45,50,57,61,77,106;
38,40,43,48,50,62,78,107;
38,42,46,59,68,106,107,108;
38,41,44,47,57,75,78,108;
39,41,43,45,51,62,75,109;
39,42,53,63,65,74,106,109;
40,41,48,51,57,61,76,110;
40,42,58,64,70,74,107,110;
41,42,49,60,69,108,109,110;
43,46,49,66,73,74,107,109;
44,46,53,55,60,65,73,108;
45,46,52,60,67,71,106,109;
47,49,55,58,59,66,70,108;
48,49,52,59,67,72,107,110;
50,51,54,56,61,75,78,111;
50,52,58,63,66,106,107,111;
51,52,53,64,73,109,110,111;
53,54,55,59,63,68,72,111;
53,57,58,71,72,106,108,110;
55,56,58,60,64,69,71,111;
59,60,61,65,70,106,110,111;
62,63,64,67,68,69,107,109;
65,66,68,71,75,108,109,111;
65,67,69,71,73,74,76,110;
66,67,68,70,72,74,77,106;
69,70,72,73,78,107,108,111;
80,82,85,91,95,98,100,104;
81,82,87,89,93,95,101,105;
82,83,88,90,92,98,102,105;
84,85,88,89,91,96,101,102;
86,87,88,93,96,98,100,103;
94,95,96,97,99,100,102,105.
