n96
1,2,3,4,5,6,7,8;
0,9,10,11,12,13,14,15;
0,9,16,17,18,19,20,21;
0,10,16,22,23,24,25,26;
0,11,17,22,27,28,29,30;
0,12,18,23,27,31,32,33;
0,13,19,24,28,31,34,35;
0,14,20,25,29,32,34,36;
0,15,21,26,30,33,35,36;
1,2,37,38,39,40,41,42;
1,3,37,46,47,50,51,52;
1,4,38,50,59,66,67,72;
1,5,39,47,56,58,59,60;
1,6,40,51,56,67,68,73;
1,7,41,52,60,63,72,73;
1,8,42,46,58,63,66,68;
2,3,37,45,48,54,55,57;
2,4,39,48,59,64,70,74;
2,5,38,57,59,62,65,69;
2,6,42,55,63,65,70,73;
2,7,40,45,61,69,73,74;
2,8,41,54,61,62,63,64;
3,4,47,55,58,66,70,71;
3,5,48,52,60,65,70,75;
3,6,50,53,57,65,67,71;
3,7,46,53,54,58,60,61;
3,8,45,51,61,66,67,75;
4,5,37,38,43,47,48,49;
4,6,37,39,44,50,55,56;
4,7,43,56,58,68,72,74;
4,8,44,49,64,67,68,71;
5,6,39,40,49,69,70,71;
5,7,37,40,52,53,56,57;
5,8,43,53,58,62,71,75;
6,7,44,54,57,63,68,69;
6,8,37,42,49,51,53,54;
7,8,37,41,43,44,45,46;
9,10,16,27,28,32,35,36;
9,11,18,27,76,77,78,79;
9,12,17,28,31,76,80,81;
9,13,20,31,32,77,82,83;
9,14,21,36,78,80,82,84;
9,15,19,35,79,81,83,84;
27,29,33,36,77,82,85,86;
28,30,34,36,80,85,87,88;
16,20,26,36,77,78,87,89;
10,15,25,36,84,86,88,89;
10,12,22,27,76,86,90,91;
16,17,23,27,78,80,85,90;
27,30,31,35,79,80,82,91;
10,11,24,28,76,88,92,93;
10,13,26,35,83,89,91,92;
10,14,23,32,83,84,90,93;
24,25,32,33,35,82,84,92;
16,21,25,34,35,80,81,89;
16,19,22,28,81,87,90,93;
12,13,28,29,32,85,90,92;
16,18,24,32,34,77,85,93;
12,15,22,25,29,33,81,94;
11,12,17,18,85,86,88,94;
12,14,23,25,80,88,91,92;
20,21,25,26,82,86,91,94;
18,21,33,76,81,84,86,93;
14,15,19,21,34,88,93,94;
17,21,30,76,78,88,89,91;
18,19,23,24,78,84,87,88;
11,15,22,26,77,83,86,93;
11,13,24,26,30,78,82,85;
13,15,29,30,34,77,79,89;
18,20,31,34,79,81,87,94;
17,19,22,23,31,83,91,94;
22,24,30,31,33,76,77,87;
11,14,29,79,82,83,92,94;
13,14,19,20,78,79,90,91;
17,20,29,81,83,86,89,90;
23,26,33,85,87,92,93,94;
38,39,47,50,62,64,71,95;
38,40,43,45,57,66,68,71;
38,41,45,48,64,65,67,73;
38,42,49,68,69,72,73,95;
39,41,44,48,49,54,60,95;
39,42,54,55,58,62,69,74;
40,41,43,49,53,61,67,72;
40,42,51,52,66,70,72,74;
41,42,46,52,53,62,65,95;
43,44,48,56,57,59,67,75;
43,46,47,59,61,62,66,74;
44,45,55,65,69,71,75,95;
44,46,50,59,60,63,64,65;
45,46,51,54,64,68,74,95;
47,48,52,55,56,73,74,95;
47,49,51,60,61,64,70,73;
50,51,53,56,60,72,75,95;
50,52,55,57,62,63,66,75;
58,59,61,63,69,70,72,75;
76,79,80,84,87,89,90,92.
