0 2 1 4 3 5 7 6 9 8 10 12 11 14
 13 16 15 18 17 20 19 21 23 22 25 24 27 26 28
 29 30 74 71 54 59 72 41 46 51 70 55 36 73 58
 67 76 37 60 79 68 61 38 63 80 33 40 65 62 43
 34 47 50 57 52 75 56 77 44 49 78 39 32 35 42
 31 64 45 66 69 48 53 97 95 99 90 100 93 92 88
 98 84 91 87 86 94 82 96 81 89 83 85 134 125 136
 119 139 110 146 127 142 106 148 121 124 147 130 145 126 137
 104 143 112 123 122 113 102 117 108 129 128 115 144 135 138
 101 132 103 118 133 105 149 150 109 120 131 116 107 114 111
 140 141 192 197 160 195 196 173 198 165 174 153 172 179 168
 181 158 191 188 163 200 189 186 161 156 159 182 187 180 185
 162 177 164 175 190 193 178 171 176 167 170 183 166 151 184
 199 154 155 152 157 194 169 213 223 225 210 224 221 207 214
 209 204 215 219 201 208 211 216 220 218 212 217 206 222 202
 205 203 247 249 236 239 230 243 232 238 234 240 228 237 233
 229 235 250 248 231 244 246 245 226 242 227 241 276 279 280
 277 282 259 262 281 256 261 260 257 284 299 268 283 300 265
 292 289 294 297 298 295 278 251 254 275 252 253 258 255 266
 263 290 287 286 291 270 285 288 269 296 271 274 293 272 273
 264 267 308 345 336 325 312 333 314 301 322 337 316 305 318
 307 328 311 346 313 344 339 348 309 326 341 304 323 334 315
 338 347 350 343 306 327 342 303 310 329 320 349 324 335 332
 319 302 317 330 321 340 331 366 397 364 395 392 367 360 371
 374 357 398 389 376 353 390 351 356 383 388 385 358 379 380
 359 382 363 384 391 372 373 396 375 368 377 370 399 394 369
 362 365 378 355 400 387 354 381 352 361 386 393 404 431 430
 401 412 409 410 435 406 407 436 405 438 419 420 417 416 437
 414 415 442 445 428 449 450 447 448 423 434 403 402 433 432
 429 408 411 418 413 446 443 444 421 440 441 422 439 426 427
 424 425 484 471 460 491 462 473 488 477 466 453 468 455 498
 483 496 459 476 461 480 499 452 497 456 475 474 467 458 489
 482 469 486 479 464 451 500 481 494 457 478 493 454 495 490
 487 492 465 472 463 470 485 504 525 530 501 532 533 510 531
 534 507 516 535 536 517 518 511 514 515 538 521 520 523 522
 539 502 527 526 529 528 503 508 505 506 509 512 513 540 519
 524 537 550 543 542 545 544 547 546 549 548 541 551 554 572
 552 574 556 568 569 570 575 561 565 564 563 562 573 567 557
 558 559 571 553 566 555 560 587 577 586 579 591 590 582 598
 588 595 578 576 584 599 581 580 600 596 594 585 593 597 583
 589 592 644 611 642 615 640 627 616 647 614 625 602 635 650
 609 604 607 646 631 626 649 628 629 636 643 610 619 606 621
 622 639 618 637 638 645 612 623 632 633 630 605 648 603 624
 601 634 617 608 641 620 613 654 657 660 651 658 659 652 655
 656 653 662 661 664 663 666 665 668 667 670 669 676 673 672
 677 680 671 674 679 678 675 682 681 684 683 686 685 688 687
 690 689 691 692 693 694 695 701 698 697 702 705 696 699 704
 703 700 713 714 715 710 709 712 711 706 707 708 719 724 721
 716 723 718 725 720 717 722 731 732 733 734 735 726 727 728
 729 730 744 739 740 737 738 742 741 745 736 743 749 754 751
 746 753 748 755 750 747 752 761 764 765 762 763 756 759 760
 757 758 773 770 775 772 767 774 769 766 771 768 780 779 778
 777 776 781 784 785 782 783 793 795 791 794 792 788 790 786
 789 787 824 820 803 834 829 826 802 798 819 822 811 823 830
 835 818 806 831 827 825 832 816 828 810 804 797 833 805 807
 796 814 801 813 817 800 808 812 815 821 799 809 845 841 842
 839 840 837 838 844 843 836 970 936 867 968 880 964 855 956
 947 852 940 928 920 963 887 922 864 958 862 950 966 848 918
 907 896 874 895 906 871 910 938 917 973 965 850 972 913 903
 911 897 893 860 916 905 909 901 942 886 919 872 870 885 974
 900 899 891 945 883 939 889 873 869 975 890 875 884 953 882
 949 937 888 877 868 894 858 925 861 943 931 921 961 941 857
 960 962 924 957 946 959 951 847 915 876 904 856 927 892 923
 952 902 933 854 971 914 865 935 944 912 967 969 853 932 863
 934 929 926 930 859 851 879 866 954 849 955 846 948 881 878
 898 908 1009 1034 1031 996 1042 1044 1007 1028 999 1006 1012 1027 1021
 1038 1014 1040 992 1015 1025 1039 979 1026 1016 984 1023 1001 1011 1036
 1030 1005 985 982 1019 976 1010 1002 986 1045 990 993 998 1017 1032
 1008 1020 988 1043 1000 1037 994 997 987 983 1029 1004 978 1018 1035
 977 1033 1003 1024 989 995 991 1041 980 1022 981 1013 1124 1126 1106
 1107 1068 1134 1111 1129 1121 1059 1113 1097 1131 1055 1118 1112 1065 1102
 1090 1062 1087 1080 1050 1105 1133 1117 1081 1109 1084 1099 1110 1127 1096
 1123 1067 1072 1091 1100 1074 1085 1089 1066 1115 1086 1064 1082 1094 1116
 1092 1125 1078 1057 1119 1075 1083 1114 1063 1120 1130 1069 1048 1049 1132
 1073 1076 1052 1061 1056 1101 1088 1093 1071 1060 1098 1103 1054 1135 1079
 1046 1095 1047 1077 1128 1053 1104 1058 1108 1070 1051 1122 1203 1194 1182
 1189 1208 1148 1174 1187 1166 1173 1204 1151 1141 1149 1157 1147 1207 1167
 1162 1193 1165 1150 1190 1170 1209 1191 1154 1181 1205 1156 1144 1153 1185
 1186 1159 1210 1206 1145 1142 1184 1183 1198 1200 1195 1196 1163 1138 1176
 1175 1168 1169 1143 1199 1139 1158 1161 1197 1155 1137 1179 1180 1192 1177
 1188 1178 1202 1201 1136 1146 1164 1172 1152 1140 1160 1171 1226 1221 1218
 1224 1223 1227 1228 1213 1225 1230 1212 1229 1215 1214 1219 1211 1216 1217
 1222 1220 1248 1251 1247 1255 1235 1252 1237 1246 1239 1249 1242 1241 1250
 1253 1254 1238 1233 1231 1240 1243 1232 1236 1244 1245 1234 1260 1262 1261
 1264 1256 1258 1257 1265 1259 1263 1270 1275 1272 1271 1266 1269 1268 1274
 1273 1267 1279 1277 1280 1276 1278 1281 1282 1285 1286 1283 1284 1287 1289
 1288 1291 1290 1294 1295 1292 1293 1296 1301 1300 1299 1298 1297
0 2 1 4 3 5 7 6 9 8 10 12 11 14
 13 16 15 18 17 20 19 21 23 22 25 24 27 26 28
 29 30 32 31 34 33 36 35 38 37 40 39 42 41 44
 43 46 45 48 47 50 49 52 51 54 53 56 55 58 57
 60 59 62 61 64 63 66 65 68 67 70 69 72 71 74
 73 76 75 78 77 80 79 81 83 82 85 84 87 86 89
 88 91 90 92 94 93 96 95 98 97 99 100 102 101 104
 103 106 105 108 107 110 109 112 111 114 113 116 115 118 117
 120 119 122 121 124 123 126 125 128 127 130 129 132 131 134
 133 136 135 138 137 140 139 142 141 144 143 146 145 148 147
 150 149 152 151 154 153 156 155 158 157 160 159 162 161 164
 163 166 165 168 167 170 169 172 171 174 173 176 175 178 177
 180 179 182 181 184 183 186 185 188 187 190 189 192 191 194
 193 196 195 198 197 200 199 201 203 202 205 204 206 208 207
 210 209 212 211 214 213 216 215 218 217 219 221 220 223 222
 224 225 226 228 227 230 229 232 231 233 235 234 237 236 239
 238 241 240 243 242 245 244 247 246 248 249 250 252 251 254
 253 256 255 258 257 260 259 262 261 264 263 266 265 268 267
 270 269 272 271 274 273 276 275 278 277 280 279 282 281 284
 283 286 285 288 287 290 289 292 291 294 293 296 295 298 297
 300 299 302 301 304 303 306 305 308 307 310 309 312 311 314
 313 316 315 318 317 320 319 322 321 324 323 326 325 328 327
 330 329 332 331 334 333 336 335 338 337 340 339 342 341 344
 343 346 345 348 347 350 349 352 351 354 353 356 355 358 357
 360 359 362 361 364 363 366 365 368 367 370 369 372 371 374
 373 376 375 378 377 380 379 382 381 384 383 386 385 388 387
 390 389 392 391 394 393 396 395 398 397 400 399 402 401 404
 403 406 405 408 407 410 409 412 411 414 413 416 415 418 417
 420 419 422 421 424 423 426 425 428 427 430 429 432 431 434
 433 436 435 438 437 440 439 442 441 444 443 446 445 448 447
 450 449 452 451 454 453 456 455 458 457 460 459 462 461 464
 463 466 465 468 467 470 469 472 471 474 473 476 475 478 477
 480 479 482 481 484 483 486 485 488 487 490 489 492 491 494
 493 496 495 498 497 500 499 502 501 504 503 506 505 508 507
 510 509 512 511 514 513 516 515 518 517 520 519 522 521 524
 523 526 525 528 527 530 529 532 531 534 533 536 535 538 537
 540 539 542 541 544 543 546 545 548 547 550 549 552 551 553
 555 554 557 556 558 560 559 562 561 563 565 564 567 566 569
 568 571 570 573 572 574 575 577 576 578 580 579 582 581 584
 583 585 587 586 588 590 589 592 591 594 593 596 595 598 597
 599 600 602 601 604 603 606 605 608 607 610 609 612 611 614
 613 616 615 618 617 620 619 622 621 624 623 626 625 628 627
 630 629 632 631 634 633 636 635 638 637 640 639 642 641 644
 643 646 645 648 647 650 649 652 651 654 653 656 655 658 657
 660 659 662 661 664 663 666 665 668 667 670 669 672 671 674
 673 676 675 678 677 680 679 682 681 684 683 686 685 688 687
 690 689 691 692 693 694 695 697 696 699 698 701 700 703 702
 705 704 707 706 709 708 711 710 713 712 715 714 717 716 719
 718 721 720 723 722 725 724 727 726 729 728 731 730 733 732
 735 734 737 736 739 738 741 740 743 742 745 744 747 746 749
 748 751 750 753 752 755 754 757 756 759 758 761 760 763 762
 765 764 767 766 769 768 771 770 773 772 775 774 776 778 777
 780 779 782 781 783 785 784 787 786 789 788 791 790 793 792
 795 794 797 796 799 798 800 802 801 804 803 806 805 808 807
 810 809 812 811 813 815 814 817 816 819 818 821 820 823 822
 825 824 827 826 829 828 831 830 833 832 835 834 837 836 839
 838 841 840 843 842 844 845 847 846 849 848 851 850 853 852
 855 854 857 856 859 858 861 860 863 862 865 864 867 866 869
 868 871 870 873 872 875 874 877 876 879 878 881 880 883 882
 885 884 887 886 889 888 891 890 893 892 895 894 897 896 899
 898 901 900 903 902 905 904 907 906 909 908 911 910 913 912
 915 914 917 916 919 918 921 920 923 922 925 924 927 926 929
 928 931 930 933 932 935 934 937 936 939 938 941 940 943 942
 945 944 947 946 949 948 951 950 953 952 955 954 957 956 959
 958 961 960 963 962 965 964 967 966 969 968 971 970 973 972
 975 974 977 976 978 980 979 982 981 984 983 986 985 988 987
 990 989 992 991 994 993 995 996 998 997 999 1001 1000 1003 1002
 1005 1004 1007 1006 1009 1008 1011 1010 1013 1012 1015 1014 1017 1016 1019
 1018 1021 1020 1023 1022 1025 1024 1026 1027 1029 1028 1031 1030 1033 1032
 1035 1034 1036 1038 1037 1040 1039 1042 1041 1043 1045 1044 1047 1046 1049
 1048 1051 1050 1053 1052 1055 1054 1057 1056 1059 1058 1061 1060 1063 1062
 1064 1066 1065 1068 1067 1070 1069 1072 1071 1074 1073 1076 1075 1078 1077
 1080 1079 1082 1081 1084 1083 1086 1085 1088 1087 1090 1089 1092 1091 1094
 1093 1096 1095 1098 1097 1100 1099 1102 1101 1104 1103 1106 1105 1108 1107
 1110 1109 1111 1113 1112 1115 1114 1117 1116 1119 1118 1121 1120 1123 1122
 1125 1124 1127 1126 1129 1128 1131 1130 1133 1132 1135 1134 1137 1136 1139
 1138 1141 1140 1143 1142 1145 1144 1147 1146 1149 1148 1151 1150 1153 1152
 1155 1154 1157 1156 1159 1158 1161 1160 1163 1162 1165 1164 1167 1166 1169
 1168 1171 1170 1173 1172 1175 1174 1177 1176 1179 1178 1181 1180 1183 1182
 1185 1184 1187 1186 1189 1188 1191 1190 1193 1192 1195 1194 1197 1196 1199
 1198 1201 1200 1203 1202 1205 1204 1207 1206 1208 1210 1209 1212 1211 1214
 1213 1216 1215 1218 1217 1220 1219 1222 1221 1224 1223 1226 1225 1228 1227
 1230 1229 1232 1231 1233 1235 1234 1237 1236 1239 1238 1241 1240 1243 1242
 1244 1245 1247 1246 1249 1248 1251 1250 1253 1252 1255 1254 1257 1256 1259
 1258 1261 1260 1263 1262 1265 1264 1267 1266 1269 1268 1271 1270 1273 1272
 1275 1274 1277 1276 1278 1280 1279 1281 1283 1282 1284 1286 1285 1287 1289
 1288 1291 1290 1293 1292 1294 1296 1295 1297 1299 1298 1301 1300
0 1 2 3 4 5 8 28 22 16 27 13 18 10
 20 12 30 19 7 26 9 6 25 11 17 21 29 23 15
 24 14 66 51 72 64 40 45 69 68 43 80 70 75 59
 41 77 44 74 46 79 71 39 50 36 52 67 54 33 73
 32 76 53 31 55 62 49 34 47 35 57 48 56 37 78
 63 65 58 61 60 42 38 81 82 83 84 85 86 87 88
 89 90 91 92 93 94 95 96 97 98 99 100 145 104 113
 110 146 117 131 148 125 116 141 138 139 126 119 124 127 144
 147 105 109 134 106 102 107 120 135 112 103 122 121 150 115
 136 123 142 129 132 137 108 101 130 111 140 143 114 149 118
 133 128 181 192 179 160 185 196 187 198 161 174 191 172 189
 168 167 158 169 188 173 200 165 186 171 156 193 182 197 180
 151 162 183 164 153 190 157 178 199 176 159 170 163 166 195
 184 177 154 175 152 155 194 215 205 209 221 218 208 219 211
 206 220 203 222 216 212 202 225 214 201 223 213 207 224 204
 217 210 230 243 231 250 241 226 247 234 227 249 248 242 240
 235 236 228 246 245 238 233 229 239 244 232 237 253 264 275
 268 261 296 255 298 257 294 281 272 267 288 263 290 283 270
 285 282 273 252 293 254 279 284 251 266 277 300 259 274 299
 286 291 260 269 262 287 256 289 258 297 276 271 278 295 280
 265 292 341 332 309 302 319 338 323 350 327 342 343 310 325
 340 331 322 303 320 301 316 333 324 329 318 337 346 349 348
 311 304 313 334 339 330 321 308 315 336 345 312 347 314 307
 328 335 344 305 326 317 306 365 386 363 358 391 390 359 356
 373 392 397 394 375 360 389 370 355 366 387 396 357 368 379
 378 381 374 383 398 371 384 395 380 367 352 369 382 393 354
 361 388 377 362 399 364 353 372 351 400 385 376 426 413 448
 419 439 403 441 433 443 429 445 401 447 408 423 412 449 406
 427 436 402 438 405 446 407 444 411 422 428 415 450 437 424
 417 421 431 425 410 430 420 432 418 434 416 404 414 435 442
 409 440 485 490 467 470 487 492 497 456 475 480 493 454 469
 458 473 482 489 460 459 498 481 494 457 496 477 466 463 474
 465 472 495 452 499 478 491 484 471 462 483 476 461 500 451
 468 455 486 479 488 453 464 517 528 513 526 541 510 547 506
 545 532 539 514 519 516 523 536 521 512 531 524 505 540 533
 538 515 530 511 504 535 502 549 534 543 508 537 518 507 522
 509 520 501 546 525 548 527 550 529 542 503 544 573 567 564
 553 566 554 551 555 558 557 559 571 560 570 575 561 565 574
 552 556 568 562 563 572 569 584 598 583 576 586 592 580 594
 585 590 588 597 596 600 579 577 578 589 581 599 582 593 595
 591 587 619 622 643 620 637 616 611 614 639 638 649 630 629
 632 601 650 647 624 627 646 645 648 609 606 605 634 633 608
 617 642 641 644 615 612 613 640 603 602 631 604 623 626 625
 628 607 636 635 610 621 618 653 652 659 654 657 656 651 658
 655 660 665 670 662 667 669 663 661 666 664 668 673 672 677
 674 671 676 679 678 675 680 681 684 683 688 685 682 687 690
 689 686 693 691 694 695 692 698 705 702 701 696 703 704 697
 700 699 712 709 714 713 708 707 710 715 706 711 720 717 722
 719 724 721 716 723 718 725 734 731 726 733 728 735 730 727
 732 729 742 743 744 745 736 737 739 738 741 740 752 755 754
 747 746 749 748 751 750 753 760 761 764 765 762 763 758 759
 756 757 774 767 766 769 768 771 770 773 772 775 832 797 824
 814 821 788 790 787 794 793 1027 1055 1130 1021 1103 1020 988 1121
 1058 987 1005 1229 1011 1150 830 938 904 1147 1003 778 950 959 780
 1002 1164 779 864 916 1225 1031 822 806 1036 1204 1030 1221 935 777
 1220 1004 889 877 807 812 863 776 1211 978 1010 1156 1115 1065 1107
 1132 1063 1101 1070 1048 1105 1087 1038 951 783 973 1189 791 952 1129
 945 1128 1165 1066 1239 1076 1123 1064 833 1200 1202 820 784 881 1039
 1186 804 961 1184 992 798 927 842 986 795 1177 792 1138 972 1032
 809 857 1080 1090 843 1044 1175 888 1068 1086 1174 1040 929 818 876
 1187 917 1142 1019 878 982 838 1168 991 1185 905 834 940 880 1035
 958 994 1013 844 1143 995 1099 1238 1135 1089 1247 1083 1151 1102 1205
 1088 1233 1074 882 1111 825 1194 1024 934 1006 839 1062 1157 1085 1051
 1009 965 903 1053 862 1015 1136 796 851 977 964 782 912 1052 815
 1179 1146 1114 1109 1246 1199 789 850 781 785 879 865 990 786 1183
 1169 939 1188 1148 1124 1081 1116 1133 1075 803 810 1049 1084 946 956
 1203 1253 859 920 1178 1252 931 1071 894 869 819 966 954 886 922
 1078 1127 1100 1108 1198 1149 892 943 1106 1073 1201 1244 872 906 1176
 1141 852 854 867 969 1237 1195 918 932 835 799 1047 1095 1208 1182
 1139 1140 860 1137 1236 962 925 1094 1091 849 1110 1069 1254 970 1057
 998 1170 874 1018 1034 933 1265 895 891 1262 957 907 975 1042 1193
 1161 1197 979 1158 910 997 1118 896 999 1206 1097 1144 1060 1235 937
 1191 884 885 983 1056 1152 1159 1171 1180 996 1190 1209 911 1029 1028
 875 914 1255 919 900 1112 1167 1154 1041 1261 855 1098 1026 1113 1017
 1119 1173 1033 873 909 980 1163 871 984 898 868 947 1259 1160 897
 948 1245 1234 847 976 1008 1256 853 1061 1016 1210 870 1251 1230 1271
 1120 1272 1270 930 1012 802 974 887 1162 1274 1267 1155 893 827 890
 1067 1092 1192 942 841 941 845 928 1082 1079 1196 923 908 801 1007
 921 840 926 899 826 1045 963 1059 1273 1226 1241 1122 1072 1054 1268
 981 858 985 924 1104 1266 856 836 1093 1050 1243 1219 1117 1134 1131
 1275 1249 1212 1231 1222 1181 861 813 901 1269 960 837 1213 1125 831
 949 823 936 811 971 1126 1227 1224 1096 915 808 1217 1046 805 846
 1215 1077 829 1223 1207 1025 1037 1242 1250 1145 1166 1218 828 1228 816
 1248 1014 1153 1172 1214 800 1216 817 1232 1240 993 989 967 953 902
 968 944 955 866 913 883 848 1000 1260 1043 1264 1258 1022 1263 1023
 1257 1001 1277 1279 1280 1278 1276 1281 1284 1285 1283 1286 1282 1288 1290
 1287 1291 1289 1293 1295 1296 1294 1292 1300 1301 1298 1299 1297
0 2 1 4 3 5 10 19 14 17 7 23 15 9
 28 30 11 27 8 20 6 26 12 24 29 22 18 21 13
 25 16 75 31 64 77 37 41 48 36 44 79 51 35 40
 49 80 72 38 55 78 43 60 42 76 69 58 47 56 61
 52 65 66 57 34 74 62 59 70 67 68 53 45 73 63
 71 54 32 50 33 46 39 92 84 85 82 83 98 97 94
 93 95 96 81 89 88 90 91 87 86 100 99 114 109 146
 103 133 110 136 111 105 101 138 107 102 129 120 123 122 149
 116 135 118 145 126 115 124 141 132 147 144 113 128 143 148
 106 108 119 112 139 142 137 140 125 130 131 104 121 134 127
 150 117 170 187 172 155 178 153 194 181 162 173 160 169 164
 165 184 163 182 191 152 161 154 189 180 159 188 197 156 193
 174 199 168 157 166 185 196 183 176 151 192 171 190 167 158
 177 186 195 200 175 198 179 218 223 202 215 211 207 221 206
 212 219 210 204 220 217 224 205 201 213 209 208 214 203 225
 216 222 245 234 241 243 248 239 233 231 249 228 240 250 232
 242 227 237 230 238 226 246 247 244 229 235 236 282 271 262
 295 276 267 280 283 278 299 254 263 270 261 286 281 288 255
 264 289 274 251 272 277 256 297 260 273 258 293 252 265 290
 257 266 291 268 287 284 269 300 285 296 279 294 253 298 275
 292 259 328 341 348 313 318 305 316 335 342 331 314 333 312
 303 308 327 306 325 350 347 336 343 338 345 330 317 302 315
 326 339 344 309 346 311 322 307 324 349 340 329 310 301 332
 321 334 323 304 319 320 337 352 399 360 355 394 353 364 357
 354 371 390 369 358 367 398 393 400 363 378 361 376 359 396
 379 372 383 370 381 382 373 380 377 386 375 384 397 392 389
 362 387 388 395 356 365 374 391 366 385 368 351 415 433 419
 429 428 435 426 409 448 407 424 411 444 430 446 402 422 432
 440 404 418 423 412 421 408 443 406 445 413 403 417 431 437
 401 450 405 442 434 420 447 438 449 414 425 416 427 410 439
 436 441 472 461 474 481 492 483 500 477 476 479 496 451 464
 473 468 469 466 471 478 465 452 467 454 463 460 497 470 457
 490 459 494 453 498 455 488 491 486 489 480 487 456 485 482
 493 462 499 484 475 458 495 546 531 548 505 512 503 514 525
 518 527 506 539 508 521 534 537 510 519 538 517 540 513 524
 535 544 507 542 509 550 533 536 501 516 529 532 523 520 515
 522 511 528 549 526 547 502 545 504 543 530 541 570 560 565
 571 575 557 569 568 551 574 566 572 573 553 567 564 562 556
 558 555 552 563 561 559 554 597 583 584 596 594 582 590 578
 576 592 598 588 586 581 599 585 593 579 591 580 600 587 577
 589 595 620 621 622 617 608 635 606 633 636 609 626 627 624
 625 628 645 632 603 602 649 604 601 614 639 612 613 616 611
 642 643 618 641 634 607 610 605 646 647 648 623 630 631 650
 629 638 615 640 637 644 619 660 653 654 651 658 655 656 659
 652 657 666 669 667 663 662 665 670 664 668 661 672 675 676
 679 674 671 680 677 678 673 682 683 686 681 684 687 690 685
 688 689 693 694 691 692 695 701 698 705 696 697 702 703 700
 699 704 707 710 711 714 709 706 715 712 713 708 719 724 717
 722 725 720 723 718 721 716 731 726 729 734 727 732 735 730
 733 728 741 740 739 738 737 736 744 745 742 743 753 754 751
 752 749 750 747 748 755 746 763 762 765 764 761 760 757 756
 759 758 773 774 771 772 769 770 767 768 775 766 786 789 791
 792 795 796 825 833 820 815 862 776 778 934 777 951 865 780
 779 958 851 782 981 839 933 893 942 842 1045 1104 1021 988 1059
 985 843 1120 987 861 784 878 855 853 1012 844 880 785 1020 1131
 781 965 923 887 947 957 1027 1054 783 972 1007 838 924 963 798
 834 858 921 809 804 818 930 1103 1267 1212 978 797 1137 816 1215
 817 1227 925 986 927 841 813 900 1182 787 793 1139 1222 1031 1196
 980 1109 1070 1042 1155 1076 1132 1165 1003 1178 814 1203 821 1248 1211
 1083 1048 826 891 1146 1002 886 1163 802 909 979 1162 1105 1074 1197
 922 1180 860 1225 1240 1010 1151 1041 1192 892 1154 1099 1107 1232 1221
 1272 1058 1036 1205 996 1181 840 940 827 898 857 837 859 982 931
 1013 929 845 800 1213 1198 788 1130 1274 1011 1157 1006 920 975 801
 1220 1242 829 1217 1269 1055 790 1188 1250 1229 1005 1219 828 1224 1176
 794 962 1044 836 961 824 1195 1004 1230 1226 1030 1270 1121 1201 832
 943 1193 1237 1136 848 868 895 926 799 1049 1069 856 810 808 811
 1141 1138 1062 1102 1140 1177 1088 919 1117 1082 1106 1126 1077 876 888
 955 967 835 941 1236 1194 939 905 928 819 1208 1183 1093 1092 1253
 1179 805 823 1046 1096 1199 1148 1072 831 1133 1108 866 968 1200 1244
 1252 1202 917 1149 1189 1066 1114 873 907 1125 803 960 1259 1023 984
 884 1061 1145 1231 1241 948 830 1080 1081 807 914 1051 1094 1169 992
 1206 1040 1187 1113 1166 870 983 1026 1097 896 1161 875 1171 1256 1000
 1057 1153 997 1056 1190 885 1144 1167 995 1142 1173 1152 1016 1112 1060
 1017 1022 1262 1123 1071 1159 911 991 1185 806 847 999 897 1028 910
 1209 871 1249 1068 1091 1175 1039 998 1119 1116 1135 970 812 1098 1207
 1043 1265 1261 1001 1243 1251 822 937 1029 874 1118 1172 850 976 864
 989 990 994 1204 1087 1050 1086 1174 889 1038 1024 904 1184 1079 1089
 872 908 938 1168 1100 1239 1073 1233 890 894 877 1186 1085 1067 1063
 1156 1075 1238 1090 1134 1115 1147 993 959 1018 879 918 901 1014 863
 1101 1150 1065 1164 1037 950 1246 1084 974 906 964 1008 899 869 1025
 935 973 1033 881 1034 916 1143 1122 1064 1015 1247 1110 849 882 1264
 932 1257 852 1258 946 945 954 867 912 956 1263 969 903 1260 854
 966 952 913 1053 1160 1266 1275 977 1009 1158 1170 1052 902 1129 944
 1032 1268 1210 1191 1111 883 1128 953 1019 1035 1271 1273 1216 1078 1047
 1218 1127 1228 1223 1095 1124 1214 846 1235 949 1245 1255 971 1254 915
 1234 936 1280 1276 1279 1277 1278 1281 1286 1284 1282 1283 1285 1289 1287
 1291 1288 1290 1296 1292 1295 1293 1294 1301 1299 1300 1297 1298
0 1 2 3 4 5 25 11 8 28 24 29 23 19
 7 13 18 20 10 30 12 6 21 17 16 22 9 26 27
 14 15 78 63 61 60 66 51 53 31 55 62 70 75 74
 46 59 41 57 48 42 38 47 35 43 80 69 68 36 52
 67 54 32 76 33 73 65 58 72 64 77 44 40 45 56
 37 79 71 39 50 49 34 99 93 94 89 88 90 91 82
 83 97 98 100 85 84 87 86 96 95 92 81 121 150 141
 138 146 117 115 136 133 128 131 148 143 114 129 132 123 142
 139 126 119 124 135 112 147 105 127 144 145 104 149 118 113
 110 106 102 111 140 101 130 125 116 109 134 107 120 103 122
 137 108 159 170 189 168 183 164 153 190 193 182 197 180 175
 152 173 200 167 158 171 156 165 186 169 188 187 198 157 178
 191 172 163 166 161 174 151 162 181 192 177 154 195 184 185
 196 199 176 155 194 179 160 217 214 201 204 224 215 221 218
 205 209 202 225 206 220 222 203 216 212 223 211 219 213 207
 210 208 237 241 250 239 229 246 245 230 231 243 240 235 238
 233 248 242 247 226 236 228 249 227 244 234 232 277 300 275
 268 273 252 297 276 271 278 295 280 255 298 281 272 259 274
 283 270 289 258 285 282 251 266 253 264 279 284 293 254 261
 296 263 290 265 292 267 288 299 286 287 256 269 262 291 260
 257 294 349 348 337 346 327 342 343 310 313 334 311 304 339
 330 333 324 331 322 303 320 301 316 329 318 321 308 315 336
 307 328 335 344 305 326 347 314 345 312 341 332 309 302 323
 350 319 338 317 306 325 340 379 378 367 352 365 386 395 380
 375 360 373 392 377 362 359 356 361 388 393 354 363 358 353
 372 355 366 389 370 381 374 383 398 351 400 385 376 369 382
 371 384 397 394 399 364 391 390 357 368 387 396 450 437 428
 415 402 438 404 414 434 416 430 420 441 433 421 431 443 429
 439 403 407 444 447 408 427 436 423 412 426 413 448 419 424
 417 432 418 445 401 435 442 411 422 409 440 405 446 425 410
 449 406 495 452 475 480 499 478 457 496 461 500 481 494 491
 484 473 482 469 458 451 468 453 464 479 488 485 490 493 454
 497 456 483 476 459 498 471 462 489 460 477 466 455 486 487
 492 467 470 465 472 463 474 513 526 515 530 503 544 529 542
 501 546 541 510 543 508 545 532 549 534 523 536 519 516 539
 514 511 504 517 528 535 502 525 548 527 550 547 506 537 518
 521 512 531 524 509 520 505 540 507 522 533 538 574 552 560
 551 554 563 562 564 556 568 553 566 572 573 567 570 575 561
 565 557 558 559 571 555 569 585 594 596 579 600 588 597 586
 576 590 593 595 587 598 584 592 580 599 582 581 589 577 578
 583 591 623 626 627 646 619 622 621 618 617 642 611 614 637
 616 639 638 603 602 631 604 649 630 635 610 633 608 609 606
 625 628 647 624 641 644 643 620 615 612 613 640 629 632 601
 650 607 636 605 634 645 648 655 660 653 652 659 654 651 658
 657 656 661 666 662 667 664 668 669 663 665 670 671 676 679
 678 677 674 673 672 675 680 689 686 683 688 681 684 685 682
 687 690 694 692 691 695 693 696 703 704 697 702 701 698 705
 700 699 714 713 708 707 706 711 710 715 712 709 724 721 720
 717 716 723 722 719 718 725 734 731 730 727 726 733 732 729
 728 735 740 741 737 736 742 743 739 738 744 745 754 747 750
 753 746 749 752 755 748 751 760 761 756 757 764 765 762 763
 758 759 770 773 766 769 772 775 768 771 774 767 918 894 869
 872 906 803 810 819 835 799 1122 1072 1082 1079 1117 1134 1067 1092
 1093 1050 1110 1069 1224 1096 1207 946 956 1126 1227 985 924 921 1007
 1215 1077 981 858 932 1133 1075 1153 1172 1213 1125 1100 1108 963 1045
 1049 1084 854 852 1145 1166 930 1012 1106 1073 1217 1046 1127 1078 867
 969 1047 1095 966 954 849 1124 843 1044 1181 861 960 837 1210 870
 1191 884 1228 816 902 968 831 949 813 901 908 801 1192 942 1256
 853 778 950 957 1262 780 959 1189 791 840 926 841 941 1180 996
 777 935 823 936 1199 789 1257 1001 811 971 855 1261 863 776 1000
 1260 1043 1264 1042 1193 792 1138 947 1259 1258 1022 779 864 1154 1041
 982 838 786 1183 933 1265 866 913 805 846 944 955 1218 828 1214
 800 883 848 1160 897 827 890 842 986 795 1177 829 1223 915 808
 980 1163 1170 874 1013 844 899 826 1197 979 923 1196 1158 910 802
 974 1216 817 967 953 856 836 887 1162 1155 893 1006 839 845 928
 1263 1023 809 857 916 822 806 1052 912 1025 1037 1129 952 1063 1101
 907 975 793 794 873 909 787 830 976 1008 1014 1209 1190 797 824
 877 889 903 1053 804 961 814 821 1111 882 919 900 1018 1034 834
 940 1065 1115 1159 1171 898 868 1033 1087 993 989 938 904 929 818
 798 927 832 895 891 788 790 807 812 1161 945 1128 1112 1167 1275
 1131 1030 1221 892 943 1036 1204 782 964 1156 1010 785 879 1202 820
 1248 825 1194 1031 1225 1104 1266 1249 1212 1027 1055 988 1121 1056 1152
 1005 1229 1243 1219 1103 1020 1232 1240 833 1200 1242 1250 1231 1222 1226
 1241 1144 1060 783 973 1058 987 815 1179 1164 1002 1268 1054 1271 1120
 1130 1021 860 784 881 1136 796 1251 1230 850 781 1011 1150 978 1211
 1206 1097 1119 1173 886 922 1147 1003 1273 1059 1004 1220 1247 1083 1085
 1051 1094 1091 1208 1182 880 1035 1237 1195 1081 1116 1203 1253 851 977
 914 1255 1178 1252 958 994 862 1015 1234 847 1137 1236 1019 878 1139
 1140 865 990 1009 965 1188 1148 1068 1086 1099 1238 948 1245 1123 1064
 1176 1141 1198 1149 1080 1090 1038 951 1254 970 1246 1109 1235 937 1135
 1089 1233 1074 1239 1076 1201 1244 972 1032 1071 1024 934 1143 995 1026
 1098 997 1118 1016 1061 1039 1186 1168 991 1113 1017 1184 992 998 1057
 1174 1040 1185 905 1269 962 925 1048 1070 1272 1270 939 1169 888 1175
 1105 931 1274 1267 917 1142 876 1187 1107 1132 920 859 983 885 911
 1029 871 984 1028 875 896 999 1146 1114 1205 1088 1062 1157 1102 1151
 1066 1165 1276 1278 1280 1277 1279 1281 1286 1282 1283 1285 1284 1288 1289
 1291 1290 1287 1292 1294 1296 1293 1295 1300 1297 1299 1301 1298
0 1 2 3 4 5 13 14 11 12 21 8 9 6
 7 16 15 19 20 17 18 10 23 22 26 27 24 25 30
 29 28 80 53 72 35 34 59 57 62 77 66 60 47 45
 76 43 58 42 73 63 52 61 50 32 71 65 56 37 46
 36 41 51 38 49 68 55 40 75 64 69 78 54 33 48
 79 67 44 39 70 74 31 94 84 90 82 95 98 89 92
 87 83 99 88 97 81 85 100 93 86 91 96 131 144 137
 118 114 147 145 116 111 148 109 142 139 105 127 108 119 104
 117 126 141 150 149 140 143 120 115 130 129 128 101 134 135
 132 133 138 103 136 113 124 121 112 125 102 107 146 106 110
 123 122 175 182 195 154 159 174 163 168 155 196 199 194 157
 198 167 188 165 158 171 186 169 200 173 156 151 192 183 190
 193 184 197 152 177 180 189 170 191 166 185 178 187 176 179
 162 153 160 181 164 161 172 209 211 215 214 208 218 224 205
 201 213 202 223 210 204 203 225 221 206 222 220 217 219 212
 207 216 232 229 239 227 249 247 226 237 250 241 238 233 236
 228 240 235 245 246 248 242 243 231 244 230 234 255 282 257
 262 251 276 253 280 275 278 277 254 289 270 287 286 291 288
 299 264 295 274 297 272 259 256 261 260 281 258 279 252 285
 290 283 266 265 268 263 284 267 300 293 296 271 294 273 298
 269 292 347 330 325 304 319 344 321 348 313 318 339 320 309
 322 349 340 337 310 305 312 307 314 335 342 303 336 331 350
 345 302 327 334 343 332 323 326 317 346 311 316 341 324 333
 306 329 338 301 308 315 328 365 390 373 380 399 386 375 382
 363 376 361 398 359 374 351 366 385 370 383 368 381 396 353
 364 357 360 387 394 395 354 371 358 369 388 367 356 377 384
 397 352 393 400 391 378 379 372 389 362 355 392 422 445 442
 421 437 418 415 420 417 416 413 438 411 436 407 410 409 406
 435 408 404 401 425 450 423 428 447 426 444 441 446 439 440
 443 419 414 405 412 432 433 430 403 434 429 402 431 427 448
 449 424 489 478 491 454 469 480 497 472 495 492 499 470 487
 494 465 496 485 500 455 462 477 458 479 482 481 486 471 452
 473 456 475 474 493 490 467 476 463 498 451 484 453 460 483
 464 459 466 457 488 461 468 505 532 533 506 501 504 527 526
 529 528 537 540 523 522 519 538 521 520 515 518 517 514 513
 536 531 508 507 510 509 534 525 502 503 530 539 524 511 516
 535 512 541 550 549 548 547 546 545 544 543 542 563 564 567
 565 562 575 560 571 568 557 574 555 551 552 554 572 553 559
 570 569 558 566 573 561 556 586 578 577 588 584 595 585 591
 580 582 576 587 579 593 596 583 598 589 599 581 590 600 592
 594 597 623 636 625 610 637 632 613 650 615 604 635 612 607
 616 609 614 621 628 641 648 617 646 601 644 603 642 631 618
 645 634 627 606 639 630 611 602 605 640 633 638 619 626 643
 624 629 622 649 620 647 608 655 658 659 656 651 654 657 652
 653 660 661 662 670 669 667 668 665 666 664 663 677 674 673
 672 679 678 671 676 675 680 681 682 685 686 683 684 689 690
 687 688 691 693 692 695 694 698 697 696 701 702 699 700 705
 704 703 712 711 708 715 714 707 706 713 710 709 718 721 716
 719 724 717 722 725 720 723 730 735 728 733 726 731 734 729
 732 727 740 738 737 739 736 744 745 743 741 742 750 753 748
 751 746 749 754 747 752 755 758 765 756 761 762 759 760 763
 764 757 766 773 774 771 772 769 770 767 768 775 781 785 783
 784 782 776 780 778 779 777 822 805 831 812 808 830 807 823
 811 806 849 968 877 917 1020 1003 1036 876 938 787 795 792 790
 889 905 794 789 1010 866 966 1027 987 904 939 969 955 786 793
 848 867 1002 1011 988 1021 791 788 967 954 916 888 991 1040 984
 999 995 1039 983 1028 1029 992 1176 1183 824 796 958 863 1249 1240
 1231 1248 1175 1184 1161 1191 1144 1166 964 851 965 879 814 825 1101
 1114 1006 985 1066 1087 986 1012 803 798 950 865 959 934 1194 1137
 1044 981 1173 1145 835 809 1165 1156 1206 1172 1062 1065 1007 982 1147
 1151 1150 1157 1203 1136 818 810 1088 1115 1205 1164 1013 1045 1179 1195
 1189 1139 834 799 1102 1063 1160 1209 1167 1153 1171 1210 1187 1143 1185
 1168 1159 1170 1243 1250 881 972 1182 1138 804 819 1174 1142 1207 1152
 1201 1202 1251 1232 1199 1188 878 973 1200 1178 833 821 1241 1242 850
 880 1169 1186 1158 1190 862 864 815 832 797 820 1177 1198 935 951
 1146 1204 1015 993 1001 1016 998 885 897 842 838 871 874 817 828
 1019 1008 836 845 977 1034 840 1017 1042 980 839 1031 978 826 801
 1022 1043 870 896 990 1014 813 827 875 910 1009 976 979 996 1038
 989 800 829 1004 1030 1033 1035 1041 816 843 844 1023 1000 1037 1024
 994 1025 802 1032 1018 841 837 1026 997 1005 884 911 1274 1273 1093
 1116 1074 1084 1236 1252 1216 1227 1197 1192 1217 1228 1163 1181 894 919
 1239 895 872 1109 1073 1091 1082 1108 1132 1068 1050 1123 1079 1269 1271
 1076 1110 1133 1070 1134 1051 1233 1247 873 906 1246 1238 1069 1105 1048
 1106 1266 1270 1193 1155 1122 1135 868 918 1224 1214 1092 1094 1117 1071
 1067 1080 1237 1180 1196 869 907 1049 1107 1162 1154 1223 1215 1099 1075
 1275 1267 1272 1268 1244 1253 1213 1218 1072 1081 1083 1100 903 883 937
 915 1234 1255 941 927 860 887 974 898 1254 1245 900 899 943 923
 1119 1098 891 901 962 930 920 858 1118 1060 909 890 861 922 929
 960 931 924 893 886 940 856 846 970 953 912 1112 1061 936 847
 857 928 961 926 949 914 963 859 1057 1097 882 913 1113 1056 971
 948 952 944 945 902 975 908 892 942 1235 921 925 1256 1260 1130
 1104 1121 1054 1058 1131 1263 1265 1261 1258 1120 1103 1262 1257 1055 1059
 1259 1264 854 947 1085 1140 1208 1052 1111 1090 1064 853 956 957 932
 1128 1149 1089 1086 855 852 933 946 1053 1129 1148 1141 1211 1226 1222
 1229 1212 1221 1225 1219 1230 1220 1095 1125 1127 1077 1096 1078 1126 1047
 1046 1124 1280 1278 1277 1279 1276 1281 1284 1286 1282 1285 1283 1287 1289
 1288 1291 1290 1295 1293 1296 1292 1294 1299 1301 1297 1300 1298
