0 1 2 3 4 6 8 9 7 5 10 11 12 13
 14 15 16 17 19 21 22 20 18 27 25 23 24 26 32
 28 31 29 30 33 34 35 36 37 38 39 40 45 43 41
 42 44 48 49 50 46 47 55 54 51 53 52 72 63 57
 64 73 59 75 60 68 69 61 62 66 56 67 65 71 58
 70 74 78 91 84 83 92 88 87 94 93 95 81 79 80
 77 76 85 86 90 82 89 113 110 101 115 105 96 99 102
 97 109 104 103 98 114 111 106 100 108 112 107 120 116 117
 118 119 129 137 128 132 133 134 131 139 138 136 126 123 121
 135 127 140 130 125 124 122 144 143 141 145 142 158 154 156
 148 153 152 164 149 146 159 150 155 160 165 147 157 163 151
 162 161 169 166 170 168 167 173 171 174 175 172 178 187 191
 183 177 185 186 184 182 195 179 190 176 194 192 193 180 188
 181 189 209 198 196 202 199 200 211 205 212 204 203 208 214
 210 197 201 206 215 213 207 217 219 216 226 227 220 230 222
 223 231 218 228 229 221 235 233 225 234 232 224 237 238 240
 236 239 243 250 251 253 257 248 246 249 259 241 242 254 252
 255 244 245 258 260 247 256 280 274 261 276 264 265 270 269
 267 277 278 271 272 263 266 275 268 279 273 262 290 284 282
 295 296 285 300 287 288 292 293 291 281 283 294 298 286 297
 289 299 305 301 304 302 303 309 310 307 308 306 314 313 327
 317 320 318 328 315 322 321 316 326 312 319 311 330 329 325
 323 324 346 338 331 347 342 343 340 348 341 339 350 333 332
 334 344 335 349 336 345 337 354 351 355 353 352 357 359 360
 358 356 372 374 375 367 364 370 368 379 378 369 366 376 380
 361 373 362 363 371 365 377 396 381 385 397 386 384 399 398
 391 389 392 393 390 395 382 394 383 387 400 388 403 404 402
 405 401 422 417 410 414 407 408 421 423 412 409 413 411 406
 420 418 415 419 424 425 416 434 426 435 427 436 443 444 432
 440 430 437 428 441 438 429 442 445 433 431 439 464 460 453
 447 462 455 456 446 459 452 457 451 450 458 461 465 454 448
 463 449 466 467 468 469 474 489 477 487 485 478 482 486 483
 484 470 480 488 479 475 481 473 472 471 476 500 490 494 492
 501 496 504 507 491 498 499 502 493 495 505 503 497 508 509
 506 515 513 520 510 516 522 517 529 523 524 519 512 511 527
 521 528 514 525 518 526 533 530 531 534 532 550 542 554 545
 551 553 544 541 540 547 549 535 536 552 539 548 538 546 537
 543 557 558 556 559 555 579 571 572 562 563 574 575 565 577
 576 561 560 573 564 566 567 578 569 568 570 582 580 583 584
 581 585 589 588 590 587 586 594 595 591 592 593 609 613 610
 596 614 604 615 597 608 602 599 603 598 611 601 606 607 612
 605 600 616 617 618 619 620 623 624 622 625 621 630 626 627
 628 629 634 635 638 646 640 645 641 647 633 637 632 648 631
 643 650 644 649 636 639 642 651 652 653 654 655 656 657 658
 662 663 659 660 661 668 667 665 664 666 671 672 673 669 670
 676 678 677 675 674 680 683 679 681 682 686 684 687 688 685
 698 691 693 694 692 690 697 695 689 696 705 708 704 706 701
 700 702 707 699 703 713 709 710 711 712 715 718 714 716 717
 726 721 725 719 728 720 727 723 724 722 736 744 741 745 734
 729 733 735 739 742 731 730 743 740 737 738 748 732 746 747
 758 760 761 766 754 750 749 753 759 757 755 756 763 764 762
 751 767 768 752 765 775 778 782 788 769 776 774 773 780 779
 777 770 783 787 772 785 771 781 784 786 798 797 796 790 789
 792 794 793 795 791 802 799 803 801 800 806 807 808 804 805
 813 814 812 816 810 815 809 817 818 811 821 823 820 819 822
 825 827 824 828 826 834 835 832 837 829 830 833 831 838 836
 840 841 843 839 842 847 848 844 845 846 854 853 852 857 855
 850 849 858 856 851 861 862 863 859 860 867 864 865 868 866
 878 879 872 880 874 887 886 884 869 870 877 881 882 871 875
 883 873 876 888 885 897 892 889 898 895 891 890 894 896 893
 901 903 900 899 902 906 908 907 905 904 911 909 917 910 916
 918 913 914 912 915 920 922 923 921 919 927 926 928 925 924
 932 931 937 930 936 933 934 938 929 935 941 939 942 943 940
 945 948 947 944 946 956 958 953 957 950 949 951 952 954 955
 962 963 960 961 959 968 964 967 965 966 977 978 974 975 970
 973 969 972 976 971 982 981 983 980 979 985 986 988 984 987
 997 991 992 989 998 993 994 995 990 996 1002 1003 1000 1001 999
 1007 1008 1005 1006 1004 1010 1017 1012 1009 1014 1016 1018 1015 1011 1013
 1020 1023 1019 1021 1022 1025 1026 1028 1024 1027 1031 1037 1030 1029 1036
 1033 1038 1035 1032 1034 1040 1041 1042 1043 1039 1045 1048 1047 1044 1046
 1052 1051 1057 1050 1056 1053 1054 1058 1049 1055 1061 1059 1062 1063 1060
 1066 1067 1068 1064 1065 1073 1072 1069 1071 1070 1078 1077 1075 1074 1076
 1082 1087 1080 1081 1085 1088 1084 1083 1079 1086 1090 1097 1089 1091 1095
 1093 1098 1094 1092 1096 1102 1103 1099 1100 1101 1106 1107 1108 1104 1105
 1110 1117 1112 1109 1116 1113 1118 1115 1111 1114 1121 1123 1120 1119 1122
 1125 1126 1128 1124 1127 1132 1131 1133 1130 1129 1136 1137 1135 1138 1134
 1141 1143 1146 1139 1147 1140 1144 1148 1145 1142 1155 1156 1150 1153 1149
 1151 1158 1157 1154 1152 1160 1161 1163 1159 1162 1167 1166 1168 1165 1164
 1171 1169 1173 1170 1172 1175 1176 1177 1178 1174 1181 1183 1180 1179 1182
 1184 1185 1186 1187 1188 1189 1190 1191 1192 1193 1194 1195 1196 1197 1198
 1199 1202 1204 1201 1200 1203 1209 1208 1205 1207 1206 1213 1214 1210 1211
 1212 1218 1217 1215 1219 1216 1223 1224 1221 1222 1220 1228 1229 1226 1227
 1225 1233 1234 1231 1232 1230 1237 1235 1239 1236 1238 1241 1242 1243 1244
 1240 1247 1249 1248 1246 1245 1253 1252 1250 1254 1251 1257 1255 1258 1259
 1256 1263 1260 1261 1264 1262 1267 1268 1269 1265 1266 1273 1274 1270 1271
 1272 1275 1276 1277 1278 1279 1280 1281 1284 1285 1283 1286 1282 1288 1289
 1290 1291 1287 1296 1294 1295 1292 1293 1300 1299 1297 1301 1298
0 2 1 4 3 5 9 8 7 6 12 13 10 11
 16 17 14 15 21 19 22 18 20 24 23 25 27 26 30
 31 28 29 32 35 36 33 34 40 39 38 37 42 41 43
 45 44 46 50 49 48 47 51 54 55 52 53 57 56 72
 74 65 70 68 69 75 60 67 66 62 63 61 73 58 71
 59 64 92 79 80 77 78 93 85 89 88 82 90 91 84
 83 86 87 76 81 95 94 112 115 105 110 101 100 111 106
 107 98 103 104 109 108 99 102 96 114 113 97 120 119 118
 117 116 122 121 135 131 130 139 132 134 140 125 124 127 137
 128 123 138 133 136 126 129 143 144 141 142 145 163 152 159
 165 157 154 147 161 151 156 155 150 162 148 164 153 158 146
 160 149 170 167 169 168 166 172 171 175 174 173 183 189 179
 178 194 192 193 176 188 190 191 195 184 177 185 186 181 182
 180 187 203 204 205 213 215 207 214 196 197 198 209 201 211
 206 212 208 210 199 202 200 235 230 224 222 233 234 219 226
 218 228 223 231 225 232 217 227 229 220 221 216 238 237 236
 240 239 254 244 252 242 246 245 257 256 260 255 253 243 251
 241 250 248 247 259 258 249 270 269 277 273 272 271 280 274
 262 261 266 265 264 268 278 279 263 275 276 267 283 293 281
 291 300 299 296 298 297 294 284 295 282 290 292 287 289 288
 286 285 301 305 304 303 302 306 308 307 310 309 327 317 314
 313 330 319 312 324 316 326 322 321 328 318 329 320 311 323
 325 315 334 341 347 331 345 337 336 339 338 348 332 349 350
 346 335 344 333 340 342 343 351 354 355 352 353 357 356 358
 360 359 380 363 362 378 371 379 369 370 367 368 365 373 372
 377 376 375 374 364 366 361 390 389 400 398 399 387 386 397
 382 381 395 394 396 392 391 393 388 384 385 383 401 404 405
 402 403 421 425 413 420 416 423 422 408 419 418 410 424 415
 414 409 406 412 411 417 407 445 439 431 438 432 428 430 436
 442 444 433 443 429 427 441 440 434 437 435 426 454 451 458
 455 463 447 465 459 446 449 461 460 448 453 457 456 464 450
 462 452 469 468 467 466 478 477 489 482 475 474 487 471 470
 481 483 479 473 480 485 484 488 476 486 472 505 503 506 497
 509 498 499 493 495 496 504 508 507 491 500 490 492 502 501
 494 523 525 517 527 519 518 520 512 515 514 516 529 528 510
 526 511 524 513 522 521 532 531 530 534 533 545 554 542 550
 552 544 553 537 547 540 535 549 543 551 546 538 548 539 541
 536 555 558 559 556 557 564 562 561 571 560 578 569 568 567
 566 572 563 570 579 576 577 574 575 565 573 583 584 582 580
 581 585 588 589 586 587 590 592 591 595 594 593 615 598 597
 600 599 607 609 610 612 611 614 601 613 602 603 605 604 608
 606 596 616 617 618 619 620 622 621 623 625 624 627 626 630
 629 628 639 648 643 649 642 641 645 644 631 650 636 635 633
 638 637 647 646 632 634 640 653 654 651 652 658 657 656 655
 662 661 660 659 663 666 667 664 665 668 670 669 673 672 671
 674 677 678 675 676 679 681 680 683 682 684 686 685 688 687
 700 699 707 702 706 705 703 701 708 704 690 689 696 692 695
 698 694 693 691 697 720 721 725 727 724 719 722 726 723 728
 714 709 710 715 717 713 711 716 712 718 732 731 730 729 748
 745 747 746 738 737 744 741 740 743 742 739 734 736 735 733
 751 752 749 750 768 766 761 765 762 764 763 767 755 757 759
 758 756 754 760 753 770 769 772 771 778 777 780 779 774 773
 776 775 787 783 782 786 788 784 781 785 804 800 805 799 806
 802 801 808 803 807 792 790 795 794 797 789 791 793 798 796
 820 819 825 824 821 822 823 826 828 827 810 809 813 814 815
 812 811 816 818 817 845 844 840 839 848 847 846 841 842 843
 832 831 836 837 838 830 829 835 834 833 859 860 864 865 863
 862 861 868 866 867 849 850 855 854 853 851 852 857 858 856
 876 875 874 873 872 871 870 869 884 886 883 885 888 887 879
 877 880 878 882 881 904 899 906 902 900 907 901 905 908 903
 890 893 895 892 898 889 896 891 894 897 920 922 919 921 925
 924 926 927 923 928 911 909 912 910 917 914 913 915 916 918
 942 939 940 941 947 944 945 946 943 948 930 931 932 929 937
 934 935 936 933 938 965 959 961 966 962 964 960 967 968 963
 950 955 951 953 958 954 949 952 956 957 979 987 986 980 984
 985 982 981 983 988 969 972 976 975 977 973 974 971 970 978
 1004 1005 1006 1007 999 1002 1001 1000 1008 1003 993 996 995 994 998
 989 990 991 992 997 1024 1027 1026 1025 1020 1019 1022 1021 1028 1023
 1014 1013 1016 1015 1018 1009 1012 1011 1010 1017 1041 1039 1040 1042 1044
 1045 1046 1047 1043 1048 1030 1031 1029 1032 1037 1033 1034 1035 1036 1038
 1062 1059 1060 1061 1067 1064 1066 1065 1063 1068 1050 1051 1052 1049 1057
 1054 1056 1055 1053 1058 1086 1084 1083 1085 1088 1079 1081 1080 1082 1087
 1074 1076 1075 1077 1071 1070 1072 1069 1078 1073 1107 1105 1104 1106 1099
 1102 1101 1100 1108 1103 1093 1096 1095 1094 1098 1091 1090 1092 1089 1097
 1124 1127 1126 1125 1121 1120 1122 1119 1128 1123 1116 1114 1113 1115 1118
 1109 1112 1111 1110 1117 1146 1139 1142 1141 1148 1143 1144 1140 1145 1147
 1130 1136 1132 1131 1134 1135 1137 1129 1138 1133 1159 1167 1165 1161 1160
 1166 1162 1164 1168 1163 1149 1153 1152 1155 1158 1156 1151 1154 1150 1157
 1170 1169 1172 1171 1173 1177 1176 1175 1174 1178 1181 1182 1179 1180 1183
 1187 1186 1185 1184 1191 1190 1189 1188 1194 1195 1192 1193 1198 1199 1196
 1197 1202 1203 1200 1201 1204 1209 1207 1206 1208 1205 1213 1212 1211 1210
 1214 1218 1216 1219 1215 1217 1220 1222 1221 1224 1223 1226 1225 1228 1227
 1229 1233 1231 1234 1230 1232 1236 1235 1238 1237 1239 1242 1241 1240 1244
 1243 1247 1246 1245 1249 1248 1253 1251 1254 1250 1252 1255 1257 1256 1259
 1258 1262 1261 1260 1264 1263 1265 1269 1268 1267 1266 1270 1274 1273 1272
 1271 1275 1276 1277 1278 1279 1280 1281 1297 1298 1299 1301 1300 1292 1295
 1294 1293 1296 1287 1290 1289 1288 1291 1282 1283 1284 1286 1285
0 3 4 2 1 5 7 9 6 8 11 12 13 10
 15 16 17 14 20 19 21 22 18 26 27 25 24 23 31
 28 29 30 32 34 35 36 33 38 40 37 39 44 45 43
 42 41 46 49 47 50 48 51 55 52 53 54 66 67 75
 63 62 73 65 74 58 68 57 56 60 59 71 61 64 70
 69 72 85 80 77 78 79 87 76 90 95 92 83 93 94
 86 89 81 82 91 84 88 107 98 115 114 111 102 100 109
 96 97 108 112 103 106 113 101 104 99 110 105 117 120 118
 116 119 135 123 121 133 134 140 136 125 126 128 137 138 131
 130 122 132 124 127 129 139 144 141 142 143 145 153 150 151
 164 152 159 157 163 148 158 162 147 156 154 149 146 155 161
 165 160 168 167 170 166 169 173 175 172 174 171 192 184 187
 195 186 176 185 181 189 193 194 179 177 188 182 180 183 190
 191 178 200 201 202 212 203 204 205 215 207 214 208 197 209
 211 199 206 213 210 198 196 229 227 220 221 224 222 234 225
 233 226 228 230 223 235 231 217 216 218 219 232 240 237 239
 236 238 259 249 248 260 250 255 253 252 244 246 247 256 257
 258 245 243 251 241 254 242 266 265 264 277 269 270 279 278
 272 271 261 262 263 275 268 267 273 274 280 276 299 298 286
 285 291 281 294 282 295 287 300 289 288 296 297 290 292 293
 283 284 301 303 305 302 304 306 310 309 307 308 318 330 322
 321 312 323 315 327 328 329 313 314 319 311 320 325 324 316
 326 317 350 342 340 343 337 335 345 346 344 347 349 341 331
 338 336 339 348 333 332 334 351 353 354 355 352 360 359 358
 356 357 366 371 365 372 362 380 374 376 377 375 363 378 364
 369 368 370 367 373 361 379 397 385 392 391 389 393 396 381
 399 388 398 400 387 383 384 386 390 395 382 394 401 403 404
 405 402 417 409 415 425 412 414 416 418 423 413 422 421 408
 411 407 424 410 419 406 420 432 431 427 433 426 439 445 438
 443 440 429 434 436 428 444 435 437 442 441 430 465 459 461
 450 455 453 446 447 452 463 448 464 456 451 462 458 457 449
 460 454 468 466 469 467 487 480 484 479 486 488 470 483 476
 482 477 473 481 471 489 472 475 478 474 485 494 502 495 504
 505 506 508 500 492 501 493 496 503 507 497 509 498 491 499
 490 526 529 515 516 528 517 527 518 512 522 513 511 514 524
 510 521 523 520 519 525 534 531 533 530 532 554 535 539 541
 542 549 550 552 551 546 536 540 548 543 544 553 547 537 538
 545 555 557 558 559 556 568 578 565 566 567 561 571 560 564
 563 577 569 575 574 579 570 573 572 562 576 584 580 582 581
 583 585 587 588 589 586 590 595 593 591 594 592 610 606 614
 604 612 605 613 596 600 607 598 611 602 608 615 601 599 609
 597 603 616 617 618 619 620 624 625 623 622 621 630 628 626
 629 627 641 647 642 640 633 631 638 645 636 649 639 643 635
 637 644 632 648 646 650 634 654 651 652 653 656 658 655 657
 661 659 662 660 663 665 666 667 664 668 673 671 669 672 670
 674 678 675 676 677 679 682 683 681 680 684 687 688 686 685
 699 689 695 697 698 696 707 705 702 706 700 690 694 708 691
 693 701 704 703 692 714 718 716 715 717 720 727 725 724 721
 709 719 728 712 713 723 726 711 722 710 731 729 732 730 739
 743 741 737 746 736 748 735 747 734 745 733 742 738 740 744
 750 751 752 749 764 763 756 761 760 753 754 762 765 767 766
 768 755 759 757 758 772 771 769 770 786 788 781 783 785 784
 782 787 780 776 779 773 774 778 775 777 792 805 790 804 797
 808 807 794 806 795 789 791 798 796 793 799 800 803 801 802
 824 825 810 809 828 826 827 814 813 815 811 812 817 816 818
 820 819 822 823 821 831 832 845 844 837 838 836 846 848 847
 830 829 835 833 834 839 840 841 843 842 865 864 850 849 866
 868 867 854 853 855 852 851 858 856 857 860 859 863 861 862
 871 872 876 875 870 869 873 874 880 881 882 884 886 883 887
 885 877 888 879 878 895 905 892 906 907 893 904 890 898 908
 896 894 889 891 897 901 899 902 900 903 926 924 927 925 912
 910 909 911 928 917 916 915 913 914 918 922 921 920 919 923
 944 945 947 946 931 929 930 932 948 937 935 933 936 934 938
 942 939 941 940 943 955 967 966 951 964 953 965 950 958 968
 956 949 952 954 957 962 960 961 959 963 984 972 975 987 969
 976 986 985 988 977 973 970 974 971 978 979 981 982 980 983
 995 994 996 993 1007 1005 1004 1006 998 1008 992 991 989 990 997
 1001 1002 1000 999 1003 1015 1014 1016 1013 1025 1027 1024 1026 1018 1028
 1010 1012 1011 1009 1017 1022 1020 1021 1019 1023 1046 1047 1045 1044 1032
 1031 1029 1030 1048 1037 1036 1034 1035 1033 1038 1042 1040 1041 1039 1043
 1064 1066 1067 1065 1051 1049 1050 1052 1068 1057 1055 1053 1056 1054 1058
 1062 1061 1059 1060 1063 1075 1077 1074 1076 1078 1083 1086 1085 1084 1088
 1071 1072 1069 1070 1079 1082 1080 1081 1073 1087 1095 1094 1096 1093 1106
 1105 1107 1104 1098 1108 1092 1091 1089 1090 1097 1100 1102 1099 1101 1103
 1115 1113 1116 1114 1127 1125 1124 1126 1118 1128 1111 1112 1110 1109 1117
 1122 1120 1119 1121 1123 1135 1137 1136 1134 1138 1141 1146 1142 1139 1148
 1145 1131 1143 1140 1132 1129 1130 1144 1133 1147 1166 1155 1152 1165 1164
 1149 1167 1153 1158 1168 1154 1156 1151 1150 1157 1160 1161 1159 1162 1163
 1171 1172 1170 1169 1173 1176 1174 1177 1175 1178 1182 1179 1180 1181 1183
 1185 1187 1184 1186 1189 1191 1188 1190 1193 1194 1195 1192 1199 1196 1197
 1198 1203 1200 1201 1202 1204 1207 1205 1209 1208 1206 1212 1210 1213 1211
 1214 1217 1216 1218 1219 1215 1220 1224 1223 1221 1222 1227 1228 1226 1225
 1229 1234 1231 1230 1232 1233 1237 1238 1236 1235 1239 1243 1241 1244 1242
 1240 1249 1246 1248 1245 1247 1252 1251 1253 1254 1250 1255 1258 1259 1257
 1256 1264 1261 1263 1260 1262 1265 1268 1266 1269 1267 1270 1273 1271 1274
 1272 1275 1276 1277 1278 1279 1280 1281 1292 1296 1294 1295 1293 1282 1285
 1284 1286 1283 1297 1300 1299 1301 1298 1287 1291 1289 1290 1288
1 0 4 3 2 8 6 9 5 7 34 15 40 467
 36 11 466 38 554 537 540 553 543 345 334 344 347 349 363
 375 380 373 377 468 10 39 14 469 17 35 12 397 385 383
 386 384 186 183 182 179 184 222 224 230 235 223 70 58 57
 116 60 120 65 73 117 62 119 69 118 67 56 75 74 63
 72 71 78 88 76 144 89 91 142 141 90 86 85 145 77
 80 84 81 95 93 143 92 113 167 98 109 107 108 114 112
 166 115 169 100 101 99 170 168 103 96 102 105 59 64 68
 66 61 134 236 132 128 127 129 125 124 126 240 138 123 135
 121 133 238 239 131 139 237 83 82 94 79 87 151 164 165
 161 155 146 154 157 152 150 159 153 163 156 162 149 160 158
 147 148 104 97 111 106 110 574 566 565 567 575 187 178 177
 49 191 189 48 47 50 195 46 176 190 181 188 180 193 192
 194 185 199 211 202 196 209 210 198 586 588 590 589 215 213
 200 201 197 587 208 214 207 227 220 228 221 217 219 51 55
 52 231 229 216 218 226 53 225 233 232 234 54 122 140 136
 137 130 242 241 251 247 582 255 244 254 252 250 243 249 259
 248 246 583 580 581 253 584 264 266 276 261 280 262 625 623
 621 624 279 273 272 275 274 263 622 278 271 265 290 299 289
 300 301 305 295 294 283 281 291 293 292 288 287 302 303 304
 282 284 285 296 297 298 286 306 308 307 310 309 313 314 311
 312 326 324 323 330 321 322 319 320 317 316 327 315 325 329
 328 318 341 348 350 24 340 343 342 338 346 335 331 337 336
 25 23 339 26 332 27 333 503 495 504 505 496 511 522 510
 515 513 370 378 28 368 379 372 367 364 374 361 376 366 31
 369 29 371 32 362 365 30 398 387 43 45 42 44 382 396
 390 389 393 392 391 400 399 388 41 381 395 394 405 402 404
 403 401 409 413 424 406 423 425 420 407 418 422 417 416 414
 421 412 419 415 410 408 411 445 439 431 438 432 428 430 436
 442 444 433 443 429 427 441 440 434 437 435 426 447 446 461
 464 532 455 457 460 533 451 456 452 531 530 453 448 534 465
 449 463 16 13 33 37 486 476 485 480 477 591 471 474 593
 592 473 487 488 595 594 472 470 481 482 489 501 502 499 498
 500 352 355 508 493 492 494 490 491 351 353 354 509 507 497
 506 358 356 528 360 529 359 517 516 521 527 525 518 357 524
 523 520 526 519 512 514 459 458 450 454 462 547 546 19 545
 539 20 548 552 22 550 538 536 535 541 551 544 549 542 21
 18 558 557 556 555 559 560 570 576 578 568 173 172 174 564
 572 561 579 569 577 171 175 562 573 563 571 257 258 245 256
 260 585 203 212 204 206 205 475 479 478 484 483 605 604 607
 602 611 613 599 608 597 596 615 598 603 614 612 600 610 601
 609 606 616 617 618 619 620 269 277 268 270 267 637 641 632
 635 640 650 628 633 645 629 646 626 639 638 630 627 643 642
 648 634 636 649 644 647 631 654 652 1281 651 655 658 1280 656
 662 661 660 659 663 668 665 667 666 664 670 669 673 672 671
 678 676 675 677 674 683 680 682 681 679 687 688 686 684 685
 718 1083 1086 1084 1088 1085 716 714 717 715 1293 1144 1143 1292 1147
 1140 1296 1295 1294 1145 1072 1071 1069 1073 1070 696 698 695 697 689
 1283 1132 1129 1285 1282 1130 1133 1284 1131 1286 962 1119 1021 1040 960
 961 963 959 1020 1123 1019 1121 1022 1120 1023 1122 1039 1041 1042 1043
 1159 1002 899 939 1000 1001 1160 1003 1163 1162 1161 999 902 900 903
 901 942 940 941 943 1099 982 1059 920 1102 1103 1101 1100 981 979
 983 980 921 1060 922 1062 1061 923 1063 919 833 867 830 868 829
 866 865 834 864 835 871 872 881 882 880 810 815 813 814 809
 808 804 856 857 806 807 805 852 851 858 869 879 877 878 870
 838 837 836 832 831 793 791 828 827 789 796 798 826 825 824
 873 885 888 874 887 855 850 849 853 854 846 845 817 816 847
 848 844 811 812 818 886 884 875 876 883 797 795 794 790 792
 819 823 799 800 839 842 861 862 821 822 820 803 801 802 863
 860 840 859 843 841 1150 945 1156 944 946 1157 948 1154 1151 947
 751 762 764 761 763 996 994 998 993 995 986 988 985 987 1058
 1053 1055 1056 984 1054 788 772 781 783 786 1096 1095 1093 1098 1094
 1164 1166 1165 1168 989 997 990 992 1167 991 752 766 767 765 768
 892 890 893 898 895 1038 1025 1028 1036 1026 1034 1027 1035 1033 1024
 736 733 734 729 735 1116 1115 1114 1118 1113 1064 1089 1092 1068 1090
 1097 1066 1065 1067 1091 778 780 777 770 779 917 911 909 912 910
 933 935 938 936 907 905 908 904 934 906 760 753 754 750 756
 1152 1149 1155 1158 1153 1110 1109 1111 1117 1046 1048 1044 1045 1112 1047
 739 737 731 741 743 958 950 953 955 951 1128 1125 1126 1127 957
 954 956 952 1124 949 745 732 746 747 748 1015 1016 1013 1018 1014
 1105 1106 1104 1108 914 918 915 916 1107 913 771 782 785 784 787
 969 976 975 977 972 711 713 710 709 712 1135 1138 1134 1137 1136
 1300 1298 1299 1297 690 692 694 691 1301 693 970 973 978 971 926
 928 925 924 974 927 769 776 775 773 774 1051 1049 1050 1057 1052
 1010 1009 1011 1017 968 966 965 964 1012 967 730 742 740 744 738
 1037 1030 1031 1032 1029 721 724 727 720 725 1076 1074 1078 1077 1075
 1287 704 1291 1288 701 700 708 1290 703 1289 1005 889 897 1004 1008
 896 1006 891 894 1007 749 755 759 758 757 929 931 930 937 932
 1171 1173 1169 1172 1170 1174 1178 1177 1176 1175 1183 1181 1180 1182 1179
 1184 1187 1278 1185 1188 1191 1277 1189 1194 1195 1192 1193 1199 1197 1279
 1196 1203 1201 1204 1200 1202 1209 1207 1206 1208 1205 1211 1210 1214 1213
 1212 1217 1218 1215 1216 1219 1223 1221 1224 1220 1222 1227 1229 1225 1228
 1226 1232 1234 1230 1233 1231 1239 1238 1237 1236 1235 1243 1242 1241 1240
 1244 1245 1248 1249 1246 1247 1253 1251 1254 1250 1252 1259 1256 1258 1257
 1255 1264 1262 1261 1263 1260 1265 1269 1268 1267 1266 1274 1273 1272 1271
 1270 1275 1276 1190 1186 1198 657 653 723 719 726 722 728 1139 1142
 1148 1146 1141 702 699 707 706 705 1082 1080 1081 1079 1087
5 8 7 6 9 2 1 0 3 4 425 420 407 409
 410 412 416 422 465 446 452 454 531 130 134 125 237 128 266
 623 270 271 261 419 411 414 423 408 415 418 413 641 631 636
 629 639 103 167 106 109 108 74 63 69 118 59 235 227 55
 217 223 228 54 216 222 221 52 225 232 226 230 53 231 234
 219 229 586 215 201 589 212 202 205 200 210 199 588 213 196
 204 214 587 207 203 197 198 48 181 182 185 49 194 179 191
 186 180 178 192 176 193 50 190 195 187 183 47 233 224 218
 220 51 336 27 350 338 346 339 343 333 26 331 24 23 334
 335 347 344 337 340 345 348 590 206 208 211 209 149 153 152
 162 164 165 155 151 156 160 163 154 150 146 148 158 159 157
 161 147 184 188 46 189 177 351 497 493 500 504 110 107 96
 169 105 98 97 112 99 166 101 111 115 102 113 168 170 100
 104 114 86 76 141 144 78 83 81 87 143 90 77 80 89
 91 79 85 92 93 82 142 66 58 62 120 75 65 73 68
 67 117 71 61 57 119 116 56 60 70 64 72 341 342 349
 25 332 526 528 360 527 514 357 516 519 523 513 512 517 522
 359 524 510 356 520 515 518 374 379 370 365 375 361 366 368
 31 362 376 371 30 29 369 28 377 380 367 363 592 591 488
 472 476 484 482 475 485 486 479 470 489 478 481 595 474 473
 487 593 480 477 471 594 483 404 401 403 402 405 437 432 444
 428 429 434 435 440 441 427 426 442 433 438 436 445 431 430
 443 439 132 133 122 240 131 238 123 136 126 236 138 129 135
 124 140 239 127 139 121 137 569 563 571 566 174 242 582 249
 244 260 276 273 624 280 265 272 277 278 275 621 267 274 262
 625 264 269 279 263 622 268 649 637 638 650 627 646 640 644
 634 628 645 632 633 643 648 630 635 642 647 626 308 310 307
 306 309 35 36 10 17 469 16 39 466 467 33 34 40 15
 38 468 11 13 12 14 37 326 330 327 324 312 314 328 325
 322 313 323 329 315 320 319 318 316 311 317 321 542 545 22
 543 20 21 547 548 536 535 553 539 551 537 18 552 550 538
 554 541 417 406 421 424 296 288 284 290 281 303 291 299 283
 285 300 282 305 287 293 304 298 302 294 286 573 171 574 577
 561 172 572 576 570 565 568 173 564 579 578 567 562 575 560
 175 241 247 258 245 250 584 583 253 243 580 251 248 252 581
 255 246 256 254 257 259 540 544 546 549 19 462 451 457 530
 459 463 460 534 447 448 449 453 450 532 464 455 456 461 458
 533 559 558 557 555 556 505 492 496 490 502 353 498 508 355
 491 354 499 506 352 494 503 495 501 509 507 521 358 525 511
 529 585 94 145 88 84 95 295 297 301 289 292 607 600 611
 613 601 609 604 602 606 610 603 614 596 597 599 612 615 605
 608 598 616 617 618 619 620 378 373 372 364 32 43 391 384
 398 395 388 383 397 386 393 400 381 392 387 45 399 44 394
 42 385 389 41 396 382 390 682 680 683 681 686 688 687 685
 666 664 665 668 667 661 660 662 663 659 677 678 676 675 674
 671 672 673 670 669 651 653 654 1281 652 656 658 657 655 1280
 853 797 841 871 857 827 876 835 806 823 836 815 869 818 793
 846 803 874 866 863 838 868 873 817 801 813 862 847 870 798
 854 795 843 807 834 828 856 821 872 875 1018 958 1037 1118 731
 968 1038 1123 732 1017 1028 1128 963 729 1117 1043 1023 1048 730 957
 1057 1098 917 977 769 1068 988 918 1097 923 771 983 1063 772 978
 1108 770 1103 928 1058 937 998 898 1158 908 1157 1003 752 750 943
 897 1168 749 1163 948 751 1008 997 938 903 1145 711 698 706 726
 1130 1085 1076 1290 1300 725 1293 1139 693 1072 1286 1080 1137 704 716
 1140 695 1296 721 1298 1077 728 691 1142 1070 1082 1283 703 718 1136
 707 710 1131 1291 1084 1079 1284 1294 727 715 708 1134 1071 692 1141
 702 712 1289 1132 1083 1143 697 722 1299 1074 1081 1285 705 713 1135
 701 717 1086 1288 1129 696 1144 1075 1301 723 724 1295 1069 694 1146
 719 1297 1287 1088 1148 1073 700 1138 1078 1147 689 1133 699 709 1087
 714 690 1282 1292 720 1065 781 775 1104 1061 915 973 979 1096 909
 1091 984 787 920 1052 1100 926 1056 780 969 759 992 944 901 1154
 904 999 766 1149 929 1159 934 1007 763 895 942 754 1166 889 993
 1102 777 925 1053 788 971 1060 1105 975 912 913 982 774 1067 1094
 785 986 921 1090 1051 1011 965 1036 1127 737 1039 1121 736 955 1016
 1021 1047 738 949 1113 1026 746 960 1110 1030 1165 946 902 891 758
 990 753 941 994 1152 1002 768 906 1151 932 936 764 1005 1161 892
 987 919 1092 782 1064 776 916 980 1049 1093 1099 927 779 1054 972
 1062 1106 783 970 911 741 966 1122 1034 961 1109 1025 747 1013 1031
 735 1124 1012 1040 951 952 740 1045 1020 1115 956 1044 742 1019 1111
 959 1027 745 1116 1032 1119 1033 743 967 1014 734 1126 1042 1010 950
 1160 762 1006 933 760 896 940 1164 890 996 991 899 757 947 1153
 767 1000 905 1156 931 824 839 881 851 792 804 830 820 886 850
 860 844 878 789 812 864 888 799 809 832 761 1004 935 1162 765
 1150 907 1001 893 930 894 1167 939 756 995 755 900 945 989 1155
 744 1046 1022 954 1009 1041 1125 733 1114 953 1112 1024 748 962 1029
 1035 739 964 1120 1015 800 887 865 811 831 859 879 791 845 810
 852 883 882 840 805 829 819 825 849 790 784 778 1055 922 1089
 1101 985 924 976 1050 974 786 1107 1059 910 981 773 1066 914 1095
 1279 1197 1199 1198 1196 1186 1184 1278 1187 1185 1188 1191 1277 1190 1189
 1174 1176 1175 1177 1182 1181 1179 1180 1195 1192 1193 1194 1169 1172 1170
 1171 1202 1200 1204 1203 1201 1225 1226 1228 1227 1229 1230 1233 1232 1231
 1234 1218 1219 1217 1216 1215 1242 1241 1243 1240 1244 1209 1207 1208 1206
 1205 1210 1212 1213 1214 1211 1239 1235 1236 1238 1237 1221 1223 1224 1222
 1220 1268 1269 1265 1267 1266 1260 1264 1263 1261 1262 1256 1258 1257 1259
 1255 1253 1250 1252 1254 1251 1247 1246 1245 1248 1249 1272 1274 1271 1273
 1270 1275 1276 1183 1178 1173 684 679 814 796 861 877 848 837 802
 816 885 867 794 858 880 826 842 855 884 808 822 833
7 8 9 5 6 3 4 0 1 2 421 423 422 408
 418 411 409 424 448 451 450 460 534 131 129 132 239 122 274
 625 276 269 273 416 406 407 415 419 417 425 412 644 642 647
 626 640 96 168 100 115 110 58 66 62 120 71 227 218 51
 232 220 217 53 233 228 216 52 235 222 234 221 55 223 224
 231 226 590 212 209 589 201 210 200 197 208 196 586 205 214
 202 206 588 203 211 213 207 46 186 177 183 48 184 180 195
 190 176 181 193 189 194 50 178 182 188 187 49 230 229 225
 219 54 347 27 342 349 343 333 345 332 24 348 23 25 339
 338 350 337 331 335 341 344 587 199 204 198 215 146 147 148
 149 150 151 152 153 154 155 156 157 158 159 160 161 162 163
 164 165 192 185 47 179 191 355 495 491 509 501 105 98 111
 169 102 106 112 99 101 167 97 114 113 108 104 170 166 107
 109 103 85 83 144 142 82 80 89 92 143 87 90 95 84
 78 81 93 77 94 88 145 65 61 57 119 60 70 68 72
 73 118 75 56 64 117 116 74 59 63 69 67 346 336 340
 26 334 511 529 358 526 510 359 522 527 517 521 525 513 512
 360 528 520 356 518 524 514 365 375 361 380 371 367 362 377
 31 368 364 372 32 28 376 30 366 378 373 369 594 592 479
 470 484 473 478 472 488 480 477 471 483 486 489 595 476 474
 481 591 482 485 475 593 487 405 404 401 402 403 438 429 426
 442 435 430 439 437 433 436 428 444 434 431 445 443 440 441
 427 432 137 128 126 240 138 237 136 134 133 238 139 123 125
 140 127 236 121 130 124 135 570 568 565 573 171 257 581 243
 246 254 263 267 624 271 261 277 266 270 280 622 265 272 279
 621 262 275 268 278 623 264 632 634 635 638 627 650 643 648
 636 629 639 631 641 645 633 628 646 649 637 630 308 309 310
 307 306 34 35 13 16 468 15 40 467 469 36 33 38 14
 37 466 10 12 11 17 39 313 329 321 312 316 324 330 319
 323 315 320 318 311 317 327 328 314 326 322 325 545 553 18
 535 20 19 549 541 551 544 546 540 537 550 21 547 536 543
 552 539 420 413 410 414 284 292 288 286 298 303 297 291 287
 283 290 299 301 293 285 302 294 305 289 295 577 173 562 560
 575 172 578 571 574 564 561 175 576 567 579 572 569 563 566
 174 245 241 253 252 260 584 582 249 258 583 256 250 247 580
 259 251 244 248 255 242 548 538 542 554 22 449 462 458 531
 465 457 453 532 463 455 446 456 461 530 452 459 454 464 447
 533 557 559 555 558 556 493 500 492 507 499 353 508 503 352
 506 351 497 505 354 498 494 502 490 496 504 523 357 516 519
 515 585 86 141 91 79 76 300 282 304 281 296 600 610 613
 614 596 603 611 601 607 606 605 604 612 615 597 602 608 598
 599 609 616 617 618 619 620 374 370 379 363 29 44 385 396
 390 400 392 381 395 382 383 389 399 384 391 45 393 42 387
 41 394 397 43 388 398 386 681 679 683 680 684 685 687 686
 668 666 665 667 664 663 661 660 662 659 677 676 674 678 675
 671 673 670 669 672 652 654 651 1281 653 655 656 658 657 1280
 851 791 845 879 859 810 881 839 792 824 834 816 885 821 802
 837 807 875 854 867 833 855 884 822 808 812 864 832 888 799
 852 793 846 790 840 815 863 825 869 882 1009 956 1036 1109 733
 953 1041 1125 737 1019 1016 1116 965 742 1121 1044 1025 1031 747 961
 1053 1089 916 973 784 1050 975 922 1102 925 777 985 1064 776 980
 1093 781 1104 909 1061 933 992 891 1150 890 1160 1006 762 759 944
 901 1149 765 1165 930 753 994 1001 941 907 1148 722 690 697 720
 1143 1074 1073 1299 1292 718 1283 1136 703 1082 1288 1086 1129 705 713
 1146 694 1282 714 1295 1069 724 700 1138 1087 1083 1289 702 712 1132
 698 726 1145 1300 1076 1088 1287 1286 716 709 699 1133 1080 704 1137
 696 723 1301 1144 1075 1142 691 721 1296 1070 1084 1291 689 719 1131
 707 710 1078 1297 1147 693 1139 1072 1293 725 715 1284 1079 708 1134
 727 1294 1298 1077 1135 1081 706 1130 1071 1141 692 1140 695 728 1085
 711 701 1290 1285 717 1057 773 771 1095 1066 923 981 988 1097 914
 1099 972 779 927 1054 1105 912 1060 788 971 767 1000 931 905 1163
 898 1008 751 1156 938 1167 939 995 756 894 946 758 1152 902 990
 1106 783 911 1062 769 983 1068 1098 970 918 920 984 787 1052 1091
 778 976 924 1101 1055 1023 950 1042 1118 734 1048 1126 730 957 1010
 1024 1029 748 962 1112 1013 741 966 1122 1034 1155 937 908 900 752
 1003 755 945 989 1157 1007 763 895 1159 934 940 760 996 1164 896
 977 928 1103 770 1051 785 921 986 1058 1090 1107 910 786 1059 974
 1065 1096 775 979 915 729 958 1128 1043 964 1120 1015 739 1017 1035
 738 1113 1021 1047 949 959 745 1032 1027 1111 960 1030 746 1026 1123
 968 1018 731 1110 1038 1124 1040 735 951 1012 744 1114 1046 1022 954
 1166 754 993 942 749 903 948 1158 889 997 1002 906 768 932 1151
 761 1004 893 1162 935 814 848 877 861 796 795 843 828 872 856
 866 836 874 803 819 849 883 805 818 829 750 998 943 1168 764
 1161 892 1005 897 936 899 1153 947 757 991 766 904 929 999 1154
 732 1037 1028 963 1020 1045 1115 740 1117 952 1119 1014 743 967 1033
 1039 736 955 1127 1011 806 876 853 823 835 868 873 801 838 817
 860 880 878 844 794 842 826 809 858 789 780 772 1063 926 1100
 1108 969 917 978 1056 982 774 1094 1067 913 987 782 1049 919 1092
 1279 1198 1196 1199 1197 1187 1186 1278 1185 1184 1190 1189 1277 1191 1188
 1178 1177 1175 1174 1183 1180 1179 1182 1194 1195 1192 1193 1171 1173 1170
 1172 1201 1200 1202 1204 1203 1229 1225 1228 1226 1227 1230 1232 1234 1233
 1231 1219 1217 1216 1218 1215 1241 1244 1243 1242 1240 1206 1208 1209 1207
 1205 1210 1214 1211 1213 1212 1235 1237 1236 1239 1238 1224 1220 1223 1222
 1221 1267 1269 1266 1265 1268 1261 1262 1263 1264 1260 1257 1258 1255 1256
 1259 1254 1250 1251 1252 1253 1248 1247 1245 1249 1246 1273 1272 1271 1270
 1274 1275 1276 1181 1176 1169 688 682 811 800 865 887 831 830 804
 820 886 850 798 862 870 813 847 857 871 797 827 841
10 36 40 469 16 422 406 420 418 419 0 11 13 12
 35 37 4 467 537 553 543 540 554 25 27 23 26 24 29
 28 30 32 31 39 468 14 1 15 466 33 2 381 394 396
 395 382 49 48 47 46 50 216 226 217 219 218 64 120 119
 72 117 71 75 116 56 66 65 74 69 68 70 61 59 118
 67 62 78 88 76 144 89 91 142 141 90 86 85 145 77
 80 84 81 95 93 143 92 108 166 101 114 103 98 112 100
 169 107 168 105 96 115 167 170 102 113 99 109 63 60 73
 58 57 133 134 236 238 129 137 136 239 125 131 130 237 121
 122 140 127 126 138 240 135 83 82 94 79 87 164 163 157
 155 165 160 158 159 162 149 161 148 152 153 151 156 154 147
 146 150 97 110 106 104 111 564 563 573 572 562 179 195 186
 176 189 190 191 188 193 187 178 185 183 180 181 182 194 184
 192 177 590 589 586 201 200 199 211 215 214 213 207 206 212
 588 587 202 208 205 204 203 51 53 55 54 227 228 231 233
 234 230 52 220 221 229 225 222 235 223 224 232 123 132 124
 128 139 248 259 246 583 258 243 251 241 250 249 247 580 582
 581 584 260 257 245 242 256 625 622 621 265 264 276 272 278
 271 273 269 267 270 623 275 266 279 268 277 624 288 305 303
 301 285 296 293 281 290 289 300 299 287 304 302 286 298 297
 292 291 284 295 283 294 282 432 431 443 433 444 322 313 312
 319 403 404 324 402 314 401 405 311 327 317 326 325 323 330
 329 328 347 350 349 346 344 340 343 341 348 336 338 345 337
 335 342 334 331 339 333 332 500 499 491 490 498 516 514 529
 526 517 363 373 361 366 370 364 371 378 379 365 367 377 362
 375 374 380 372 368 369 376 41 45 397 385 384 386 393 389
 388 398 400 399 387 42 44 43 383 390 392 391 320 318 315
 316 321 6 408 407 423 410 417 416 414 413 424 412 411 8
 9 7 425 5 409 415 421 430 436 440 437 426 307 306 309
 435 434 427 429 441 442 428 438 439 308 310 445 453 458 464
 450 449 530 532 446 461 531 534 533 447 460 459 454 465 463
 448 462 38 17 34 3 472 471 470 485 487 595 482 480 592
 591 477 486 476 594 593 473 481 474 489 488 354 353 502 493
 501 508 507 504 355 352 351 494 492 509 497 506 505 496 495
 503 519 521 522 524 357 520 356 360 523 510 515 511 512 518
 513 525 359 528 527 358 451 455 452 457 456 544 552 18 538
 549 21 550 548 20 535 551 547 546 542 539 541 545 536 19
 22 600 602 615 605 614 576 568 175 172 171 574 567 566 561
 579 577 578 174 173 565 575 560 570 571 569 252 254 253 244
 255 585 198 210 209 197 196 479 478 484 483 475 601 603 611
 604 555 596 556 597 599 558 608 613 606 610 609 598 612 607
 559 557 616 617 618 619 620 263 262 274 280 261 627 626 630
 629 628 639 648 643 649 642 641 645 644 631 650 636 635 633
 638 637 647 646 632 634 640 1281 653 652 654 656 655 657 1280
 660 659 663 662 661 668 665 667 666 664 671 670 669 673 672
 675 674 677 676 678 683 680 682 681 679 684 686 685 688 687
 741 1164 1168 1165 1166 1167 737 739 743 731 813 1101 1102 815 1100
 1099 809 814 810 1103 847 845 848 846 844 778 770 779 777 780
 1122 996 998 1119 1120 995 993 1123 994 1121 1154 816 698 1092 1150
 1151 1156 1157 695 811 696 817 689 818 697 812 1097 1091 1089 1090
 915 1142 852 1011 1141 1139 913 1146 914 918 916 1148 851 856 858
 857 1009 1017 1012 1010 990 715 1111 835 991 989 997 992 717 714
 716 718 829 1117 833 1109 1112 834 1110 830 1086 898 1084 893 1083
 895 890 1085 892 1088 1046 1047 1045 1048 1044 1060 1061 1063 1059 1062
 705 707 738 744 699 706 702 730 740 742 1104 1105 1107 1106 1108
 1162 1163 1159 1161 1160 781 788 1113 1114 783 786 772 1116 1118 1115
 1004 1008 1005 1007 1006 713 710 712 709 711 909 912 761 751 917
 910 911 762 764 763 1131 1129 1130 1133 1132 1022 1021 1019 1023 1020
 1289 1287 936 933 952 956 974 978 1290 1288 1291 934 935 938 973
 970 957 971 949 954 1072 795 1071 797 792 1069 794 1073 1070 790
 1066 1067 1064 1068 1065 1043 1040 1042 1041 1039 849 854 855 850 755
 757 749 759 853 758 1028 1026 1024 1025 1027 1138 1135 1136 1137 1134
 958 953 951 950 872 880 881 871 955 882 1295 1292 1294 1293 1296
 980 982 983 981 979 887 932 931 873 930 888 937 874 885 929
 988 984 985 986 987 1301 1298 1297 1299 1300 1283 884 886 1286 883
 875 1285 1282 1284 876 948 944 947 945 946 960 961 962 963 959
 774 769 773 776 725 727 724 720 775 721 1128 1124 1125 1126 1127
 839 841 843 842 840 765 768 752 767 1147 1143 1144 1140 766 1145
 866 868 865 864 867 921 922 920 923 919 1051 1052 1050 1057 1074
 1078 1075 1077 1049 1076 908 905 907 906 904 803 801 799 800 802
 1037 1031 1029 1030 1081 1080 1087 1082 1032 1079 807 804 805 808 806
 901 903 899 900 902 894 897 891 889 896 1033 1035 1038 1036 1034
 1058 1054 1053 1056 793 791 796 789 1055 798 747 748 746 732 1149
 1155 1153 1158 745 1152 704 703 700 701 708 819 820 822 821 823
 784 787 771 785 831 832 838 836 782 837 722 723 728 719 726
 1000 1001 1002 1003 999 860 861 859 863 862 928 925 926 927 924
 754 1016 753 750 1014 1015 1018 756 1013 760 1093 733 734 1098 1095
 729 1094 735 736 1096 826 828 827 824 825 690 692 693 694 691
 1173 1172 1171 1170 1169 1178 1177 1176 1175 1174 1179 1183 1182 1181 1180
 1278 1185 1187 1186 1188 1191 1277 1189 1276 1193 1195 1194 1198 1199 1196
 1197 1200 1204 1203 1202 1201 1205 1208 1209 1206 1207 1210 1214 1213 1212
 1211 1216 1215 1217 1219 1218 1220 1222 1221 1224 1223 1226 1225 1228 1227
 1229 1231 1230 1233 1232 1234 1236 1235 1238 1237 1239 1243 1242 1241 1240
 1244 1246 1245 1248 1247 1249 1251 1250 1252 1254 1253 1257 1258 1255 1256
 1259 1261 1260 1263 1262 1264 1265 1269 1268 1267 1266 1274 1273 1272 1271
 1270 1275 1192 1190 1184 1279 658 651 976 969 977 975 972 870 878
 869 877 879 940 942 941 939 943 966 965 967 968 964
46 176 183 192 181 167 111 101 100 102 179 195 178 187
 180 186 194 191 481 594 473 479 482 79 77 145 78 80 135
 121 123 122 237 182 185 193 190 48 47 50 49 444 435 306
 441 440 51 227 217 230 231 0 13 12 11 10 410 416 406
 420 415 6 413 407 424 418 412 422 408 425 9 8 421 7
 409 417 268 625 622 624 621 265 275 280 261 278 279 269 270
 267 276 262 274 272 271 266 117 63 74 67 73 71 61 60
 116 59 65 120 68 62 66 70 119 57 56 69 423 419 5
 414 411 588 586 587 199 202 200 197 198 196 214 213 204 212
 205 589 201 210 207 215 203 264 263 273 277 623 163 152 159
 165 157 154 147 161 151 156 155 150 162 148 164 153 158 146
 160 149 58 118 75 64 72 383 400 392 43 394 235 223 55
 53 221 229 220 216 225 224 222 54 228 226 218 219 232 233
 234 52 363 377 373 368 365 367 364 362 374 372 361 369 366
 380 375 379 376 370 378 371 1 40 34 15 35 16 17 468
 36 469 467 39 466 3 37 38 4 33 14 2 206 590 209
 211 208 548 18 549 21 550 538 535 544 20 553 536 546 554
 551 541 540 545 547 543 22 344 345 349 332 336 338 333 331
 335 346 339 337 341 334 343 348 342 350 340 347 359 514 360
 515 517 357 525 522 516 529 518 513 519 521 527 511 520 528
 356 512 358 524 510 523 526 174 574 576 573 579 503 505 353
 355 494 500 490 507 504 495 352 354 493 502 492 498 491 497
 506 509 92 143 83 76 91 93 81 94 95 90 141 142 85
 88 87 84 89 86 144 82 629 630 627 628 626 454 446 531
 465 452 238 129 140 130 139 239 138 131 136 124 126 128 134
 127 133 137 132 125 240 236 430 442 439 433 437 307 308 445
 434 432 438 428 310 431 429 309 426 436 443 427 351 508 499
 501 496 170 115 109 105 113 104 99 108 96 106 114 169 103
 112 98 166 110 107 168 97 562 171 175 571 578 173 565 569
 577 564 566 570 563 172 567 568 575 572 560 561 299 285 302
 287 294 300 281 284 286 296 304 282 305 291 293 303 288 290
 298 283 184 177 189 188 258 251 580 260 250 255 254 253 259
 242 247 244 249 257 584 581 246 241 245 583 635 632 639 649
 633 636 645 634 641 637 640 638 647 648 650 642 631 646 644
 643 456 449 447 530 460 459 534 451 453 457 533 463 464 461
 458 455 448 532 462 450 295 301 292 289 297 483 477 472 488
 484 595 474 489 470 593 480 591 478 476 592 486 487 485 475
 471 555 598 614 597 606 42 397 388 395 41 381 384 44 45
 398 399 391 385 393 387 389 386 382 390 396 542 539 19 537
 552 620 29 28 31 30 32 243 252 256 582 248 605 612 604
 557 559 609 603 601 558 608 599 602 615 610 607 613 556 596
 600 611 585 618 619 617 616 26 27 25 24 23 313 314 321
 401 322 325 311 330 323 312 326 405 402 329 319 320 317 315
 404 403 324 318 327 328 316 1198 1199 1196 1197 1206 1205 1209 1207
 680 683 682 681 679 653 652 651 654 1281 658 655 656 1280 657
 684 688 686 687 685 1173 1171 1172 1170 1169 1229 1226 1225 1228 1227
 715 712 993 784 1127 830 1007 832 773 1121 727 722 839 786 992
 1113 844 1110 999 778 970 879 1292 930 959 972 945 1297 956 882
 980 987 883 935 967 950 1287 1282 939 887 732 731 730 729 813
 1104 694 1151 1152 1161 828 701 696 1096 1100 817 1091 1165 705 821
 979 973 969 984 1295 870 936 932 968 1285 873 963 946 957 872
 1301 941 875 958 1288 902 892 906 891 1056 1048 795 1075 1038 1065
 1081 801 807 1069 1086 1061 1037 1052 798 1043 988 1283 1291 983 953
 933 885 940 964 884 977 1298 880 947 954 978 1296 962 877 931
 849 756 755 852 1133 1010 919 1019 1147 927 765 859 1148 1027 911
 865 761 1014 916 1138 815 747 827 740 693 1105 1157 1158 698 1102
 741 818 1163 704 1094 735 823 1168 1090 706 1059 904 895 1066 1071
 1030 789 1036 1079 799 1050 889 804 1039 1083 901 1055 1074 792 1047
 834 994 838 1005 990 843 1002 847 787 713 1128 775 717 1123 1117
 781 780 724 1118 723 1003 841 1109 1115 777 788 997 846 725 726
 836 774 1008 1122 716 998 835 1124 785 711 782 1126 829 995 989
 1116 779 840 709 719 845 783 1001 1111 720 1119 1004 776 831 714
 1092 699 1167 819 1155 1099 689 825 734 742 690 1150 810 1106 745
 1093 700 811 1162 743 965 878 929 934 1294 1284 960 888 981 974
 886 955 942 1289 985 1299 949 944 881 976 1015 923 1131 918 1009
 760 1136 762 867 855 1022 928 757 1140 858 1024 767 1142 917 861
 1016 763 914 1134 1141 766 1026 910 864 860 1132 922 1011 754 850
 1021 759 924 1143 851 752 1139 912 1025 1020 1145 749 925 863 857
 1137 1013 913 751 866 750 1012 921 1130 853 1049 1088 805 1042 1044
 790 1054 1078 894 900 1073 791 1062 1032 907 1033 800 1064 1087 893
 1154 809 1107 692 1095 1159 812 708 746 737 820 1089 702 1166 736
 1149 697 824 1101 738 920 1129 1017 753 854 1018 915 764 1135 868
 1023 758 926 1144 1028 1146 768 909 856 862 1293 869 937 961 952
 871 1300 948 971 975 966 938 1286 874 982 943 876 951 1290 986
 771 833 996 1125 837 1120 769 1006 710 718 991 1114 842 770 728
 772 1112 1000 848 721 1156 814 1108 691 748 695 1153 1103 826 744
 822 1098 707 1097 703 1160 816 1164 739 733 1035 808 1057 1068 1082
 1041 802 1084 896 890 1046 1077 1058 794 899 1070 1063 1029 796 905
 661 660 662 659 663 1190 1191 1188 1189 1277 1234 1230 1232 1233 1231
 1181 1180 1182 1179 1212 1213 1210 1211 1201 1200 1203 1202 666 665 664
 667 1236 1237 1235 1238 1239 673 669 670 672 671 1177 1176 1175 1174
 1178 1256 1255 1258 1257 1259 1246 1248 1249 1247 1245 678 676 677 675
 674 1186 1278 1187 1185 1184 1193 1195 1194 1192 1276 1268 1265 1267 1269
 1266 1252 1251 1254 1250 1253 1222 1220 1223 1221 1224 1270 1273 1272 1274
 1271 1243 1241 1244 1240 1242 1261 1260 1263 1264 1262 1216 1217 1215 1218
 1219 1275 1204 1214 1183 668 1208 1279 903 1045 797 1076 1053 908 1072
 793 1060 1031 897 1051 806 1085 1040 898 1034 803 1067 1080
