0 4 3 2 1 6 5 8 7 9 12 13 10 11
 15 14 17 16 21 20 19 18 23 22 25 24 30 29 28
 27 26 33 35 31 34 32 36 40 39 38 37 45 44 43
 42 41 47 46 50 49 48 54 53 52 51 55 59 58 57
 56 60 63 64 61 62 65 67 66 70 69 68 74 72 75
 71 73 88 89 87 86 93 91 92 94 95 90 79 78 76
 77 85 81 82 80 83 84 100 99 98 97 96 106 113 109
 114 111 101 110 116 103 107 105 117 102 104 120 108 112 119
 118 115 137 133 136 128 126 125 140 124 130 129 134 139 122
 131 138 123 121 135 132 127 141 145 144 143 142 148 149 146
 147 150 152 151 154 153 159 158 157 156 155 164 163 162 161
 160 166 165 167 169 168 189 173 185 171 179 177 184 175 187
 174 186 182 181 188 176 172 180 178 183 170 195 208 201 203
 197 190 209 194 207 205 206 192 204 193 202 199 200 198 191
 196 217 212 211 227 218 224 225 210 214 228 221 220 229 226
 215 216 223 213 219 222 240 242 241 247 237 248 244 234 243
 249 230 232 231 238 236 246 245 233 235 239 265 269 264 263
 260 262 267 259 261 257 254 258 255 253 252 250 268 256 266
 251 277 284 273 272 287 289 281 270 285 286 288 276 283 282
 271 278 279 274 280 275 295 302 305 299 300 290 306 303 304
 293 294 309 291 297 298 292 296 308 307 301 321 327 318 328
 322 324 317 316 312 325 329 310 314 326 315 319 323 311 313
 320 338 349 335 339 336 332 334 348 330 333 343 345 344 340
 342 341 347 346 337 331 356 363 358 364 357 366 350 354 352
 361 362 359 360 351 353 368 355 369 365 367 385 375 380 388
 384 371 377 376 389 382 372 387 379 386 374 370 383 381 373
 378 393 406 399 390 396 404 394 402 407 392 409 403 397 401
 395 408 391 398 405 400 414 413 412 411 410 428 429 418 417
 433 430 426 427 431 432 434 421 422 415 416 420 423 424 419
 425 435 436 451 450 442 444 443 439 441 440 456 448 452 446
 454 438 437 447 455 449 453 445 461 460 475 458 457 467 469
 473 470 476 462 474 463 465 472 471 464 468 459 466 477 481
 480 479 478 482 488 485 484 493 495 483 494 491 490 502 486
 489 487 501 498 497 500 499 496 492 504 503 507 506 505 509
 508 512 511 510 513 532 533 530 519 523 517 525 529 526 518
 531 520 522 528 527 521 516 524 514 515 536 535 534 538 537
 546 551 553 556 547 552 548 539 543 545 557 558 540 544 541
 555 554 542 549 550 570 577 567 565 569 578 562 574 561 575
 563 559 573 576 571 566 568 572 560 564 580 579 582 581 583
 584 588 587 586 585 589 596 609 600 597 601 607 590 593 606
 605 592 594 603 602 608 599 598 595 604 591 627 612 611 616
 617 619 613 614 623 615 621 620 629 618 626 628 624 610 625
 622 630 633 637 631 635 634 643 632 650 646 645 647 649 636
 648 640 639 641 644 642 638 659 657 660 656 658 654 652 655
 651 653 670 668 666 667 669 663 664 662 665 661 687 690 689
 688 686 682 685 684 683 681 680 676 679 678 677 675 671 674
 673 672 694 693 692 691 696 695 698 697 699 701 700 703 702
 704 705 707 706 709 708 712 714 710 713 711 719 717 716 718
 715 723 724 722 720 721 727 728 725 726 729 734 731 733 732
 730 735 739 738 737 736 741 740 742 744 743 747 748 745 746
 761 760 754 756 755 751 753 752 764 763 762 750 749 759 758
 757 780 782 781 775 773 772 774 770 769 771 768 783 784 779
 778 765 767 766 776 777 786 785 794 793 790 789 792 791 788
 787 802 801 798 797 804 803 796 795 800 799 806 805 821 820
 822 823 814 813 812 811 824 818 819 816 817 808 807 809 810
 815 826 825 833 834 843 842 841 840 827 828 838 839 844 835
 836 832 831 830 829 837 855 856 857 854 862 851 850 859 858
 848 845 846 847 853 852 863 864 849 860 861 866 865 873 874
 871 872 869 870 867 868 877 878 875 876 880 879 884 883 882
 881 886 885 901 900 895 894 896 893 892 890 889 891 902 903
 904 888 887 897 898 899 908 907 906 905 911 912 909 910 914
 913 916 915 923 924 922 921 920 919 917 918 937 935 936 943
 941 942 940 938 939 944 926 927 925 932 933 931 929 930 928
 934 955 956 957 958 959 963 960 962 961 964 945 946 947 948
 949 951 953 952 950 954 977 975 976 980 979 978 982 981 984
 983 966 967 965 970 969 968 972 971 974 973 990 988 989 986
 987 985 1002 1000 1001 997 996 995 994 1003 1004 992 993 991 998
 999 1016 1015 1014 1012 1013 1011 1010 1008 1009 1007 1006 1005 1024 1023
 1022 1021 1020 1019 1018 1017 1028 1029 1030 1025 1026 1027 1041 1042 1040
 1036 1037 1034 1035 1043 1044 1033 1031 1032 1038 1039 1050 1049 1048 1047
 1046 1045 1060 1062 1061 1057 1056 1055 1054 1064 1063 1051 1053 1052 1059
 1058 1075 1073 1074 1082 1081 1078 1076 1077 1066 1067 1065 1071 1072 1070
 1084 1083 1069 1068 1080 1079 1093 1092 1091 1094 1096 1095 1087 1086 1085
 1088 1090 1089 1101 1102 1104 1103 1097 1098 1100 1099 1106 1105 1107 1109
 1108 1123 1122 1124 1120 1121 1127 1129 1126 1128 1125 1113 1114 1111 1110
 1112 1119 1117 1115 1118 1116 1137 1139 1136 1135 1138 1133 1132 1130 1134
 1131 1147 1148 1145 1149 1146 1142 1144 1140 1141 1143 1163 1164 1160 1161
 1162 1167 1169 1168 1165 1166 1152 1153 1154 1150 1151 1158 1159 1155 1157
 1156 1182 1184 1181 1183 1180 1188 1189 1187 1186 1185 1174 1172 1170 1173
 1171 1179 1178 1177 1175 1176 1193 1192 1191 1190 1196 1197 1194 1195 1199
 1198 1201 1200 1204 1205 1202 1203 1207 1206 1209 1208 1212 1211 1210 1214
 1213 1219 1217 1216 1218 1215 1223 1222 1221 1220 1224 1225 1228 1229 1226
 1227 1232 1233 1230 1231 1234 1238 1236 1239 1235 1237 1242 1241 1240 1244
 1243 1248 1246 1249 1245 1247 1254 1253 1252 1251 1250 1255 1258 1259 1256
 1257 1260 1264 1263 1262 1261 1265 1266 1268 1267 1270 1269 1273 1272 1271
 1275 1274 1276 1277 1278 1279 1280 1281 1291 1289 1301 1299 1298 1290 1292
 1283 1287 1282 1288 1300 1296 1297 1294 1295 1286 1285 1293 1284
0 4 3 2 1 8 6 9 5 7 12 13 10 11
 15 14 17 16 21 20 19 18 23 22 25 24 26 28 27
 30 29 31 33 32 35 34 39 37 40 36 38 41 45 44
 43 42 48 47 46 50 49 55 54 53 52 51 56 59 60
 57 58 64 65 63 61 62 70 69 68 67 66 71 75 74
 73 72 77 76 89 91 90 87 95 93 85 84 88 81 86
 78 80 79 94 83 92 82 96 98 97 100 99 110 111 108
 116 106 105 117 103 115 101 102 113 112 119 109 104 107 120
 114 118 133 139 137 125 124 129 135 140 126 138 132 131 121
 136 127 134 123 130 122 128 143 144 141 142 145 148 149 146
 147 153 151 154 150 152 157 159 155 158 156 163 162 161 160
 164 165 169 168 167 166 175 187 188 174 173 170 181 184 185
 183 189 176 186 179 177 178 182 171 172 180 198 205 195 204
 200 192 197 196 190 201 194 199 209 206 193 191 203 208 207
 202 216 213 225 211 215 214 210 229 223 224 228 226 227 218
 219 212 221 222 220 217 245 241 236 234 233 237 232 235 248
 247 244 231 246 249 240 230 242 239 238 243 262 263 269 265
 257 264 268 254 259 258 266 267 250 251 255 253 260 261 256
 252 272 277 270 283 285 282 288 271 286 281 287 279 275 273
 289 274 278 280 276 284 292 296 290 302 297 308 291 294 307
 303 306 304 293 299 301 309 300 298 295 305 317 329 313 312
 321 326 324 310 327 320 319 314 323 322 316 328 315 318 325
 311 331 330 337 336 335 334 333 332 344 343 348 347 346 339
 338 349 342 341 340 345 354 357 366 362 350 367 360 351 368
 369 356 365 353 364 363 361 352 355 358 359 384 389 373 372
 383 386 381 382 385 380 379 376 377 374 370 378 375 388 387
 371 392 404 390 402 408 397 400 395 405 406 396 409 393 407
 391 398 399 403 394 401 412 414 410 413 411 417 420 415 429
 431 416 434 430 432 426 433 424 428 427 418 422 419 423 425
 421 435 436 443 456 454 451 450 447 437 445 444 455 442 449
 448 441 440 453 452 439 446 438 468 469 466 473 470 471 472
 467 476 459 464 457 458 461 462 463 460 475 474 465 479 478
 477 481 480 482 485 486 483 484 494 495 493 492 497 490 489
 487 488 499 491 501 496 502 498 500 503 505 504 507 506 510
 511 508 509 512 513 524 526 527 525 532 533 521 520 529 530
 514 517 515 516 531 522 523 528 518 519 538 537 536 535 534
 548 550 549 555 546 554 551 543 558 539 541 540 545 553 552
 544 542 557 556 547 568 562 574 560 571 565 564 578 577 559
 575 576 563 573 572 561 569 570 567 566 581 583 579 582 580
 586 587 584 585 588 589 593 598 606 590 597 603 608 594 591
 601 607 599 609 595 605 604 592 600 596 602 614 624 613 612
 610 622 623 619 621 617 626 618 615 616 611 629 620 628 627
 625 630 640 642 636 646 643 633 638 637 645 631 644 632 635
 641 639 634 650 649 648 647 653 654 651 652 656 655 659 660
 657 658 667 666 670 669 668 662 661 665 664 663 686 688 687
 689 690 677 676 681 680 679 678 683 682 685 684 671 673 672
 674 675 694 693 692 691 695 698 699 696 697 700 702 701 704
 703 707 709 705 708 706 711 710 712 714 713 716 715 718 717
 719 724 721 723 722 720 725 727 726 729 728 731 730 734 733
 732 736 735 737 739 738 742 744 740 743 741 748 754 752 745
 763 761 755 747 756 746 751 753 760 762 764 757 750 758 749
 759 782 784 780 772 774 779 775 768 778 769 771 781 783 773
 770 767 776 765 777 766 795 801 792 797 791 798 789 787 794
 793 785 804 788 790 803 802 786 800 799 796 812 814 820 824
 821 822 816 805 817 806 823 811 813 819 818 807 809 810 815
 808 834 827 826 839 840 841 844 842 835 825 833 838 843 836
 828 829 830 832 837 831 862 854 855 857 856 859 853 864 851
 846 847 849 848 860 850 858 863 845 861 852 875 878 872 871
 880 874 868 867 879 870 865 883 884 866 873 869 882 881 876
 877 894 891 902 901 893 895 886 896 889 885 890 892 904 900
 903 898 888 887 899 897 907 911 905 910 914 908 906 913 912
 909 921 919 922 923 916 924 915 917 918 920 940 936 939 941
 942 937 943 935 944 938 932 926 930 934 927 925 928 929 931
 933 958 955 960 964 956 961 963 957 962 959 946 949 952 945
 954 947 950 953 951 948 975 976 982 978 983 979 981 977 980
 984 965 966 972 968 970 973 971 967 969 974 988 989 997 985
 986 995 1001 1002 1004 996 990 994 987 1000 1003 998 991 992 999
 993 1015 1014 1024 1011 1012 1022 1008 1009 1020 1006 1005 1018 1023 1016
 1021 1013 1019 1010 1017 1007 1029 1030 1037 1034 1025 1026 1040 1043 1042
 1028 1036 1035 1027 1044 1041 1031 1039 1033 1032 1038 1049 1048 1057 1046
 1045 1055 1061 1063 1062 1056 1050 1054 1047 1060 1064 1058 1051 1053 1052
 1059 1073 1074 1082 1081 1075 1076 1077 1084 1065 1066 1069 1070 1071 1080
 1083 1078 1068 1067 1079 1072 1101 1091 1093 1095 1103 1096 1086 1098 1087
 1099 1088 1090 1102 1092 1094 1104 1085 1097 1089 1100 1107 1108 1105 1106
 1109 1120 1121 1123 1122 1124 1125 1126 1128 1127 1129 1110 1111 1113 1112
 1114 1115 1116 1118 1117 1119 1135 1136 1137 1138 1139 1130 1131 1132 1133
 1134 1145 1146 1148 1147 1149 1140 1141 1143 1142 1144 1161 1160 1162 1164
 1163 1165 1166 1167 1169 1168 1151 1150 1152 1154 1153 1155 1156 1157 1159
 1158 1180 1181 1183 1182 1184 1185 1187 1188 1189 1186 1170 1171 1173 1172
 1174 1175 1179 1176 1177 1178 1193 1192 1191 1190 1196 1197 1194 1195 1199
 1198 1201 1200 1204 1205 1202 1203 1207 1206 1209 1208 1214 1212 1211 1213
 1210 1216 1215 1218 1217 1219 1221 1220 1222 1224 1223 1226 1225 1227 1229
 1228 1230 1234 1233 1232 1231 1235 1237 1236 1239 1238 1244 1243 1242 1241
 1240 1247 1248 1245 1246 1249 1251 1250 1254 1253 1252 1255 1257 1256 1258
 1260 1259 1263 1262 1261 1265 1264 1267 1266 1270 1269 1268 1275 1273 1272
 1274 1271 1276 1277 1278 1279 1280 1281 1299 1291 1289 1298 1301 1296 1290
 1284 1288 1283 1295 1297 1300 1292 1287 1293 1285 1282 1294 1286
0 2 4 1 3 8 5 7 9 6 13 10 11 12
 17 16 14 15 20 18 21 19 24 25 23 22 30 27 26
 28 29 33 34 32 31 35 37 40 36 39 38 45 43 41
 44 42 48 46 49 47 50 51 54 52 55 53 59 60 58
 57 56 64 62 61 65 63 69 67 70 68 66 74 71 72
 73 75 90 95 83 92 91 85 81 76 88 89 94 93 80
 82 78 84 87 79 77 86 100 97 96 98 99 116 103 106
 102 118 104 115 107 105 109 120 114 108 111 113 117 119 110
 101 112 129 127 128 121 136 134 131 133 139 122 130 125 135
 138 123 140 126 137 124 132 145 144 143 141 142 147 148 149
 146 151 152 154 153 150 155 159 158 156 157 163 161 164 162
 160 166 169 165 168 167 188 176 182 181 180 174 185 173 170
 189 187 183 179 177 178 186 171 175 184 172 200 197 209 192
 199 194 190 201 193 203 208 202 191 195 205 206 207 204 196
 198 226 220 228 223 229 213 214 221 217 216 222 227 224 225
 211 215 212 218 210 219 239 233 243 236 230 231 235 245 244
 242 247 249 234 240 237 238 248 232 241 246 256 261 266 254
 262 259 264 252 253 269 250 265 258 257 260 268 263 255 251
 267 286 287 276 288 270 279 271 278 289 273 282 277 285 274
 280 284 283 272 275 281 306 295 302 304 307 300 305 290 291
 301 298 294 308 292 296 293 309 299 303 297 312 314 324 323
 319 328 329 311 316 317 315 313 320 327 325 310 318 321 322
 326 339 334 341 349 344 347 338 331 343 345 342 340 332 346
 337 348 336 333 330 335 365 369 360 358 352 363 361 366 356
 362 367 353 355 359 368 351 364 354 357 350 382 380 378 375
 373 379 389 371 387 374 385 370 383 381 372 377 376 384 386
 388 396 409 405 400 399 408 406 407 404 398 395 390 403 392
 394 402 401 391 393 397 410 414 413 411 412 432 431 421 434
 415 424 427 425 430 418 416 428 433 423 419 426 422 429 417
 420 435 436 448 454 437 442 452 443 453 447 455 441 438 450
 445 439 449 456 440 444 451 446 460 474 464 475 473 468 470
 465 471 458 457 463 461 462 459 466 476 472 467 469 478 481
 479 477 480 482 492 496 499 497 501 490 502 494 487 486 491
 500 498 489 483 485 495 488 493 484 504 505 506 503 507 511
 509 508 512 510 513 522 532 526 527 525 516 514 523 528 517
 533 524 531 521 520 530 515 519 529 518 538 536 534 537 535
 549 553 558 543 544 548 555 541 554 542 551 557 552 539 547
 540 550 546 545 556 564 559 571 572 562 569 573 570 563 574
 560 565 578 567 566 576 561 577 568 575 583 580 579 581 582
 588 587 586 584 585 589 591 594 590 603 592 599 598 595 605
 609 593 606 596 608 607 602 604 601 600 597 613 625 629 619
 618 611 617 621 628 624 615 622 616 627 610 620 614 612 626
 623 630 650 636 647 638 637 648 633 645 644 632 643 634 649
 631 642 641 635 640 646 639 667 662 665 669 670 664 666 663
 661 668 654 655 651 660 657 653 658 656 659 652 681 684 677
 679 682 672 686 674 687 675 690 688 673 689 671 683 678 680
 676 685 693 691 694 692 696 698 697 699 695 701 702 704 703
 700 708 705 707 709 706 711 713 710 712 714 716 718 717 719
 715 722 724 721 723 720 727 729 726 728 725 730 733 734 732
 731 737 736 738 739 735 740 742 743 744 741 749 757 763 760
 754 747 758 759 750 762 761 764 755 756 748 752 746 745 753
 751 771 778 770 781 780 782 784 765 767 766 776 769 768 783
 777 775 779 773 774 772 787 792 800 801 785 795 796 804 786
 802 788 798 799 803 794 789 790 797 791 793 809 821 811 812
 817 806 824 823 815 808 818 810 820 822 807 805 816 813 814
 819 832 842 831 837 826 833 834 839 844 843 829 830 838 840
 841 828 825 835 827 836 859 851 858 864 863 848 857 849 845
 852 850 853 860 862 856 846 847 861 854 855 870 874 866 876
 875 884 865 877 878 883 873 880 879 869 882 881 868 872 867
 871 901 888 890 892 900 904 903 902 887 897 898 899 891 885
 889 896 895 886 894 893 924 922 917 920 921 916 915 919 923
 918 905 907 910 906 909 913 912 914 908 911 936 929 931 935
 939 938 944 925 930 928 942 943 926 940 937 933 927 934 932
 941 962 963 946 960 957 945 954 948 949 961 953 951 955 947
 952 959 956 964 958 950 968 974 970 976 975 981 973 969 977
 982 984 979 978 971 965 966 983 980 967 972 1001 1003 1002 999
 992 991 994 985 986 1004 1000 998 993 987 995 988 989 996 997
 990 1009 1019 1008 1023 1014 1015 1005 1017 1006 1011 1021 1012 1020 1010
 1024 1016 1018 1007 1022 1013 1031 1038 1033 1040 1044 1042 1030 1029 1036
 1032 1039 1043 1041 1037 1028 1035 1026 1025 1027 1034 1051 1059 1053 1062
 1064 1061 1048 1049 1056 1058 1052 1063 1060 1050 1057 1046 1054 1045 1047
 1055 1070 1079 1071 1080 1072 1074 1081 1073 1083 1077 1076 1068 1065 1066
 1082 1075 1084 1078 1069 1067 1095 1096 1104 1086 1087 1097 1100 1090 1088
 1091 1102 1093 1103 1094 1085 1098 1089 1099 1092 1101 1105 1107 1109 1106
 1108 1128 1126 1129 1125 1127 1112 1110 1114 1113 1111 1115 1118 1116 1117
 1119 1121 1124 1123 1122 1120 1140 1143 1141 1144 1142 1149 1146 1145 1148
 1147 1138 1135 1136 1137 1139 1131 1134 1133 1130 1132 1157 1155 1159 1156
 1158 1162 1160 1164 1161 1163 1168 1166 1169 1167 1165 1150 1154 1152 1153
 1151 1176 1177 1178 1175 1179 1180 1184 1183 1182 1181 1186 1189 1187 1185
 1188 1171 1173 1172 1170 1174 1191 1193 1190 1192 1197 1194 1195 1196 1201
 1200 1198 1199 1203 1204 1205 1202 1208 1209 1207 1206 1211 1213 1212 1214
 1210 1216 1218 1217 1219 1215 1224 1220 1221 1223 1222 1227 1226 1229 1225
 1228 1232 1231 1233 1234 1230 1238 1235 1237 1239 1236 1244 1242 1240 1243
 1241 1246 1249 1245 1248 1247 1252 1250 1253 1251 1254 1255 1257 1260 1256
 1259 1258 1265 1263 1261 1264 1262 1269 1267 1266 1270 1268 1272 1274 1273
 1275 1271 1276 1277 1278 1279 1280 1281 1296 1292 1300 1297 1290 1284 1282
 1295 1289 1287 1299 1283 1285 1286 1298 1301 1288 1293 1291 1294
1 4 0 3 2 539 540 558 543 545 14 20 147 22
 19 148 25 11 16 24 149 12 15 21 10 146 29 26 28
 30 27 291 294 303 293 306 40 39 38 36 37 433 426 431
 434 432 257 268 258 260 267 138 125 127 129 128 59 60 58
 57 56 190 199 191 192 207 230 244 232 231 246 533 526 520
 529 517 86 144 142 145 88 141 95 81 80 78 89 76 143
 87 92 91 77 85 83 79 398 408 403 396 409 114 116 111
 105 115 108 103 112 101 120 119 118 109 113 117 110 104 106
 107 102 123 132 122 131 130 137 135 124 140 139 55 121 54
 134 136 53 51 126 52 133 94 93 84 90 82 18 23 13
 17 360 350 353 357 363 612 618 620 624 616 331 347 338 345
 342 484 495 483 493 494 187 180 170 175 177 178 173 188 176
 181 179 171 185 182 183 184 172 186 189 174 201 205 208 206
 194 203 193 65 197 195 63 209 196 62 64 200 202 198 204
 61 226 220 228 223 229 213 214 221 217 216 222 227 224 225
 211 215 212 218 210 219 241 242 236 66 235 247 248 67 238
 70 239 233 243 69 245 237 240 249 68 234 48 49 47 46
 251 50 252 261 266 255 254 253 264 262 265 263 250 259 256
 269 508 510 283 509 287 275 285 284 286 288 281 271 512 277
 272 270 282 289 273 511 290 296 31 299 302 34 292 309 308
 295 307 305 304 300 32 298 297 33 301 35 535 312 316 327
 536 538 534 326 319 315 329 321 324 537 317 328 322 323 314
 310 332 341 162 161 164 335 340 339 330 336 337 348 346 163
 343 344 334 349 160 333 354 359 369 351 358 352 367 364 151
 152 362 355 365 356 366 150 153 154 368 361 373 387 386 385
 376 381 384 374 382 378 383 371 389 372 377 388 380 375 370
 379 402 390 99 97 406 395 407 96 405 391 393 404 399 401
 98 397 100 392 400 394 461 466 475 468 465 430 427 43 418
 422 44 428 42 417 420 429 419 415 45 41 416 423 421 425
 424 435 436 455 448 440 454 442 450 446 453 452 437 441 456
 438 447 439 444 445 451 443 449 458 413 463 462 476 472 412
 460 474 470 414 457 469 471 411 464 410 467 459 473 633 643
 634 639 640 482 488 486 492 498 491 496 500 497 168 169 487
 485 489 167 502 165 490 166 501 499 594 604 596 599 593 276
 279 280 274 278 513 74 531 524 521 72 530 515 527 518 523
 532 514 522 75 516 525 71 73 528 519 311 320 325 313 318
 547 550 541 557 551 5 548 556 544 553 6 549 555 542 9
 552 8 7 554 546 581 566 573 563 580 576 577 575 562 570
 571 569 568 572 582 561 579 583 559 564 560 567 565 574 578
 586 585 587 588 584 589 598 606 506 608 597 591 601 607 504
 605 600 609 595 507 590 592 602 503 603 505 157 628 623 617
 622 159 626 156 613 614 621 610 625 629 611 619 615 627 158
 155 630 649 478 631 645 632 647 641 479 636 646 648 642 635
 481 638 644 480 650 477 637 881 886 894 877 883 895 878 896
 893 865 1003 1000 1001 1002 1004 1114 1111 1113 1112 1110 1041 1044 1043
 1040 1042 827 1011 825 1012 835 1022 1021 828 1013 836 817 811 818
 812 806 694 692 1281 693 698 697 695 696 699 703 700 702 704
 701 707 708 706 705 709 714 710 711 713 712 717 715 719 718
 716 723 721 720 724 722 727 729 726 728 725 734 730 732 731
 733 739 738 737 735 736 740 742 743 744 741 772 773 1171 1173
 1064 1062 775 774 779 1174 1172 1170 1060 1061 1063 792 788 794 789
 798 762 760 761 1177 1176 1178 1179 797 790 793 791 764 763 1175
 787 1050 1048 1057 1056 1049 747 783 1045 1182 1183 1046 1054 1180 1047
 1181 782 780 1055 1184 784 781 755 754 756 748 1027 1008 841 843
 840 844 1020 1019 1025 1034 842 1026 1009 1010 1035 677 681 682 684
 679 819 1018 814 805 688 690 689 687 1007 1006 813 816 686 1005
 1017 1036 1028 1030 1029 1037 930 925 931 929 928 1075 966 1074 1082
 1146 1149 1147 1145 972 971 1073 1081 1148 967 965 998 888 662 663
 665 664 1118 1115 1117 1116 897 899 993 991 661 1119 992 887 999
 898 870 1122 669 670 868 879 869 867 1120 1123 1121 1124 666 668
 667 985 987 995 994 986 1100 1090 1296 1297 1099 1088 1292 1290 1089
 1300 1163 961 1161 1162 1160 1164 960 957 963 962 1069 979 984 1065
 1068 1066 1067 980 978 983 852 860 1132 853 850 1133 1130 1134 1131
 861 1283 1285 1165 1286 1284 1167 1166 1168 1169 1282 906 910 1103 913
 909 1095 1096 1094 1104 905 937 943 942 848 847 849 940 941 845
 846 1084 1076 1078 1139 1135 1137 1077 1083 1136 1138 880 872 871 652
 658 653 1127 1126 1129 873 874 656 659 1125 1128 892 889 885 890
 891 673 672 671 830 837 829 1033 1039 1032 809 815 807 674 675
 831 832 1031 1038 810 808 680 685 683 1016 1024 1015 822 823 820
 676 678 1014 1023 821 824 839 833 826 838 834 753 746 752 1185
 1189 1188 785 802 804 751 745 1186 1187 803 801 770 769 768 778
 771 970 973 969 968 974 934 927 932 1143 1142 1141 855 854 856
 933 926 1140 1144 857 862 919 917 920 1154 1150 1151 945 949 954
 1299 1289 1298 918 915 1153 1152 946 948 1291 1301 1106 1109 1105 1108
 1107 866 876 882 884 875 904 902 903 901 900 997 996 988 990
 989 660 651 657 655 654 858 851 864 859 863 1080 1070 1072 1071
 1079 944 939 935 936 938 982 981 977 975 976 958 955 964 959
 956 1092 1102 1101 1093 1091 1295 1288 1287 1293 1294 908 907 911 912
 914 1058 1051 1059 1053 1052 759 758 750 757 749 766 765 767 777
 776 800 786 795 796 799 1193 1280 1192 1191 1197 1194 1195 1196 1278
 1199 1201 1198 1202 1205 1276 1204 1206 1279 1209 1207 1210 1214 1211 1212
 1213 1217 1215 1219 1218 1216 1221 1223 1220 1222 1224 1229 1225 1226 1228
 1227 1231 1234 1230 1233 1232 1238 1235 1237 1239 1236 1240 1243 1241 1244
 1242 1248 1245 1246 1247 1249 1252 1250 1253 1251 1254 1255 1256 1258 1260
 1257 1259 1264 1262 1265 1263 1261 1270 1266 1268 1267 1269 1272 1274 1273
 1275 1271 1203 1277 1200 1208 1190 691 1158 1159 1155 1157 1156 1097 1086
 921 952 922 950 1098 1087 1085 951 947 916 924 953 923
2 3 0 1 4 544 555 553 556 549 17 21 148 24
 18 149 22 10 14 23 146 11 16 19 13 147 26 28 27
 30 29 304 309 307 292 295 40 38 37 39 36 422 420 429
 417 428 253 250 255 252 251 131 139 133 137 136 59 58 57
 56 60 209 197 204 203 200 237 243 233 248 239 531 530 527
 514 518 84 145 142 141 95 143 89 92 76 85 90 94 144
 82 86 93 83 91 87 80 392 404 397 393 406 117 106 104
 103 110 102 113 115 118 105 112 111 107 120 108 119 101 109
 116 114 138 127 129 140 134 135 122 132 123 130 51 128 53
 125 126 55 54 121 52 124 79 78 81 88 77 20 25 12
 15 358 367 359 365 366 610 617 628 615 629 348 332 334 333
 343 492 500 498 496 491 186 179 187 178 188 176 175 189 173
 171 181 180 184 185 182 183 170 172 174 177 194 202 206 199
 190 205 207 62 208 193 65 201 191 64 63 195 192 196 198
 61 217 212 211 227 218 224 225 210 214 228 221 220 229 226
 215 216 223 213 219 222 235 249 247 68 244 230 245 66 246
 70 240 242 241 67 234 236 238 232 69 231 47 50 49 46
 266 48 259 269 264 256 263 261 267 260 258 268 254 262 265
 257 512 510 279 508 284 280 283 278 277 272 275 281 511 276
 274 287 288 285 286 509 303 298 34 308 305 35 297 296 291
 302 300 306 299 290 31 294 301 33 293 32 537 321 312 326
 535 536 534 320 322 329 317 311 318 538 325 324 313 328 327
 319 344 335 161 163 162 331 345 338 337 347 342 341 340 164
 330 336 349 339 160 346 369 351 363 368 364 357 362 355 150
 152 361 360 356 352 354 153 154 151 353 350 384 389 373 372
 383 386 381 382 385 380 379 376 377 374 370 378 375 388 387
 371 408 403 96 99 394 409 402 98 399 398 405 407 396 391
 97 400 100 401 390 395 463 471 458 467 473 431 426 44 432
 423 42 421 41 419 425 424 416 433 45 43 434 415 418 427
 430 435 436 456 451 455 450 444 446 445 441 443 442 448 447
 452 440 438 449 454 453 439 437 476 412 474 465 464 468 410
 461 460 469 413 462 466 470 411 475 414 459 472 457 632 647
 649 638 644 482 499 502 488 487 486 485 489 493 169 165 490
 497 501 168 494 167 483 166 495 484 609 598 603 607 592 273
 289 271 282 270 513 74 522 520 528 75 521 516 519 515 529
 533 525 532 73 517 523 72 71 526 524 316 314 315 310 323
 541 554 539 558 557 5 552 550 547 551 9 546 548 545 7
 540 6 8 543 542 581 571 562 561 579 566 572 564 569 574
 567 578 560 565 583 568 582 580 577 570 563 576 559 575 573
 587 585 588 584 586 589 590 594 507 602 591 596 595 608 504
 606 604 605 593 505 600 601 599 506 597 503 155 623 622 613
 620 158 625 156 627 624 614 626 612 611 619 616 621 618 157
 159 630 636 477 648 650 645 631 639 480 637 642 643 640 641
 481 635 646 478 633 479 634 879 897 898 870 868 887 867 888
 899 869 988 996 990 989 997 1126 1125 1128 1127 1129 1035 1026 1034
 1025 1027 829 1007 831 1005 830 1018 1006 832 1017 837 822 821 824
 820 823 692 691 1281 694 695 698 699 696 697 702 704 700 703
 701 706 705 708 707 709 711 710 712 714 713 716 715 718 717
 719 720 722 721 724 723 727 728 725 726 729 733 734 732 730
 731 737 738 735 736 739 741 740 742 744 743 777 766 1179 1178
 1046 1047 765 776 767 1176 1177 1175 1054 1045 1055 785 802 804 803
 801 751 746 753 1184 1182 1181 1180 795 796 799 800 752 745 1183
 786 1064 1060 1063 1061 1062 760 779 1052 1186 1187 1051 1053 1188 1059
 1185 772 773 1058 1189 774 775 764 761 763 762 1038 1014 836 828
 835 827 1024 1015 1032 1039 825 1031 1016 1023 1033 689 687 686 690
 688 815 1020 810 808 676 680 678 683 1019 1009 809 807 685 1010
 1008 1040 1044 1041 1042 1043 939 938 936 935 944 1083 968 1078 1084
 1132 1133 1131 1130 973 970 1077 1076 1134 974 969 995 885 657 655
 660 654 1114 1113 1110 1111 890 891 994 985 651 1112 987 892 986
 889 866 1118 656 658 884 875 876 882 1116 1115 1119 1117 652 653
 659 1000 1003 1004 1002 1001 1087 1086 1291 1299 1098 1085 1289 1298 1097
 1301 1166 964 1165 1167 1169 1168 958 959 956 955 1080 967 966 1072
 1071 1070 1079 971 965 972 848 847 1143 846 845 1140 1141 1144 1142
 849 1300 1296 1151 1297 1290 1150 1153 1152 1154 1292 924 923 1101 921
 922 1093 1092 1102 1091 916 933 927 926 851 864 859 932 934 858
 863 1069 1065 1068 1146 1148 1149 1067 1066 1145 1147 878 883 881 661
 664 663 1121 1122 1124 877 865 662 665 1120 1123 900 904 903 901
 902 679 682 677 839 834 838 1030 1037 1036 806 812 817 684 681
 833 826 1028 1029 818 811 674 672 675 1021 1022 1011 816 813 819
 673 671 1013 1012 805 814 840 842 843 844 841 758 749 750 1173
 1172 1171 790 787 791 757 759 1174 1170 797 793 781 783 784 782
 780 976 982 981 977 975 930 929 928 1139 1138 1136 861 860 852
 931 925 1137 1135 850 853 910 906 905 1159 1158 1156 963 961 960
 1288 1287 1294 913 909 1157 1155 957 962 1293 1295 1109 1107 1106 1108
 1105 873 874 880 872 871 894 893 896 886 895 998 991 992 999
 993 667 666 669 668 670 857 856 854 855 862 1082 1075 1081 1074
 1073 940 941 943 937 942 983 978 984 979 980 950 947 952 951
 953 1100 1090 1099 1089 1088 1283 1286 1282 1285 1284 917 915 918 920
 919 1057 1050 1049 1048 1056 756 754 755 748 747 771 770 769 778
 768 794 788 789 792 798 1192 1280 1190 1193 1196 1197 1194 1195 1278
 1200 1199 1201 1203 1202 1276 1205 1208 1279 1206 1209 1213 1214 1212 1210
 1211 1216 1215 1218 1217 1219 1221 1220 1222 1224 1223 1229 1226 1228 1227
 1225 1233 1231 1234 1230 1232 1238 1236 1239 1235 1237 1240 1244 1243 1242
 1241 1245 1249 1248 1247 1246 1254 1253 1252 1251 1250 1255 1256 1260 1259
 1258 1257 1261 1265 1264 1263 1262 1270 1267 1269 1268 1266 1273 1272 1271
 1275 1274 1204 1277 1198 1207 1191 693 1162 1160 1164 1163 1161 1095 1094
 911 949 907 954 1103 1096 1104 946 948 912 908 945 914
10 20 148 16 23 9 7 8 5 6 11 13 0 12
 22 149 18 2 25 4 147 17 1 15 21 146 377 372 388
 381 379 295 292 307 309 304 119 108 104 120 109 434 433 431
 432 426 46 47 48 49 50 136 137 133 139 131 220 226 215
 219 218 207 191 190 192 199 244 231 230 232 246 514 530 518
 531 527 91 81 79 77 92 88 93 95 94 83 87 76 78
 86 82 89 85 84 90 80 407 400 394 405 401 103 118 37
 117 115 107 116 110 106 101 112 114 102 39 38 40 105 36
 113 111 53 52 54 134 140 123 126 124 135 121 128 51 138
 55 122 125 129 130 127 132 142 144 145 143 141 3 14 24
 19 356 364 351 354 362 617 610 615 628 629 339 340 337 335
 336 166 168 169 167 165 171 173 188 189 187 586 172 178 179
 186 174 588 183 185 585 184 587 175 181 584 206 202 194 200
 204 61 209 201 63 196 195 62 197 198 208 65 203 193 64
 205 222 212 214 223 60 225 224 228 211 210 229 59 221 58
 57 213 227 216 56 217 249 235 234 236 237 233 67 241 239
 240 70 69 66 245 247 68 238 248 242 243 250 251 252 253
 254 255 256 257 258 259 260 261 262 263 264 265 266 267 268
 269 511 509 287 508 273 286 271 288 282 289 270 274 512 285
 281 279 278 276 280 510 33 302 306 296 297 294 305 308 32
 298 290 34 301 300 293 35 299 303 31 291 319 324 538 322
 328 327 329 323 326 534 317 314 310 312 315 321 316 535 536
 537 331 333 161 164 160 344 330 346 334 349 341 342 332 163
 345 343 347 348 162 338 150 359 360 152 367 350 366 154 369
 368 153 363 358 151 365 361 355 352 353 357 373 376 384 28
 380 386 30 375 387 383 29 389 26 371 378 370 382 27 385
 374 409 398 391 395 397 408 98 402 100 403 393 392 396 96
 390 404 399 406 97 99 470 476 457 459 474 429 428 423 417
 44 425 41 421 43 42 45 427 420 424 419 422 418 415 416
 430 435 436 440 441 447 445 437 454 450 451 438 449 453 455
 439 456 443 442 446 448 452 444 471 464 473 466 412 468 462
 475 414 413 469 410 465 463 472 461 460 467 411 458 642 650
 648 637 641 482 484 493 488 485 489 487 486 502 498 491 494
 495 483 500 490 496 501 492 497 499 597 601 590 608 605 284
 272 283 277 275 513 526 524 72 521 529 528 525 523 532 75
 71 516 515 517 73 519 520 533 74 522 313 311 325 318 320
 540 543 542 552 545 556 558 550 551 547 544 548 546 557 555
 541 549 553 554 539 582 573 565 567 580 574 576 578 563 566
 561 564 577 562 583 575 581 579 560 559 569 572 570 568 571
 170 182 180 177 176 589 603 604 595 504 503 593 507 607 602
 505 594 592 596 606 506 598 599 600 609 591 612 627 626 614
 159 618 621 616 623 157 613 622 155 619 611 156 625 158 624
 620 630 633 479 649 647 639 640 645 481 638 632 635 631 644
 480 643 634 478 636 477 646 1091 1076 1084 1101 1102 1078 1093 1083
 1077 1092 1029 1037 1030 1028 1036 1049 1057 1050 1056 1048 1156 1157 1158
 1155 1159 1186 1148 1188 1147 1187 1149 1145 1189 1146 1185 1117 1118 1119
 1115 1116 1281 691 692 693 697 699 698 696 695 703 704 701 702
 700 707 705 709 706 708 710 711 712 713 714 717 719 718 716
 715 724 723 721 720 722 726 729 725 727 728 731 734 730 732
 733 735 736 737 738 739 741 744 743 740 742 1014 1015 1286 1285
 975 976 1016 1024 1023 1282 1283 1284 982 977 981 986 985 994 995
 987 907 908 911 886 895 896 894 847 846 849 845 914 912 893
 848 819 816 813 814 805 926 882 960 829 830 962 957 831 963
 837 876 884 961 832 875 866 932 927 933 934 861 777 885 890
 891 892 776 766 860 852 889 850 765 767 853 917 919 915 920
 918 955 881 958 956 943 937 942 940 883 877 964 959 941 878
 865 797 791 790 793 787 922 924 916 921 923 888 818 887 898
 778 768 769 770 817 811 899 897 771 812 806 803 836 929 925
 931 930 953 947 951 952 828 835 804 802 928 950 801 827 785
 825 775 821 913 909 773 774 772 779 823 820 824 822 910 906
 905 851 859 864 858 863 782 780 903 904 781 784 900 902 783
 901 857 809 862 856 855 854 810 807 808 815 842 948 954 843
 844 841 840 945 949 946 786 795 874 796 800 871 873 872 880
 799 826 834 792 833 839 788 794 789 798 838 938 944 870 935
 939 867 869 868 879 936 763 761 760 1000 1004 1003 764 762 1002
 1001 1288 1295 1287 1017 1007 1018 1294 1293 1006 1005 1010 1019 1020 750
 757 749 984 980 983 1009 1008 758 759 978 979 1289 1299 1291 1301
 1298 754 748 747 1290 1296 1292 990 996 997 969 974 973 756 755
 1297 1300 989 988 968 970 667 670 666 1103 1104 1094 1060 1063 1064
 669 668 1096 1095 1062 1061 1079 1080 1072 1071 1070 662 663 661 1075
 1081 1082 1041 1043 1044 664 665 1074 1073 1040 1042 1098 1097 1085 1087
 1086 1047 1054 1055 1045 1046 654 657 651 1100 1089 1099 1038 1032 1039
 660 655 1088 1090 1031 1033 652 653 659 1027 1034 1035 1059 1058 1052
 1069 1068 1067 656 658 1026 1025 1053 1051 1066 1065 1106 1108 1109 1107
 1105 1141 1143 1142 1144 1140 1180 1183 1181 1184 1182 1164 1162 1160 1161
 1163 674 675 673 671 672 1166 1167 1168 1169 1165 1171 1173 1172 1174
 1170 683 685 676 680 678 1124 1120 1121 1123 1122 1112 1113 1111 1110
 1114 1139 1135 1136 1138 1137 1177 1179 1176 1178 1175 689 686 688 690
 687 1125 1128 1126 1129 1127 684 679 681 682 677 1134 1130 1131 1132
 1133 1153 1150 1152 1151 1154 1191 1280 1193 1190 1277 1194 1197 1195 1201
 1198 1199 1278 1276 1205 1203 1202 1206 1207 1208 1209 1212 1214 1213 1211
 1210 1219 1218 1215 1217 1216 1223 1220 1224 1222 1221 1226 1229 1228 1225
 1227 1232 1234 1231 1230 1233 1236 1238 1235 1239 1237 1244 1240 1241 1242
 1243 1248 1247 1245 1249 1246 1250 1251 1252 1253 1254 1255 1256 1257 1258
 1259 1260 1262 1263 1264 1265 1261 1266 1267 1268 1269 1270 1274 1271 1272
 1275 1273 1204 1196 1200 1279 1192 694 991 992 998 993 999 1012 1011
 753 965 751 966 1021 1013 1022 972 967 745 746 971 752
