0 1 2 3 4 5 6 7 8 9 10 11 12 13
 14 15 16 17 18 19 20 24 21 22 25 23 28 30 29
 27 26 32 35 34 31 33 38 39 40 36 37 43 41 44
 45 42 49 46 50 48 47 52 54 51 55 53 56 57 58
 59 63 64 60 61 62 66 67 69 65 68 72 74 73 71
 70 78 77 75 79 76 81 83 80 84 82 95 98 103 89
 90 101 102 88 85 99 86 104 87 93 97 96 92 100 94
 91 117 113 116 105 118 108 122 109 124 107 114 121 119 120
 110 123 115 106 112 111 132 143 130 142 133 141 134 139 125
 140 126 144 138 127 129 136 137 135 128 131 146 147 148 149
 145 151 152 154 150 153 159 155 163 168 164 165 156 167 160
 161 169 171 172 174 157 162 158 173 170 166 176 178 179 177
 175 184 180 181 182 183 187 185 189 186 188 197 192 194 191
 199 190 198 196 195 193 211 210 204 212 203 207 202 215 209
 205 200 219 206 217 216 208 218 214 213 201 223 222 220 224
 221 237 225 229 241 226 233 242 228 239 235 230 232 227 236
 234 243 238 240 244 231 247 253 246 250 255 261 249 245 252
 256 257 262 263 254 258 248 264 259 251 260 281 272 282 277
 274 273 268 280 279 266 283 284 267 265 275 269 276 271 270
 278 297 285 292 300 294 286 301 288 289 295 302 290 296 304
 287 299 298 293 291 303 306 320 308 313 314 319 312 309 322
 318 324 317 323 311 305 310 307 321 315 316 327 325 335 336
 342 337 333 334 340 329 338 343 331 326 328 330 339 344 341
 332 346 364 348 363 351 362 352 350 354 356 353 357 355 347
 345 359 358 349 361 360 369 368 365 367 366 373 372 374 371
 370 377 379 376 375 378 399 380 387 381 391 393 396 390 383
 394 389 392 386 397 382 385 384 398 395 388 401 407 410 406
 409 412 416 413 403 418 415 408 402 419 417 405 411 404 414
 400 435 426 436 424 421 433 428 429 423 438 427 434 431 437
 420 432 425 422 439 430 440 441 443 446 442 444 445 451 450
 448 447 449 456 455 471 461 454 467 466 464 465 469 460 459
 457 458 462 463 453 468 452 470 486 476 472 489 474 482 477
 487 488 491 483 484 478 481 473 475 485 490 479 480 495 492
 496 494 493 500 497 498 501 499 504 506 503 502 505 507 508
 509 510 518 530 526 528 524 513 521 519 512 515 516 523 529
 514 522 517 525 520 527 511 537 547 545 549 538 548 541 542
 533 550 546 534 531 540 536 543 544 539 535 532 557 567 561
 570 553 568 552 566 562 563 559 555 558 554 551 569 565 564
 560 556 576 571 574 586 590 581 575 588 572 573 579 583 578
 582 580 585 577 584 587 589 603 591 606 609 600 598 604 607
 597 599 602 596 593 595 608 592 601 610 605 594 625 614 622
 628 613 626 619 630 611 612 629 618 617 616 623 621 620 627
 624 615 639 649 650 643 644 642 641 631 633 636 648 634 640
 632 646 637 635 645 647 638 653 655 654 652 651 657 659 656
 660 658 665 664 661 663 662 667 668 669 670 666 673 671 675
 672 674 677 680 679 676 678 684 685 681 682 683 688 690 689
 687 686 692 694 695 693 691 699 698 700 697 696 705 703 701
 702 704 709 706 710 708 707 712 715 711 713 714 720 716 719
 717 718 723 724 722 725 721 730 729 727 726 728 735 731 732
 733 734 739 736 737 740 738 743 741 745 742 744 749 746 750
 748 747 755 754 752 751 753 759 758 756 760 757 764 763 761
 765 762 770 769 767 766 768 773 775 772 771 774 779 776 780
 778 777 783 784 782 785 781 790 786 789 787 788 793 791 794
 795 792 800 799 796 798 797 802 804 805 803 801 809 810 807
 808 806 815 814 811 813 812 817 818 820 816 819 825 824 822
 821 823 830 826 827 828 829 835 834 831 833 832 837 838 840
 836 839 843 845 844 842 841 850 846 847 848 849 852 853 855
 851 854 860 859 856 858 857 864 861 862 865 863 869 870 866
 867 868 874 875 872 873 871 877 878 880 876 879 883 884 882
 885 881 888 889 890 886 887 895 891 894 892 893 900 898 896
 897 899 905 904 901 903 902 910 906 907 908 909 915 914 911
 913 912 917 919 920 918 916 922 925 924 921 923 929 930 926
 927 928 933 935 932 931 934 938 939 940 936 937 944 943 945
 942 941 948 950 947 946 949 970 956 952 955 953 954 958 959
 960 961 957 965 966 962 963 964 969 967 951 968 973 975 974
 972 971 977 980 976 978 979 985 981 982 983 984 988 989 990
 986 987 993 994 995 991 992 999 998 996 1000 997 1004 1003 1001
 1005 1002 1010 1009 1006 1008 1007 1014 1011 1015 1013 1012 1019 1020 1017
 1018 1016 1024 1023 1025 1022 1021 1029 1028 1030 1027 1026 1033 1035 1034
 1032 1031 1038 1036 1039 1040 1037 1044 1041 1042 1045 1043 1049 1048 1046
 1050 1047 1053 1054 1052 1055 1051 1060 1058 1056 1057 1059 1065 1061 1062
 1063 1064 1070 1069 1066 1068 1067 1075 1071 1072 1073 1074 1079 1078 1080
 1077 1076 1083 1085 1084 1082 1081 1089 1088 1086 1090 1087 1095 1094 1092
 1091 1093 1098 1096 1100 1097 1099 1102 1104 1101 1105 1103 1109 1108 1110
 1107 1106 1117 1118 1111 1112 1113 1119 1120 1116 1114 1115 1124 1121 1122
 1125 1123 1130 1126 1129 1127 1128 1131 1132 1133 1134 1135 1136 1137 1138
 1139 1140 1141 1142 1143 1144 1145 1146 1147 1148 1149 1150 1151 1152 1153
 1154 1157 1158 1156 1159 1155 1164 1163 1161 1160 1162 1169 1165 1168 1166
 1167 1174 1170 1173 1171 1172 1179 1175 1176 1177 1178 1183 1184 1180 1181
 1182 1188 1187 1185 1189 1186 1193 1192 1194 1191 1190 1198 1197 1199 1196
 1195 1202 1200 1204 1201 1203 1206 1207 1208 1209 1205 1211 1214 1213 1210
 1212 1218 1217 1219 1216 1215 1224 1223 1221 1220 1222 1226 1227 1229 1225
 1228 1233 1230 1234 1232 1231 1239 1238 1236 1235 1237 1241 1243 1240 1244
 1242 1248 1247 1249 1246 1245 1250 1255 1254 1251 1253 1252 1257 1258 1259
 1260 1256 1262 1265 1264 1261 1263 1267 1269 1266 1270 1268 1273 1271 1275
 1272 1274 1276 1277 1278 1279 1280 1281 1286 1285 1282 1284 1283 1289 1291
 1290 1288 1287 1293 1295 1292 1296 1294 1299 1300 1298 1301 1297
0 3 4 1 2 8 7 6 5 12 11 10 9 15
 16 13 14 18 17 20 19 25 23 22 24 21 30 28 27
 29 26 33 35 31 34 32 39 38 37 36 40 45 42 44
 43 41 46 49 50 47 48 53 55 51 54 52 57 56 59
 58 64 63 62 61 60 69 67 66 68 65 71 70 73 72
 74 75 79 78 77 76 84 83 82 81 80 103 97 95 91
 104 96 88 102 94 93 87 90 86 99 98 101 100 92 85
 89 106 105 120 113 121 124 119 115 108 123 112 118 122 116
 111 107 109 117 114 110 143 132 136 133 142 140 137 126 128
 141 139 127 131 144 135 130 134 129 125 138 147 146 145 149
 148 154 152 151 153 150 160 165 164 170 163 155 169 171 159
 157 156 167 166 173 161 158 162 174 168 172 175 179 178 177
 176 189 188 186 185 187 183 182 184 181 180 191 190 195 197
 198 192 199 193 194 196 206 204 210 219 201 214 200 217 218
 216 202 212 211 215 205 213 209 207 208 203 222 223 220 221
 224 235 230 239 242 233 226 241 240 229 237 225 243 234 244
 227 232 231 228 236 238 255 251 249 256 247 254 246 257 263
 250 245 248 252 261 264 262 258 260 253 259 272 281 273 275
 284 282 283 265 267 276 268 274 279 280 277 278 266 270 271
 269 287 292 285 290 303 288 293 286 291 304 298 300 299 295
 297 296 302 301 289 294 317 316 318 314 313 315 321 322 309
 308 310 306 305 307 323 324 311 312 319 320 332 334 344 340
 338 339 343 325 336 326 342 333 341 329 330 328 337 335 331
 327 353 355 362 350 358 348 361 363 345 359 346 360 364 349
 354 356 351 347 352 357 368 369 367 365 366 370 372 371 374
 373 378 376 379 375 377 396 384 395 391 381 394 399 398 392
 393 397 383 388 389 385 382 380 390 387 386 417 414 411 405
 419 403 415 418 412 413 416 402 408 409 401 406 410 400 407
 404 427 422 421 425 436 423 437 420 433 434 435 438 439 428
 429 430 424 426 431 432 440 441 446 443 445 444 442 450 451
 449 447 448 460 464 466 459 462 468 471 455 452 463 456 461
 453 470 454 469 457 467 465 458 485 480 481 478 491 487 475
 482 473 474 479 490 489 472 488 477 486 484 483 476 493 492
 494 496 495 499 498 497 501 500 504 505 502 503 506 507 508
 509 510 513 517 511 529 525 518 512 516 521 522 519 520 528
 527 515 530 524 523 514 526 548 549 546 547 550 537 536 540
 543 538 545 544 539 542 541 533 534 531 532 535 554 568 563
 551 558 567 564 555 569 561 560 566 553 557 570 562 556 552
 559 565 573 574 571 572 588 580 584 590 586 576 585 587 589
 577 581 579 582 575 583 578 601 602 598 599 605 606 610 593
 594 609 591 592 607 608 595 596 603 604 600 597 614 625 626
 611 621 622 627 624 628 623 615 616 620 618 612 613 617 619
 630 629 635 650 649 648 631 646 640 644 647 637 643 645 641
 638 642 636 639 634 633 632 664 661 662 665 663 670 669 666
 668 667 652 653 655 651 654 658 660 659 657 656 678 679 680
 676 677 674 675 671 672 673 687 688 690 689 686 685 681 682
 684 683 710 708 706 709 707 702 705 701 704 703 698 696 700
 699 697 693 695 692 694 691 725 724 721 723 722 726 730 727
 728 729 713 715 714 712 711 716 718 719 720 717 743 745 744
 742 741 749 748 750 746 747 735 734 731 733 732 739 740 737
 736 738 770 767 769 768 766 763 764 761 762 765 758 759 756
 757 760 755 752 754 753 751 781 784 785 783 782 788 789 786
 790 787 771 775 774 772 773 778 780 776 777 779 803 805 804
 802 801 807 809 810 806 808 795 794 791 793 792 799 796 800
 797 798 822 825 824 821 823 828 829 830 827 826 814 811 815
 813 812 820 819 816 817 818 842 843 845 841 844 848 849 850
 847 846 834 831 832 835 833 840 839 836 837 838 857 860 856
 859 858 853 851 855 854 852 870 868 866 867 869 863 864 862
 865 861 888 887 889 886 890 883 881 885 882 884 877 879 876
 880 878 874 872 871 873 875 908 907 910 906 909 904 901 903
 905 902 897 900 898 896 899 894 892 891 895 893 926 930 929
 927 928 924 923 922 925 921 920 918 917 916 919 911 914 915
 913 912 946 950 949 948 947 944 943 941 942 945 938 939 937
 936 940 931 935 934 933 932 953 969 951 968 970 967 962 964
 966 963 965 957 960 958 961 959 956 954 952 955 989 988 987
 990 986 985 981 984 983 982 977 980 979 978 976 975 973 972
 971 974 1009 1006 1007 1008 1010 1004 1002 1005 1001 1003 999 997 1000
 996 998 992 993 994 991 995 1026 1029 1028 1030 1027 1024 1023 1025
 1021 1022 1019 1020 1017 1016 1018 1011 1015 1013 1012 1014 1049 1047 1046
 1048 1050 1045 1043 1044 1041 1042 1039 1040 1037 1038 1036 1033 1032 1034
 1031 1035 1069 1070 1067 1066 1068 1063 1061 1062 1065 1064 1057 1058 1056
 1060 1059 1054 1053 1055 1051 1052 1089 1090 1087 1088 1086 1083 1085 1082
 1081 1084 1079 1078 1076 1080 1077 1075 1073 1074 1071 1072 1108 1106 1109
 1110 1107 1105 1103 1104 1101 1102 1099 1100 1097 1098 1096 1092 1095 1091
 1093 1094 1124 1128 1125 1129 1123 1126 1121 1130 1127 1122 1117 1120 1115
 1111 1113 1116 1119 1112 1114 1118 1133 1134 1131 1132 1138 1137 1136 1135
 1142 1141 1140 1139 1145 1146 1143 1144 1150 1149 1148 1147 1153 1154 1151
 1152 1159 1156 1158 1157 1155 1160 1162 1161 1164 1163 1169 1167 1166 1168
 1165 1174 1172 1171 1173 1170 1178 1177 1176 1175 1179 1180 1184 1183 1182
 1181 1185 1189 1188 1187 1186 1192 1193 1190 1191 1194 1195 1197 1196 1199
 1198 1200 1202 1201 1204 1203 1206 1205 1209 1208 1207 1212 1214 1210 1213
 1211 1218 1219 1217 1215 1216 1220 1222 1221 1224 1223 1228 1229 1227 1225
 1226 1232 1234 1230 1233 1231 1238 1239 1237 1235 1236 1242 1244 1240 1243
 1241 1249 1246 1248 1247 1245 1250 1253 1252 1251 1255 1254 1258 1257 1256
 1260 1259 1263 1265 1261 1264 1262 1269 1267 1270 1266 1268 1275 1274 1273
 1272 1271 1276 1277 1278 1279 1280 1281 1300 1299 1301 1297 1298 1292 1295
 1294 1296 1293 1287 1291 1289 1288 1290 1285 1286 1283 1282 1284
0 4 1 2 3 7 5 8 6 11 9 12 10 16
 13 14 15 19 20 18 17 23 21 25 24 22 28 26 30
 29 27 35 31 32 34 33 38 36 39 37 40 44 42 41
 45 43 46 48 49 50 47 52 53 55 54 51 58 59 57
 56 61 64 62 60 63 67 65 69 68 66 73 72 70 71
 74 75 77 79 76 78 83 80 82 84 81 96 104 92 93
 86 85 94 95 91 88 102 103 89 100 101 99 98 87 90
 97 109 121 108 120 106 112 116 124 107 117 110 119 123 111
 118 113 105 114 122 115 134 138 133 127 131 139 142 144 136
 143 130 128 129 132 140 135 125 137 141 126 148 146 149 147
 145 152 150 154 153 151 162 172 166 161 173 171 170 160 168
 167 174 164 157 159 158 169 155 165 163 156 175 177 179 176
 178 195 197 198 190 196 191 194 199 193 192 185 183 180 181
 182 189 187 188 186 184 214 217 208 209 207 200 205 201 210
 219 218 213 215 212 206 211 203 204 202 216 223 220 221 222
 224 232 241 228 239 236 231 226 235 243 244 240 233 238 234
 242 225 230 227 229 237 259 258 256 247 248 252 261 254 262
 257 264 249 250 251 255 253 246 263 260 245 279 282 284 276
 267 266 278 277 269 268 274 275 265 283 272 271 270 281 280
 273 295 293 298 304 299 294 286 291 292 288 287 302 289 285
 303 301 296 300 297 290 307 322 317 324 319 321 310 306 323
 320 311 312 318 305 313 308 315 316 309 314 333 330 337 335
 343 334 329 336 332 339 340 325 344 331 326 342 327 328 338
 341 351 362 346 359 356 354 353 357 361 348 347 358 363 360
 350 349 345 355 364 352 366 368 367 369 365 370 373 374 372
 371 377 376 378 379 375 395 393 380 398 389 392 390 383 385
 381 399 387 394 384 388 396 382 386 391 397 406 408 419 409
 402 413 417 416 414 405 407 404 401 403 412 400 418 415 410
 411 426 438 431 429 430 434 427 437 439 425 436 421 428 432
 423 424 435 420 422 433 440 441 445 443 442 446 444 451 447
 449 448 450 455 458 461 460 468 456 464 452 459 466 457 454
 471 467 463 470 462 465 469 453 475 489 490 485 487 476 472
 488 484 483 486 474 473 478 479 491 482 480 481 477 495 496
 494 493 492 501 498 500 497 499 505 502 503 504 506 507 508
 509 510 528 514 523 517 526 527 529 524 520 521 522 519 511
 516 530 525 518 513 512 515 538 537 550 539 533 532 549 548
 547 531 542 545 534 541 544 535 543 540 536 546 569 560 565
 559 557 562 558 564 551 568 552 567 570 555 563 556 566 561
 554 553 587 575 582 588 574 590 585 576 589 578 577 571 579
 581 584 583 573 572 586 580 595 599 600 592 601 608 607 609
 602 598 605 594 597 596 591 604 610 606 593 603 615 624 620
 621 614 619 630 612 622 626 611 628 613 625 618 623 629 616
 617 627 641 640 648 633 643 639 632 645 646 650 635 638 631
 642 644 647 636 649 634 637 660 659 657 658 656 663 662 665
 661 664 668 669 670 667 666 654 651 652 653 655 682 683 681
 684 685 689 686 688 690 687 680 678 679 676 677 675 673 671
 674 672 704 701 705 702 703 694 693 692 691 695 708 709 707
 710 706 697 700 698 696 699 717 718 720 719 716 722 725 724
 723 721 729 726 728 727 730 715 712 714 713 711 737 739 738
 736 740 742 743 744 745 741 747 749 748 750 746 732 735 731
 734 733 762 765 763 761 764 753 755 754 751 752 768 770 769
 766 767 757 760 758 756 759 790 788 787 789 786 772 774 775
 771 773 779 778 777 776 780 782 785 784 783 781 797 798 796
 799 800 804 803 805 802 801 808 806 809 807 810 794 793 795
 791 792 818 820 819 817 816 823 821 822 824 825 829 830 828
 827 826 812 813 815 814 811 838 840 839 837 836 844 841 842
 845 843 849 850 846 848 847 832 833 835 834 831 869 868 867
 870 866 864 865 863 861 862 854 852 855 853 851 858 856 860
 857 859 885 884 881 882 883 875 873 871 874 872 889 886 890
 887 888 879 880 878 877 876 899 898 897 900 896 909 910 907
 908 906 893 894 892 895 891 902 903 905 904 901 919 918 920
 917 916 928 927 930 926 929 913 912 914 915 911 925 923 924
 921 922 945 941 942 944 943 934 935 932 933 931 950 949 947
 948 946 940 937 936 939 938 962 960 957 961 959 958 951 967
 970 969 968 953 952 956 954 955 964 965 963 966 982 983 984
 981 985 975 974 973 972 971 990 989 988 987 986 976 978 979
 980 977 1005 1004 1001 1003 1002 992 995 991 993 994 1007 1010 1008
 1006 1009 996 999 1000 998 997 1018 1020 1017 1016 1019 1030 1028 1026
 1027 1029 1015 1012 1013 1014 1011 1025 1021 1023 1022 1024 1045 1044 1041
 1043 1042 1031 1034 1032 1033 1035 1046 1050 1048 1047 1049 1039 1038 1037
 1036 1040 1059 1057 1056 1060 1058 1067 1070 1068 1069 1066 1052 1055 1053
 1054 1051 1064 1063 1062 1065 1061 1082 1081 1084 1085 1083 1075 1074 1071
 1072 1073 1090 1089 1086 1087 1088 1076 1080 1077 1078 1079 1104 1102 1105
 1103 1101 1093 1094 1091 1095 1092 1107 1106 1110 1108 1109 1100 1099 1098
 1096 1097 1116 1121 1114 1125 1118 1124 1112 1123 1122 1119 1128 1127 1130
 1126 1129 1111 1120 1117 1113 1115 1132 1133 1134 1131 1137 1135 1138 1136
 1141 1139 1142 1140 1144 1145 1146 1143 1149 1147 1150 1148 1152 1153 1154
 1151 1157 1156 1159 1155 1158 1160 1163 1164 1162 1161 1166 1169 1165 1168
 1167 1171 1174 1170 1173 1172 1177 1175 1178 1176 1179 1180 1183 1181 1184
 1182 1185 1187 1189 1186 1188 1191 1192 1193 1190 1194 1195 1198 1199 1197
 1196 1200 1204 1203 1201 1202 1209 1207 1205 1208 1206 1214 1210 1211 1213
 1212 1219 1215 1217 1216 1218 1220 1223 1224 1222 1221 1226 1228 1227 1229
 1225 1234 1230 1231 1233 1232 1239 1235 1237 1236 1238 1241 1242 1244 1243
 1240 1248 1246 1245 1249 1247 1250 1255 1252 1254 1251 1253 1259 1257 1260
 1258 1256 1265 1261 1262 1264 1263 1270 1267 1266 1268 1269 1274 1271 1273
 1275 1272 1276 1277 1278 1279 1280 1281 1295 1296 1294 1293 1292 1286 1282
 1284 1283 1285 1298 1297 1301 1300 1299 1291 1287 1290 1288 1289
1 2 4 0 3 56 16 9 19 17 15 57 6 11
 7 20 59 58 12 13 5 21 22 23 24 25 359 364 345
 346 360 164 161 155 159 156 628 612 627 614 620 259 262 258
 254 256 591 592 593 603 606 590 589 575 587 577 10 8 14
 18 206 204 212 202 203 295 302 293 294 289 520 514 515 524
 528 92 90 101 88 89 81 83 80 84 82 91 100 95 103
 94 99 77 87 104 98 102 79 85 96 93 78 97 75 86
 76 110 111 115 119 123 117 113 120 122 121 116 114 108 112
 105 109 107 124 118 106 379 134 133 136 377 125 141 378 376
 137 131 127 139 129 375 138 132 144 140 130 645 646 637 641
 648 244 231 242 243 240 158 171 33 172 168 31 166 165 34
 174 32 162 169 173 35 160 167 157 163 170 281 276 278 284
 265 183 184 180 181 182 189 187 188 185 186 196 194 199 192
 193 197 195 198 190 191 64 63 214 218 216 210 217 200 219
 201 61 62 213 215 209 211 205 208 207 60 458 460 465 466
 462 228 232 238 151 236 227 234 150 229 225 237 153 241 154
 226 230 152 235 233 239 249 257 255 41 250 43 248 251 263
 247 261 246 264 245 252 42 44 253 260 45 267 175 283 279
 177 266 273 176 272 179 269 271 275 277 280 178 282 270 274
 268 299 300 301 304 296 288 66 298 297 290 286 292 287 69
 291 303 67 285 65 68 305 306 307 308 309 310 311 312 313
 314 315 316 317 318 319 320 321 322 323 324 327 325 335 336
 342 337 333 334 340 329 338 343 331 326 328 330 339 344 341
 332 358 347 362 349 353 357 354 356 27 30 29 26 28 350
 361 363 352 355 351 348 478 482 484 483 477 374 373 371 370
 372 126 128 143 135 142 387 382 385 394 445 391 443 393 389
 398 397 444 442 392 395 384 446 386 396 390 409 418 494 401
 402 492 407 414 400 410 496 419 495 417 405 493 413 412 415
 404 434 424 437 428 423 436 421 430 426 427 439 432 435 425
 431 420 422 433 429 438 440 441 380 399 381 383 388 448 451
 447 449 450 223 467 221 463 224 456 461 470 453 459 468 471
 452 455 469 454 457 464 220 222 487 489 479 368 490 485 488
 369 473 472 481 491 480 474 475 366 476 367 365 486 406 403
 411 416 408 547 532 550 544 540 551 552 557 565 567 507 508
 509 510 513 521 523 530 519 522 527 526 517 518 525 71 74
 512 73 529 72 511 70 516 534 536 543 499 497 537 549 500
 546 533 535 501 542 539 531 538 548 541 498 545 553 559 560
 504 569 506 561 570 558 564 563 566 554 502 555 556 562 505
 568 503 573 580 582 583 581 574 576 53 585 584 586 54 55
 52 588 578 571 51 572 579 605 609 610 597 601 48 598 50
 596 602 46 49 608 607 595 594 47 600 604 599 36 622 626
 618 616 625 37 629 39 613 617 621 40 611 38 623 615 630
 619 624 649 643 635 148 642 146 633 632 647 145 650 147 149
 634 631 639 636 638 640 644 841 842 843 844 845 998 996 997
 999 1000 727 726 728 730 729 925 923 924 921 922 906 907 910
 908 909 1066 1070 1069 1068 1067 944 943 941 942 945 790 787 788
 789 786 1037 1036 1039 1038 1040 822 821 825 824 823 806 807 810
 808 809 1120 1117 1113 1115 1111 1003 1001 1002 1005 1004 653 651 652
 655 654 848 846 847 850 849 929 928 930 926 927 885 884 882
 883 881 760 759 756 757 758 989 987 986 990 988 1083 1081 1082
 1084 1085 878 876 879 877 880 981 983 982 985 984 747 748 750
 746 749 1086 1087 1090 1088 1089 946 947 948 949 950 682 684 683
 685 681 1052 1055 1054 1051 1053 898 897 900 899 896 1041 1042 1044
 1045 1043 696 697 700 698 699 827 826 829 830 828 1129 1130 1126
 1127 1128 702 701 704 705 703 792 791 793 795 794 1046 1047 1050
 1048 1049 1125 1124 1121 1122 1123 661 662 663 664 665 713 711 712
 714 715 1008 1007 1006 1010 1009 920 918 919 917 916 968 967 969
 970 951 1028 1026 1027 1029 1030 1290 1289 1287 1288 1291 1093 1094 1095
 1092 1091 976 979 980 977 978 742 741 743 744 745 768 769 767
 766 770 1077 1076 1078 1079 1080 676 679 680 678 677 1061 1063 1062
 1064 1065 780 776 778 779 777 935 932 933 931 934 720 719 716
 717 718 659 660 656 658 657 840 839 837 838 836 995 994 993
 992 991 781 782 783 785 784 687 688 690 689 686 1058 1060 1059
 1056 1057 895 894 893 891 892 1096 856 858 857 859 860 1021 1024
 1022 1023 1025 1292 1295 1294 1293 1296 1099 1100 1097 1098 735 732 734
 733 731 762 763 765 764 761 886 889 887 890 888 1071 1073 1075
 1072 1074 833 832 831 834 835 722 721 723 724 725 668 666 667
 669 670 913 915 914 912 911 851 854 853 852 855 964 963 965
 962 966 1109 1108 1110 1107 1106 1297 1298 1300 1299 1301 812 811 814
 813 815 802 801 804 803 805 706 707 710 709 708 1119 1118 1116
 1114 1112 671 675 673 674 672 901 904 903 902 905 940 938 936
 939 937 774 773 775 772 771 751 754 752 753 755 739 738 737
 740 736 873 871 872 875 874 972 973 974 975 971 1020 1018 1019
 1017 1016 1286 1282 1283 1284 1285 956 954 952 955 953 865 862 861
 863 864 819 798 820 799 818 800 816 796 797 817 695 693 694
 691 692 1034 1033 1035 1031 1032 1133 1131 1134 1280 1135 1136 1137 1138
 1140 1141 1142 1278 1145 1143 1146 1277 1148 1149 1150 1276 1153 1151 1154
 1281 1157 1158 1156 1159 1155 1162 1160 1163 1164 1161 1168 1167 1165 1169
 1166 1172 1174 1171 1170 1173 1178 1179 1175 1176 1177 1181 1182 1183 1184
 1180 1187 1189 1186 1185 1188 1193 1192 1194 1191 1190 1199 1198 1196 1195
 1197 1200 1201 1202 1203 1204 1209 1205 1206 1207 1208 1210 1211 1212 1213
 1214 1215 1216 1217 1218 1219 1220 1221 1222 1223 1224 1225 1226 1227 1228
 1229 1234 1232 1230 1231 1233 1239 1238 1236 1235 1237 1244 1242 1243 1240
 1241 1248 1247 1249 1246 1245 1250 1255 1254 1251 1253 1252 1260 1256 1257
 1258 1259 1263 1264 1262 1265 1261 1270 1268 1269 1266 1267 1272 1274 1271
 1275 1273 1147 1144 1139 1279 1132 1152 1013 1012 1014 1011 1015 957 960
 958 959 961 866 869 868 867 870 1102 1105 1104 1103 1101
5 15 56 10 20 8 6 0 7 4 19 14 59 9
 2 57 18 1 12 58 13 307 313 321 322 308 350 352 351
 362 349 164 155 159 156 161 40 38 36 39 37 251 255 257
 249 263 604 600 595 599 597 572 581 576 571 579 11 17 3
 16 218 213 217 214 216 66 68 67 69 65 519 518 511 512
 530 96 100 91 102 104 344 329 334 332 342 85 95 79 87
 99 103 101 94 86 76 98 90 77 93 78 92 97 89 75
 88 450 124 118 451 119 448 113 108 106 123 109 112 449 105
 447 110 120 122 117 111 133 379 135 378 129 128 137 139 132
 130 375 141 142 143 125 138 126 376 377 127 649 644 647 632
 635 243 242 244 231 240 163 165 173 168 169 170 157 33 167
 160 172 158 32 171 162 31 166 34 35 174 177 176 178 179
 175 197 198 190 196 195 194 193 191 192 199 189 181 183 184
 180 186 188 185 187 182 210 201 63 61 62 212 64 204 203
 202 211 219 60 208 209 206 215 207 205 200 458 465 462 460
 466 152 153 154 237 151 230 241 229 234 235 239 225 150 227
 233 238 226 232 228 236 264 260 250 41 246 45 252 248 261
 258 245 262 253 256 259 44 43 254 247 42 270 277 281 265
 268 269 276 271 272 282 280 273 284 279 274 267 275 278 266
 283 294 302 301 298 300 289 290 303 287 292 299 295 293 286
 304 291 297 288 285 296 310 306 309 311 315 320 323 316 314
 317 21 24 22 324 305 319 318 312 25 23 343 339 328 83
 335 330 337 327 340 326 341 80 333 336 82 331 81 325 84
 338 360 346 355 356 361 363 348 358 26 27 29 28 30 354
 345 364 357 347 353 359 366 368 367 369 365 420 435 434 431
 432 144 131 140 134 136 391 386 390 384 395 443 398 382 392
 387 389 397 385 444 394 445 393 446 442 396 496 495 406 413
 414 403 401 493 400 409 408 407 411 494 418 416 419 404 417
 492 427 371 425 373 374 433 370 426 372 424 423 430 429 436
 438 439 422 437 428 421 440 441 381 388 399 383 380 115 121
 114 107 116 467 455 463 468 464 223 470 220 471 461 452 224
 221 456 454 222 469 453 459 457 475 489 490 485 487 476 472
 488 484 483 486 474 473 478 479 491 482 480 481 477 415 412
 405 402 410 534 535 542 538 549 568 564 570 554 556 507 508
 509 510 516 521 514 70 74 520 528 517 513 72 524 529 522
 73 525 515 523 71 527 526 543 548 498 540 550 497 541 544
 500 536 531 532 537 539 501 546 545 499 547 533 555 553 505
 552 504 567 559 560 502 569 503 506 558 565 561 566 562 557
 563 551 573 586 587 590 55 585 51 583 580 575 574 582 588
 578 589 577 54 584 53 52 592 603 591 598 609 46 594 50
 605 610 47 48 593 608 607 606 49 596 602 601 613 616 612
 629 628 611 615 614 618 621 625 627 622 623 630 617 624 626
 619 620 640 633 636 149 639 148 646 642 634 145 648 146 147
 638 645 641 650 637 631 643 1088 1087 1090 1086 1089 1036 1040 1039
 1038 1037 1018 1017 1020 1019 1016 1062 1064 1061 1063 1065 991 995 992
 994 993 977 978 976 979 980 1128 1129 1127 1126 1130 1106 1110 1108
 1109 1107 879 878 880 876 877 1285 1284 1283 1286 1282 845 842 843
 841 844 932 934 935 931 933 899 896 898 900 897 735 733 734
 731 732 803 805 802 804 801 867 869 870 868 866 902 903 905
 904 901 712 714 711 713 715 856 857 859 858 860 797 798 799
 796 800 955 954 953 952 956 923 925 921 922 924 823 825 824
 821 822 778 779 780 777 776 765 762 761 763 764 812 813 814
 811 815 928 926 927 930 929 958 960 959 957 961 907 910 909
 906 908 851 852 853 854 855 744 743 745 742 741 719 718 717
 720 716 915 912 914 911 913 785 782 781 783 784 967 968 969
 951 970 751 753 754 755 752 1293 1295 1296 1292 1294 938 939 940
 937 936 882 883 881 884 885 695 692 693 691 694 895 892 893
 894 891 722 724 725 723 721 737 739 738 740 736 795 792 791
 793 794 698 697 700 699 696 1297 1300 1299 1298 1301 944 942 945
 941 943 837 836 839 840 838 750 746 747 748 749 865 864 862
 863 861 810 806 809 807 808 728 729 730 727 726 766 770 768
 769 767 830 827 826 829 828 787 788 789 790 786 964 962 965
 963 966 831 835 834 832 833 1288 1290 1289 1287 1291 705 704 701
 703 702 875 871 873 874 872 774 920 917 916 918 919 756 757
 759 758 760 819 816 817 818 820 775 771 773 772 681 683 685
 684 682 1114 1116 1118 1119 1112 1003 1004 1002 1001 1005 1104 1102 1101
 1103 1105 1091 1094 1092 1093 1095 1121 1122 1125 1123 1124 686 690 689
 687 688 971 973 974 975 972 1070 1069 1067 1068 1066 1041 1042 1044
 1043 1045 1077 1078 1079 1076 1080 659 660 657 656 658 655 652 654
 651 653 1071 1074 1073 1075 1072 1055 1053 1054 1052 1051 1014 1011 1015
 1012 1013 663 661 662 664 665 1035 1032 1033 1031 1034 1025 1024 1023
 1021 1022 1085 1081 1083 1082 1084 1029 1028 1026 1027 1030 666 667 670
 669 668 1050 1049 1046 1047 1048 1058 1057 1060 1059 1056 1113 1115 1111
 1117 1120 676 680 678 679 677 997 999 996 998 1000 984 983 985
 981 982 674 1097 671 1098 675 1096 673 1100 1099 672 989 988 987
 990 986 1008 1010 1006 1009 1007 1280 1131 1133 1132 1136 1279 1137 1135
 1142 1140 1278 1141 1146 1144 1143 1277 1276 1149 1147 1150 1152 1153 1154
 1151 1157 1156 1159 1155 1158 1163 1161 1160 1164 1162 1167 1166 1168 1169
 1165 1171 1174 1170 1173 1172 1179 1177 1175 1178 1176 1183 1181 1184 1182
 1180 1189 1188 1187 1185 1186 1193 1191 1190 1194 1192 1198 1196 1195 1199
 1197 1204 1201 1200 1202 1203 1208 1206 1209 1207 1205 1211 1213 1210 1212
 1214 1215 1218 1219 1217 1216 1221 1222 1223 1220 1224 1226 1228 1227 1229
 1225 1232 1231 1234 1230 1233 1236 1237 1238 1235 1239 1243 1240 1242 1244
 1241 1249 1245 1247 1246 1248 1250 1252 1254 1253 1255 1251 1259 1257 1260
 1258 1256 1264 1265 1263 1262 1261 1270 1267 1266 1268 1269 1273 1274 1272
 1271 1275 1148 1145 1139 1138 1134 1281 948 947 950 946 949 886 889
 887 888 890 710 709 706 707 708 850 849 847 846 848
46 598 600 593 609 597 603 607 610 599 592 602 594 50
 49 48 47 605 595 591 601 541 544 542 498 545 416 407 418
 494 410 310 311 315 24 321 434 425 423 429 370 380 443 382
 395 396 54 579 589 586 583 10 9 11 0 12 608 604 606
 596 30 27 29 28 26 244 234 237 153 238 44 43 41 45
 42 367 488 482 479 486 130 135 376 139 140 489 491 481 365
 487 473 368 483 366 369 474 480 476 478 475 472 485 490 484
 477 120 107 123 122 113 448 124 447 117 106 450 115 121 112
 110 114 108 109 105 451 646 640 638 642 648 631 649 637 645
 647 643 644 633 650 641 635 639 634 636 632 341 82 337 327
 344 462 468 457 224 456 314 306 305 25 313 308 22 320 309
 317 316 307 318 319 23 21 324 322 323 312 40 625 618 624
 612 189 188 186 185 187 183 182 184 181 180 191 190 195 197
 198 192 199 193 194 196 345 346 356 354 355 361 353 347 358
 348 360 364 357 352 351 363 350 362 349 359 290 304 288 294
 68 464 469 223 222 466 467 470 471 454 460 453 463 452 455
 221 458 465 220 461 459 381 398 394 392 385 444 387 442 386
 445 384 388 446 391 393 397 383 390 399 389 622 623 621 36
 614 626 627 616 615 37 39 38 619 629 628 630 620 613 617
 611 240 152 232 242 243 228 150 151 154 239 225 226 233 235
 229 230 231 241 236 227 537 499 549 550 539 538 531 501 543
 535 540 497 536 532 547 533 548 500 534 546 131 125 375 126
 133 134 127 137 142 143 138 129 377 128 141 132 379 144 136
 378 417 493 495 401 413 414 415 411 400 412 492 403 404 409
 408 405 406 496 402 419 553 565 506 563 570 175 273 267 269
 284 149 146 145 148 147 73 512 70 525 517 516 519 526 524
 529 520 515 527 514 518 71 72 522 530 521 200 216 213 210
 211 202 214 63 203 218 64 215 219 208 209 205 60 206 61
 212 271 282 270 274 279 276 278 283 176 268 272 266 178 179
 275 265 277 280 281 177 441 510 511 74 523 528 513 116 111
 449 118 119 66 295 299 65 291 292 287 69 67 303 293 289
 298 301 297 296 286 300 302 285 557 502 568 558 559 554 555
 556 504 552 567 560 503 564 566 551 562 505 561 569 201 204
 62 217 207 156 34 165 174 172 96 85 90 103 75 508 509
 507 440 257 255 252 264 261 247 245 249 263 260 253 262 254
 248 258 246 256 250 259 251 35 166 171 168 160 157 164 33
 159 31 158 161 163 169 170 162 173 32 167 155 104 95 91
 89 99 77 101 98 86 102 92 79 88 100 94 76 78 87
 97 93 59 4 58 2 3 19 7 17 14 20 5 57 15
 6 8 16 56 1 13 18 580 53 588 52 578 573 585 575
 55 572 576 51 577 587 590 571 584 582 574 581 373 428 422
 374 372 435 420 432 424 431 371 430 438 439 433 421 427 436
 437 426 84 335 325 336 80 326 328 343 330 340 81 329 83
 331 338 334 339 333 332 342 828 1286 737 665 685 677 743 666
 1292 815 1298 748 686 816 654 658 823 1287 731 675 753 947 1017
 712 1127 724 1119 769 935 1023 1028 763 937 718 1120 1122 1013 756
 727 943 720 762 940 1117 1027 1128 946 751 713 1019 770 1112 1021
 721 931 945 1015 759 1121 729 725 1114 934 766 1025 1011 730 1125
 757 944 948 1018 755 1129 711 1026 1113 764 936 717 868 989 1066
 922 702 912 860 1064 980 709 696 918 862 1054 971 982 694 852
 930 1060 1050 909 885 997 957 871 953 1010 1042 896 995 1040 888
 951 904 962 895 1002 878 1035 1291 673 732 825 660 687 820 651
 1297 746 1293 667 812 680 745 664 739 681 826 1285 969 993 902
 1039 886 894 963 1001 1033 879 874 1041 952 900 1007 1046 906 882
 960 999 1087 846 1108 800 782 778 801 1080 1098 832 808 1073 775
 1091 840 843 1104 786 795 1084 1081 789 845 1101 793 796 1107 1090
 847 783 1099 1079 777 804 833 774 839 807 1095 1072 1299 653 749
 690 819 736 1283 827 683 662 679 669 813 742 1296 824 734 657
 1290 672 682 661 738 829 1282 1288 733 671 821 659 744 814 1295
 668 678 817 652 688 750 1300 1109 798 781 848 1089 1078 779 805
 1096 835 790 844 792 1082 1105 836 810 1093 1071 771 981 853 693
 1059 928 924 1069 867 990 705 697 864 1051 916 974 977 1065 915
 706 856 921 987 1068 704 870 691 854 984 1058 929 978 1062 859
 710 913 920 861 699 1055 973 719 1014 728 1123 758 942 714 949
 754 1016 1130 723 1024 933 1118 768 939 1115 1030 761 773 806 1075
 1092 837 834 1100 1076 802 780 1102 787 794 1083 841 849 1086 799
 785 1106 1043 1006 898 875 955 1004 966 1034 892 876 907 959 883
 996 1048 992 903 890 1037 970 1085 842 788 791 1103 797 784 1088
 1110 850 1094 838 772 809 1074 1077 1097 776 831 803 865 917 972
 1053 698 857 1063 914 979 708 983 692 1056 927 851 988 923 1067
 869 701 1032 891 1005 877 964 1009 899 956 1044 873 905 967 991
 889 1038 881 998 958 1047 908 767 1022 1116 722 932 938 716 765
 1029 1111 1012 760 941 1124 726 950 1126 715 752 1020 863 919 1052
 700 975 1061 707 858 976 911 985 926 695 855 1057 925 986 866
 1070 703 830 741 684 676 1284 811 740 1294 670 663 747 655 1301
 818 689 822 656 735 674 1289 1170 1171 1174 1172 1169 1166 1167 1165
 1214 1210 1212 1211 1239 1238 1236 1235 1146 1145 1143 1144 1197 1199 1196
 1198 1193 1194 1190 1192 1191 1278 1141 1140 1142 1139 1242 1244 1241 1243
 1240 1226 1228 1225 1227 1229 1253 1255 1254 1251 1252 1208 1205 1207 1209
 1206 1220 1223 1222 1221 1224 1202 1203 1201 1204 1200 1273 1272 1274 1271
 1275 1156 1157 1158 1155 1159 1248 1247 1245 1246 1249 1161 1164 1162 1160
 1163 1187 1186 1185 1188 1189 1217 1215 1218 1219 1216 1132 1133 1280 1134
 1131 1269 1270 1266 1267 1268 1150 1149 1276 1147 1148 1138 1136 1135 1279
 1137 1183 1180 1181 1184 1182 1250 1256 1257 1258 1260 1259 1175 1179 1178
 1177 1176 1234 1230 1231 1233 1232 1262 1264 1263 1265 1261 1152 1151 1281
 1153 1154 1277 1237 1213 1168 1173 1195 1008 1045 954 897 872 880 1003
 965 1031 893 884 910 961 1000 1049 901 887 1036 994 968
