0 3 4 2 1 15 24 10 22 6 11 23 19 9
 12 21 18 5 8 20 14 17 16 7 13 30 29 27 28
 26 25 33 73 59 69 91 105 100 107 36 77 87 94 86
 106 42 80 35 61 52 93 98 108 76 78 43 103 101 70
 37 49 99 48 54 65 95 89 74 44 96 31 58 53 84
 82 45 109 50 104 39 38 88 102 64 110 34 92 57 51
 56 68 97 63 81 85 79 90 72 41 71 60 67 66 40
 32 75 83 62 46 55 47 206 358 466 275 272 207 492 266
 182 126 265 175 186 471 185 263 135 415 160 288 472 501 470
 436 435 403 117 124 121 421 303 180 170 273 344 323 205 278
 408 132 459 374 296 463 150 423 384 155 247 236 167 196 327
 499 164 413 326 234 244 268 437 141 493 254 342 171 302 378
 201 365 488 350 177 409 301 147 406 448 494 277 453 194 429
 237 503 216 165 411 283 361 295 257 402 441 482 130 271 146
 451 329 407 504 324 163 438 389 379 137 476 243 187 393 461
 222 276 154 388 233 188 261 354 258 507 321 349 136 291 450
 439 485 259 248 397 419 404 360 226 184 468 387 269 240 267
 143 153 220 375 270 395 140 401 484 148 491 309 460 394 373
 282 242 372 142 382 191 156 112 158 465 495 315 297 228 396
 255 416 256 380 347 357 169 440 299 428 145 479 377 462 199
 317 231 337 496 138 363 505 478 318 464 392 346 418 245 176
 371 422 452 219 341 339 442 166 179 449 230 467 209 285 159
 181 502 311 316 483 500 116 157 510 443 345 331 189 279 330
 359 151 353 221 355 128 190 332 489 412 336 172 125 161 241
 486 498 399 111 225 208 444 506 424 447 115 390 434 183 348
 497 480 227 200 131 351 210 487 328 192 473 274 391 312 197
 293 313 367 173 264 129 122 204 290 325 454 223 431 292 319
 114 202 218 235 509 249 425 385 314 252 284 280 308 178 212
 352 458 305 338 334 113 162 251 168 198 432 119 123 310 262
 281 370 286 335 139 224 289 229 239 320 213 474 427 250 446
 253 481 445 508 343 456 304 232 368 127 333 238 356 203 195
 300 457 433 426 414 410 400 118 383 340 417 490 193 298 369
 405 307 174 306 364 430 477 322 469 144 217 260 211 475 133
 294 152 420 366 376 398 120 386 381 149 214 362 455 246 134
 287 215 521 514 527 530 517 526 516 513 524 518 522 528 529
 523 512 525 515 519 520 511 608 573 557 629 555 615 603 625
 562 548 567 585 570 577 544 621 549 534 602 540 566 543 596
 600 616 613 575 553 606 610 559 607 612 579 560 554 563 535
 594 599 568 622 587 542 546 584 552 591 628 627 561 571 574
 609 572 556 547 614 545 531 623 537 589 592 598 618 539 576
 541 597 550 624 588 569 619 532 586 536 558 581 604 630 583
 582 593 533 580 538 626 590 611 617 601 564 578 565 551 605
 595 620 648 639 649 637 632 631 643 633 646 638 636 647 650
 640 635 644 634 642 645 641 652 674 651 671 666 673 665 667
 672 669 670 664 668 660 654 658 655 659 662 656 657 663 661
 653 675 1080 1079 820 1052 898 897 896 984 755 823 822 1073 839
 1124 1123 893 865 867 866 864 1093 1092 855 856 1085 847 848 1086
 832 1065 1030 1031 891 1121 890 1117 880 1118 1083 1082 974 975 1127
 899 900 734 965 815 1047 995 757 768 770 769 1146 908 907 906
 942 714 972 742 973 803 1039 804 773 772 1007 1142 727 979 980
 750 1010 1009 775 877 876 953 723 696 1138 738 737 736 1107 872
 1130 903 902 1129 717 716 945 946 759 999 998 835 1068 834 849
 1088 1089 807 806 1041 1097 1095 1096 1050 817 1051 870 1104 912 678
 797 1035 798 784 785 1023 828 827 1060 1090 852 853 1147 1003 1004
 787 1025 1026 970 739 971 683 917 987 1143 988 935 706 700 701
 861 862 1099 778 780 779 883 1155 909 676 977 747 748 1110 874
 692 1137 1132 1133 933 932 950 721 920 921 1037 800 801 812 1046
 1045 726 725 1103 868 1101 1102 992 991 1144 923 924 688 687 764
 1145 762 1000 790 1027 841 1076 830 831 1063 1062 719 948 718 981
 982 754 753 926 689 690 928 929 1139 959 1141 960 963 731 732
 711 940 712 857 858 1070 837 680 681 915 843 1081 844 1053 821
 1054 1125 1126 756 986 985 1056 1057 1055 840 1075 1074 894 895 1153
 1116 1113 1114 1066 833 1067 792 793 1032 892 1122 881 882 845 846
 1084 746 976 745 901 1128 967 735 966 1048 1049 816 758 997 996
 889 1120 888 887 1135 1136 715 943 944 744 743 1040 805 1008 774
 730 729 728 752 751 776 777 1154 878 879 954 955 724 811 810
 1044 1043 1014 1148 1016 1013 698 697 699 968 969 1108 1109 873 1017
 1018 1149 1019 761 760 836 1069 851 850 1059 826 825 824 782 783
 781 1022 808 1042 1150 1098 818 819 1106 1105 871 679 913 914 1036
 799 786 1024 1061 829 1091 854 1006 1005 788 789 740 741 684 919
 918 989 990 937 707 936 703 702 1140 1100 863 1011 1012 884 885
 886 911 910 677 749 978 1112 1111 875 694 693 695 904 1134 905
 704 705 934 951 952 722 685 686 922 802 1038 814 813 957 956
 958 1034 794 796 795 993 994 766 765 767 763 1002 1001 1028 791
 1029 842 1077 1078 710 938 939 709 949 720 927 691 931 930 961
 962 964 733 713 941 1151 859 860 1072 1071 838 916 682 1152 1094
 1115 1087 1119 771 809 1015 1131 947 1020 1058 1021 1033 869 925 708
 1064 983 1262 1273 1259 1261 1260 1263 1264 1266 1274 1265 1193 1192 1194
 1195 1191 1187 1188 1186 1190 1189 1204 1202 1205 1203 1201 1198 1196 1199
 1197 1200 1256 1255 1258 1272 1257 1252 1253 1271 1254 1251 1160 1158 1159
 1156 1157 1161 1164 1162 1163 1165 1169 1167 1168 1170 1166 1171 1174 1172
 1175 1173 1267 1269 1275 1270 1268 1220 1216 1218 1219 1217 1223 1224 1225
 1222 1221 1236 1239 1237 1238 1240 1248 1246 1249 1247 1250 1233 1235 1231
 1234 1232 1245 1243 1244 1242 1241 1208 1206 1210 1207 1213 1214 1215 1212
 1183 1184 1182 1185 1178 1177 1176 1179 1227 1226 1230 1228 1209 1211 1181
 1180 1229 1276 1280 1279 1278 1277 1281 1294 1293 1301 1296 1289 1288 1298
 1285 1297 1282 1299 1284 1283 1286 1287 1295 1290 1291 1292 1300
0 1 2 3 4 14 5 23 9 17 7 10 16 21
 22 12 24 20 13 18 8 19 6 11 15 29 25 27 28
 30 26 36 108 96 67 62 87 34 39 40 97 104 88 60
 89 66 105 100 85 83 35 73 45 46 33 99 53 54 75
 79 94 64 95 107 81 74 109 92 41 77 68 106 31 71
 47 98 58 63 80 101 90 110 43 102 49 93 48 72 55
 32 103 59 37 86 82 50 57 38 76 42 65 91 84 78
 70 56 51 69 44 52 61 331 476 508 295 226 469 308 161
 217 344 248 346 287 326 153 202 411 227 168 473 122 243 454
 334 487 485 311 192 200 336 237 159 383 415 433 240 408 479
 128 332 396 434 458 422 290 179 345 452 407 298 455 461 253
 272 123 347 395 305 387 167 191 474 232 194 203 196 216 342
 182 509 315 286 330 302 258 328 354 206 501 134 121 497 172
 358 280 139 180 173 406 176 386 155 373 260 273 416 198 448
 241 338 164 333 144 151 399 400 275 300 303 114 214 467 184
 376 429 491 444 142 475 181 129 207 431 187 197 446 152 417
 388 492 317 420 148 500 405 261 443 171 183 359 205 130 204
 209 116 465 466 127 412 163 154 397 294 398 296 378 321 131
 365 335 381 380 439 356 341 281 244 189 297 498 450 186 421
 135 323 156 320 327 363 126 276 170 133 150 430 437 355 505
 124 483 284 453 451 310 231 488 350 208 270 266 364 145 343
 138 325 312 254 391 252 165 140 367 229 195 230 366 339 442
 264 470 136 263 199 486 385 267 456 499 441 146 119 432 438
 158 166 268 157 178 269 352 404 423 471 459 440 242 175 371
 113 478 177 464 462 477 382 299 436 322 329 502 174 293 357
 219 277 482 496 304 278 211 493 349 259 449 309 256 257 147
 215 389 489 255 360 283 292 221 245 369 390 361 210 118 188
 494 262 212 228 239 313 125 185 143 490 271 426 403 225 160
 447 274 504 246 307 419 265 213 218 337 238 220 247 348 316
 141 428 368 425 409 251 279 288 282 233 149 112 362 480 117
 413 291 374 120 223 372 402 435 318 410 234 289 377 460 393
 236 201 169 306 370 392 249 472 506 319 495 285 481 137 463
 132 424 445 503 427 351 111 190 301 222 457 384 507 340 414
 484 193 162 314 324 401 375 379 510 224 394 418 353 115 250
 235 468 516 529 519 525 522 511 527 526 513 523 528 515 520
 530 514 518 517 521 512 524 560 618 589 603 620 626 563 537
 554 614 619 585 549 561 579 599 550 575 609 621 617 610 546
 572 544 580 567 582 625 601 598 583 628 578 558 562 532 552
 577 565 531 574 548 539 615 569 624 594 595 627 591 570 622
 568 600 556 553 541 606 602 535 545 605 630 592 588 542 555
 587 597 571 623 593 590 534 629 551 547 611 584 543 559 607
 536 573 612 613 557 596 581 608 566 604 576 616 540 586 538
 533 564 638 631 634 639 648 633 632 637 636 643 649 644 635
 650 642 641 646 640 647 645 653 651 674 658 659 654 655 663
 661 660 657 662 656 664 666 672 668 673 669 665 667 670 671
 652 675 688 923 911 677 711 712 713 947 717 912 913 920 685
 916 680 681 700 702 701 703 944 943 715 714 707 935 936 706
 695 694 704 933 927 926 691 939 710 709 954 724 725 726 931
 930 929 917 684 1142 729 951 722 696 1138 698 699 948 719 949
 986 985 807 1041 1042 829 1060 1061 1147 1003 1004 757 997 761 999
 998 737 736 738 1028 1029 745 975 966 735 781 1022 1021 767 1145
 841 1076 1077 842 1092 1094 856 855 1149 1018 1020 972 744 742 1144
 993 992 1036 799 1035 751 750 980 1046 813 814 1151 860 1067 832
 836 834 1069 747 977 748 1058 825 826 778 779 1011 786 784 1023
 1091 1090 853 1038 1037 801 768 769 741 739 971 1079 844 1054 1052
 1025 789 787 861 862 863 1001 762 867 1152 774 772 1007 983 981
 1057 823 830 831 1074 1075 1049 1047 1030 1031 1016 1014 1148 849 850
 851 846 845 1071 1072 838 1070 1051 819 818 847 848 1087 1086 1110
 874 868 1103 1130 1131 879 877 870 871 1105 1106 1121 892 890 872
 873 1107 1108 907 908 1136 1124 1123 895 896 898 1126 880 882 1118
 1116 1115 1114 904 1133 886 883 900 1127 1128 924 925 687 676 909
 910 940 941 946 716 945 678 914 679 922 686 921 682 915 960
 1141 959 962 693 692 1137 705 932 934 689 690 708 938 955 723
 953 956 958 957 928 1139 919 918 683 727 730 728 950 952 721
 732 731 733 963 718 720 756 755 984 806 808 827 828 1005 1006
 758 996 995 760 759 969 968 1027 791 790 746 974 976 1039 1040
 805 803 989 988 1143 987 734 965 967 783 782 765 764 766 1150
 1096 1097 1098 1017 1019 743 973 991 994 809 811 810 1043 794 1034
 796 795 797 798 979 752 812 1045 859 857 858 1065 1066 833 835
 1068 749 978 1059 824 1012 780 785 1024 852 854 800 802 771 1146
 770 740 970 1080 1081 843 820 821 1053 1026 788 1100 1099 763 1000
 1002 864 865 866 773 1008 982 753 754 1055 822 1056 1063 1064 1062
 1073 840 839 816 1048 815 1032 793 792 1013 1015 1089 1088 1084 1083
 1082 777 776 775 1010 817 1050 1112 1111 875 1101 1102 869 903 902
 1129 876 878 1154 887 1120 1119 889 891 1122 906 1135 893 894 1125
 897 1117 881 1113 1153 1132 905 1134 1155 885 884 901 899 1140 942
 961 937 964 697 804 990 1078 1093 1095 1044 1033 1009 837 1085 888
 1104 1109 1179 1176 1177 1178 1180 1214 1213 1212 1211 1215 1261 1260 1259
 1262 1273 1254 1251 1271 1252 1253 1190 1187 1186 1188 1189 1165 1161 1162
 1164 1163 1208 1209 1210 1206 1207 1184 1185 1183 1181 1182 1266 1265 1264
 1263 1274 1258 1257 1256 1272 1255 1160 1157 1159 1158 1156 1191 1192 1193
 1195 1194 1230 1227 1226 1228 1229 1269 1267 1270 1275 1268 1218 1217 1219
 1220 1216 1236 1238 1240 1239 1237 1250 1247 1249 1246 1248 1231 1234 1233
 1235 1232 1242 1244 1243 1245 1241 1199 1200 1196 1197 1168 1166 1170 1169
 1205 1204 1203 1201 1172 1173 1171 1175 1222 1225 1221 1223 1198 1167 1202
 1174 1224 1276 1278 1280 1277 1279 1281 1289 1295 1290 1284 1300 1283 1294
 1301 1291 1285 1287 1297 1286 1292 1293 1299 1282 1296 1288 1298
0 21 5 8 16 3 24 15 1 12 22 17 19 9
 13 10 2 23 7 6 14 4 11 18 20 28 29 30 25
 26 27 112 410 338 249 300 240 315 491 200 450 303 321 504
 441 255 407 502 175 506 460 124 349 285 331 198 174 172 241
 225 415 224 393 216 456 199 143 348 242 446 320 239 191 157
 306 413 385 261 162 477 152 118 268 396 487 168 293 272 444
 186 188 343 418 324 414 399 184 308 180 395 304 369 205 431
 473 296 258 279 497 163 354 329 81 274 468 436 463 154 80
 389 270 251 479 244 107 498 166 181 405 376 380 356 381 164
 455 383 412 192 169 297 417 419 508 59 133 355 499 290 234
 403 214 269 82 386 151 469 409 69 327 309 371 265 94 79
 437 218 182 394 53 342 332 474 99 398 100 56 408 289 185
 365 62 400 464 159 55 317 37 149 43 123 416 64 345 206
 470 339 245 116 39 104 84 254 238 458 391 33 167 326 299
 253 461 480 500 351 423 203 45 235 195 288 374 440 189 429
 103 51 121 271 505 501 217 250 350 420 190 257 360 319 286
 77 110 50 86 443 280 284 302 333 484 76 229 435 430 462
 452 91 442 478 63 202 328 52 336 232 318 434 220 388 31
 111 119 226 61 146 278 298 307 425 454 66 295 492 127 424
 367 65 366 125 357 392 422 493 496 105 401 142 47 135 466
 221 44 246 382 48 41 445 70 471 83 467 335 126 204 178
 313 98 264 177 147 346 93 97 170 402 46 347 139 275 364
 267 120 42 276 426 248 451 368 292 88 228 148 138 201 106
 230 432 305 509 58 101 196 211 128 171 90 489 476 160 375
 373 260 155 209 341 325 316 145 453 448 71 131 490 161 379
 359 266 475 132 483 358 129 334 173 223 465 95 330 153 117
 387 287 311 314 89 281 40 54 495 176 32 197 352 406 507
 283 115 237 74 301 433 34 457 140 35 72 87 404 208 75
 122 144 273 179 485 340 114 130 158 447 207 231 60 362 411
 370 210 439 503 282 294 136 92 344 486 38 323 109 377 150
 165 49 215 363 263 277 494 78 361 194 193 108 227 137 438
 312 427 384 390 113 156 310 397 459 85 337 247 372 73 256
 481 482 134 243 219 428 262 213 96 449 259 378 102 472 353
 141 322 291 67 183 187 252 212 68 510 36 488 57 421 222
 236 233 606 614 628 573 564 602 535 557 610 619 592 561 565
 611 547 571 616 569 546 603 601 542 585 558 520 591 597 563
 621 596 599 568 609 620 618 522 527 544 556 552 579 612 548
 624 622 533 519 590 572 627 512 587 543 529 521 594 595 580
 514 567 513 582 517 581 574 598 553 541 539 605 617 551 555
 608 560 532 583 554 531 545 578 525 625 562 584 630 549 615
 576 604 538 518 516 586 600 526 575 593 629 530 511 534 559
 515 536 523 588 550 528 540 613 626 570 607 623 566 537 524
 589 577 649 632 640 644 641 637 636 642 643 633 635 638 639
 634 646 645 648 647 631 650 663 665 671 662 656 673 660 661
 653 668 670 672 652 654 674 658 655 664 657 667 651 669 666
 659 675 711 713 983 754 1098 1150 1097 1024 785 942 944 979 752
 1148 1013 1015 834 1068 835 836 874 1110 875 1112 950 721 952 722
 718 719 830 1064 842 1078 1077 1086 1085 848 1065 1066 1091 1090 1057
 822 1056 843 1081 795 1034 904 1132 971 741 739 740 799 1036 1035
 1059 826 733 963 731 967 965 966 919 684 683 1140 701 850 1088
 849 1030 1031 793 867 865 790 1029 973 743 724 955 723 699 698
 802 801 1038 800 685 686 920 921 915 682 681 828 1061 829 1155
 885 883 693 1137 694 855 856 1093 977 978 748 725 726 781 782
 757 758 995 891 890 1122 1154 879 878 961 960 959 788 1026 787
 857 1151 860 927 689 690 1001 1000 765 767 1145 1003 1004 895 894
 945 716 717 808 806 807 839 1074 745 974 820 1054 1053 897 1126
 1102 1103 1135 907 1146 768 994 1144 887 888 1149 1020 1018 1083 846
 1082 998 761 780 1011 779 778 1117 1118 881 1129 1131 903 1130 914
 912 931 930 938 708 986 984 811 1044 810 809 812 1045 814 817
 818 819 1051 933 705 932 1007 774 773 910 909 677 873 1108 872
 804 1039 1040 706 936 815 816 870 1104 871 941 940 712 753 981
 982 1095 1096 786 1023 784 943 714 715 751 980 750 1016 1014 1071
 837 838 1070 948 949 720 831 1062 1063 1076 841 847 1087 832 833
 1067 853 852 854 823 1055 1079 844 1080 796 1033 794 1134 905 1133
 863 862 1100 861 797 798 824 825 1058 732 964 735 734 917 918
 703 700 702 1089 851 1032 792 866 864 1152 1027 791 1028 1010 776
 777 1009 729 728 727 1142 744 742 972 954 953 696 1138 697 925
 688 924 687 680 916 1060 827 884 886 901 1127 900 1128 987 1143
 988 990 692 695 1092 1094 747 749 958 957 956 1021 783 1022 996
 997 1121 892 877 876 962 1141 1025 789 858 859 926 691 762 763
 1002 766 764 1005 1006 1147 893 1124 1123 946 947 1041 1042 840 1075
 1073 975 746 976 1052 821 1125 898 896 868 1101 869 1136 906 908
 771 769 770 993 991 992 1119 1120 889 1019 1017 845 1084 760 759
 999 1113 1116 1153 1114 882 880 679 678 913 1139 929 928 709 939
 710 985 755 756 736 969 737 738 1046 813 704 934 772 1008 911
 676 1109 1107 803 805 707 937 935 1049 1048 1047 1105 1106 1069 1111
 1072 951 1099 970 775 730 1037 922 923 899 989 1115 1012 902 968
 1043 1050 1187 1189 1188 1186 1190 1237 1236 1238 1239 1240 1248 1249 1250
 1246 1247 1196 1198 1199 1200 1197 1242 1243 1241 1244 1245 1214 1215 1213
 1212 1211 1174 1171 1175 1172 1173 1226 1227 1229 1228 1230 1182 1181 1184
 1185 1183 1267 1270 1269 1268 1275 1220 1219 1217 1218 1216 1255 1256 1272
 1258 1257 1265 1274 1266 1263 1264 1194 1191 1195 1193 1192 1203 1205 1201
 1204 1202 1163 1162 1164 1165 1161 1167 1170 1168 1166 1169 1252 1251 1253
 1254 1271 1177 1179 1176 1178 1180 1233 1232 1234 1235 1261 1259 1262 1273
 1157 1159 1160 1156 1222 1225 1223 1221 1209 1208 1207 1210 1231 1260 1158
 1224 1206 1278 1280 1276 1281 1277 1279 1296 1289 1295 1287 1298 1285 1299
 1283 1300 1294 1293 1292 1291 1284 1282 1297 1286 1288 1290 1301
1 4 0 2 3 11 23 18 22 6 19 21 8 12
 10 20 9 5 15 24 14 16 7 13 17 26 30 27 28
 25 29 32 74 54 37 57 99 110 92 38 34 39 107 50
 100 52 53 87 76 78 95 106 104 51 56 77 105 96 91
 84 43 109 35 89 61 31 68 64 70 108 97 73 88 82
 69 80 103 36 101 48 86 45 94 58 98 49 102 44 65
 42 59 93 67 75 62 33 46 40 79 47 63 83 90 85
 41 71 60 72 55 66 81 374 164 622 344 390 239 330 570
 430 113 611 459 271 505 614 585 300 206 624 196 418 391 304
 245 355 303 571 328 478 431 125 584 615 594 257 439 578 457
 413 419 559 458 543 477 597 484 281 250 621 456 573 167 139
 231 399 291 442 625 278 149 549 130 557 117 370 393 581 565
 256 472 425 404 338 475 427 449 469 601 352 379 591 211 204
 473 175 499 254 540 233 210 572 583 216 176 357 546 532 249
 153 588 221 247 629 593 229 595 489 259 555 447 616 137 166
 265 207 453 384 547 451 302 612 536 141 420 353 280 232 173
 630 498 171 463 134 332 350 311 152 620 159 562 471 183 242
 121 144 539 501 421 548 274 129 423 480 434 283 488 443 187
 414 314 331 151 506 360 114 598 466 386 246 429 604 214 178
 476 219 201 389 180 354 566 602 186 440 182 424 347 306 116
 448 402 279 157 563 467 569 364 607 337 112 444 577 334 170
 272 223 169 410 158 200 493 197 295 450 417 296 308 273 396
 225 228 412 156 264 189 481 509 142 608 235 195 318 623 378
 290 348 298 342 590 185 586 542 617 191 356 154 213 361 208
 627 606 545 324 253 560 127 160 150 263 237 579 252 266 510
 538 294 258 292 128 307 168 483 381 628 599 192 551 179 610
 136 285 397 147 541 118 227 534 359 238 111 535 550 575 587
 554 508 369 552 568 310 609 394 537 553 218 589 531 468 392
 494 415 455 305 580 126 345 564 161 388 502 452 209 582 190
 198 407 220 504 395 203 222 251 490 317 403 422 398 155 435
 605 544 561 202 323 297 558 408 405 626 255 260 497 234 533
 329 613 286 416 567 426 401 400 248 470 163 276 261 576 596
 486 351 380 437 143 574 383 262 445 188 120 603 215 205 485
 600 319 138 282 373 619 387 465 618 411 432 428 177 184 556
 241 592 516 528 515 519 522 520 529 527 513 523 530 511 525
 526 514 521 524 517 518 512 385 288 326 454 333 441 325 224
 217 327 366 243 240 365 199 335 462 315 362 268 119 363 284
 148 376 244 339 491 133 461 503 500 482 371 287 316 321 474
 313 115 496 341 226 132 507 377 162 172 140 368 406 165 145
 460 312 367 309 131 358 123 464 267 293 194 212 124 433 349
 487 479 270 382 135 269 301 299 322 122 340 193 236 343 275
 146 230 372 436 336 346 446 289 277 320 438 409 492 375 181
 174 495 640 636 647 632 631 638 635 634 641 637 633 646 645
 643 648 650 639 644 642 649 652 674 651 667 654 671 656 668
 658 662 663 664 673 1281 655 659 1278 1280 660 657 1277 661 1279
 653 675 977 749 1035 798 787 1025 788 912 914 1022 1021 998 759
 824 1058 1059 723 724 954 955 991 994 993 992 727 728 1142 729
 715 942 1138 697 800 1037 1038 1045 813 1046 989 990 677 909 1010
 777 776 920 686 1039 804 687 925 1012 780 778 1011 1150 1098 1096
 784 1023 740 970 971 1057 1055 823 706 707 936 737 968 927 690
 926 819 817 1050 871 870 980 750 806 807 681 682 916 981 753
 1028 1027 790 791 1128 899 1127 900 1082 1083 1084 700 703 701 963
 732 731 941 711 713 1100 861 863 947 717 716 868 1101 1043 811
 770 768 771 938 709 708 950 951 952 960 962 1141 827 1061 829
 1149 1018 1019 725 958 956 1135 906 1073 840 1074 895 1124 1122 892
 918 919 684 1053 1054 1052 1071 1070 854 852 855 856 1093 876 879
 1118 1117 860 859 898 896 887 1119 1014 1015 836 1069 834 1034 1033
 796 1153 1116 875 1110 1112 1111 843 844 1081 1088 851 849 850 1285
 1286 1292 1301 764 1145 1284 1282 1290 1295 1289 1288 735 966 967 763
 1002 762 1000 865 864 1152 755 986 756 974 976 745 997 757 758
 1032 792 793 1076 842 1064 830 1085 1086 1087 747 978 748 1036 799
 797 1026 789 913 678 679 782 781 783 760 999 761 826 825 743
 742 973 972 943 944 714 699 698 696 801 802 814 812 988 1143
 987 676 911 910 775 1009 685 922 921 805 1040 803 923 688 924
 1147 1005 1003 1006 1097 1095 1024 785 786 739 741 822 1056 937 935
 969 738 736 691 689 818 1051 1104 1105 1106 979 751 752 929 928
 1139 931 720 949 718 719 1042 1041 808 680 915 983 982 754 932
 704 933 934 845 846 702 1140 733 964 1007 772 774 773 1048 815
 816 1047 940 712 1099 862 946 945 869 1102 1103 809 1044 810 769
 1146 939 710 722 721 959 961 828 1060 1017 1020 957 726 908 907
 1136 1075 839 1123 894 893 890 1121 891 683 917 821 820 1072 838
 837 853 1090 1091 1092 1094 1154 878 877 881 880 882 1151 858 857
 897 1126 1125 889 1120 888 1016 1148 1013 835 1068 795 794 1114 1113
 1115 695 693 1137 694 1080 1079 1297 1298 1287 1294 1293 1291 765 766
 767 1283 1299 1300 832 1065 833 1066 965 734 866 867 984 985 975
 746 995 996 1031 1030 841 1078 1077 831 1063 1062 847 848 953 1144
 744 730 1004 779 930 948 1029 901 705 1008 1049 692 874 1089 1067
 1296 1001 1206 1209 1208 1210 1207 1183 1181 1182 1185 1184 1257 1256 1272
 1255 1258 1263 1274 1266 1264 1265 1157 1158 1159 1156 1160 1194 1195 1193
 1191 1192 1179 1178 1180 1176 1177 1212 1214 1215 1211 1213 1254 1251 1253
 1252 1271 1259 1262 1273 1261 1260 1189 1190 1186 1187 1188 1164 1163 1162
 1161 1165 1229 1230 1227 1226 1228 1270 1275 1267 1268 1269 1218 1217 1219
 1220 1216 1245 1243 1244 1241 1242 1234 1233 1231 1235 1232 1246 1247 1249
 1248 1250 1236 1239 1237 1240 1238 1175 1171 1174 1173 1202 1205 1204 1203
 1170 1169 1168 1166 1196 1199 1198 1200 1221 1222 1224 1225 1172 1201 1167
 1197 1223 1276 672 670 666 665 669 1107 1109 872 1155 883 885 1130
 902 1129 905 1132 904 1134 903 1131 884 886 1108 873 1133
31 108 107 100 99 85 86 87 91 79 83 84 90 89
 77 78 88 74 75 76 528 529 527 530 526 25 26 27 28
 29 30 0 73 45 71 72 37 36 65 60 59 58 61 47
 70 33 64 43 66 67 51 50 69 63 55 54 57 56 41
 40 39 42 68 53 46 38 48 49 62 52 44 34 35 32
 17 18 19 14 15 9 81 80 82 10 11 5 6 7 16
 13 12 8 525 523 521 524 518 519 514 4 3 513 522 516
 515 517 512 2 1 511 520 270 269 440 441 300 299 388 389
 154 153 274 273 399 398 298 297 413 412 419 420 337 206 134
 133 397 396 220 219 426 428 430 429 427 360 361 249 247 246
 250 248 386 387 120 119 335 336 276 205 160 159 395 394 339
 295 293 296 294 291 292 218 172 171 358 357 359 356 308 306
 305 307 409 410 408 411 377 376 326 325 328 327 334 275 194
 193 204 203 200 202 201 197 199 198 196 195 158 132 393 392
 338 289 287 290 288 215 214 217 216 170 138 137 423 421 422
 425 424 355 350 346 349 348 347 352 354 353 351 239 242 245
 236 244 243 237 241 240 238 148 147 150 146 149 407 406 371
 375 370 373 372 374 320 319 323 321 324 322 266 265 268 267
 112 111 272 271 122 121 192 157 438 439 390 391 284 286 285
 281 283 282 211 213 210 212 168 169 165 167 164 166 126 125
 116 115 344 343 342 345 179 178 180 177 404 405 402 403 368
 367 365 369 366 364 260 259 262 264 261 263 188 187 190 189
 330 329 381 380 606 191 155 156 131 209 163 341 340 303 302
 301 304 228 231 230 229 227 235 232 234 233 226 176 174 173
 175 144 145 363 362 318 315 317 314 313 316 255 253 257 256
 258 254 186 185 379 378 332 331 384 385 382 383 151 152 117
 118 279 280 208 207 162 161 136 135 124 123 401 400 311 312
 309 310 252 251 183 181 182 184 128 127 575 595 563 418 417
 129 130 222 223 221 225 224 139 143 140 142 141 574 559 593
 594 608 557 571 277 278 113 114 544 562 548 542 597 581 567
 556 555 603 601 602 570 573 591 592 547 541 540 607 596 578
 580 577 579 566 554 536 584 585 610 609 589 605 572 558 543
 532 531 590 561 546 576 565 553 598 600 599 583 582 588 587
 611 545 539 538 564 552 534 535 586 560 537 550 551 569 549
 533 568 109 106 101 98 104 103 105 96 97 110 94 102 93
 95 92 24 22 20 21 23 480 479 509 500 501 469 504 497
 496 460 459 445 478 442 495 483 458 444 508 505 506 499 486
 468 450 449 436 477 432 503 482 443 416 498 485 467 448 510
 507 454 437 476 455 431 414 484 465 463 466 464 447 491 490
 470 471 502 493 492 474 481 456 457 433 434 415 462 446 487
 489 488 452 453 451 628 475 333 461 435 473 472 494 627 626
 622 624 623 625 619 618 621 620 614 616 615 617 613 612 604
 630 629 631 632 633 634 635 636 637 638 639 640 641 642 643
 644 645 646 647 648 649 650 653 652 651 1263 1256 1261 1264 1255
 1253 1268 1262 1267 1252 1269 1251 1260 1259 1266 1270 1258 1254 1265 1257
 1276 675 724 705 678 722 812 748 682 704 723 844 756 734 821
 827 882 738 871 837 872 842 831 753 868 902 903 869 830 754
 683 677 839 745 896 741 752 778 744 719 840 746 820 735 800
 713 759 721 679 684 676 755 843 873 838 870 841 861 892 808
 687 717 787 797 691 782 824 709 802 761 712 707 715 814 681
 749 825 783 710 697 703 725 686 847 856 720 779 743 769 864
 886 857 876 767 875 762 905 790 899 850 774 890 863 807 711
 760 801 897 739 751 889 795 811 736 828 881 771 867 846 793
 893 785 818 737 880 829 718 780 742 806 862 891 803 777 733
 817 894 786 680 813 747 815 833 809 796 887 716 688 848 855
 740 750 898 689 788 799 702 696 832 816 908 835 854 693 728
 706 714 730 695 726 685 845 792 757 822 900 773 851 906 853
 836 823 758 765 884 877 860 731 804 776 763 874 904 791 698
 701 729 692 694 727 865 768 766 859 878 883 798 789 690 879
 858 885 764 819 895 784 775 805 732 794 810 888 708 781 826
 772 849 901 699 700 866 770 852 907 834 949 1012 972 1045 977
 916 950 914 1011 948 973 968 1118 1061 1126 979 970 985 1080 1107
 1104 1071 1077 1037 941 999 1099 1121 1042 966 1053 954 933 1122 1041
 1100 971 1125 980 918 909 915 1046 978 1038 940 998 969 1060 1117
 1130 981 1102 1064 1075 976 1022 938 1058 920 956 925 945 911 919
 1040 1010 964 913 952 924 947 960 989 1098 1026 926 1036 1103 1063
 982 1131 1070 1106 1108 1078 1034 1044 1119 955 934 1020 1113 1016 1076
 1109 1072 1105 1067 1048 1074 975 917 910 1028 1112 1133 1002 1111 1029
 1132 1000 1054 965 1087 1093 1081 984 1116 1013 1018 1136 1091 1068 1055
 995 1079 986 932 953 1073 974 943 937 1056 996 912 951 1127 1008
 1088 1085 1092 1059 939 1021 1033 1043 1120 967 1052 957 922 1095 988
 962 1089 1128 1007 1032 1083 991 930 1005 1039 1009 963 1003 931 994
 1035 927 1025 1135 1069 1090 1050 1123 1023 1049 1065 1084 1031 1051 1024
 1124 1062 1129 1101 983 935 944 1097 961 987 929 1006 992 928 993
 1004 1115 1017 1014 1001 1134 1110 1027 958 921 997 1057 936 942 1086
 1094 946 923 1047 1066 1096 959 990 1019 1015 1114 1082 1030 1297 1300
 1285 1299 1283 1298 1284 1287 1294 1296 1286 1290 1288 1282 1291 1295 1289
 1292 1293 1173 1171 1172 1174 1175 1167 1166 1168 1169 1170 1162 1161 1163
 1164 1165 1157 1158 1156 1159 1160 1179 1178 1177 1176 1180 1182 1181 1183
 1185 1184 1196 1198 1197 1199 1200 1202 1201 1204 1203 1205 1186 1188 1187
 1189 1190 1192 1191 1194 1193 1195 1207 1206 1208 1210 1209 1215 1213 1212
 1214 1211 1224 1222 1223 1221 1225 1219 1217 1218 1216 1220 1230 1227 1229
 1228 1226 1248 1247 1246 1249 1250 1242 1243 1241 1244 1245 1238 1236 1237
 1239 1240 1233 1232 1231 1234 1235 665 663 659 671 658 655 673 670
 667 666 656 661 654 657 672 668 662 660 664 669 1278 1277 1280
 1279 1281 674 1272 1271 1274 1273 1275 1150 1141 1143 1139 1147 1144 1149
 1153 1148 1151 1154 1155 1145 1152 1146 1137 1142 1140 1138 1301
