0 2 1 4 3 8 7 6 5 10 9 12 11 14
 13 15 17 16 18 20 19 22 21 24 23 26 25 28 27
 30 29 35 33 32 34 31 37 36 38 40 39 44 43 42
 41 45 46 48 47 50 49 51 55 54 53 52 58 59 56
 57 63 64 62 60 61 65 68 69 66 67 70 73 74 71
 72 92 93 81 86 90 91 77 84 88 82 94 78 89 83
 87 79 80 75 76 85 105 109 113 108 112 103 107 104 100
 102 95 111 101 98 96 114 106 99 97 110 115 116 117 130
 122 127 137 119 136 132 126 125 120 129 128 118 133 124 131
 135 134 123 121 138 140 139 142 141 144 143 146 145 147 152
 160 154 155 148 159 150 151 165 161 164 153 149 157 167 166
 158 156 163 162 187 170 169 173 185 171 180 184 181 178 177
 183 174 176 186 179 175 172 182 168 188 194 192 193 190 191
 189 204 207 205 200 206 198 202 201 208 195 197 199 196 203
 217 218 225 220 216 221 223 213 209 210 226 212 214 227 215
 228 211 219 222 224 234 242 244 247 246 229 238 241 248 235
 245 243 236 230 240 231 239 233 232 237 249 252 253 250 251
 265 262 273 264 266 271 261 260 255 269 257 254 258 270 272
 263 267 259 268 256 274 275 278 279 276 277 280 290 289 294
 288 292 291 299 284 282 281 286 285 296 283 300 293 298 297
 287 295 304 313 308 301 318 317 311 303 319 312 307 310 302
 316 320 314 306 305 309 315 322 321 325 324 323 329 328 327
 326 330 346 347 336 348 350 333 345 344 341 343 339 349 340
 338 337 331 332 334 342 335 353 357 351 358 361 370 352 354
 368 364 355 363 362 360 366 365 369 359 367 356 387 386 375
 380 373 377 376 379 378 374 388 383 382 389 390 372 371 381
 384 385 391 394 395 392 393 399 398 397 396 400 419 417 416
 406 420 404 412 413 410 409 415 407 408 418 411 403 402 414
 401 405 437 428 433 425 424 430 429 422 427 426 438 440 423
 436 439 434 421 431 435 432 442 441 445 444 443 450 448 447
 449 446 455 453 452 454 451 466 458 457 468 471 462 461 465
 474 463 456 470 459 473 467 460 475 469 464 472 478 477 476
 480 479 484 483 482 481 485 500 497 489 488 492 496 490 498
 505 502 491 487 493 503 486 504 495 499 501 494 512 517 519
 513 514 515 506 509 510 511 522 507 524 508 525 523 516 521
 518 520 544 536 531 532 533 528 529 530 539 540 527 542 545
 534 535 543 537 541 526 538 550 557 551 560 546 548 565 554
 553 563 564 547 561 562 549 558 559 555 556 552 583 573 575
 571 572 569 570 567 580 568 585 584 581 582 574 578 579 566
 577 576 589 590 588 586 587 595 598 606 610 591 599 605 592
 596 603 607 608 600 609 597 593 601 602 604 594 629 626 628
 617 620 623 614 625 624 615 627 630 616 619 618 612 621 613
 611 622 650 644 641 648 645 643 642 639 638 649 633 637 636
 632 635 647 646 634 640 631 656 660 657 659 658 651 653 655
 654 652 664 663 662 661 666 665 669 670 667 668 680 676 678
 679 677 672 675 673 674 671 685 686 684 683 681 682 688 687
 690 689 697 696 700 698 699 692 691 694 695 693 702 701 706
 707 710 703 704 709 708 705 720 717 719 718 716 715 712 714
 713 711 730 724 725 722 723 729 728 727 726 721 737 736 738
 739 740 732 731 733 734 735 744 743 742 741 750 749 748 747
 746 745 752 751 758 759 760 757 756 753 754 755 764 770 765
 761 763 769 768 767 766 762 777 778 776 779 780 773 771 772
 774 775 788 785 786 787 782 783 784 781 790 789 800 797 798
 799 796 795 792 793 794 791 808 803 802 806 807 804 805 801
 810 809 816 820 818 819 817 811 815 813 814 812 829 826 827
 828 830 822 823 824 821 825 840 837 839 838 836 835 832 834
 833 831 849 850 844 843 847 848 845 846 841 842 853 859 851
 858 856 855 860 854 852 857 867 863 862 868 870 869 861 864
 866 865 889 885 884 890 881 888 886 887 883 882 875 880 879
 873 872 877 878 876 871 874 894 897 895 891 893 898 892 896
 900 899 908 903 902 907 910 909 904 901 906 905 913 914 911
 912 918 917 916 915 920 919 922 921 929 930 927 928 925 926
 923 924 942 941 943 947 949 948 944 946 945 950 932 931 933
 937 939 938 934 936 935 940 969 961 962 964 970 966 967 968
 963 965 952 953 959 954 960 956 957 958 951 955 981 984 985
 982 983 986 989 987 988 990 971 974 975 972 973 976 978 979
 977 980 1004 1002 1005 1001 1003 1007 1010 1008 1009 1006 994 992 995
 991 993 1000 996 998 999 997 1021 1022 1024 1025 1023 1026 1029 1028
 1030 1027 1011 1012 1015 1013 1014 1016 1020 1018 1017 1019 1032 1031 1034
 1033 1036 1035 1038 1037 1040 1039 1042 1041 1044 1043 1046 1045 1048 1047
 1050 1049 1056 1053 1052 1057 1067 1051 1054 1070 1064 1068 1066 1063 1062
 1059 1069 1061 1055 1060 1065 1058 1074 1078 1075 1071 1073 1079 1080 1072
 1076 1077 1089 1088 1085 1086 1083 1084 1090 1082 1081 1087 1095 1108 1107
 1105 1091 1099 1100 1101 1096 1097 1098 1110 1106 1109 1094 1103 1093 1092
 1104 1102 1115 1126 1128 1124 1111 1120 1119 1121 1117 1116 1118 1129 1127
 1114 1130 1112 1123 1113 1122 1125 1132 1131 1134 1133 1140 1144 1142 1143
 1141 1135 1139 1137 1138 1136 1151 1147 1146 1152 1150 1149 1145 1148 1154
 1153 1159 1158 1157 1156 1155 1163 1164 1162 1160 1161 1165 1169 1168 1167
 1166 1171 1170 1173 1172 1174 1177 1179 1175 1178 1176 1181 1180 1183 1182
 1184 1186 1185 1187 1189 1188 1191 1190 1193 1192 1194 1197 1196 1195 1199
 1198 1204 1203 1202 1201 1200 1208 1209 1207 1205 1206 1214 1213 1212 1211
 1210 1217 1218 1215 1216 1219 1222 1224 1220 1223 1221 1229 1227 1226 1228
 1225 1230 1232 1231 1234 1233 1235 1239 1240 1238 1236 1237 1241 1245 1244
 1243 1242 1247 1246 1249 1248 1250 1252 1251 1253 1255 1254 1258 1257 1256
 1260 1259 1262 1261 1264 1263 1265 1270 1269 1268 1267 1266 1273 1272 1271
 1275 1274 1276 1277 1278 1279 1280 1281 1295 1293 1296 1292 1294 1297 1298
 1301 1300 1299 1285 1283 1286 1282 1284 1287 1288 1291 1290 1289
0 2 1 4 3 8 7 6 5 10 9 12 11 17
 15 14 16 13 19 18 22 21 20 24 23 26 25 28 27
 30 29 34 32 35 31 33 40 38 37 39 36 43 45 41
 44 42 49 47 50 46 48 53 52 51 55 54 58 59 56
 57 64 62 61 63 60 69 66 68 67 65 71 70 72 74
 73 84 81 85 83 87 90 76 93 78 75 77 91 79 89
 88 80 86 94 82 92 103 107 104 109 113 112 114 105 95
 97 102 110 96 111 98 106 108 100 99 101 115 116 117 132
 125 134 124 137 131 121 119 130 133 136 135 126 123 118 127
 120 129 128 122 140 141 138 139 142 145 144 143 147 146 151
 161 167 148 164 166 163 160 162 158 157 165 155 149 156 154
 152 159 153 150 175 184 173 180 182 170 187 168 177 176 179
 178 171 185 172 186 169 181 183 174 188 200 206 202 196 207
 205 203 192 204 208 201 189 199 191 195 197 194 190 193 198
 228 219 215 216 221 218 211 212 222 214 210 226 213 217 227
 225 224 220 223 209 236 243 238 248 247 239 246 229 244 231
 234 245 242 241 230 237 240 235 233 232 251 250 249 253 252
 264 265 267 266 261 263 262 258 260 259 254 255 257 256 273
 272 271 270 269 268 274 275 279 277 280 276 278 298 299 292
 289 291 296 290 297 284 287 285 283 300 295 294 286 288 281
 282 293 306 308 316 314 319 301 309 302 307 320 315 318 317
 304 311 303 313 312 305 310 321 323 322 325 324 326 329 330
 327 328 338 335 347 336 332 334 340 331 344 337 343 348 341
 339 346 345 333 342 350 349 370 362 354 353 369 357 356 363
 367 368 365 352 358 366 361 364 359 360 355 351 374 389 384
 371 382 385 380 386 383 377 387 375 379 373 376 378 381 390
 372 388 393 395 391 394 392 397 396 398 400 399 407 414 417
 419 416 410 401 412 413 406 420 408 409 402 418 405 403 415
 404 411 435 432 438 440 436 434 431 430 439 428 427 422 437
 426 421 425 433 423 429 424 443 444 441 442 445 447 446 449
 448 450 452 451 454 453 455 470 471 472 464 467 474 463 462
 459 473 475 460 469 468 456 457 458 465 461 466 479 480 478
 476 477 481 484 485 482 483 493 490 492 499 487 501 488 486
 497 504 500 494 502 489 496 491 498 505 495 503 514 518 511
 525 522 508 519 524 506 516 515 523 507 512 521 520 510 517
 513 509 541 532 545 531 540 529 527 544 538 537 539 535 534
 536 530 526 543 542 533 528 558 561 560 557 551 550 555 556
 562 552 553 549 546 563 548 547 554 559 565 564 574 584 570
 577 568 581 576 579 566 580 572 569 582 573 575 571 578 585
 567 583 588 587 586 590 589 594 605 600 591 607 597 596 608
 609 593 603 604 601 602 592 610 595 598 599 606 617 629 616
 628 622 613 611 619 618 625 630 615 626 627 620 623 624 614
 612 621 632 631 648 650 638 646 644 635 647 645 642 641 649
 637 640 636 639 633 643 634 660 658 656 657 659 653 654 652
 655 651 663 666 661 669 670 662 668 667 664 665 679 680 676
 677 678 673 674 675 671 672 683 689 681 688 686 685 690 684
 682 687 700 697 699 696 698 694 692 695 693 691 707 709 710
 706 708 704 701 705 702 703 716 719 718 720 717 711 715 713
 712 714 726 730 724 723 727 721 725 729 728 722 739 737 736
 740 738 733 732 735 731 734 748 745 744 743 742 750 749 741
 747 746 753 757 751 758 759 760 752 754 755 756 769 766 764
 763 767 762 765 770 761 768 778 780 777 776 779 774 773 771
 775 772 787 789 790 786 788 784 781 785 782 783 799 798 796
 797 800 793 794 792 791 795 807 804 808 802 810 809 801 803
 806 805 818 817 819 820 816 815 812 811 813 814 825 828 826
 830 821 823 829 822 827 824 836 838 837 840 839 831 833 832
 835 834 842 841 846 845 844 843 850 849 848 847 859 860 855
 857 853 858 854 856 851 852 864 867 869 861 866 865 862 870
 863 868 882 884 890 883 889 885 881 886 888 887 877 871 874
 872 876 878 880 879 875 873 895 900 897 898 891 899 893 894
 896 892 904 908 909 901 906 905 910 902 903 907 914 918 917
 911 920 919 913 912 916 915 930 928 926 925 924 923 929 922
 927 921 947 942 949 950 946 945 941 948 943 944 937 932 939
 940 936 935 931 938 933 934 965 969 961 970 963 962 964 967
 968 966 953 956 955 957 951 960 958 959 952 954 985 982 983
 981 984 989 990 986 987 988 974 972 973 975 971 978 979 980
 976 977 1001 1005 1003 1002 1004 1008 1009 1010 1006 1007 991 994 993
 995 992 999 1000 996 997 998 1024 1021 1025 1023 1022 1030 1026 1029
 1027 1028 1012 1015 1014 1011 1013 1017 1019 1020 1018 1016 1032 1031 1034
 1033 1036 1035 1038 1037 1040 1039 1042 1041 1044 1043 1046 1045 1048 1047
 1050 1049 1057 1067 1059 1070 1060 1061 1051 1065 1053 1055 1056 1064 1068
 1062 1058 1069 1052 1063 1066 1054 1073 1079 1071 1078 1077 1080 1075 1074
 1072 1076 1086 1087 1090 1085 1084 1081 1082 1089 1088 1083 1096 1110 1100
 1104 1108 1091 1101 1109 1103 1093 1097 1106 1099 1094 1107 1102 1105 1095
 1098 1092 1116 1129 1130 1118 1126 1111 1121 1114 1125 1123 1117 1127 1120
 1128 1119 1115 1122 1124 1112 1113 1132 1131 1134 1133 1141 1137 1136 1139
 1138 1142 1135 1140 1144 1143 1150 1151 1152 1153 1154 1145 1146 1147 1148
 1149 1155 1157 1156 1159 1158 1162 1161 1160 1164 1163 1167 1166 1165 1169
 1168 1173 1174 1172 1170 1171 1179 1178 1177 1176 1175 1182 1181 1180 1184
 1183 1189 1186 1188 1187 1185 1193 1191 1194 1190 1192 1199 1197 1196 1198
 1195 1202 1204 1200 1203 1201 1209 1206 1208 1207 1205 1213 1212 1211 1210
 1214 1218 1216 1219 1215 1217 1221 1220 1223 1222 1224 1227 1226 1225 1229
 1228 1234 1231 1233 1232 1230 1235 1238 1237 1236 1240 1239 1243 1242 1241
 1245 1244 1246 1249 1250 1247 1248 1255 1253 1252 1254 1251 1257 1256 1260
 1259 1258 1263 1265 1261 1264 1262 1267 1266 1269 1268 1270 1274 1273 1272
 1271 1275 1276 1277 1278 1279 1280 1281 1292 1295 1294 1296 1293 1298 1301
 1300 1299 1297 1282 1286 1284 1283 1285 1291 1287 1290 1289 1288
0 3 4 2 1 6 8 5 7 12 11 9 10 15
 14 16 17 13 21 19 18 22 20 25 26 24 23 29 30
 28 27 31 33 35 32 34 38 37 39 40 36 43 42 45
 41 44 47 48 50 49 46 52 55 53 51 54 57 58 59
 56 64 61 63 60 62 66 68 65 67 69 72 71 74 70
 73 87 90 88 81 77 75 89 78 94 83 86 76 93 92
 82 85 84 79 80 91 101 105 96 113 110 98 112 111 109
 108 114 95 100 99 102 104 103 106 107 97 115 116 117 133
 123 125 134 131 130 128 129 135 119 122 137 127 124 136 121
 118 132 126 120 142 138 140 139 141 145 143 147 146 144 162
 165 152 154 156 151 164 163 157 150 166 148 159 167 160 161
 153 158 149 155 185 177 176 182 184 172 178 186 180 168 175
 170 179 171 187 173 183 169 174 181 188 206 204 195 197 203
 190 199 189 193 191 198 202 194 205 192 201 207 208 200 196
 226 217 212 227 228 215 219 209 220 222 224 223 211 213 210
 214 216 225 221 218 246 238 229 239 241 235 240 232 230 245
 244 247 248 231 233 236 237 242 234 243 250 252 251 253 249
 273 263 257 271 272 258 267 256 259 264 270 268 269 265 260
 254 255 261 262 266 274 275 280 279 278 276 277 295 293 299
 283 298 289 285 292 300 294 284 281 290 282 288 287 286 296
 291 297 318 310 319 312 317 309 308 305 314 316 302 303 320
 315 306 311 307 313 304 301 322 323 324 321 325 329 330 328
 327 326 335 340 331 341 339 338 334 342 333 349 347 345 350
 348 336 332 337 343 346 344 369 361 355 366 363 360 365 364
 353 362 358 367 359 352 351 370 356 354 357 368 389 390 387
 375 381 386 378 371 374 382 379 385 376 380 384 388 372 383
 377 373 394 395 393 392 391 400 396 397 399 398 420 413 404
 414 412 402 403 418 405 416 410 417 415 407 406 419 409 401
 411 408 422 429 436 421 435 433 440 439 424 437 428 438 425
 431 426 427 432 430 434 423 444 442 441 445 443 447 449 448
 450 446 452 454 453 455 451 461 462 463 456 459 460 467 466
 472 475 474 473 470 471 465 464 469 457 458 468 479 478 476
 477 480 484 485 483 482 481 488 486 502 498 491 494 501 503
 495 490 497 493 505 500 492 499 487 496 489 504 525 516 507
 511 517 521 509 508 523 520 513 515 514 518 510 512 524 519
 506 522 529 544 530 542 534 540 543 538 537 532 533 528 541
 535 527 536 545 539 531 526 564 555 559 556 565 563 548 550
 551 546 561 552 554 557 553 562 549 558 547 560 582 585 581
 574 579 566 573 583 567 571 577 568 572 580 584 576 575 578
 570 569 586 590 587 588 589 598 610 602 597 608 600 607 606
 593 592 599 601 605 591 595 604 609 603 594 596 622 618 620
 624 623 630 627 617 613 626 629 628 621 616 611 619 612 625
 615 614 640 636 643 639 648 634 638 631 632 637 649 635 650
 646 633 641 642 647 644 645 663 670 667 666 664 661 668 669
 662 665 654 652 658 657 653 656 660 655 651 659 689 681 687
 684 686 683 685 690 688 682 679 673 675 678 671 676 680 672
 677 674 704 705 709 701 703 708 706 707 710 702 697 692 696
 699 700 694 693 695 698 691 729 727 721 723 722 730 725 724
 726 728 720 719 716 712 711 715 718 713 717 714 745 741 746
 747 743 748 742 750 749 744 739 733 736 731 740 737 738 735
 732 734 761 769 765 762 764 768 770 767 766 763 754 751 752
 758 757 756 755 759 760 753 787 790 782 786 788 789 781 783
 784 785 774 778 773 772 771 777 780 776 775 779 804 803 809
 805 801 807 808 806 810 802 799 793 796 797 798 794 792 791
 800 795 823 829 825 822 824 826 830 821 828 827 815 817 819
 818 820 812 813 811 816 814 850 841 845 843 848 849 842 846
 844 847 840 835 836 831 838 833 832 837 834 839 861 869 864
 867 865 866 868 862 863 870 860 853 855 858 859 857 852 856
 854 851 890 871 877 880 885 878 883 884 875 888 876 879 889
 881 882 874 872 886 873 887 904 908 906 901 905 909 902 903
 910 907 899 891 895 897 898 900 893 896 892 894 925 926 924
 923 930 928 922 921 929 927 911 914 917 919 918 920 912 915
 913 916 935 936 942 939 950 947 933 941 944 938 945 946 932
 949 940 937 943 931 934 948 970 967 963 953 960 964 951 956
 952 968 958 955 969 961 959 957 965 962 954 966 986 989 990
 988 987 973 974 972 971 975 978 980 979 976 977 983 982 985
 981 984 1010 1008 1009 1006 1007 991 994 993 995 992 999 996 1000
 998 997 1005 1001 1003 1004 1002 1019 1018 1017 1020 1016 1021 1023 1024
 1025 1022 1027 1029 1030 1026 1028 1012 1015 1011 1014 1013 1034 1033 1031
 1032 1038 1037 1035 1036 1041 1042 1040 1039 1045 1046 1044 1043 1050 1049
 1047 1048 1055 1056 1061 1059 1070 1060 1053 1068 1065 1069 1062 1057 1051
 1058 1067 1064 1054 1066 1052 1063 1086 1087 1083 1081 1090 1084 1088 1082
 1085 1089 1079 1073 1078 1075 1074 1077 1080 1071 1072 1076 1100 1104 1110
 1096 1093 1098 1099 1108 1109 1103 1095 1097 1105 1106 1091 1107 1092 1094
 1102 1101 1118 1130 1116 1129 1114 1119 1115 1123 1126 1125 1120 1121 1128
 1112 1122 1113 1124 1111 1117 1127 1133 1134 1132 1131 1151 1150 1153 1152
 1154 1146 1149 1148 1147 1145 1139 1136 1137 1141 1142 1140 1138 1135 1143
 1144 1159 1156 1155 1157 1158 1160 1164 1161 1162 1163 1166 1169 1167 1165
 1168 1174 1171 1173 1170 1172 1179 1176 1175 1177 1178 1182 1180 1184 1183
 1181 1189 1185 1186 1188 1187 1193 1190 1192 1194 1191 1196 1198 1197 1199
 1195 1200 1204 1203 1201 1202 1207 1209 1206 1208 1205 1213 1211 1214 1212
 1210 1219 1218 1217 1215 1216 1223 1220 1222 1224 1221 1228 1227 1225 1226
 1229 1231 1232 1233 1230 1234 1235 1236 1240 1237 1238 1239 1242 1245 1243
 1241 1244 1247 1249 1248 1250 1246 1253 1252 1254 1255 1251 1256 1259 1257
 1260 1258 1265 1262 1261 1263 1264 1267 1268 1270 1269 1266 1272 1275 1273
 1271 1274 1276 1277 1278 1279 1280 1281 1290 1287 1291 1288 1289 1292 1294
 1295 1296 1293 1301 1298 1300 1299 1297 1282 1284 1286 1285 1283
1 0 4 3 2 26 9 58 28 6 29 25 59 13
 17 16 15 14 189 198 205 204 203 30 56 11 5 57 8
 10 23 32 31 33 35 34 638 649 645 647 636 569 581 573
 584 582 272 267 271 263 273 563 564 562 552 553 24 27 7
 12 242 243 245 236 234 360 361 366 369 359 150 162 153 163
 165 80 83 89 323 94 75 84 86 76 81 92 82 325 324
 77 322 321 85 93 79 104 108 112 106 103 105 109 113 99
 95 100 98 110 96 101 107 114 97 102 111 115 116 117 277
 278 135 136 129 123 276 134 279 130 133 122 127 132 131 128
 125 120 121 280 176 185 178 183 182 504 502 493 491 500 159
 154 70 161 158 72 149 166 164 167 152 148 160 151 71 73
 156 74 155 157 172 187 177 179 168 180 186 175 138 170 140
 171 173 184 142 141 181 139 174 169 188 18 208 191 206 194
 193 199 200 202 19 195 196 207 197 22 21 20 192 201 190
 210 209 213 223 211 224 586 221 589 220 219 218 216 226 212
 214 590 222 588 587 247 244 237 235 233 64 232 63 231 240
 246 238 248 60 61 230 62 239 229 241 434 440 430 422 425
 256 270 254 268 269 260 259 262 261 49 264 266 265 47 257
 258 255 48 46 50 274 275 124 118 119 126 137 298 299 292
 289 291 296 290 297 284 287 285 283 300 295 294 286 288 281
 282 293 310 319 307 329 311 328 303 327 309 301 305 320 330
 315 314 326 318 317 302 312 91 90 78 88 87 316 308 306
 304 313 339 349 335 347 333 342 341 345 331 346 337 336 344
 343 338 340 334 350 332 348 364 367 353 365 363 368 362 370
 69 65 66 357 355 351 354 67 352 356 68 358 387 386 375
 380 373 377 376 379 378 374 388 383 382 389 390 372 371 381
 384 385 393 395 391 394 392 518 525 513 521 517 451 408 407
 453 419 411 403 402 418 454 406 455 452 414 417 420 415 409
 405 416 436 252 435 433 253 439 428 427 431 251 429 438 424
 249 423 421 437 432 426 250 614 623 612 613 611 610 603 591
 607 593 401 413 404 410 412 457 456 470 463 475 469 468 459
 465 464 471 472 462 461 458 466 467 474 473 460 477 476 479
 478 480 529 528 539 527 538 505 503 501 492 495 146 489 145
 494 490 499 498 497 496 147 488 144 487 143 486 507 506 514
 511 523 509 512 398 508 522 520 400 396 524 516 399 515 510
 519 397 536 484 482 481 542 537 543 534 533 535 526 531 485
 483 545 544 530 532 541 540 554 548 547 549 558 559 54 55
 546 560 561 565 550 551 555 556 53 51 52 557 578 572 577
 41 583 580 567 43 575 574 576 568 566 585 571 42 45 570
 44 579 215 228 227 217 225 448 601 450 599 597 609 595 598
 594 608 592 605 447 606 602 604 449 600 596 446 445 443 444
 441 629 619 630 620 616 618 621 624 442 622 626 625 628 627
 615 617 642 635 634 633 632 40 639 36 637 650 646 631 648
 644 38 641 39 643 37 640 1063 1064 1060 1067 1053 715 711 713
 714 712 751 757 841 848 760 850 843 759 758 845 798 797 799
 796 800 1122 1115 1112 1116 1123 819 961 966 820 962 818 817 965
 816 969 875 871 877 880 878 1105 1093 1104 1098 1097 731 1013 733
 732 735 1015 1014 1011 734 1012 657 660 658 659 656 765 768 769
 762 764 1051 1054 1058 849 842 844 1069 847 1061 846 701 704 703
 709 705 1102 1103 1092 1096 1095 1018 881 1017 886 1016 1019 1020 887
 882 889 661 1056 1066 1065 1070 1057 662 669 668 665 839 719 836
 720 716 837 840 717 718 838 865 868 869 862 861 1084 1083 1087
 1081 1088 914 989 920 918 913 988 987 986 916 990 823 825 824
 829 822 674 672 671 673 675 956 1121 953 952 960 1114 1130 1119
 951 1128 1113 1117 1124 1118 1125 689 687 686 681 684 957 795 791
 793 792 955 954 959 794 958 1059 1055 1068 1052 1062 763 766 770
 761 767 663 725 667 726 670 730 728 664 724 666 915 912 1078
 1080 919 1079 911 917 1071 1075 775 774 975 974 771 973 972 772
 773 971 692 1023 1022 1021 691 1025 693 695 1024 694 742 749 1106
 1091 1108 744 748 1110 750 1099 1147 1150 1151 1289 1290 1288 1291 1148
 1154 1287 945 948 995 994 949 993 943 991 946 992 857 852 785
 781 851 789 858 784 855 783 984 1082 985 982 1085 1089 981 983
 1086 1090 1006 1009 1136 1007 1143 1135 1010 1139 1142 1008 1299 1300 907
 1297 901 909 1301 902 905 1298 809 804 803 827 826 801 821 830
 828 805 682 685 1127 1111 688 683 1126 1129 690 1120 870 867 866
 864 863 1074 1073 1072 1076 1077 927 924 928 921 923 788 787 786
 782 790 908 910 906 904 903 1146 1153 1152 1149 1145 1282 1285 1286
 1283 1284 931 934 940 932 937 708 710 702 707 706 745 743 741
 746 747 874 873 872 879 876 1094 1101 1100 1107 1109 1032 1031 1034
 1033 1038 1277 1037 1035 1042 1040 1278 1039 1043 1045 1044 1276 1280 1049
 1048 1050 721 834 655 722 832 752 756 723 831 653 729 835 651
 652 754 753 654 833 727 755 859 978 977 976 860 979 980 853
 856 854 779 922 777 776 925 929 778 780 926 930 884 738 697
 1026 740 739 700 699 890 1028 1027 736 737 698 696 883 1029 885
 1030 888 964 678 811 806 677 679 812 814 808 970 802 676 680
 813 815 967 963 810 968 807 1131 1133 1132 1281 936 933 1293 1292
 938 1294 1296 939 935 1295 1000 996 891 898 999 892 893 998 997
 899 1155 1157 1156 1159 1158 1161 1160 1163 1162 1164 1169 1168 1167 1166
 1165 1173 1174 1172 1170 1171 1179 1178 1177 1176 1175 1180 1183 1184 1181
 1182 1188 1187 1186 1185 1189 1194 1193 1192 1191 1190 1195 1198 1199 1196
 1197 1203 1201 1204 1200 1202 1206 1205 1209 1208 1207 1210 1214 1213 1212
 1211 1217 1218 1215 1216 1219 1224 1223 1222 1221 1220 1228 1229 1227 1225
 1226 1230 1232 1231 1234 1233 1235 1240 1238 1237 1239 1236 1242 1241 1245
 1244 1243 1247 1246 1249 1248 1250 1251 1255 1254 1253 1252 1258 1257 1256
 1260 1259 1264 1262 1265 1261 1263 1267 1266 1269 1268 1270 1274 1273 1272
 1271 1275 1046 1036 1041 1279 1047 1134 1001 1004 1005 1002 1003 900 896
 894 895 897 1138 1137 1140 1144 1141 944 950 941 942 947
5 12 57 25 28 8 0 7 6 23 4 58 27 471
 467 475 456 458 18 21 22 20 19 56 1 11 30 24 59
 9 2 97 99 95 100 102 36 38 40 37 39 566 572 585
 568 580 49 46 48 50 47 556 554 559 555 565 29 26 3
 10 248 238 247 246 244 369 361 360 359 366 149 164 157 148
 155 322 325 321 77 91 88 84 323 78 92 85 90 94 82
 87 76 75 93 81 324 104 31 105 35 113 103 32 112 110
 111 96 109 108 106 107 34 33 98 101 114 115 116 117 118
 126 136 278 276 131 119 279 137 125 129 130 280 132 277 134
 121 127 122 124 181 179 186 177 172 503 487 489 492 494 161
 160 70 153 162 71 154 152 167 158 163 166 150 165 74 72
 151 73 156 159 142 180 141 139 182 169 140 175 184 183 174
 185 187 176 168 170 138 171 178 173 188 191 198 194 200 189
 193 196 204 199 192 205 190 208 203 201 207 206 197 195 202
 221 212 216 213 226 214 224 590 209 587 586 589 588 220 218
 219 222 210 223 211 241 230 236 242 234 64 243 60 245 237
 240 229 239 62 63 233 61 235 232 231 438 433 421 427 439
 263 267 260 273 271 255 272 259 268 262 269 270 256 261 254
 258 257 264 266 265 274 275 120 123 133 135 128 294 292 293
 300 285 295 296 297 282 284 394 391 286 392 283 393 291 287
 281 395 318 310 319 312 317 309 308 305 314 316 302 303 320
 315 306 311 307 313 304 301 83 79 80 89 86 329 330 328
 327 326 341 339 346 343 350 342 477 480 479 344 340 338 476
 331 345 478 333 332 334 337 352 363 66 354 357 351 67 65
 364 355 365 68 356 362 353 368 358 370 367 69 373 376 374
 384 390 389 383 381 377 379 386 388 380 371 372 387 378 375
 385 382 289 299 298 288 290 513 518 521 525 517 412 406 408
 410 419 453 451 454 455 401 409 404 413 405 402 403 418 407
 452 411 429 251 430 424 249 436 435 432 422 253 425 426 437
 252 434 428 440 431 423 250 623 613 612 611 614 606 600 601
 594 595 417 414 415 416 420 470 473 460 474 464 15 462 16
 17 459 468 457 13 465 463 466 461 14 469 472 349 335 347
 348 336 530 542 535 541 544 147 490 498 497 496 502 499 504
 505 145 144 495 143 501 500 146 493 488 491 486 506 512 397
 508 511 519 400 523 398 396 510 507 509 516 514 520 399 515
 522 524 534 528 538 527 540 482 483 531 485 543 481 545 529
 539 536 537 533 532 526 484 55 549 548 558 547 51 557 561
 562 553 564 53 550 552 52 54 560 546 551 563 576 579 570
 41 582 567 583 42 581 584 569 571 578 577 574 45 44 573
 43 575 215 227 217 225 228 597 446 599 610 607 609 447 596
 448 591 593 602 592 450 598 603 604 449 605 608 629 616 626
 628 625 621 622 445 619 442 443 441 617 444 630 620 615 618
 624 627 635 647 640 646 641 631 645 644 650 632 636 639 648
 643 634 637 633 638 642 649 994 995 993 991 992 861 869 862
 868 865 678 680 872 879 677 874 873 676 679 876 877 871 878
 880 875 867 863 870 864 866 997 659 657 996 660 1000 999 658
 998 656 782 786 787 788 790 765 762 769 768 764 1294 819 1296
 1295 1293 820 816 817 1292 818 938 936 935 939 933 921 927 924
 928 923 1013 1015 1011 798 800 796 1014 797 1012 799 953 951 956
 960 952 904 903 906 910 908 978 838 977 839 979 976 980 840
 837 836 701 829 822 825 823 824 703 705 704 709 776 1285 780
 1284 1282 778 777 1286 1283 779 1287 1290 1289 1291 1288 706 702 710
 708 707 758 815 759 757 760 811 812 813 751 814 1017 1016 1018
 1020 1019 930 922 929 925 926 934 717 937 931 932 718 719 720
 940 716 1298 1301 1300 1297 1299 763 770 766 767 761 699 772 774
 773 775 698 697 700 771 696 971 974 973 975 972 907 901 905
 909 902 959 739 955 740 958 737 736 957 738 954 684 686 663
 664 689 670 687 681 667 666 888 890 1009 1006 883 1007 1008 884
 885 1010 651 1005 1004 1002 655 1001 653 652 1003 654 857 852 685
 682 683 851 858 690 855 688 841 850 843 741 746 745 743 845
 848 747 970 967 990 988 964 987 968 986 963 989 723 729 805
 804 722 803 721 801 727 809 1025 950 1023 1022 944 941 1024 1021
 947 942 1030 1029 792 1028 791 794 1027 793 795 1026 725 726 919
 730 912 915 724 917 911 728 835 832 831 983 982 833 981 984
 985 834 895 900 744 742 897 894 748 750 896 749 731 732 733
 735 734 961 965 966 969 962 899 893 892 898 891 844 849 847
 842 846 674 675 671 672 673 886 887 889 881 882 856 860 854
 859 853 669 662 668 665 661 949 945 948 943 946 715 713 711
 714 712 807 806 808 802 810 920 916 918 913 914 1279 1032 1034
 1031 1277 1036 1038 1035 1039 1278 1042 1040 1043 1276 1046 1044 1280 1048
 1050 1047 1126 1138 1089 1127 1137 1106 1108 1111 1140 1086 1120 1144 1082
 1085 1110 1091 1090 1141 1129 1099 1114 1057 1070 1066 1130 1065 1056 1119
 1128 1121 1149 1102 1153 1146 1103 1092 1145 1152 1096 1095 1142 1117 1075
 1062 1124 1125 1078 1080 1143 1068 1059 1113 1118 1071 1079 1135 1052 1139
 1055 1136 1081 1101 1063 1151 1107 1109 1060 1064 1147 1087 1154 1094 1100
 1067 1053 1083 1084 1148 1088 1150 1133 1134 1132 1131 1077 1076 1116 1115
 1072 1112 1123 1074 1073 1122 1061 1054 1097 1105 1058 1093 1104 1069 1051
 1098 1158 1155 1157 1159 1156 1163 1162 1160 1161 1164 1169 1167 1165 1168
 1166 1174 1171 1173 1170 1172 1178 1175 1177 1179 1176 1183 1182 1180 1181
 1184 1188 1189 1187 1186 1185 1192 1193 1191 1190 1194 1197 1195 1199 1198
 1196 1202 1203 1201 1200 1204 1207 1209 1206 1208 1205 1212 1210 1213 1211
 1214 1216 1219 1215 1218 1217 1222 1223 1221 1220 1224 1228 1227 1225 1226
 1229 1232 1234 1231 1233 1230 1235 1236 1240 1237 1238 1239 1245 1243 1241
 1244 1242 1249 1248 1246 1247 1250 1254 1251 1252 1253 1255 1256 1259 1257
 1260 1258 1264 1261 1263 1265 1262 1270 1267 1266 1268 1269 1275 1273 1271
 1274 1272 1045 1037 1041 1033 1049 1281 830 826 828 827 821 752 754
 756 753 755 785 781 789 783 784 695 692 691 694 693
