0 1 2 3 4 5 6 7 8 9 10 11 12 13
 14 15 16 17 18 19 20 21 22 23 24 25 26 27 28
 29 30 43 40 32 48 31 45 53 54 44 38 50 39 36
 55 35 42 51 41 47 52 37 34 49 33 46 80 71 74
 72 73 56 60 57 59 63 61 64 75 66 76 77 78 70
 79 58 62 65 67 68 69 105 84 87 94 103 96 95 83
 81 82 88 100 90 93 91 101 86 85 97 98 99 89 92
 102 104 117 127 106 107 123 122 110 108 130 129 128 120 125
 124 113 115 126 116 109 111 118 119 112 114 121 141 150 153
 152 154 144 155 145 146 147 135 133 136 138 143 151 142 132
 131 137 134 139 140 149 148 160 158 159 156 157 180 177 173
 174 169 170 178 179 163 164 165 166 171 172 168 167 176 162
 161 175 199 202 193 204 194 192 200 201 191 205 182 185 195
 196 188 186 187 189 190 184 183 198 181 197 203 211 214 230
 219 220 216 217 227 228 224 208 209 221 222 223 226 212 213
 218 229 215 210 225 207 206 241 251 252 244 242 243 231 232
 233 248 236 249 237 239 238 253 240 254 246 247 255 234 235
 250 245 261 271 272 276 264 266 256 280 268 277 278 269 275
 274 260 267 265 258 257 270 279 273 262 263 259 295 302 303
 304 305 292 296 283 281 282 289 287 290 286 298 294 293 291
 301 284 300 297 285 299 288 314 325 322 316 307 323 319 317
 310 324 321 312 313 318 315 308 309 320 311 306 338 347 337
 346 328 329 327 330 332 343 349 350 348 334 344 336 326 341
 331 342 340 339 345 335 333 357 370 365 351 366 367 360 375
 372 363 364 353 354 368 369 358 359 352 371 361 362 374 355
 356 373 385 381 384 395 383 393 391 400 376 388 389 390 378
 377 379 397 387 386 382 392 398 399 380 394 396 415 417 425
 406 404 403 418 419 408 412 410 420 424 422 416 402 401 409
 407 421 411 413 414 423 405 429 428 446 445 444 436 449 437
 447 434 443 427 440 431 430 442 435 448 450 432 433 441 439
 426 438 459 460 472 473 451 454 474 475 468 469 455 466 467
 471 464 452 453 461 462 463 457 470 458 465 456 488 476 489
 490 496 494 497 498 485 487 484 500 478 477 491 493 479 492
 480 481 495 499 482 483 486 516 517 505 525 523 501 502 515
 524 519 507 508 520 504 518 509 521 522 514 503 511 512 513
 506 510 547 549 526 539 540 527 528 531 542 532 544 534 537
 548 550 538 541 529 530 543 533 535 545 546 536 559 557 555
 569 552 565 561 573 562 563 553 554 568 560 558 572 556 570
 551 564 566 574 567 575 571 577 585 598 599 587 576 589 591
 590 593 596 595 580 592 578 579 586 581 583 597 582 588 600
 594 584 607 618 601 614 609 621 610 619 623 624 616 617 606
 605 613 625 602 620 611 612 622 615 604 603 608 643 644 636
 638 626 639 627 632 631 646 648 642 645 635 628 640 629 649
 647 637 634 633 641 650 630 653 654 655 651 652 659 660 657
 658 656 663 665 662 661 664 668 669 667 670 666 673 675 674
 672 671 677 678 679 680 676 681 682 683 684 685 690 688 689
 686 687 694 691 695 693 692 696 697 698 699 700 703 704 702
 705 701 710 709 707 706 708 711 712 713 714 715 716 717 718
 719 720 721 722 723 724 725 730 729 726 728 727 735 734 731
 733 732 740 736 739 737 738 744 745 741 742 743 747 749 746
 750 748 754 753 751 755 752 757 758 759 760 756 764 765 761
 762 763 767 768 769 770 766 772 775 774 771 773 777 778 779
 780 776 782 784 786 783 795 781 792 787 791 789 793 785 794
 790 788 803 801 804 800 810 802 796 797 799 809 807 808 805
 806 798 834 846 843 825 816 836 826 828 866 870 844 849 869
 833 838 874 876 872 855 863 868 829 867 832 859 830 831 835
 822 878 839 882 845 850 812 813 841 885 847 840 837 875 871
 852 811 879 861 851 814 856 853 854 815 873 884 880 823 858
 824 817 883 827 860 820 881 818 848 821 864 842 862 819 857
 877 865 901 889 924 926 925 930 923 928 929 907 912 895 927
 922 918 887 896 913 890 908 911 888 920 921 909 915 914 917
 916 891 902 893 919 898 894 899 910 904 897 892 886 900 903
 905 906 981 990 982 986 932 968 952 992 948 933 995 975 983
 931 949 962 934 969 951 957 964 960 1019 970 984 1016 1004 980
 1023 965 1020 950 979 966 1006 945 978 935 941 955 996 988 976
 947 944 1001 974 971 958 1011 942 938 1002 1018 1022 977 1024 973
 1009 936 1008 940 1021 1025 939 1012 991 959 1014 989 972 956 1007
 946 961 937 1017 953 1010 1013 963 967 1000 1015 987 943 994 954
 997 985 998 1005 993 999 1003 1034 1049 1071 1066 1046 1068 1062 1072
 1036 1029 1042 1028 1064 1070 1047 1048 1063 1039 1027 1065 1044 1059 1054
 1030 1053 1057 1043 1045 1033 1067 1052 1073 1069 1031 1055 1060 1035 1026
 1037 1075 1032 1074 1040 1051 1056 1038 1041 1058 1061 1050 1127 1081 1109
 1094 1125 1090 1101 1115 1128 1124 1076 1093 1132 1085 1082 1165 1105 1169
 1107 1106 1163 1150 1126 1114 1154 1077 1123 1089 1113 1098 1099 1084 1111
 1086 1118 1137 1103 1140 1160 1139 1168 1122 1104 1170 1143 1167 1146 1108
 1112 1138 1151 1078 1079 1142 1164 1129 1087 1157 1091 1120 1166 1102 1097
 1100 1110 1145 1156 1162 1153 1158 1096 1148 1155 1144 1080 1092 1131 1136
 1083 1130 1152 1161 1119 1135 1095 1116 1159 1117 1147 1121 1149 1134 1133
 1088 1141 1175 1206 1182 1193 1209 1186 1208 1185 1207 1188 1172 1192 1198
 1194 1196 1200 1183 1191 1217 1199 1184 1197 1187 1180 1213 1195 1211 1174
 1176 1190 1202 1205 1204 1181 1210 1203 1171 1214 1179 1219 1173 1220 1178
 1189 1218 1215 1177 1212 1201 1216 1230 1229 1234 1237 1238 1228 1225 1239
 1226 1227 1233 1244 1249 1224 1223 1248 1235 1221 1222 1250 1242 1246 1245
 1231 1247 1236 1240 1241 1232 1243 1255 1258 1257 1260 1256 1252 1259 1251
 1254 1253 1265 1264 1261 1263 1262 1272 1273 1271 1274 1266 1275 1267 1270
 1268 1269 1277 1278 1280 1276 1279 1281 1284 1285 1283 1286 1282 1287 1288
 1289 1290 1291 1293 1294 1296 1292 1295 1301 1300 1298 1297 1299
0 1 2 3 4 5 20 19 25 14 13 12 11 10
 9 30 17 16 26 7 6 22 21 29 28 8 18 27 24
 23 15 38 36 45 44 54 32 47 31 48 43 42 41 40
 34 33 50 37 39 53 46 51 55 49 35 52 71 80 73
 72 74 77 79 69 78 66 65 67 76 63 75 56 59 58
 60 70 68 61 64 62 57 89 99 100 101 91 93 92 98
 81 97 85 87 86 96 103 94 90 88 82 83 84 105 95
 104 102 123 107 116 127 117 115 120 128 118 111 108 110 114
 124 112 122 121 106 119 129 130 109 113 125 126 133 137 131
 145 147 146 132 152 144 154 142 141 151 139 134 136 135 155
 153 150 143 138 149 140 148 160 159 158 157 156 170 169 178
 179 177 180 173 174 162 161 176 175 167 168 172 171 165 163
 164 166 191 203 204 193 194 186 188 187 199 198 181 196 184
 185 200 192 201 190 189 195 197 205 182 183 202 217 228 219
 230 218 212 211 226 214 223 222 206 210 208 224 227 216 215
 220 229 213 221 207 225 209 234 255 236 231 247 233 244 245
 243 253 252 250 239 237 238 248 235 246 254 242 251 241 240
 249 232 262 273 274 268 279 278 256 270 276 267 266 265 259
 272 263 277 269 257 258 280 264 271 261 260 275 299 297 286
 298 296 283 305 292 301 293 300 288 290 303 304 285 282 284
 281 291 289 302 294 295 287 311 320 319 317 315 306 322 316
 324 310 313 309 321 308 307 318 312 325 314 323 329 328 327
 326 347 338 337 339 350 349 343 332 331 333 345 341 346 336
 348 340 342 330 344 335 334 354 353 352 351 367 366 363 374
 373 360 371 370 357 369 368 356 355 365 364 362 361 375 359
 358 372 392 389 390 388 399 386 396 397 387 395 381 384 379
 377 378 400 376 393 398 385 382 383 394 380 391 411 412 405
 406 403 404 424 414 422 417 401 402 418 408 421 420 410 413
 423 416 415 409 419 407 425 426 439 448 449 447 437 445 436
 444 450 433 431 442 427 441 440 438 446 434 432 443 430 428
 429 435 468 458 457 469 461 462 453 452 459 473 455 456 465
 470 463 475 474 451 454 464 472 471 460 467 466 482 497 483
 480 479 491 476 478 484 486 485 500 498 499 494 481 496 495
 490 493 492 477 488 489 487 508 507 519 513 510 515 502 501
 522 505 517 516 504 520 506 512 511 524 503 514 521 509 525
 518 523 542 531 541 540 539 527 538 549 547 537 545 535 532
 530 529 528 526 550 548 536 546 534 544 533 543 565 566 574
 573 572 559 571 569 556 570 575 567 568 564 551 552 562 563
 558 560 557 555 554 553 561 586 592 579 578 580 596 593 600
 594 589 576 588 587 585 599 598 577 582 584 597 581 595 591
 590 583 604 617 614 601 624 611 623 622 610 609 606 618 616
 603 625 613 602 612 621 620 619 608 607 605 615 638 627 639
 643 645 636 644 647 648 640 631 650 626 628 635 646 649 629
 632 630 641 633 634 642 637 655 654 653 652 651 660 659 658
 657 656 661 665 664 663 662 666 669 670 667 668 674 675 673
 671 672 680 679 678 677 676 683 684 681 682 685 689 687 690
 686 688 693 695 691 694 692 698 697 696 700 699 701 704 705
 702 703 709 710 708 706 707 713 714 711 712 715 717 716 718
 720 719 722 721 725 724 723 727 726 729 728 730 731 734 735
 732 733 736 740 739 738 737 743 742 741 745 744 748 750 746
 749 747 751 755 754 753 752 760 759 758 757 756 765 764 763
 762 761 770 769 768 767 766 775 772 774 773 771 781 786 783
 784 782 776 780 778 779 1136 777 1149 1144 820 870 874 1166 826
 817 1153 972 976 1040 1031 1059 973 988 1001 1068 953 991 997 1019
 1008 1047 1251 1102 1111 1222 1026 1063 794 1013 903 789 964 965 896
 916 1239 793 989 1010 1256 1036 1012 1252 914 1258 1226 1042 967 1228
 1006 945 937 917 1108 951 1123 1137 952 915 960 949 978 977 1112
 974 1255 1030 1089 971 1229 1046 1103 947 1034 1027 906 928 912 996
 902 790 1124 1009 1044 791 986 1000 891 966 1049 893 934 913 1085
 930 911 1041 1033 1212 1054 920 877 905 880 904 1216 823 1215 1002
 1236 943 1072 869 819 894 892 865 1220 925 1241 1242 885 867 882
 833 848 824 842 1016 956 890 1248 1246 929 1218 908 1048 983 866
 923 884 1018 1011 1156 881 963 958 841 1129 1088 1152 1087 955 900
 954 840 1183 862 1169 850 1193 844 847 805 944 942 919 1174 936
 1017 849 1158 1187 935 821 822 878 837 979 1093 975 858 796 801
 854 970 797 852 851 968 990 984 1142 927 981 1141 875 1139 802
 827 980 806 1131 1003 998 1132 868 807 994 1083 876 803 898 993
 1198 1119 839 1023 809 872 828 932 831 818 1154 1100 918 959 931
 808 1145 1025 1170 1007 1115 1021 815 864 1075 1151 856 799 1098 887
 863 1092 830 1050 1045 1074 798 886 836 1061 873 1038 860 810 926
 879 1037 1273 1060 1064 889 1056 1055 1267 1266 800 1052 1043 1105 816
 1053 1071 1126 1070 804 1270 1067 1065 901 1272 1039 1028 1160 1221 1099
 1269 1262 1238 1227 999 1268 883 1095 941 939 857 1225 1247 1035 969
 1275 1086 1130 1263 1032 1078 1015 1230 812 861 1237 1062 1109 1271 843
 1106 1223 813 853 1224 1127 1024 1214 1148 1235 1005 1179 1243 1147 845
 871 1265 1066 1114 1274 938 1096 992 995 1177 1240 1207 785 846 1261
 987 1234 985 982 1209 788 1020 1164 1122 1117 787 1264 1029 940 795
 1014 1163 933 1217 961 1171 1076 1189 1175 1155 1146 1245 792 1250 1208
 948 1022 1159 1219 1190 957 1162 1197 1133 1184 1120 1195 1201 1200 946
 1178 1191 1192 962 1196 1161 1173 1185 1186 950 1213 1180 1188 1176 1004
 1211 1182 1181 1204 1205 1202 1203 1210 1135 1168 1143 1206 1199 888 1194
 1116 897 895 1157 924 1172 907 1077 814 1110 1113 1090 835 1082 838
 859 1101 1254 1253 1259 1140 1118 899 1104 1081 825 1134 909 910 1121
 1260 1165 922 1091 921 1257 1167 811 832 1232 1231 855 829 1249 834
 1233 1244 1138 1080 1097 1150 1125 1058 1057 1084 1079 1069 1107 1073 1051
 1128 1094 1278 1277 1276 1280 1279 1281 1286 1283 1285 1284 1282 1287 1290
 1291 1288 1289 1296 1294 1293 1295 1292 1300 1301 1299 1297 1298
0 1 2 3 4 5 18 16 15 13 14 12 23 24
 6 7 21 19 28 30 9 8 17 27 26 22 20 29 10
 11 25 44 53 37 38 39 46 31 47 48 49 33 34 55
 41 42 52 45 54 36 32 35 40 43 51 50 70 69 77
 79 78 73 72 80 74 56 60 58 57 62 64 66 68 67
 65 71 59 61 75 63 76 96 104 103 102 93 91 92 85
 86 105 98 82 81 89 100 88 95 94 87 84 83 97 90
 99 101 113 124 120 119 128 118 116 117 115 130 110 108 122
 107 106 114 125 112 127 126 111 109 123 121 129 141 150 153
 152 154 144 155 145 146 147 135 133 136 138 143 151 142 132
 131 137 134 139 140 149 148 163 171 165 169 173 164 157 179
 178 175 176 156 166 168 167 180 177 161 162 172 159 158 160
 170 174 181 182 183 184 185 186 187 188 189 190 191 192 193
 194 195 196 197 198 199 200 201 202 203 204 205 221 206 224
 225 209 226 214 212 211 227 215 228 220 229 219 223 207 222
 210 208 213 217 216 230 218 251 252 240 254 243 245 232 233
 247 235 255 237 238 250 239 241 253 242 231 246 234 248 236
 249 244 279 268 269 273 262 263 276 265 256 257 280 270 261
 260 278 275 274 267 264 266 258 271 259 272 277 284 296 282
 283 297 298 289 290 300 287 301 291 292 295 304 281 286 299
 285 288 305 294 302 303 293 325 310 321 322 314 324 317 318
 306 320 309 313 319 312 323 316 308 311 315 307 327 341 329
 326 331 342 343 344 335 333 337 346 347 349 348 328 332 330
 345 334 338 336 339 350 340 358 369 367 366 352 351 375 361
 360 373 362 356 355 353 359 370 357 365 372 371 374 363 368
 354 364 396 384 383 381 382 376 392 391 400 398 388 389 380
 378 377 387 386 385 395 393 399 390 394 379 397 403 404 420
 410 411 412 401 402 416 423 424 414 418 419 425 405 406 415
 417 422 413 407 408 409 421 445 446 433 432 450 443 426 427
 441 447 448 428 430 436 444 435 434 439 438 449 437 442 431
 429 440 462 463 474 461 469 468 454 451 466 467 460 472 471
 475 458 470 457 452 453 464 456 465 455 473 459 482 498 499
 477 485 486 494 495 490 491 479 493 497 483 476 488 489 478
 484 500 487 480 481 496 492 513 524 510 508 519 523 509 521
 503 518 516 517 504 512 511 520 506 507 522 525 501 502 514
 505 515 546 537 549 550 547 538 527 541 539 531 528 529 543
 536 535 545 548 540 526 530 542 533 544 534 532 560 572 571
 570 566 552 574 561 563 573 575 568 567 558 557 559 555 556
 564 565 551 562 553 554 569 600 584 583 582 581 598 587 586
 599 590 588 576 593 595 594 596 597 578 592 577 580 585 591
 589 579 608 606 625 601 610 609 619 620 624 611 617 615 605
 607 614 602 613 621 612 622 623 604 603 616 618 633 642 650
 646 647 648 637 645 636 640 630 639 634 641 649 643 635 632
 629 631 628 638 626 627 644 653 654 655 651 652 659 660 657
 658 656 663 665 662 661 664 669 666 670 668 667 672 673 675
 671 674 678 679 680 676 677 685 684 682 681 683 687 689 686
 690 688 691 692 693 694 695 698 700 699 697 696 701 702 703
 704 705 707 710 706 708 709 712 715 711 713 714 718 720 717
 716 719 723 721 724 725 722 729 726 727 730 728 731 732 733
 734 735 738 740 737 736 739 741 742 743 744 745 749 750 747
 748 746 754 753 751 755 752 757 758 759 760 756 765 761 762
 763 764 768 769 770 766 767 771 772 773 774 775 785 795 788
 787 792 865 884 848 877 1110 885 1113 1104 852 854 875 1140 881
 862 1118 899 910 812 813 843 909 921 922 846 814 838 835 859
 825 845 1096 1130 1147 1121 985 1022 1178 821 932 1195 979 896 965
 937 1167 1185 840 844 1122 961 828 1117 952 1163 1091 1005 818 1134
 902 1011 916 968 1148 958 1155 1164 914 1233 912 980 876 943 1177
 1016 1146 941 1189 827 1165 969 1217 956 1020 939 1232 990 960 872
 1006 1213 1208 850 948 1196 983 878 1231 963 995 936 1002 935 1214
 1244 1249 796 797 1058 801 800 779 798 831 829 1057 853 1051 934
 1077 977 803 861 858 799 811 776 1073 834 1082 1090 777 871 851
 883 778 857 837 974 947 832 1101 1081 804 1069 810 802 986 868
 855 780 1180 945 1182 826 966 951 1105 1197 1243 1173 1240 1191 931
 1194 989 1053 817 1245 1009 1065 1010 1098 864 918 898 975 1075 893
 889 1126 1271 1045 913 1013 1151 1000 842 964 1247 919 819 1041 1054
 870 1184 1033 820 882 917 928 1188 1192 981 927 1269 874 1172 1048
 971 949 856 1211 886 1225 1250 866 860 887 1203 978 1072 942 1221
 1050 1268 1092 1230 879 996 1012 903 880 967 1204 1181 944 1227 900
 873 1275 901 1274 926 1206 1238 888 805 1174 822 806 894 847 994
 924 839 897 1198 1187 933 905 1003 895 940 808 987 807 908 1007
 809 1014 1107 992 1015 1017 1080 938 1084 1079 920 1150 1097 841 907
 1183 1024 849 1125 929 1094 982 1193 1025 1128 1138 999 1176 993 1200
 1141 1076 1021 959 1028 1119 833 1199 1030 1027 824 998 1093 1157 1046
 1145 1264 1102 1109 1116 1261 1064 1023 1040 869 1259 1161 1263 1158 1059
 1190 1253 1031 823 1254 1265 1071 1085 1108 1257 1042 1205 1088 1111 1047
 867 1127 1168 1186 1170 1055 1251 1060 1049 1112 1087 1202 781 1068 1078
 1038 1260 1026 1067 1210 783 1034 1137 1256 1252 784 1086 1133 1061 786
 1037 1258 1074 1103 1036 1201 1262 1089 1219 1123 1255 1169 782 1132 1124
 1044 1063 946 1175 1106 1120 962 1129 1029 970 957 789 1171 1099 1159
 794 955 1142 1162 791 1062 1152 793 1114 1143 790 1018 984 1160 1135
 1131 1156 1100 1154 1179 1207 1083 1209 1004 1066 950 1115 1095 815 954
 1032 830 836 1035 863 1139 816 1236 953 1136 1149 1242 997 1241 991
 1019 1248 1224 1223 1237 1166 1153 972 1144 1246 1008 1228 973 976 1222
 1234 1229 1001 1226 988 1235 1239 892 890 906 891 923 904 911 925
 915 930 1039 1056 1043 1052 1070 1212 1216 1267 1266 1218 1273 1220 1215
 1272 1270 1279 1276 1277 1280 1278 1281 1286 1284 1282 1283 1285 1287 1288
 1289 1290 1291 1295 1292 1293 1296 1294 1300 1299 1301 1298 1297
0 1 2 3 4 5 21 28 14 12 15 13 9 11
 8 10 18 17 16 22 23 6 19 20 29 30 27 26 7
 24 25 42 40 38 37 39 55 34 33 35 32 47 31 46
 45 44 43 41 51 50 49 48 53 52 54 36 58 57 56
 60 59 74 72 71 73 77 79 70 69 68 67 63 62 64
 61 80 78 65 76 66 75 89 99 100 101 91 93 92 98
 81 97 85 87 86 96 103 94 90 88 82 83 84 105 95
 104 102 127 117 119 120 129 118 114 124 112 123 121 107 111
 108 109 116 126 115 113 125 122 106 130 110 128 134 136 147
 131 146 132 145 155 154 153 151 142 150 148 137 135 133 144
 152 143 141 149 140 139 138 175 161 179 168 180 157 164 165
 162 163 176 172 159 169 177 173 167 171 178 156 166 170 174
 158 160 186 183 182 184 205 181 197 198 195 194 193 203 191
 190 189 199 187 188 196 204 202 201 192 200 185 211 226 208
 210 209 206 223 222 221 229 230 220 228 227 217 214 213 212
 225 224 207 219 218 215 216 236 235 248 247 232 231 243 242
 254 252 241 238 237 250 249 255 234 233 245 244 253 240 251
 239 246 275 263 273 269 278 268 270 257 266 265 264 276 261
 259 262 279 277 258 280 256 267 272 260 271 274 296 284 283
 282 305 291 295 303 294 304 286 298 299 289 287 281 301 292
 293 302 297 300 288 290 285 323 315 318 312 324 314 309 321
 311 307 317 316 308 322 325 313 319 306 310 320 340 350 339
 348 334 345 333 332 330 343 336 347 346 328 326 349 344 335
 342 331 338 337 329 341 327 373 374 353 355 354 368 375 360
 361 358 359 365 366 367 362 363 364 356 371 372 369 370 351
 352 357 397 379 394 377 380 390 388 398 399 391 392 393 382
 395 381 385 386 387 378 389 400 376 383 384 396 425 404 415
 402 417 416 421 410 412 408 419 409 422 424 403 406 405 420
 411 418 407 413 423 414 401 435 446 428 442 431 430 447 437
 449 426 440 433 443 444 436 445 429 438 439 441 427 432 450
 434 448 460 459 473 472 469 470 465 467 452 451 462 461 475
 471 457 468 458 466 455 456 464 454 453 474 463 485 487 486
 493 482 499 480 495 488 476 478 477 484 500 491 490 492 479
 497 483 498 494 496 481 489 520 519 506 511 524 503 514 515
 523 517 504 518 516 507 508 513 510 512 502 501 525 522 509
 505 521 537 546 534 544 543 533 542 531 528 541 539 526 547
 536 545 535 532 530 529 540 527 538 550 549 548 557 559 554
 553 562 563 551 564 552 565 569 555 556 558 560 572 568 567
 561 573 574 566 570 571 575 597 595 596 594 593 588 590 591
 589 587 598 585 581 584 582 583 600 580 579 577 578 576 586
 599 592 623 612 604 603 610 619 609 621 607 605 613 602 611
 624 616 615 617 620 606 618 608 625 601 614 622 636 635 643
 637 648 647 646 634 633 627 626 629 645 644 649 650 642 628
 639 638 632 631 630 640 641 655 654 653 652 651 657 656 659
 658 660 663 664 661 662 665 668 670 666 669 667 673 672 671
 675 674 678 677 676 680 679 685 682 684 683 681 689 687 690
 686 688 694 693 692 691 695 697 696 699 698 700 702 701 703
 705 704 709 710 708 706 707 711 713 712 715 714 717 716 718
 720 719 724 725 723 721 722 728 727 726 730 729 735 733 732
 734 731 738 739 736 737 740 743 742 741 745 744 746 748 747
 750 749 752 751 753 755 754 757 756 760 759 758 764 763 762
 761 765 769 768 767 766 770 771 774 775 772 773 796 802 801
 797 803 939 995 969 941 886 948 887 889 903 913 928 901 893
 917 926 776 779 888 895 897 778 777 780 907 905 894 920 908
 929 924 1027 1026 1042 1040 1041 1072 1109 975 965 1076 956 1203 932
 968 1068 1078 931 942 1030 1054 1191 1046 936 1044 1059 1033 1184 1031
 1204 943 1181 937 1036 1002 1034 1063 1172 860 1206 983 1194 1011 1075
 963 1049 877 1053 1180 1047 848 1050 979 1048 865 864 960 990 1188
 935 1086 1065 981 885 1127 980 944 856 1016 884 952 958 1006 1045
 879 873 785 787 798 788 1051 910 1058 793 806 799 999 800 1156
 906 1129 792 1014 789 1057 805 899 804 808 915 891 921 1024 790
 987 909 1015 794 1131 1152 807 911 930 1073 810 1069 795 1142 791
 809 922 827 823 1038 1200 869 833 842 1028 781 1064 784 828 840
 876 1112 1189 1190 786 1124 1208 1085 880 1232 1060 1074 821 1177 881
 1104 866 973 1214 854 1089 819 1103 1105 824 783 1061 1151 985 961
 1199 818 1005 1176 1092 862 875 872 1071 850 1067 972 1186 914 1020
 1133 867 1231 1037 1110 1216 782 1126 1233 1113 896 1157 1022 844 1212
 1217 976 882 1218 1244 1168 1116 852 1098 1161 902 916 878 1215 1055
 1249 988 1140 1001 1118 912 1220 812 811 938 1179 829 838 1175 836
 845 1207 843 992 933 1187 814 815 813 1183 834 883 832 859 863
 855 861 890 1198 857 830 1018 1174 904 892 835 954 970 1171 846
 940 871 1209 984 825 925 1193 982 816 923 955 853 820 1253 826
 1251 1195 1260 1259 1197 1256 951 870 1122 1096 964 1254 1108 978 1117
 1258 1202 1088 1178 1012 1219 1173 1257 1121 966 959 967 1201 1252 1091
 817 993 1134 945 998 1210 1192 1010 1093 1023 1147 1262 1102 1087 1165
 949 1196 996 874 1255 900 1141 918 1146 989 1111 1264 1243 1167 1185
 1182 1021 1130 927 1265 1247 1155 1132 1119 1158 1240 1213 971 919 1245
 1211 1145 898 1000 1148 1263 1205 1013 1261 1169 1170 1123 1250 1137 1009
 1163 1164 1062 847 1100 1056 1032 977 957 1097 1029 858 841 1139 1043
 837 1138 986 1039 868 946 947 831 1115 1070 851 1080 1125 1083 1052
 974 934 1106 1095 822 839 1160 849 1035 950 1066 1114 1154 1003 1150
 962 1017 994 1004 1007 1099 1025 1266 1223 1222 1228 1267 1237 1273 1224
 1235 1270 991 953 997 1239 1229 1269 1226 1272 1234 1149 1271 1268 1136
 1008 1153 1274 1144 1275 1019 1166 1079 1107 1077 1090 1128 1084 1101 1094
 1082 1081 1162 1120 1159 1135 1143 1221 1225 1242 1236 1230 1241 1238 1227
 1246 1248 1278 1277 1276 1280 1279 1281 1283 1282 1284 1286 1285 1288 1287
 1289 1291 1290 1294 1293 1292 1296 1295 1301 1298 1300 1299 1297
0 1 2 3 4 5 22 6 18 16 17 27 11 8
 30 10 28 20 19 13 15 14 24 23 7 9 21 29 25
 12 26 41 40 33 55 34 48 31 32 47 54 44 53 52
 37 50 51 43 42 35 46 45 39 36 38 49 65 67 66
 68 76 71 73 72 74 64 63 75 61 77 70 59 58 60
 56 80 62 78 79 69 57 99 90 89 84 87 85 105 104
 96 94 81 83 82 93 102 92 100 88 103 95 98 97 91
 101 86 129 119 121 107 122 106 125 114 112 110 111 130 117
 127 115 128 120 118 124 113 108 109 126 116 123 139 148 144
 153 152 154 155 135 133 136 151 143 141 131 149 140 138 137
 134 150 142 147 145 146 132 173 163 171 169 165 158 167 164
 175 174 168 178 159 166 161 170 180 172 179 157 176 162 177
 160 156 183 204 202 203 194 196 181 198 197 201 200 192 189
 186 182 185 205 184 195 190 191 187 188 199 193 210 208 220
 219 218 223 222 221 206 228 227 217 214 212 226 225 209 224
 229 230 207 215 216 211 213 237 239 249 242 254 243 236 234
 235 251 241 247 231 246 233 250 238 245 248 255 252 253 240
 232 244 280 258 256 267 264 276 279 269 275 262 263 273 260
 272 270 265 266 278 277 268 274 261 259 271 257 293 292 305
 291 285 299 304 303 302 294 290 300 287 284 282 301 286 297
 298 295 289 296 283 281 288 313 317 314 306 318 321 315 324
 312 308 310 323 320 311 316 325 307 322 309 319 331 332 342
 343 348 349 339 326 327 328 337 338 346 334 335 330 340 350
 341 329 336 347 344 333 345 373 363 370 358 369 359 366 365
 367 375 360 368 355 354 364 362 374 357 352 351 361 372 353
 356 371 391 385 397 387 386 378 380 377 394 399 388 390 382
 384 395 400 392 376 396 379 389 398 381 383 393 402 417 410
 412 411 421 423 414 424 419 409 418 403 425 401 416 415 422
 413 408 407 404 406 405 420 429 442 434 432 433 450 445 435
 436 439 440 447 437 430 428 431 443 444 427 426 441 448 438
 449 446 460 471 459 473 466 456 453 454 462 474 469 457 468
 472 467 465 455 452 464 451 463 461 475 470 458 486 487 500
 499 480 496 477 476 479 491 493 492 485 484 498 497 482 483
 481 494 495 488 478 489 490 514 501 502 523 521 510 524 512
 519 505 516 518 517 503 515 525 509 522 513 511 506 508 507
 504 520 528 542 535 546 545 537 526 541 540 532 543 544 550
 531 529 530 536 527 539 533 534 547 549 538 548 551 564 560
 559 568 575 563 574 562 573 570 569 556 565 566 552 572 558
 554 567 553 561 571 555 557 579 594 595 600 593 583 582 584
 597 591 589 576 577 592 580 578 596 599 598 585 586 581 588
 590 587 623 622 605 618 602 601 614 625 620 609 616 615 624
 612 607 608 606 613 619 621 610 603 617 604 611 649 637 646
 628 626 627 638 642 633 632 631 636 648 647 639 634 641 630
 629 640 644 645 635 643 650 654 651 653 655 652 657 660 658
 656 659 661 664 662 665 663 667 668 670 669 666 673 674 672
 671 675 680 677 679 676 678 681 685 684 682 683 689 688 686
 687 690 695 694 693 691 692 697 700 696 699 698 705 704 703
 701 702 706 710 709 707 708 713 712 715 711 714 716 719 717
 720 718 722 724 723 725 721 730 726 728 727 729 733 734 732
 731 735 740 737 736 738 739 742 744 741 743 745 748 747 749
 750 746 751 754 752 755 753 759 756 758 760 757 765 762 764
 761 763 770 767 769 766 768 773 771 774 772 775 789 793 790
 791 794 955 1018 984 970 943 954 983 1016 1224 1223 1235 956 1234
 1237 1002 1116 1161 844 821 850 1168 1157 1133 840 1175 1171 1209 1207
 1179 878 989 893 917 1045 1099 1160 906 905 799 911 1096 998 1007
 1003 1075 915 908 920 1009 1114 1108 1000 1017 1010 1065 1106 1102 1053
 993 1163 959 800 928 1117 913 903 1021 986 1023 1146 1111 784 1090
 781 1013 1193 1082 1123 1050 1198 1077 783 1095 1174 934 810 1025 1137
 994 891 1101 929 1187 930 786 894 947 1122 1183 804 782 798 1081
 977 974 952 937 1080 960 868 981 831 832 990 1125 797 1150 778
 833 777 965 796 834 837 932 931 1097 936 867 824 942 802 829
 803 944 801 811 779 776 935 869 823 858 1138 851 1006 780 855
 968 975 1149 1147 1158 1104 1130 1164 1236 1145 1205 1141 1210 1166 1231
 1136 904 953 1110 1219 925 1008 923 1241 1083 1254 1259 1233 1019 1059
 1124 1246 1070 997 1031 890 1248 892 1252 1148 1202 1253 1256 822 839
 1113 1144 849 1118 1251 1040 1068 1153 1170 1249 1260 1039 1140 1226 847
 813 1155 1115 1119 1085 1066 1201 1258 1154 1089 1229 812 841 1244 1029
 991 1043 1242 1032 1100 845 846 1047 1255 843 1228 1222 1232 1035 1257
 1139 1052 1112 1056 1103 1239 1062 1129 987 806 910 1015 996 922 871
 1156 899 1131 805 809 1051 971 853 1142 1058 1014 969 1024 1012 883
 999 941 1199 1057 939 861 836 1069 1186 1176 978 815 830 909 1152
 807 995 921 863 967 1200 1073 808 857 1190 816 948 1216 1098 1220
 1055 1268 1151 1126 1087 1067 973 1212 946 962 972 1105 1206 1033 950
 1074 1084 819 1271 1054 1107 1093 1092 945 976 1194 1041 1079 1060 966
 1215 1180 949 988 1188 1128 1169 1227 882 1191 1127 1030 1172 866 951
 1001 1275 1072 1218 1061 1267 828 1266 957 1230 1181 1027 826 964 1274
 1132 1184 1076 1270 1044 874 1078 842 818 872 817 1269 1048 1273 870
 1088 876 1272 1225 1086 1046 1094 1221 1049 880 827 1204 820 1203 1238
 1004 1109 1243 860 888 1134 1247 1005 887 785 1245 877 864 897 1091
 848 788 1020 1167 885 889 961 884 907 1165 865 795 792 924 1121
 985 1022 835 814 873 856 838 879 1240 926 1250 859 895 933 787
 901 982 940 886 992 825 938 896 1120 898 919 912 1135 902 1143
 1162 914 1178 1185 1196 900 918 1177 927 916 1159 1071 1217 1208 1028
 1195 1038 1189 1037 1214 1213 1064 958 980 852 875 1011 979 881 963
 854 862 1036 1034 1026 1042 1063 1261 1263 1173 1182 1264 1192 1262 1265
 1197 1211 1278 1279 1277 1276 1280 1281 1284 1282 1285 1283 1286 1287 1291
 1288 1289 1290 1295 1293 1296 1294 1292 1301 1299 1297 1300 1298
0 1 2 3 4 5 22 6 18 16 17 27 11 8
 30 10 28 20 19 13 15 14 24 23 7 9 21 29 25
 12 26 41 40 33 55 34 48 31 32 47 54 44 53 52
 37 50 51 43 42 35 46 45 39 36 38 49 65 67 66
 68 76 71 73 72 74 64 63 75 61 77 70 59 58 60
 56 80 62 78 79 69 57 99 90 89 84 87 85 105 104
 96 94 81 83 82 93 102 92 100 88 103 95 98 97 91
 101 86 129 119 121 107 122 106 125 114 112 110 111 130 117
 127 115 128 120 118 124 113 108 109 126 116 123 139 148 144
 153 152 154 155 135 133 136 151 143 141 131 149 140 138 137
 134 150 142 147 145 146 132 173 163 171 169 165 158 167 164
 175 174 168 178 159 166 161 170 180 172 179 157 176 162 177
 160 156 183 204 202 203 194 196 181 198 197 201 200 192 189
 186 182 185 205 184 195 190 191 187 188 199 193 210 208 220
 219 218 223 222 221 206 228 227 217 214 212 226 225 209 224
 229 230 207 215 216 211 213 237 239 249 242 254 243 236 234
 235 251 241 247 231 246 233 250 238 245 248 255 252 253 240
 232 244 280 258 256 267 264 276 279 269 275 262 263 273 260
 272 270 265 266 278 277 268 274 261 259 271 257 293 292 305
 291 285 299 304 303 302 294 290 300 287 284 282 301 286 297
 298 295 289 296 283 281 288 313 317 314 306 318 321 315 324
 312 308 310 323 320 311 316 325 307 322 309 319 331 332 342
 343 348 349 339 326 327 328 337 338 346 334 335 330 340 350
 341 329 336 347 344 333 345 373 363 370 358 369 359 366 365
 367 375 360 368 355 354 364 362 374 357 352 351 361 372 353
 356 371 391 385 397 387 386 378 380 377 394 399 388 390 382
 384 395 400 392 376 396 379 389 398 381 383 393 402 417 410
 412 411 421 423 414 424 419 409 418 403 425 401 416 415 422
 413 408 407 404 406 405 420 429 442 434 432 433 450 445 435
 436 439 440 447 437 430 428 431 443 444 427 426 441 448 438
 449 446 460 471 459 473 466 456 453 454 462 474 469 457 468
 472 467 465 455 452 464 451 463 461 475 470 458 486 487 500
 499 480 496 477 476 479 491 493 492 485 484 498 497 482 483
 481 494 495 488 478 489 490 514 501 502 523 521 510 524 512
 519 505 516 518 517 503 515 525 509 522 513 511 506 508 507
 504 520 528 542 535 546 545 537 526 541 540 532 543 544 550
 531 529 530 536 527 539 533 534 547 549 538 548 551 564 560
 559 568 575 563 574 562 573 570 569 556 565 566 552 572 558
 554 567 553 561 571 555 557 579 594 595 600 593 583 582 584
 597 591 589 576 577 592 580 578 596 599 598 585 586 581 588
 590 587 623 622 605 618 602 601 614 625 620 609 616 615 624
 612 607 608 606 613 619 621 610 603 617 604 611 649 637 646
 628 626 627 638 642 633 632 631 636 648 647 639 634 641 630
 629 640 644 645 635 643 650 654 651 653 655 652 657 660 658
 656 659 661 664 662 665 663 667 668 670 669 666 673 674 672
 671 675 680 677 679 676 678 681 685 684 682 683 689 688 686
 687 690 695 694 693 691 692 697 700 696 699 698 705 704 703
 701 702 706 710 709 707 708 713 712 715 711 714 716 719 717
 720 718 722 724 723 725 721 730 726 728 727 729 733 734 732
 731 735 740 737 736 738 739 742 744 741 743 745 748 747 749
 750 746 751 754 752 755 753 759 756 758 760 757 765 762 764
 761 763 770 767 769 766 768 773 771 774 772 775 789 793 790
 791 794 955 1018 984 970 943 954 983 1016 1224 1223 1235 956 1234
 1237 1002 1116 1161 844 821 850 1168 1157 1133 840 1175 1171 1209 1207
 1179 878 989 893 917 1045 1099 1160 906 905 799 911 1096 998 1007
 1003 1075 915 908 920 1009 1114 1108 1000 1017 1010 1065 1106 1102 1053
 993 1163 959 800 928 1117 913 903 1021 986 1023 1146 1111 784 1090
 781 1013 1193 1082 1123 1050 1198 1077 783 1095 1174 934 810 1025 1137
 994 891 1101 929 1187 930 786 894 947 1122 1183 804 782 798 1081
 977 974 952 937 1080 960 868 981 831 832 990 1125 797 1150 778
 833 777 965 796 834 837 932 931 1097 936 867 824 942 802 829
 803 944 801 811 779 776 935 869 823 858 1138 851 1006 780 855
 968 975 1149 1147 1158 1104 1130 1164 1236 1145 1205 1141 1210 1166 1231
 1136 904 953 1110 1219 925 1008 923 1241 1083 1254 1259 1233 1019 1059
 1124 1246 1070 997 1031 890 1248 892 1252 1148 1202 1253 1256 822 839
 1113 1144 849 1118 1251 1040 1068 1153 1170 1249 1260 1039 1140 1226 847
 813 1155 1115 1119 1085 1066 1201 1258 1154 1089 1229 812 841 1244 1029
 991 1043 1242 1032 1100 845 846 1047 1255 843 1228 1222 1232 1035 1257
 1139 1052 1112 1056 1103 1239 1062 1129 987 806 910 1015 996 922 871
 1156 899 1131 805 809 1051 971 853 1142 1058 1014 969 1024 1012 883
 999 941 1199 1057 939 861 836 1069 1186 1176 978 815 830 909 1152
 807 995 921 863 967 1200 1073 808 857 1190 816 948 1216 1098 1220
 1055 1268 1151 1126 1087 1067 973 1212 946 962 972 1105 1206 1033 950
 1074 1084 819 1271 1054 1107 1093 1092 945 976 1194 1041 1079 1060 966
 1215 1180 949 988 1188 1128 1169 1227 882 1191 1127 1030 1172 866 951
 1001 1275 1072 1218 1061 1267 828 1266 957 1230 1181 1027 826 964 1274
 1132 1184 1076 1270 1044 874 1078 842 818 872 817 1269 1048 1273 870
 1088 876 1272 1225 1086 1046 1094 1221 1049 880 827 1204 820 1203 1238
 1004 1109 1243 860 888 1134 1247 1005 887 785 1245 877 864 897 1091
 848 788 1020 1167 885 889 961 884 907 1165 865 795 792 924 1121
 985 1022 835 814 873 856 838 879 1240 926 1250 859 895 933 787
 901 982 940 886 992 825 938 896 1120 898 919 912 1135 902 1143
 1162 914 1178 1185 1196 900 918 1177 927 916 1159 1071 1217 1208 1028
 1195 1038 1189 1037 1214 1213 1064 958 980 852 875 1011 979 881 963
 854 862 1036 1034 1026 1042 1063 1261 1263 1173 1182 1264 1192 1262 1265
 1197 1211 1278 1279 1277 1276 1280 1281 1284 1282 1285 1283 1286 1287 1291
 1288 1289 1290 1295 1293 1296 1294 1292 1301 1299 1297 1300 1298
