0 1 2 3 4 5 6 7 8 9 10 11 12 13
 14 15 16 17 18 22 23 24 25 19 26 20 34 31 30
 32 35 28 37 36 38 27 29 33 21 39 40 41 42 43
 44 45 46 48 49 50 51 47 55 56 52 53 54 58 59
 60 61 57 63 64 65 66 62 70 67 71 72 73 74 82
 68 86 75 78 80 83 84 69 81 76 85 77 79 87 88
 89 90 94 104 91 92 108 97 103 109 101 98 100 105 106
 93 107 110 95 102 99 96 112 113 114 115 111 118 132 120
 122 130 123 133 129 125 127 124 128 126 117 135 119 121 134
 131 116 153 138 140 136 143 151 144 148 150 146 155 149 137
 145 152 139 154 141 142 147 159 160 161 162 175 163 172 174
 156 167 157 170 169 165 168 158 164 166 171 173 177 178 179
 180 176 185 183 184 181 182 187 188 190 186 189 193 191 194
 195 192 199 200 201 213 202 203 205 206 207 208 212 196 197
 210 214 209 198 204 215 211 229 216 232 233 221 217 225 226
 228 227 230 219 218 220 231 234 235 222 223 224 248 250 246
 247 253 255 252 251 236 237 245 244 239 241 238 249 254 242
 240 243 259 256 261 271 257 263 273 264 275 266 269 268 265
 267 272 260 262 274 270 258 295 276 277 281 282 291 283 284
 289 294 287 285 286 280 278 292 293 279 288 290 299 298 296
 300 297 305 306 320 316 313 315 302 304 303 307 317 309 311
 318 310 314 301 308 312 319 326 323 338 334 335 339 321 322
 336 327 337 328 329 333 331 324 340 332 330 325 358 341 342
 359 346 357 348 351 347 352 353 356 349 355 350 354 344 360
 345 343 366 365 377 367 378 370 369 371 372 373 375 379 380
 376 363 362 368 374 364 361 385 386 395 394 396 400 391 393
 392 399 382 398 397 389 388 390 383 384 381 387 402 405 401
 403 404 407 408 410 406 409 430 424 425 429 428 421 422 411
 412 413 420 419 418 417 416 423 414 427 415 426 434 433 435
 432 431 437 440 439 436 438 443 445 442 441 444 447 450 449
 446 448 470 456 467 465 466 458 468 469 460 463 451 452 453
 454 455 464 459 461 462 457 476 478 477 485 479 487 486 471
 488 489 490 483 473 474 480 482 472 481 484 475 492 494 495
 493 491 498 500 499 497 496 505 504 507 515 518 519 516 502
 517 503 508 520 509 510 511 514 506 512 513 501 533 534 526
 528 527 529 538 540 531 532 539 535 524 525 536 537 530 522
 523 521 554 553 555 551 542 543 552 546 547 557 549 544 559
 550 560 541 556 545 558 548 564 563 565 562 561 568 569 570
 566 567 579 574 580 573 572 571 576 577 578 575 584 585 586
 587 595 588 596 597 598 599 590 581 582 583 600 592 594 591
 589 593 611 619 609 607 602 601 605 616 617 614 615 603 610
 608 618 613 620 606 604 612 623 624 625 621 622 630 628 629
 626 627 632 634 631 635 633 637 638 639 640 636 643 645 642
 641 644 647 650 649 646 648 652 655 654 651 653 660 659 656
 658 657 665 663 664 661 662 667 668 669 670 666 672 675 674
 671 673 679 680 676 677 678 685 684 681 683 682 688 690 689
 687 686 695 694 691 693 692 698 700 699 697 696 705 703 704
 701 702 707 708 710 706 709 715 714 711 713 712 717 719 720
 718 716 723 725 724 722 721 729 726 730 728 727 734 731 735
 733 732 740 739 736 738 737 742 743 744 745 741 748 750 749
 747 746 752 753 755 751 754 758 760 759 757 756 763 765 764
 762 761 768 769 770 766 767 773 775 774 772 771 778 780 779
 777 776 782 783 784 785 781 789 790 787 788 786 794 795 791
 792 793 799 798 796 800 797 802 803 804 805 801 809 806 810
 808 807 815 814 811 813 812 818 820 817 816 819 824 825 822
 823 821 827 828 829 830 826 832 833 834 835 831 837 838 840
 836 839 842 844 845 843 841 850 848 849 846 847 851 852 853
 854 855 856 857 858 859 860 861 862 863 864 865 866 867 870
 868 872 869 871 877 873 876 874 875 882 880 878 879 881 888
 892 891 890 886 887 885 883 884 889 896 893 897 895 894 902
 901 898 900 899 907 903 904 905 906 912 908 911 909 910 916
 917 914 915 913 921 918 922 920 919 926 925 927 924 923 932
 931 928 930 929 936 937 933 934 935 940 942 941 939 938 946
 943 947 945 944 957 955 954 952 953 948 956 950 949 951 977
 962 961 963 960 959 965 967 968 966 964 970 973 969 971 972
 958 976 974 975 981 980 978 982 979 987 986 984 983 985 991
 988 989 992 990 997 995 996 993 994 1001 1000 1002 999 998 1012
 1010 1009 1003 1011 1007 1008 1006 1005 1004 1016 1013 1017 1015 1014 1018
 1019 1020 1021 1026 1030 1027 1022 1023 1031 1029 1024 1025 1028 1036 1034
 1035 1032 1033 1039 1040 1041 1037 1038 1044 1045 1046 1042 1043 1054 1051
 1048 1052 1047 1056 1055 1049 1050 1053 1060 1061 1057 1058 1059 1064 1065
 1066 1062 1063 1071 1069 1067 1068 1070 1073 1074 1076 1072 1075 1078 1081
 1077 1079 1080 1083 1085 1082 1086 1084 1089 1091 1090 1088 1087 1094 1095
 1096 1092 1093 1101 1099 1097 1098 1100 1106 1102 1105 1103 1104 1110 1109
 1111 1108 1107 1115 1114 1116 1113 1112 1126 1121 1118 1119 1125 1124 1117
 1123 1120 1122 1129 1130 1131 1127 1128 1140 1135 1139 1141 1137 1138 1132
 1133 1136 1134 1144 1142 1145 1146 1143 1151 1149 1150 1147 1148 1154 1156
 1155 1153 1152 1166 1165 1162 1158 1159 1157 1164 1160 1163 1161 1171 1170
 1167 1169 1168 1176 1172 1173 1174 1175 1181 1179 1180 1177 1178 1184 1186
 1185 1183 1182 1190 1187 1191 1189 1188 1193 1195 1196 1194 1192 1198 1200
 1201 1199 1197 1206 1204 1202 1203 1205 1209 1207 1211 1208 1210 1217 1221
 1212 1216 1220 1213 1219 1215 1218 1214 1225 1226 1223 1224 1222 1228 1230
 1231 1229 1227 1236 1232 1233 1234 1235 1242 1246 1245 1243 1240 1244 1238
 1239 1237 1241 1248 1249 1251 1247 1250 1252 1253 1254 1255 1259 1260 1257
 1258 1256 1263 1264 1265 1261 1262 1269 1268 1266 1270 1267 1273 1271 1275
 1272 1274 1276 1277 1278 1282 1281 1279 1283 1280 1288 1286 1287 1284 1285
 1292 1293 1290 1291 1289 1295 1298 1297 1294 1296 1299 1300 1301
0 4 3 2 1 6 5 8 7 12 11 10 9 16
 15 14 13 17 18 30 27 33 28 35 37 31 32 20 22
 34 19 25 26 21 29 23 38 24 36 39 40 41 42 44
 43 46 45 50 49 48 47 51 52 56 55 54 53 61 60
 59 58 57 63 62 66 65 64 79 83 84 86 80 75 78
 76 72 74 82 73 67 71 85 77 68 69 81 70 90 89
 88 87 98 101 109 100 110 107 105 91 104 94 92 103 102
 99 97 108 96 106 93 95 111 115 114 113 112 127 131 125
 129 124 133 123 122 120 118 130 116 135 119 126 117 134 121
 132 128 143 151 141 148 153 138 146 136 145 144 142 152 139
 150 149 137 147 140 155 154 175 162 168 160 159 170 157 167
 173 174 172 163 158 171 161 169 166 164 165 156 178 177 176
 180 179 182 181 184 183 185 186 189 190 187 188 194 195 193
 191 192 202 213 209 200 199 211 196 215 208 207 214 205 204
 198 212 201 210 197 206 203 230 231 219 218 223 234 224 220
 222 235 229 232 233 226 216 217 227 228 221 225 245 244 239
 238 241 240 251 252 237 236 248 250 246 253 247 242 243 249
 255 254 264 275 260 263 258 271 269 259 256 274 273 272 270
 262 268 261 267 266 265 257 293 279 281 277 286 278 288 294
 285 284 280 289 282 287 291 290 295 276 283 292 300 298 297
 299 296 316 320 306 305 304 303 319 313 315 312 318 310 308
 317 309 301 314 311 307 302 325 324 336 322 321 340 335 334
 338 331 330 333 332 328 327 323 339 329 337 326 351 353 349
 354 352 350 360 358 343 346 341 345 342 344 357 359 355 348
 356 347 374 373 367 377 370 378 363 379 375 365 372 371 362
 361 369 380 364 366 368 376 386 385 398 397 382 381 390 389
 388 387 396 395 394 393 392 391 384 383 400 399 402 401 405
 404 403 410 408 407 409 406 420 427 418 419 417 426 415 413
 414 411 430 429 425 428 423 416 412 424 422 421 433 434 431
 432 435 437 436 438 440 439 441 445 444 443 442 447 446 448
 450 449 455 467 456 457 451 453 454 463 462 469 466 459 458
 468 470 461 452 464 460 465 486 483 487 479 485 477 476 482
 474 490 489 478 472 488 475 471 473 484 481 480 492 491 493
 495 494 500 498 497 499 496 507 506 505 517 503 502 501 519
 515 518 513 514 511 512 509 520 504 510 508 516 525 524 532
 522 521 530 540 538 537 526 536 523 534 533 539 531 529 528
 535 527 555 544 554 542 551 550 559 557 558 546 545 553 552
 543 541 560 548 549 547 556 569 570 568 567 566 565 564 563
 561 562 573 578 571 579 577 580 575 572 574 576 582 581 590
 593 592 591 600 598 597 583 586 585 584 599 596 595 589 588
 594 587 617 616 615 614 613 620 610 619 611 607 609 618 605
 604 603 602 601 612 608 606 621 625 624 623 622 629 627 630
 626 628 632 631 634 633 635 638 637 636 640 639 641 645 644
 643 642 647 646 648 650 649 654 653 652 651 655 660 658 657
 659 656 665 664 663 662 661 674 673 675 672 671 670 669 667
 666 668 684 685 683 682 681 680 679 678 676 677 700 698 697
 699 696 703 705 704 701 702 690 688 687 689 686 694 695 691
 693 692 714 712 715 713 711 710 707 709 706 708 725 722 723
 724 721 720 717 718 719 716 739 738 740 737 736 744 745 742
 743 741 730 729 727 726 728 735 733 734 731 732 765 763 762
 764 761 760 757 759 756 758 754 752 755 753 751 750 748 747
 749 746 785 782 784 781 783 780 778 777 779 776 775 773 772
 774 771 769 767 770 768 766 790 789 788 787 786 791 795 794
 793 792 797 796 798 800 799 804 803 802 801 805 810 807 809
 808 806 813 812 811 815 814 818 819 816 817 820 825 824 823
 822 821 827 826 830 829 828 833 832 831 835 834 840 838 837
 839 836 842 841 843 845 844 848 850 846 849 847 851 855 854
 853 852 858 859 856 857 862 863 860 861 865 864 867 866 872
 871 870 869 868 873 877 876 875 874 897 893 894 896 895 892
 888 886 885 891 884 890 889 887 883 879 880 882 881 878 914
 916 917 913 915 911 909 908 912 910 905 904 907 903 906 901
 898 902 899 900 931 930 932 929 928 937 936 933 934 935 922
 921 919 918 920 925 926 927 924 923 946 947 943 944 945 940
 941 942 938 939 954 952 957 955 949 956 948 951 953 950 961
 976 977 958 975 974 969 971 973 972 970 964 968 965 967 966
 963 962 959 960 987 984 985 983 986 981 979 980 982 978 994
 995 996 997 993 992 988 989 990 991 1010 1012 1003 1004 1006 1000
 1001 1016 1002 1017 1014 1013 998 1015 999 1009 1008 1011 1005 1007 1019
 1018 1021 1020 1028 1027 1030 1029 1031 1023 1022 1025 1024 1026 1039 1040
 1038 1041 1037 1036 1034 1032 1033 1035 1061 1057 1058 1059 1060 1052 1053
 1055 1054 1056 1047 1048 1050 1049 1051 1043 1044 1045 1046 1042 1076 1072
 1074 1075 1073 1078 1080 1081 1079 1077 1063 1066 1064 1065 1062 1071 1067
 1070 1068 1069 1083 1082 1085 1084 1086 1090 1091 1089 1087 1088 1101 1098
 1097 1100 1099 1094 1093 1096 1095 1092 1109 1111 1110 1107 1108 1105 1106
 1102 1104 1103 1124 1126 1117 1122 1123 1114 1131 1128 1130 1129 1115 1116
 1112 1127 1113 1125 1119 1121 1120 1118 1149 1146 1142 1145 1151 1147 1150
 1143 1148 1144 1134 1139 1141 1135 1133 1137 1140 1132 1138 1136 1166 1159
 1157 1162 1161 1154 1168 1153 1170 1156 1155 1167 1169 1171 1152 1163 1158
 1164 1160 1165 1189 1191 1188 1187 1190 1184 1186 1183 1185 1182 1181 1179
 1177 1180 1178 1175 1174 1172 1176 1173 1201 1199 1198 1200 1197 1196 1194
 1193 1195 1192 1211 1208 1210 1207 1209 1205 1203 1206 1204 1202 1229 1228
 1231 1223 1224 1230 1222 1226 1225 1227 1218 1215 1216 1220 1219 1221 1213
 1212 1217 1214 1249 1251 1250 1247 1248 1246 1242 1240 1239 1245 1238 1244
 1243 1241 1237 1235 1236 1232 1234 1233 1253 1252 1255 1254 1259 1257 1260
 1256 1258 1265 1264 1263 1262 1261 1267 1266 1268 1270 1269 1275 1274 1273
 1272 1271 1276 1277 1278 1297 1295 1294 1296 1298 1292 1293 1290 1291 1289
 1288 1286 1287 1284 1285 1281 1280 1282 1279 1283 1299 1300 1301
0 3 1 4 2 8 7 5 6 10 12 9 11 14
 16 13 15 17 18 21 24 35 26 34 31 38 30 32 29
 25 37 33 23 20 27 36 19 22 28 39 40 41 42 45
 46 44 43 50 47 49 51 48 53 55 52 54 56 57 59
 61 58 60 66 63 65 62 64 82 71 79 69 76 73 86
 81 77 84 74 67 85 72 75 83 78 68 70 80 88 90
 87 89 96 110 106 103 91 109 101 105 102 108 107 93 98
 97 94 99 104 92 95 100 113 115 112 114 111 119 116 133
 128 131 135 124 118 129 132 121 123 117 130 122 125 120 127
 126 134 142 149 146 152 147 154 148 145 138 153 151 141 155
 139 143 144 137 150 140 136 158 168 173 163 165 157 171 175
 174 162 167 164 172 156 159 160 161 169 166 170 177 179 176
 178 180 185 181 182 184 183 188 189 187 186 190 193 192 195
 191 194 212 210 197 201 215 202 209 208 198 214 200 203 211
 199 204 207 205 206 196 213 219 225 221 231 227 233 230 218
 217 234 235 226 229 222 228 232 216 223 224 220 252 251 243
 242 245 244 246 247 253 255 249 254 240 239 241 236 237 250
 238 248 266 268 272 267 269 273 259 270 262 263 275 264 258
 261 271 265 257 260 256 274 289 283 280 285 291 288 293 281
 292 276 295 278 277 279 284 287 294 286 290 282 299 300 298
 297 296 307 308 317 309 306 316 314 319 313 304 302 301 310
 312 318 320 315 303 311 305 328 337 325 326 324 323 338 335
 339 322 336 340 321 330 333 327 334 331 332 329 356 350 354
 358 341 360 359 346 357 349 344 348 345 347 351 353 342 355
 343 352 371 367 374 370 372 363 380 378 366 368 376 373 375
 369 365 379 362 364 361 377 393 392 386 385 383 384 398 382
 381 397 394 396 400 390 387 388 391 399 395 389 403 402 405
 401 404 410 406 408 407 409 414 411 412 413 420 419 418 428
 423 422 424 430 429 426 417 427 421 425 416 415 433 432 435
 431 434 439 437 436 440 438 442 443 444 441 445 449 447 446
 450 448 458 464 451 463 460 465 456 466 461 470 452 455 468
 459 467 453 457 469 454 462 479 488 474 472 477 481 480 490
 482 487 486 485 489 476 471 484 475 473 478 483 495 492 491
 493 494 496 498 499 500 497 509 520 508 505 506 507 504 518
 516 515 501 517 503 502 512 511 510 513 514 519 526 530 534
 523 537 527 532 529 522 528 525 521 531 535 524 540 533 536
 538 539 547 556 545 555 550 559 560 542 543 549 548 546 554
 544 553 551 552 541 557 558 573 574 580 575 572 579 578 577
 576 571 563 568 566 567 569 564 565 562 561 570 597 599 582
 583 598 595 588 593 596 592 587 586 591 600 590 594 585 581
 584 589 613 601 605 606 618 608 611 612 619 603 614 604 620
 617 616 609 607 610 615 602 625 622 624 621 623 626 629 630
 628 627 633 632 634 635 631 637 639 636 638 640 642 643 644
 641 645 649 647 646 650 648 651 655 652 653 654 658 659 657
 656 660 664 663 661 662 665 683 685 684 681 682 676 677 679
 680 678 666 670 669 668 667 675 672 671 673 674 693 691 695
 694 692 699 698 696 697 700 701 705 702 704 703 686 690 688
 687 689 716 719 720 718 717 724 723 721 722 725 713 715 711
 714 712 706 707 708 709 710 741 744 745 743 742 728 726 729
 727 730 734 731 732 733 735 738 740 739 736 737 752 753 755
 751 754 762 761 764 763 765 749 747 750 748 746 760 756 758
 757 759 779 777 780 776 778 769 766 768 767 770 782 783 784
 781 785 772 771 774 775 773 786 789 790 788 787 792 794 791
 793 795 797 798 799 796 800 804 801 803 805 802 810 809 808
 806 807 811 813 814 815 812 819 820 818 817 816 821 824 825
 823 822 830 827 829 826 828 832 834 831 833 835 840 836 838
 837 839 845 842 841 843 844 848 847 849 850 846 851 854 852
 855 853 857 858 859 856 863 860 861 862 867 866 864 865 870
 869 871 872 868 875 873 877 876 874 889 885 884 892 891 878
 893 896 882 880 881 894 879 897 895 887 883 888 890 886 912
 908 909 910 911 900 899 898 901 902 915 913 916 914 917 903
 907 904 906 905 924 923 926 927 925 928 930 932 929 931 935
 937 934 933 936 921 918 919 922 920 948 957 951 953 952 949
 954 956 950 955 945 941 940 946 947 943 939 942 938 944 970
 967 965 966 968 964 958 975 977 974 976 960 963 959 961 962
 971 969 973 972 995 996 997 993 994 991 992 988 989 990 978
 979 981 982 980 987 983 985 986 984 1016 1013 1015 1017 1014 1007
 1008 1000 1009 1002 999 998 1011 1001 1005 1004 1003 1012 1006 1010 1021
 1020 1018 1019 1032 1035 1040 1034 1033 1039 1037 1041 1036 1038 1029 1028
 1024 1031 1027 1026 1023 1030 1025 1022 1051 1047 1054 1049 1048 1060 1058
 1057 1045 1059 1044 1042 1061 1046 1043 1050 1055 1053 1056 1052 1069 1067
 1071 1070 1068 1073 1074 1075 1072 1076 1077 1081 1079 1080 1078 1065 1064
 1066 1062 1063 1084 1083 1085 1086 1082 1089 1090 1088 1087 1091 1110 1108
 1109 1111 1107 1103 1102 1104 1105 1106 1095 1096 1093 1092 1094 1097 1099
 1101 1100 1098 1121 1118 1125 1120 1119 1130 1122 1117 1124 1123 1128 1131
 1127 1126 1129 1115 1113 1114 1116 1112 1139 1151 1148 1149 1134 1133 1141
 1150 1135 1147 1132 1137 1136 1138 1140 1145 1144 1146 1142 1143 1169 1167
 1171 1170 1168 1158 1155 1165 1152 1160 1164 1154 1153 1156 1163 1162 1159
 1161 1157 1166 1180 1178 1177 1179 1181 1187 1188 1190 1191 1189 1173 1172
 1176 1174 1175 1185 1182 1184 1186 1183 1204 1206 1202 1203 1205 1208 1209
 1207 1210 1211 1200 1199 1197 1198 1201 1195 1192 1196 1194 1193 1220 1216
 1215 1227 1230 1219 1228 1229 1231 1218 1217 1213 1212 1221 1214 1226 1225
 1222 1223 1224 1244 1237 1239 1242 1245 1250 1232 1247 1236 1233 1248 1234
 1251 1249 1235 1243 1246 1240 1241 1238 1255 1254 1252 1253 1260 1256 1257
 1259 1258 1263 1265 1262 1264 1261 1267 1268 1269 1266 1270 1273 1272 1274
 1275 1271 1276 1277 1278 1291 1290 1289 1293 1292 1279 1281 1282 1280 1283
 1295 1298 1294 1296 1297 1284 1285 1288 1286 1287 1299 1300 1301
1 2 3 0 4 9 43 87 15 46 7 88 14 5
 44 89 10 17 18 22 25 29 20 23 37 19 36 34 26
 47 38 21 49 48 32 24 50 51 33 39 40 41 42 11
 90 8 13 31 30 27 28 35 150 144 142 154 152 59 61
 58 60 57 295 278 276 290 277 74 70 84 67 77 72 80
 68 69 82 115 112 81 114 78 85 71 111 113 73 16 6
 45 12 100 101 99 109 105 104 91 176 180 179 177 102 92
 98 107 93 108 95 178 94 75 79 76 86 83 125 123 128
 130 124 121 116 129 185 183 184 181 182 132 127 118 117 120
 135 126 140 56 52 137 53 138 151 54 136 146 147 155 55
 149 141 143 139 148 153 145 175 187 164 166 190 159 160 172
 157 165 189 170 167 168 169 162 173 188 156 186 96 103 110
 97 106 119 131 122 134 133 174 158 163 161 171 359 357 346
 344 345 210 200 410 215 205 406 197 408 214 202 409 211 208
 212 201 203 407 209 206 198 226 234 235 221 223 230 220 448
 224 217 446 229 218 231 450 449 228 216 447 232 238 641 644
 250 248 249 236 251 237 645 643 246 245 243 642 241 239 247
 244 255 267 266 273 265 268 270 260 262 274 275 261 258 263
 264 257 269 259 256 271 272 286 294 287 292 63 279 65 62
 64 283 284 280 282 66 288 291 293 281 289 285 479 488 490
 481 475 313 319 494 315 317 309 303 302 491 312 311 493 305
 306 320 307 301 310 492 495 338 335 337 327 329 328 322 340
 321 332 333 331 330 326 324 339 336 325 323 334 193 192 194
 348 347 351 358 343 342 350 341 356 360 352 354 355 349 195
 353 191 433 373 371 378 361 431 376 368 365 432 375 374 435
 380 377 366 363 370 362 434 385 383 389 438 390 388 395 394
 440 396 393 439 392 436 398 381 384 437 399 397 405 403 401
 404 402 196 213 207 204 199 426 441 415 417 424 429 444 411
 445 414 428 443 423 442 427 430 412 422 419 418 367 364 369
 372 379 386 387 400 391 382 425 413 421 420 416 233 225 222
 227 219 469 454 470 453 463 455 458 464 451 457 456 466 461
 460 459 467 468 462 465 452 477 486 299 480 476 482 297 483
 472 485 487 300 298 474 484 296 473 471 489 478 314 308 318
 316 304 615 618 606 611 601 650 516 518 510 649 509 520 503
 517 501 514 648 513 512 507 505 519 647 506 646 532 525 638
 530 534 640 527 535 637 539 639 526 536 538 531 523 529 522
 636 537 634 560 550 547 543 541 552 557 549 632 544 551 546
 633 556 631 635 548 555 554 573 574 580 575 572 579 578 577
 576 571 563 568 566 567 569 564 565 562 561 570 588 590 593
 594 589 585 586 600 587 596 584 583 598 595 591 597 582 592
 581 599 604 614 612 610 613 602 608 497 609 500 605 617 499
 498 619 496 620 607 616 603 623 625 622 624 621 630 626 627
 629 628 559 545 542 553 558 524 540 533 528 521 254 252 253
 242 240 515 508 511 502 504 655 654 653 651 652 660 656 658
 657 659 662 665 663 661 664 1296 1294 1298 1297 1295 1133 1141 1135
 1134 1139 1174 1175 1176 1172 1173 957 948 953 951 952 988 991 992
 989 990 926 923 927 924 925 1042 1044 1046 1045 1043 1234 1235 1233
 1236 1232 1164 1158 1163 1165 1160 888 883 890 887 886 784 781 785
 783 782 739 738 736 737 740 1170 1171 1168 1167 1169 711 714 713
 712 715 776 780 777 778 779 880 882 879 878 881 1212 1217 1213
 1214 1221 1104 1103 1106 1102 1105 962 960 961 959 963 1034 1035 1032
 1033 1036 891 884 892 889 885 708 710 709 707 706 1154 1155 1153
 1152 1156 742 744 741 743 745 789 788 786 787 790 791 793 795
 792 794 800 797 796 798 799 801 803 805 802 804 810 809 808
 806 807 813 814 812 811 815 817 818 819 816 820 825 821 822
 824 823 827 829 826 828 830 832 834 831 833 835 839 837 840
 838 836 841 844 842 845 843 847 850 848 846 849 851 853 854
 1301 855 858 856 1278 859 1300 862 860 863 1299 864 865 867 871
 870 868 869 872 876 877 875 874 873 720 716 719 718 717 1166
 726 729 1161 1157 1159 727 1162 730 728 774 771 773 775 772 1075
 1076 1074 1072 1073 1117 1124 1126 1123 1122 998 1000 1002 1001 999 1201
 1197 1199 1198 1200 979 981 982 978 980 1246 1238 1241 1240 1243 690
 687 689 686 688 1059 1061 1058 1060 1057 1285 1286 1287 1288 1284 666
 669 670 668 667 1186 1143 1146 1183 1182 1185 1142 1144 1145 1184 1231
 1100 1101 1098 1099 1097 761 764 763 765 762 1028 1024 1027 1029 1031
 1230 1229 1227 1228 701 705 703 702 704 1245 1237 1239 1244 1242 1053
 1052 1055 1050 1056 935 937 933 934 936 1120 1125 1119 1118 1121 1196
 1194 1079 1195 1077 1080 1078 1192 1081 1193 898 901 900 899 902 1277
 1018 1019 1021 1095 1093 752 1096 1094 755 753 754 1092 751 1225 1222
 1224 1226 1223 975 976 974 958 977 985 984 986 983 987 695 692
 691 929 693 930 931 694 928 932 1249 1248 1247 1250 1251 1004 1010
 1006 1003 1012 1128 1130 1129 1131 1127 1205 1204 1206 1202 1203 906 904
 903 905 907 1084 1083 1085 1086 1082 1087 1089 1090 1091 1088 748 749
 747 750 746 1220 1218 1215 1216 1219 972 970 973 971 969 1040 1038
 1037 1039 1041 1065 1063 1062 1064 1066 1005 1208 1211 1207 1209 1011 1007
 1009 1210 1008 915 914 917 913 916 944 1292 1291 1290 947 943 945
 1293 946 1289 1189 1187 1188 1190 1191 682 685 684 681 683 725 721
 723 722 724 732 893 731 897 735 733 894 896 895 734 770 768
 766 767 769 940 942 941 938 939 671 674 672 673 675 1148 1149
 1150 1151 1147 1283 1279 1282 1281 1280 1113 1116 1114 1115 1112 1067 1070
 1071 1069 1068 1013 1016 1017 1014 1015 908 911 910 912 909 1025 1030
 1023 756 759 1026 758 757 760 1022 965 967 964 966 968 1108 1111
 1109 1110 1107 918 922 921 919 920 700 1054 696 1049 1047 698 1051
 697 699 1048 995 993 994 997 996 1255 1254 1252 1253 1260 1256 1257
 1259 1258 1264 1261 1263 1265 1262 1269 1270 1268 1267 1266 1275 1271 1272
 1274 1273 1276 1020 857 955 950 956 954 949 680 677 678 679 676
 1179 1180 1178 1177 1181 1136 1138 1137 1132 1140 866 861 852
5 14 45 11 87 0 8 7 6 90 16 3 43 89
 1 44 10 17 18 22 20 50 19 25 49 23 48 36 37
 35 32 33 30 31 47 29 27 28 51 39 40 41 42 12
 15 2 88 34 26 24 21 38 151 153 139 141 136 265 268
 267 269 266 62 66 65 64 63 74 68 115 72 114 70 113
 67 80 84 79 86 77 75 111 112 85 76 83 78 4 46
 13 9 91 104 94 93 109 180 179 108 107 102 105 100 178
 92 101 177 99 98 95 176 81 82 73 71 69 123 130 121
 134 132 118 133 116 181 184 185 183 182 135 117 131 120 122
 119 129 56 154 152 54 150 55 148 144 143 149 147 146 142
 145 140 52 138 53 137 155 163 173 162 161 175 159 158 156
 174 189 166 190 187 186 188 172 171 157 164 160 110 106 103
 97 96 124 128 127 125 126 169 168 170 165 167 357 344 346
 345 359 406 198 197 409 212 208 206 205 408 203 202 407 201
 214 210 215 200 410 209 211 223 226 225 224 231 230 232 216
 219 218 217 228 227 234 221 220 222 235 229 233 236 251 255
 247 643 246 644 250 248 249 241 239 244 245 243 237 645 641
 642 238 257 256 262 260 259 272 258 270 274 57 61 59 58
 60 263 271 261 275 264 273 292 293 279 278 288 290 294 285
 287 283 289 284 280 286 281 295 276 277 282 291 486 483 482
 477 473 318 312 310 311 314 319 309 317 307 303 304 302 316
 305 320 313 308 301 306 315 332 330 339 405 335 338 328 327
 403 322 340 321 401 402 325 404 337 326 323 331 350 352 356
 192 194 193 349 353 347 341 351 342 348 360 358 343 191 355
 195 354 370 364 432 362 379 366 376 431 374 361 435 378 380
 369 433 367 434 372 365 373 386 385 398 397 382 381 390 389
 388 387 396 395 394 393 392 391 384 383 400 399 333 334 329
 336 324 196 207 204 199 213 445 412 414 413 421 428 422 444
 424 429 415 417 441 419 427 443 425 416 420 442 368 363 375
 377 371 437 436 438 440 439 423 430 426 418 411 449 448 447
 446 450 453 462 451 628 630 469 460 458 468 457 467 452 470
 629 627 626 461 459 456 463 485 489 300 476 488 474 299 480
 479 478 490 298 297 487 471 296 484 475 472 481 493 494 491
 492 495 613 614 616 608 610 511 512 648 518 515 519 650 520
 509 649 501 502 517 646 505 647 513 504 506 508 528 535 639
 533 530 638 537 521 637 525 636 534 524 532 522 538 527 536
 640 540 557 548 558 634 546 545 633 542 631 554 632 635 560
 550 559 556 541 543 555 553 566 567 570 569 568 561 562 565
 564 563 580 577 579 578 576 575 572 574 573 571 590 623 597
 591 621 588 598 586 596 581 584 599 625 594 624 589 583 587
 592 622 601 620 607 609 612 611 603 499 604 500 606 605 496
 497 618 498 619 615 617 602 585 600 582 595 593 466 465 454
 464 455 549 551 547 544 552 531 529 526 523 539 253 254 240
 242 252 514 516 503 510 507 651 654 655 652 653 660 658 657
 659 656 663 665 661 664 662 1126 1117 1123 1124 1122 923 927 924
 926 925 964 966 965 968 967 1156 1155 1152 1154 1153 741 743 745
 744 742 1201 1200 1197 1198 1199 948 951 953 952 957 758 760 757
 759 756 909 911 910 908 912 1181 1180 1178 1179 1177 1027 1024 1028
 1029 1031 983 985 986 984 987 938 940 939 942 941 747 750 748
 749 746 1196 1195 1192 1193 1194 686 690 687 689 688 735 731 733
 734 732 946 943 944 945 947 705 703 701 704 702 1202 1205 1204
 1203 1206 1075 1073 1076 1072 1074 1232 1235 1233 1234 1236 1108 1111 1110
 1107 1109 1296 1298 1295 1294 1297 789 787 790 786 788 795 794 793
 792 791 796 800 799 798 797 802 801 805 804 803 809 808 807
 806 810 814 815 813 811 812 816 820 819 818 817 825 824 823
 822 821 829 828 827 826 830 833 832 831 835 834 837 836 839
 838 840 844 842 845 841 843 850 849 848 847 846 851 1301 853
 855 854 859 857 1278 856 860 862 861 1300 865 864 867 866 870
 872 868 871 869 873 877 876 875 874 1007 1005 1011 1009 1008 1054
 1225 1223 1048 1051 1047 1226 1049 1224 1222 1145 1146 1142 1144 1143 1174
 1176 1173 1172 1175 991 992 990 989 988 709 706 708 707 710 1030
 1022 1026 1023 1025 1121 1125 1119 1118 1120 671 673 675 674 672 970
 971 973 972 969 1170 1171 1169 1168 1167 726 728 727 730 729 752
 753 754 751 755 696 1210 1209 697 699 698 1207 1211 1208 700 1114
 1164 1165 1158 1163 1160 676 678 677 680 679 932 928 929 931 930
 1116 1115 1112 1113 1190 1191 1189 1187 1188 721 724 722 723 725 907
 906 905 903 904 1034 1036 1032 1035 1033 1219 1220 1216 1218 1215 1149
 1151 879 1150 878 882 881 1147 880 1148 1058 1061 1057 1060 1059 1020
 1277 1018 1021 914 916 717 917 915 716 718 719 913 720 995 997
 993 996 994 1184 1183 1182 1185 1186 1228 1229 1227 1230 1231 888 886
 890 1136 887 1140 1138 883 1137 1132 1015 1013 1017 1016 1014 1242 1239
 1237 1244 1245 1289 1291 1292 1290 1293 769 767 770 766 768 1104 1106
 1105 1103 1102 1082 1084 1083 1086 1085 1088 1087 1090 1089 1091 1240 1238
 1241 1243 1246 1283 1281 1280 1279 1282 1081 1080 1077 1079 1078 779 776
 780 778 777 976 977 958 975 974 667 921 920 922 918 670 668
 669 919 666 1159 1157 1161 1162 1166 1056 1212 1213 1214 1050 1055 1053
 1217 1052 1221 895 897 896 893 894 1010 1012 1003 1006 1004 683 685
 684 682 681 1128 961 1127 963 1129 1130 962 959 960 1131 937 936
 935 933 934 901 900 898 902 899 715 713 714 712 711 1039 1038
 1037 1040 1041 981 982 980 978 979 738 739 740 737 736 693 694
 695 692 691 761 764 763 762 765 954 956 950 949 955 1133 1134
 1135 1002 1000 1139 1001 998 999 1141 892 885 891 884 889 1044 1042
 1043 1045 1046 771 773 774 772 775 1064 1093 1063 1092 1094 1062 1095
 1065 1066 1096 1285 1288 1284 1286 1287 1276 1255 1254 1253 1257 1256 1259
 1258 1260 1262 1261 1265 1264 1263 1267 1266 1268 1270 1269 1273 1275 1271
 1274 1272 1252 1019 858 1100 1099 1098 1101 1097 1249 1247 1250 1251 1248
 1067 1070 1068 1069 1071 784 783 781 785 782 1299 863 852
52 155 137 151 154 138 141 150 149 136 152 147 143 145
 139 148 144 18 17 75 76 77 83 79 84 86 78 70 72
 73 67 68 69 71 85 74 81 82 80 42 40 41 39 56
 53 55 54 113 111 114 112 115 43 0 44 46 45 117 130
 126 131 185 177 92 103 102 101 28 27 29 35 37 31 36
 30 23 25 38 24 20 34 33 32 19 21 26 22 142 140
 153 146 280 290 66 293 283 282 279 64 291 286 276 277 278
 285 288 294 63 281 284 62 47 49 51 48 50 61 257 269
 273 263 60 58 266 262 57 259 267 264 261 256 271 270 268
 275 272 3 12 15 6 2 9 10 5 4 11 8 90 88
 1 87 89 16 14 7 13 165 188 166 190 174 156 171 168
 162 158 169 175 167 189 172 163 160 159 187 157 292 295 287
 65 289 258 274 59 265 260 164 170 186 173 161 422 413 429
 418 441 210 205 199 207 212 208 408 198 206 214 410 407 196
 203 406 200 215 202 209 204 483 476 474 298 296 480 471 484
 475 482 472 479 297 488 477 490 478 485 300 486 597 587 585
 623 590 584 581 582 591 586 589 600 592 583 624 599 625 594
 593 622 184 133 125 123 127 122 129 183 121 124 119 132 135
 182 134 118 181 120 128 116 96 91 180 179 100 93 178 104
 106 99 97 108 94 105 109 110 107 98 176 95 235 448 230
 225 216 378 372 371 366 375 370 433 369 365 377 367 380 434
 363 376 374 361 432 364 431 386 392 385 439 400 388 399 440
 382 394 437 397 390 384 393 395 389 387 436 381 417 420 444
 412 430 442 419 415 425 421 411 424 443 426 445 427 416 414
 428 423 491 308 312 310 302 320 495 304 303 313 306 305 318
 319 494 311 317 492 314 307 324 322 340 332 339 402 330 405
 336 328 337 326 333 403 323 331 327 335 401 334 438 398 383
 391 396 201 409 211 197 213 341 195 354 357 342 194 346 352
 343 345 351 355 344 353 360 347 349 192 350 191 315 309 301
 493 316 404 329 325 338 321 356 193 358 359 348 299 489 473
 481 487 460 464 468 453 457 459 451 452 466 467 454 626 462
 455 469 628 629 630 461 456 234 220 233 449 450 228 221 446
 226 224 222 223 218 229 231 447 219 232 227 217 435 379 362
 373 368 545 551 541 555 635 503 509 505 517 507 511 518 513
 504 501 519 514 502 520 506 512 515 516 508 510 531 527 528
 636 523 640 533 534 522 538 530 537 540 536 526 524 639 638
 529 532 608 601 619 604 614 609 498 496 618 500 613 617 497
 611 616 602 603 605 612 615 564 565 563 561 562 568 567 566
 570 569 577 572 580 575 574 576 571 579 578 573 644 248 247
 244 242 254 240 243 252 642 250 246 643 645 241 251 238 255
 239 237 544 631 633 550 547 543 548 632 542 546 634 549 557
 552 558 559 554 556 553 560 249 236 245 253 641 465 458 470
 627 463 499 620 606 607 610 535 539 521 637 525 588 621 596
 598 595 648 649 647 650 646 1088 1087 1091 1089 1090 820 819 816
 817 818 823 825 821 824 822 1115 1149 699 725 1111 716 689 1122
 1103 1132 1141 1129 1092 712 695 1121 1144 702 1101 707 1070 1048 1026
 732 674 1076 1032 730 679 1057 1053 1079 745 1031 666 1039 1062 736
 682 1043 1042 1066 737 1038 683 729 1061 678 1034 1073 735 1049 1071
 673 1022 1077 741 667 1055 1028 692 1131 1134 1094 714 718 1104 1137
 686 1117 1142 705 706 1118 1097 1147 700 723 1110 1114 954 963 979
 775 1001 1016 766 940 994 966 973 1005 943 785 988 974 948 776
 984 1004 882 929 1298 904 754 890 1293 746 914 924 1285 889 898
 765 936 921 756 1283 895 909 838 837 840 836 839 831 832 833
 834 835 1083 1085 1084 1086 1082 857 1278 859 856 858 868 869 872
 870 871 853 855 1301 854 852 659 657 656 660 658 664 662 665
 661 663 829 828 827 826 830 793 794 795 791 792 786 788 790
 787 789 843 845 842 841 844 846 848 847 850 849 851 813 814
 815 811 802 804 803 801 1256 1260 1259 1258 1265 1261 1264 1262 809
 806 808 807 810 1254 1255 1276 1252 1253 965 767 942 1014 993 982
 986 958 998 961 772 1010 950 778 957 1008 782 971 992 945 1012
 780 953 985 976 1017 996 964 939 770 947 969 1007 990 783 771
 956 999 959 980 989 1011 944 970 784 960 955 981 1002 774 941
 995 768 1015 968 951 977 983 1006 779 903 751 881 1296 931 911
 896 760 918 1282 1287 747 1291 763 891 937 923 916 887 899 900
 883 917 1289 748 925 752 930 879 907 1297 1279 893 757 919 910
 1288 892 933 762 750 926 886 915 1290 761 1286 934 902 885 912
 894 1281 922 759 928 880 1294 753 906 1292 888 749 927 913 884
 1284 908 764 1280 758 920 901 897 935 905 932 1295 878 755 1019
 1018 1021 1020 1123 719 724 1136 1106 1108 1151 696 690 1116 715 691
 1095 1135 1127 708 703 1145 1125 1100 704 1146 1120 1098 710 688 1105
 1126 697 720 721 1113 1138 1150 1107 711 693 1133 1130 1093 1143 1119
 1099 709 701 1140 717 687 1102 1124 694 1096 1139 1128 713 1148 698
 1112 1109 722 798 800 799 796 797 653 655 652 654 651 1060 727
 1036 1075 677 1046 685 1037 738 1065 1054 733 1067 1025 675 1078 1050
 742 668 1029 743 1081 669 1024 1052 1069 1045 1041 684 1064 734 672
 1047 740 1030 1074 676 1059 728 1035 731 726 1033 1072 671 1068 1023
 680 1051 1058 1044 1040 1063 739 681 670 744 1027 1080 1056 1228 1195
 1183 1152 1245 1213 1209 1166 1188 1200 1179 1158 1235 1219 1241 1226 1174
 1168 1247 1206 1167 1251 1176 1204 1224 1161 1221 1240 1199 1180 1156 1227
 1193 1239 1185 1216 1210 1233 1163 1190 1194 1237 1186 1230 1154 1178 1217
 1198 1246 1157 1203 1169 1225 1249 1172 1189 1232 1208 1164 1220 1177 1243
 1159 1218 1160 1214 1191 1207 1236 1201 1248 1205 1222 1170 1173 1244 1231
 1153 1184 1192 1234 1165 1215 1211 1187 1182 1181 1242 1197 1238 1155 1162
 1196 1229 1212 1175 1250 1171 1202 1223 877 874 876 875 1300 862 860
 861 863 867 1299 866 864 865 1266 1270 1269 1268 1267 1272 1271 1274
 1273 1275 873 1277 805 1009 946 781 991 972 987 1003 975 777 952
 978 1000 962 773 949 938 967 1013 769 997 1263 1257 812
57 269 260 261 273 60 59 61 58 267 264 259 262 258
 272 268 257 41 17 161 188 165 167 156 157 160 187 162 168
 186 173 174 172 169 164 189 166 171 158 40 42 18 39 266
 274 275 256 175 190 159 163 170 107 180 97 101 104 286 295
 293 282 63 0 2 1 4 3 24 48 23 28 29 19 47
 32 25 35 51 38 50 27 31 21 34 20 36 33 265 263
 271 270 183 119 126 120 132 128 182 135 117 181 125 185 118
 123 116 131 134 127 133 121 22 37 49 26 30 136 139 152
 141 147 155 142 140 149 148 154 55 153 54 143 53 150 145
 137 52 109 98 177 102 91 94 103 106 95 105 99 92 108
 96 100 110 176 178 93 179 67 69 111 85 83 82 115 86
 75 72 113 78 81 79 112 77 73 80 70 74 122 129 124
 184 130 144 138 56 151 146 68 84 114 76 71 314 307 301
 312 492 210 205 204 196 198 202 409 212 201 209 410 406 207
 203 407 197 211 208 214 199 462 458 451 454 469 452 464 467
 470 465 460 466 468 456 453 459 457 455 463 461 434 379 380
 369 376 435 368 364 370 378 433 371 362 361 363 377 366 367
 431 374 292 276 64 280 288 287 65 290 279 289 66 277 291
 294 281 62 284 285 278 283 5 45 14 15 8 90 16 9
 44 12 89 43 7 88 87 10 6 46 13 11 233 447 221
 218 223 587 588 591 593 596 597 586 600 598 583 581 589 592
 585 594 582 584 595 599 590 520 519 501 513 504 650 506 508
 516 511 518 507 649 505 509 502 646 648 503 514 302 494 309
 320 315 304 317 319 316 303 491 493 310 308 313 306 311 318
 495 305 419 424 422 415 444 442 416 428 426 427 421 417 420
 425 423 430 443 429 441 418 332 329 331 321 323 334 333 337
 326 338 324 327 335 330 325 328 340 339 322 336 647 510 512
 517 515 206 408 215 200 213 246 642 241 254 250 641 242 255
 245 240 239 243 253 244 238 247 248 644 249 643 412 414 413
 445 411 402 403 401 404 405 251 645 237 252 236 626 627 630
 628 629 480 484 481 476 489 483 299 297 477 296 490 479 478
 300 475 482 485 471 487 486 235 216 229 217 234 230 227 225
 446 232 219 231 449 450 222 224 448 220 226 228 622 624 623
 621 625 530 529 528 522 640 390 394 391 440 389 382 399 396
 436 393 400 388 398 439 395 392 397 438 381 387 548 544 633
 547 634 560 543 550 542 635 549 555 553 556 545 551 541 558
 554 631 605 603 610 609 615 612 607 611 497 617 608 618 614
 606 498 500 616 604 499 619 569 570 568 567 566 565 564 563
 561 562 573 578 571 579 577 580 575 572 574 576 193 348 351
 347 344 359 357 352 346 191 358 360 194 195 350 355 342 354
 349 343 639 525 531 637 521 526 535 533 636 638 537 534 523
 536 524 527 532 538 539 540 356 353 341 345 192 472 474 473
 298 488 496 602 613 601 620 559 552 557 632 546 375 432 373
 372 365 437 383 385 384 386 1082 1084 1085 1083 1086 818 817 820
 816 819 821 823 822 825 824 1049 689 984 1234 935 1247 980 1050
 923 697 705 1045 928 1243 997 1057 694 992 919 1239 773 886 723
 743 1170 768 708 739 1157 882 891 780 733 720 1158 712 785 729
 1155 897 945 679 1185 1279 1139 1177 938 1142 1294 684 1174 956 668
 1150 1291 673 1187 1132 948 1284 1162 707 766 737 878 883 745 772
 1167 722 781 1153 894 714 728 779 1164 889 731 719 716 884 776
 1165 735 730 1156 713 782 893 880 740 706 1159 769 887 721 1168
 771 742 969 1093 1036 760 1228 975 1030 1218 761 1104 1027 960 746
 1225 1108 1099 1221 1039 965 752 848 850 846 849 847 844 842 841
 845 843 1088 1089 1090 1091 1087 1275 1272 1273 1274 1271 877 874 873
 876 875 853 855 1301 854 852 1277 1020 1019 1018 1021 1266 1268 1269
 1267 1270 811 815 812 814 813 793 792 791 795 794 787 786 788
 789 790 835 834 832 833 831 836 839 837 840 838 851 830 826
 828 829 805 802 801 804 654 655 652 653 1255 1254 1252 1253 866
 865 867 1299 864 1262 1261 1264 1265 1263 1129 1073 1196 1005 908 899
 915 1114 1012 1126 1067 1000 1209 1081 1205 1015 1063 1125 904 1198 1175
 1149 1292 667 954 1186 680 944 1283 1135 1296 939 1179 685 1146 1140
 1288 1190 957 674 701 930 1043 1240 993 1236 1047 686 934 987 1060
 693 990 918 1245 1056 1249 696 924 981 1154 784 715 895 726 1166
 710 770 738 881 888 778 892 775 725 741 732 1163 717 1171 978
 1054 985 1235 688 937 695 920 1061 988 1242 1246 1044 703 929 995
 1248 1052 926 700 671 1189 1285 1136 951 666 950 1176 1148 1289 1144
 1295 940 1181 683 1184 1281 946 676 1134 1122 1211 901 1004 1071 1206
 1113 1064 916 1118 906 1013 1078 1201 999 1076 1008 1128 1193 910 659
 658 657 656 1293 955 952 670 1172 1191 672 1137 1151 1286 942 1143
 1180 682 1297 947 1133 677 1282 1183 1072 909 1194 1011 1127 1077 1001
 1202 1070 1115 1124 1210 913 900 1010 1120 1065 903 1200 1017 1229 973
 1092 1034 758 1222 1024 750 1110 962 754 1100 1217 968 1040 1219 763
 976 1105 1025 1300 862 860 861 863 1260 1259 1257 1258 1256 1037 1098
 964 1213 751 1033 756 970 1095 1230 1028 1111 1223 963 749 1216 1026
 1102 762 958 936 690 983 1051 1232 698 1244 1059 991 692 925 982
 1251 922 1053 702 994 1238 932 1042 1002 1014 1199 907 1080 914 1203
 1062 1116 1119 1130 1195 911 1007 1075 1069 1003 1207 902 1117 996 1241
 931 704 1046 989 1250 691 927 1237 921 699 1055 979 1058 986 933
 687 1048 1233 675 1287 1188 953 1138 678 1141 1280 943 1182 681 1145
 941 1298 1178 1147 949 1290 669 1173 879 709 736 1161 767 727 1152
 896 711 783 885 777 1160 718 734 744 724 890 774 1169 1009 1192
 912 1079 917 1074 998 1112 1204 1131 1208 1123 1068 898 1006 1197 1066
 905 1016 1121 959 1226 747 1029 1107 1097 1096 967 1032 971 1214 1227
 1041 753 757 1103 974 1215 1022 764 872 870 871 868 800 796 798
 797 799 806 808 807 809 810 663 662 661 665 664 857 856 859
 1278 858 869 660 803 1101 966 755 1212 1038 1224 1109 1031 748 961
 1220 1106 1023 765 977 972 1035 1094 759 1231 1276 651 827
