0 2 1 4 3 5 20 14 21 17 12 15 19 11
 8 18 10 6 13 16 9 7 24 25 23 22 29 28 26
 27 30 46 31 34 42 41 43 45 32 36 39 37 44 40
 33 35 38 48 52 47 53 54 49 51 50 58 59 56 62
 61 55 57 60 69 70 67 68 64 63 66 65 75 76 78
 77 73 74 72 71 85 83 86 84 81 79 82 80 94 92
 93 91 87 89 88 90 100 97 98 101 95 102 96 99 105
 108 109 104 106 107 110 103 114 117 112 118 113 111 115 116
 126 122 119 123 124 120 121 125 130 131 128 134 133 127 129
 132 142 135 140 137 138 139 136 141 144 149 146 147 148 145
 150 143 153 156 158 152 151 157 154 155 166 159 163 165 162
 160 161 164 171 173 167 168 174 170 172 169 176 180 181 177
 178 182 179 175 185 187 190 183 188 189 184 186 194 193 196
 198 191 197 192 195 201 202 205 204 200 203 206 199 208 214
 210 213 209 207 211 212 218 221 216 222 215 217 220 219 230
 229 223 224 226 225 227 228 234 233 236 237 231 238 235 232
 244 246 245 243 240 241 239 242 251 253 252 254 250 248 249
 247 258 261 255 262 260 256 259 257 270 266 263 268 265 269
 264 267 275 277 276 278 274 272 273 271 283 286 284 285 282
 280 279 281 291 293 290 288 294 287 289 292 301 299 302 300
 297 295 298 296 307 305 306 309 310 303 304 308 314 317 316
 315 318 312 313 311 321 322 326 325 320 319 323 324 331 333
 332 334 330 328 329 327 342 341 335 336 338 337 339 340 350
 349 343 348 345 344 346 347 353 355 358 352 357 351 354 356
 365 359 362 364 361 363 366 360 372 370 367 373 368 374 371
 369 376 382 379 377 380 378 375 381 397 398 395 396 391 392
 393 394 390 389 388 387 384 383 386 385 406 413 400 407 402
 409 404 411 414 405 408 399 410 401 412 403 424 422 427 417
 429 415 416 430 426 428 418 419 425 420 423 421 438 437 436
 435 431 432 433 434 441 443 446 440 445 439 442 444 450 452
 448 454 447 453 449 451 460 459 462 461 457 458 455 456 470
 469 468 467 463 464 465 466 476 474 471 477 472 478 475 473
 486 485 480 479 481 482 483 484 490 489 492 491 493 494 487
 488 498 497 495 496 505 506 500 499 501 502 504 503 509 510
 512 511 513 514 508 507 516 517 518 515 521 519 522 520 526
 523 524 525 530 529 527 528 537 533 535 531 538 534 536 532
 544 546 540 541 545 543 539 542 549 553 551 552 554 548 550
 547 562 558 555 559 561 557 556 560 569 568 567 570 566 563
 564 565 573 577 576 572 574 578 575 571 580 586 582 585 581
 579 583 584 590 589 593 594 587 588 592 591 596 598 595 597
 606 599 605 601 602 600 603 604 613 614 608 607 609 610 612
 611 616 618 615 617 622 619 620 621 625 626 624 623 628 629
 630 627 631 632 633 634 635 636 637 638 639 640 641 642 643
 644 645 646 647 648 649 650 651 652 653 654 655 656 657 658
 659 660 661 662 663 664 665 666 667 668 669 670 672 674 671
 673 676 678 675 677 681 679 682 680 685 683 686 684 696 699
 701 694 695 702 688 687 697 690 700 693 698 691 692 689 712
 710 718 716 715 709 703 714 707 708 711 717 713 705 704 706
 727 726 734 725 732 733 719 730 722 723 728 731 720 729 721
 724 744 749 748 750 741 743 745 736 735 740 747 742 739 738
 746 737 760 755 757 764 761 762 751 766 754 753 765 758 759
 763 752 756 776 780 773 772 778 779 767 768 782 769 774 775
 781 777 770 771 790 791 797 787 784 785 798 795 786 794 788
 789 796 783 793 792 813 806 807 804 799 800 814 802 810 809
 805 812 803 801 811 808 818 817 815 816 821 822 820 819 826
 825 823 824 829 830 828 827 843 845 844 837 836 839 842 835
 838 831 834 841 846 832 833 840 861 860 857 851 854 856 850
 853 852 858 862 855 849 847 848 859 877 872 878 868 874 863
 871 867 875 865 869 876 873 870 866 864 887 888 894 890 891
 889 883 884 882 881 892 879 893 886 885 880 908 905 900 902
 907 895 898 904 910 901 906 909 903 897 896 899 920 925 923
 917 924 914 919 926 916 913 912 921 911 918 922 915 941 942
 936 932 934 927 935 940 939 928 933 931 937 938 930 929 951
 958 952 954 955 950 947 956 946 944 948 943 957 953 949 945
 972 973 964 966 974 959 962 968 971 965 960 969 963 961 970
 967 984 985 987 981 990 978 983 988 980 977 986 989 975 979
 976 982 998 1000 991 1003 1004 995 994 1002 992 1001 999 993 1006
 1005 996 997 1016 1012 1022 1011 1014 1018 1010 1013 1020 1019 1007 1021
 1017 1009 1008 1015 1030 1031 1026 1038 1023 1035 1028 1034 1033 1024 1032
 1027 1036 1029 1025 1037 1049 1052 1042 1046 1054 1053 1041 1045 1040 1039
 1051 1047 1048 1050 1043 1044 1064 1058 1059 1065 1070 1067 1060 1056 1055
 1066 1062 1063 1068 1061 1057 1069 1085 1080 1074 1079 1071 1084 1086 1073
 1078 1082 1072 1081 1075 1077 1083 1076 1095 1092 1093 1091 1101 1097 1102
 1088 1098 1087 1094 1096 1089 1090 1100 1099 1111 1113 1117 1107 1109 1106
 1108 1118 1115 1104 1114 1112 1116 1103 1110 1105 1123 1124 1128 1119 1125
 1133 1122 1131 1130 1126 1127 1134 1121 1120 1132 1129 1139 1148 1144 1135
 1141 1136 1138 1147 1145 1142 1150 1143 1137 1149 1140 1146 1153 1163 1156
 1166 1151 1155 1159 1165 1161 1157 1160 1164 1154 1158 1162 1152 1168 1167
 1170 1169 1171 1175 1174 1172 1173 1177 1190 1184 1188 1179 1183 1186 1178
 1181 1189 1185 1180 1187 1182 1191 1176 1193 1206 1200 1204 1195 1199 1202
 1194 1197 1205 1201 1196 1203 1198 1207 1192 1209 1220 1212 1218 1221 1210
 1217 1223 1215 1211 1214 1208 1219 1213 1216 1222 1238 1224 1231 1236 1227
 1233 1234 1229 1237 1226 1232 1228 1235 1230 1239 1225 1241 1254 1252 1249
 1242 1247 1250 1243 1253 1245 1248 1244 1251 1246 1255 1240 1259 1256 1257
 1258 1274 1273 1272 1275 1261 1262 1263 1260 1265 1264 1267 1266 1268 1269
 1270 1271 1277 1279 1276 1278 1280 1281 1294 1296 1295 1297 1284 1285 1283
 1287 1292 1286 1282 1288 1290 1291 1293 1289 1301 1298 1299 1300
0 1 2 3 4 5 21 17 20 14 15 12 18 10
 6 19 11 8 16 13 7 9 24 25 23 22 28 29 27
 26 30 45 37 39 36 32 44 46 41 42 34 31 43 33
 40 38 35 50 53 54 52 47 51 49 48 59 58 55 61
 62 56 60 57 67 68 69 70 66 65 64 63 77 78 76
 75 72 71 73 74 83 85 84 86 82 80 81 79 92 94
 91 93 88 90 87 89 97 100 102 99 96 98 95 101 108
 105 107 103 110 109 106 104 117 114 111 115 116 112 118 113
 122 126 120 125 121 119 124 123 128 134 130 131 132 129 127
 133 140 137 142 135 136 141 138 139 146 147 144 149 150 143
 148 145 152 158 156 153 154 155 151 157 165 162 160 166 159
 163 164 161 168 174 170 171 173 167 169 172 178 177 182 180
 176 181 175 179 188 183 189 187 185 190 186 184 197 195 191
 192 196 194 198 193 203 206 200 199 205 201 202 204 211 209
 212 207 214 213 208 210 220 215 219 217 221 222 218 216 229
 230 224 223 225 226 228 227 233 234 237 236 232 235 238 231
 246 244 243 245 239 242 240 241 252 254 251 253 248 250 247
 249 256 262 260 261 255 258 257 259 269 265 268 263 266 270
 267 264 276 278 275 277 272 274 271 273 284 285 283 286 280
 282 281 279 293 291 292 287 289 288 294 290 299 301 300 302
 298 296 297 295 305 307 310 308 306 304 303 309 317 314 318
 313 316 311 315 312 322 321 325 326 319 320 324 323 332 334
 331 333 328 330 327 329 338 337 339 340 342 341 335 336 348
 345 346 350 349 347 343 344 352 358 355 353 356 354 351 357
 364 362 359 365 360 366 363 361 373 367 370 372 369 371 374
 368 377 379 382 376 381 375 378 380 395 396 397 398 393 394
 391 392 388 387 390 389 386 385 384 383 402 409 404 411 406
 413 400 407 410 401 412 403 414 405 408 399 425 423 415 420
 416 427 429 426 430 418 428 421 424 417 422 419 437 438 435
 436 432 431 434 433 443 441 445 439 446 440 444 442 452 450
 447 453 448 454 451 449 459 460 461 462 458 457 456 455 469
 470 467 468 464 463 466 465 474 476 472 478 471 477 473 475
 485 486 479 480 482 481 484 483 489 490 491 492 494 493 488
 487 498 497 495 496 506 505 499 500 502 501 503 504 510 509
 511 512 514 513 507 508 516 517 518 515 521 519 522 520 526
 523 524 525 530 529 527 528 538 534 531 535 537 533 532 536
 541 545 543 544 546 540 542 539 552 554 548 549 553 551 547
 550 561 557 559 555 562 558 560 556 570 567 568 569 563 566
 565 564 574 578 572 576 573 577 571 575 583 581 584 579 586
 585 580 582 592 591 587 588 593 594 590 589 597 595 598 596
 602 603 600 604 606 605 599 601 609 610 612 611 613 614 608
 607 617 615 618 616 620 621 622 619 626 625 623 624 630 627
 628 629 632 631 634 633 636 635 638 637 639 641 640 643 642
 645 644 647 646 648 649 650 651 652 654 653 656 655 658 657
 660 659 662 661 664 663 666 665 668 667 669 670 672 674 671
 673 677 675 678 676 680 682 679 681 685 683 686 684 702 695
 694 701 699 696 691 692 698 689 693 700 697 688 687 690 716
 715 709 712 710 718 706 713 704 705 717 711 714 708 707 703
 734 728 727 733 731 725 721 723 724 730 726 732 729 720 719
 722 748 747 744 743 742 750 736 745 737 738 749 741 746 740
 739 735 758 764 756 755 763 751 762 753 752 766 759 760 765
 761 754 757 771 781 775 774 769 768 782 779 767 778 772 773
 780 770 777 776 788 789 796 792 794 795 786 785 798 784 790
 791 797 793 783 787 807 808 813 805 801 814 800 809 811 802
 804 803 812 799 810 806 818 817 815 816 821 822 820 819 825
 826 824 823 830 829 827 828 845 843 840 836 837 842 839 834
 841 832 835 838 833 831 846 844 859 857 860 858 855 850 856
 852 853 851 847 854 848 862 849 861 872 877 868 878 869 864
 876 873 870 866 874 871 867 875 865 863 888 887 890 894 889
 891 884 883 881 882 893 880 892 885 886 879 905 908 909 907
 902 896 899 903 901 910 897 900 904 906 895 898 921 923 925
 915 919 926 924 914 918 912 913 920 922 916 911 917 942 941
 932 936 935 928 934 939 940 927 931 933 938 937 929 930 958
 951 954 952 948 957 953 949 945 943 955 944 950 947 956 946
 973 972 969 963 968 960 971 974 962 967 959 964 966 970 961
 965 989 987 985 990 981 979 982 980 988 976 975 984 986 978
 977 983 1000 998 992 1004 1003 994 995 1001 991 1002 993 999 1005
 1006 997 996 1012 1016 1011 1022 1015 1019 1009 1020 1013 1018 1008 1017
 1021 1010 1007 1014 1032 1027 1036 1029 1033 1025 1037 1024 1023 1034 1030
 1031 1026 1038 1035 1028 1047 1048 1044 1053 1041 1046 1054 1043 1051 1050
 1040 1049 1052 1039 1045 1042 1062 1063 1068 1055 1061 1057 1069 1066 1065
 1056 1064 1058 1059 1070 1067 1060 1081 1075 1077 1086 1082 1073 1079 1084
 1076 1071 1083 1085 1080 1074 1072 1078 1092 1095 1091 1093 1102 1098 1101
 1087 1097 1088 1096 1094 1090 1089 1099 1100 1113 1111 1107 1117 1110 1105
 1118 1108 1114 1103 1115 1116 1112 1104 1109 1106 1120 1125 1129 1132 1124
 1122 1133 1130 1131 1127 1126 1121 1134 1123 1119 1128 1148 1139 1145 1136
 1149 1135 1140 1146 1144 1150 1142 1137 1143 1141 1138 1147 1159 1158 1161
 1162 1157 1160 1153 1154 1156 1151 1155 1152 1165 1163 1166 1164 1167 1168
 1169 1170 1171 1175 1174 1172 1173 1180 1179 1189 1191 1190 1186 1183 1185
 1182 1184 1178 1177 1176 1181 1188 1187 1196 1195 1205 1207 1206 1202 1199
 1201 1198 1200 1194 1193 1192 1197 1204 1203 1223 1222 1218 1212 1214 1211
 1213 1209 1208 1210 1221 1215 1216 1217 1219 1220 1227 1228 1237 1239 1238
 1234 1233 1230 1231 1232 1226 1224 1225 1229 1236 1235 1244 1242 1255 1253
 1254 1250 1247 1248 1249 1246 1243 1241 1240 1245 1252 1251 1257 1258 1259
 1256 1266 1265 1264 1267 1268 1269 1270 1271 1273 1272 1275 1274 1261 1262
 1263 1260 1278 1276 1279 1277 1280 1281 1295 1297 1294 1296 1282 1283 1285
 1288 1286 1292 1284 1287 1291 1290 1289 1293 1301 1298 1299 1300
0 3 4 2 1 5 19 11 18 10 8 6 21 17
 15 20 14 12 9 7 16 13 24 25 23 22 27 26 29
 28 30 44 42 41 37 39 46 43 34 31 32 36 45 38
 35 40 33 57 56 61 55 62 59 58 60 49 51 53 47
 54 52 50 48 78 77 76 75 74 73 71 72 70 69 67
 68 65 66 63 64 90 89 88 87 93 94 91 92 80 79
 82 81 86 85 84 83 108 105 109 110 104 107 103 106 100
 97 102 96 101 98 99 95 126 122 120 125 124 119 123 121
 117 114 112 118 116 111 113 115 137 142 135 140 141 138 136
 139 134 130 131 128 129 133 127 132 153 158 152 156 157 154
 155 151 146 149 147 144 145 150 143 148 174 171 170 173 168
 167 172 169 162 166 163 159 165 160 164 161 187 188 190 185
 183 189 186 184 180 178 182 176 177 181 179 175 205 204 203
 206 201 200 202 199 196 198 197 195 194 191 192 193 221 220
 222 219 218 216 215 217 214 211 213 212 208 210 209 207 237
 236 234 233 232 231 238 235 224 223 230 229 226 228 227 225
 251 252 254 253 249 250 247 248 246 245 244 243 242 241 239
 240 268 270 266 269 265 263 267 264 262 260 258 256 255 261
 259 257 281 282 279 280 284 283 285 286 274 273 272 271 278
 277 275 276 301 299 302 296 298 295 297 300 293 291 292 290
 294 288 289 287 317 314 315 318 313 312 311 316 307 305 309
 310 308 304 306 303 330 328 334 333 332 331 329 327 320 326
 319 325 322 321 324 323 346 347 349 350 343 344 345 348 340
 339 342 336 335 341 338 337 362 365 364 359 366 361 360 363
 358 353 352 355 354 357 356 351 382 377 376 379 378 381 380
 375 370 373 372 367 374 369 368 371 393 394 391 392 397 398
 395 396 386 385 384 383 390 389 388 387 404 411 406 413 400
 407 402 409 412 403 414 405 408 399 410 401 430 427 423 429
 420 422 417 425 424 421 419 428 426 416 415 418 445 446 439
 440 443 441 444 442 431 432 438 436 437 435 433 434 457 458
 460 462 459 461 455 456 447 448 453 454 452 450 451 449 478
 477 472 471 476 474 475 473 464 463 468 470 467 469 466 465
 494 493 491 492 490 489 487 488 482 481 480 479 486 485 484
 483 498 497 495 496 514 513 511 512 510 509 507 508 501 502
 500 499 505 506 504 503 516 517 518 515 521 519 522 520 526
 523 524 525 530 529 527 528 546 544 543 540 545 541 542 539
 534 538 535 533 537 531 536 532 558 562 559 557 561 555 560
 556 554 552 551 548 553 549 550 547 577 574 573 578 576 572
 575 571 568 570 563 566 567 569 565 564 594 591 593 592 589
 590 588 587 585 586 584 583 582 580 579 581 598 597 596 595
 611 614 612 613 607 608 610 609 604 603 605 606 601 599 600
 602 618 617 616 615 621 622 619 620 624 623 626 625 629 630
 627 628 633 634 632 631 637 638 636 635 639 643 642 640 641
 646 647 645 644 648 649 650 651 652 656 655 653 654 659 660
 658 657 663 664 662 661 668 667 665 666 669 670 672 674 671
 673 678 677 676 675 682 681 680 679 685 683 686 684 698 692
 691 688 687 697 701 699 696 693 690 689 702 694 695 700 707
 708 714 704 705 713 711 709 716 715 706 703 718 710 712 717
 726 734 728 731 725 732 720 724 730 722 727 733 721 719 729
 723 747 744 749 742 750 741 737 735 745 739 748 743 738 746
 740 736 759 757 764 756 751 761 763 752 766 754 760 765 758
 762 753 755 770 767 779 778 774 775 781 773 780 772 769 768
 782 776 771 777 794 795 786 783 790 791 797 789 796 788 784
 785 798 792 787 793 808 813 806 803 814 799 801 811 802 810
 812 804 805 800 809 807 818 817 815 816 821 822 820 819 824
 823 826 825 828 827 830 829 842 839 835 832 831 843 845 840
 846 837 844 833 841 836 838 834 854 850 856 862 859 860 857
 849 848 847 858 861 852 851 853 855 871 876 867 873 863 869
 872 868 865 870 864 877 878 866 875 874 893 892 884 883 880
 879 894 890 885 886 887 891 888 882 881 889 904 903 898 896
 895 902 909 905 897 906 910 899 908 901 907 900 919 926 914
 922 920 925 921 923 912 916 918 924 917 913 915 911 935 934
 938 937 941 933 942 930 929 931 928 927 936 932 939 940 957
 950 953 947 944 951 952 946 949 948 943 955 958 954 945 956
 968 974 962 960 972 966 969 973 964 970 963 971 959 965 967
 961 983 979 978 986 975 985 989 977 976 980 990 982 981 987
 988 984 997 996 1006 999 993 1002 1001 994 1005 995 1004 1003 992
 991 998 1000 1010 1009 1019 1018 1021 1022 1012 1008 1007 1011 1013 1015
 1014 1016 1020 1017 1029 1025 1023 1030 1036 1031 1024 1028 1026 1037 1038
 1035 1033 1032 1027 1034 1046 1054 1050 1047 1048 1049 1052 1040 1043 1042
 1045 1053 1041 1044 1051 1039 1061 1057 1055 1059 1064 1058 1056 1069 1068
 1060 1070 1067 1065 1062 1063 1066 1086 1073 1071 1085 1077 1080 1081 1075
 1083 1074 1078 1079 1084 1082 1076 1072 1090 1089 1098 1097 1094 1093 1096
 1099 1091 1100 1102 1101 1095 1092 1088 1087 1110 1109 1104 1103 1111 1116
 1115 1114 1118 1107 1108 1106 1105 1117 1113 1112 1129 1126 1123 1134 1127
 1131 1130 1122 1133 1125 1124 1132 1119 1128 1121 1120 1145 1144 1139 1143
 1150 1137 1146 1138 1148 1141 1149 1136 1135 1142 1147 1140 1152 1161 1163
 1157 1166 1154 1164 1155 1158 1162 1165 1153 1160 1156 1151 1159 1169 1170
 1168 1167 1171 1175 1174 1172 1173 1184 1181 1180 1186 1182 1188 1191 1187
 1179 1177 1176 1189 1185 1190 1183 1178 1200 1197 1196 1202 1198 1204 1207
 1203 1195 1193 1192 1205 1201 1206 1199 1194 1213 1210 1216 1219 1215 1222
 1209 1217 1214 1220 1208 1221 1212 1223 1218 1211 1229 1231 1228 1234 1230
 1236 1239 1227 1224 1235 1225 1237 1232 1238 1233 1226 1249 1245 1250 1244
 1246 1252 1255 1251 1241 1242 1240 1253 1248 1254 1247 1243 1258 1259 1256
 1257 1268 1270 1271 1269 1274 1275 1273 1272 1263 1260 1262 1261 1266 1267
 1265 1264 1279 1278 1277 1276 1280 1281 1296 1295 1297 1294 1285 1282 1284
 1292 1288 1287 1283 1286 1293 1289 1291 1290 1301 1298 1299 1300
0 2 1 4 3 5 8 9 6 7 11 10 15 16
 17 12 13 14 19 18 21 20 22 23 24 25 27 26 29
 28 30 253 248 264 266 283 238 285 252 236 233 282 268 232
 269 279 249 76 74 72 88 89 77 92 93 356 372 367 351
 374 358 369 353 64 354 355 65 357 67 70 352 50 376 51
 381 53 382 375 54 81 368 373 80 370 83 86 371 48 361
 364 49 47 362 363 52 191 173 172 170 195 194 168 198 150
 407 143 402 403 414 144 149 134 189 188 132 187 130 184 127
 396 213 386 211 209 210 397 383 151 113 115 153 112 155 117
 158 399 410 163 161 165 162 411 406 178 177 108 107 106 104
 181 179 391 128 390 129 387 131 133 394 142 135 214 207 212
 136 208 141 102 392 100 388 99 393 389 95 148 145 202 200
 203 146 204 147 118 413 116 114 412 401 400 111 215 98 101
 218 219 96 97 222 182 395 175 384 385 398 176 180 119 126
 164 160 166 121 159 125 409 193 192 408 404 197 196 405 346
 290 349 289 293 344 288 348 44 333 329 33 42 332 34 328
 334 335 331 340 337 327 330 342 45 317 316 41 35 312 313
 37 319 315 324 321 311 314 318 326 36 300 39 295 40 301
 298 43 299 304 306 302 297 309 305 296 345 32 46 350 343
 38 347 31 230 430 416 422 228 223 421 225 277 265 270 276
 263 272 273 267 274 415 424 428 278 275 420 271 251 257 258
 250 254 262 255 247 426 260 419 256 259 423 261 429 234 243
 246 235 237 242 240 231 417 241 418 244 239 425 245 427 224
 286 226 284 227 280 281 229 66 61 68 59 57 69 56 63
 94 87 365 366 359 360 90 91 85 62 79 60 58 82 55
 84 379 380 73 75 78 71 377 378 201 124 122 206 174 152
 157 167 169 156 154 171 123 199 205 120 109 216 217 140 137
 190 185 110 139 183 186 105 103 220 221 138 338 325 308 310
 291 339 322 323 292 336 307 287 303 341 294 320 454 461 460
 447 450 458 455 451 452 517 453 516 518 448 515 449 442 433
 437 440 445 436 432 443 521 438 435 520 434 522 519 431 475
 466 463 474 477 470 467 472 469 525 464 524 526 465 523 468
 529 508 513 528 511 530 510 527 512 499 505 514 507 504 509
 502 506 501 500 503 497 487 493 496 491 498 495 490 479 492
 486 494 488 484 489 482 446 444 439 441 462 457 456 459 478
 476 471 473 485 481 480 483 547 557 555 554 562 551 549 560
 553 616 615 617 552 550 548 618 541 532 540 535 546 538 533
 542 619 537 620 536 534 621 531 622 578 573 563 564 569 576
 571 568 623 567 625 565 570 624 566 626 610 607 627 628 630
 612 629 613 609 600 599 608 611 604 606 614 602 601 603 605
 596 595 590 587 591 597 594 598 589 582 581 588 583 592 593
 585 545 539 543 544 556 561 559 558 572 575 577 574 579 580
 586 584 638 635 636 639 634 631 632 650 633 646 648 645 647
 643 649 642 641 640 644 637 665 653 668 652 666 667 662 663
 670 661 658 659 669 657 656 651 654 655 664 660 802 804 806
 800 798 792 789 794 769 776 773 767 762 756 758 766 708 828
 714 703 705 704 829 712 718 709 706 827 830 716 717 710 698
 824 692 689 687 688 699 825 694 693 690 823 696 701 826 702
 745 735 737 739 816 738 741 744 747 818 815 740 743 817 750
 748 719 721 729 723 820 722 822 733 725 727 819 724 821 728
 734 732 683 810 686 809 812 803 684 813 808 685 801 799 814
 805 807 811 793 784 785 783 681 790 797 787 680 788 786 682
 795 791 796 679 782 675 768 678 677 774 781 771 676 772 777
 779 778 775 780 770 763 761 751 752 764 755 672 765 760 673
 671 753 754 757 759 674 720 730 731 726 736 746 749 742 707
 713 711 715 691 697 695 700 992 1023 1034 1106 1084 1077 1107 1076
 1086 999 1108 1109 1000 1027 1030 1001 1097 1088 1066 1009 1022 1045 1020
 1015 1046 1041 1063 1042 1064 1092 1094 1055 928 975 977 929 962 936
 1120 965 1124 984 1132 966 1133 968 942 987 960 943 946 970 979
 1119 988 1122 973 951 1123 969 990 1125 982 954 944 1128 945 971
 937 952 967 963 935 974 1126 1131 933 958 1121 939 1129 930 1130
 953 981 956 948 980 950 1127 941 927 1134 983 932 978 864 911
 913 865 902 878 1148 904 1149 923 1136 898 1140 901 872 920 896
 879 882 906 926 1139 918 1141 905 890 1135 909 915 1138 924 887
 880 1144 881 899 869 894 910 907 875 903 1137 1147 873 888 1142
 871 1145 866 1146 884 914 886 889 919 892 1150 868 863 1143 916
 877 917 832 1050 844 1013 1069 1070 1014 845 1052 1047 1040 833 1010
 1057 1059 1011 1083 1024 1004 856 858 1031 852 855 996 1075 1085 1033
 1071 995 1032 1005 1019 846 1054 1044 1016 1100 1101 1017 840 843 831
 1007 1090 1091 1043 1053 991 1114 1035 1036 853 851 1028 1029 1113 993
 998 1104 1002 1112 854 850 1103 848 1073 860 1074 994 997 861 1116
 1111 847 1115 1003 1006 1078 1079 1098 1008 834 837 1095 1060 1068 841
 842 1012 1021 1018 1087 1067 1096 1061 849 1072 1025 1105 1117 1080 1026
 1081 857 859 1082 862 1037 1118 1110 1038 1039 1065 835 1089 1093 1099
 1102 839 1049 1058 1062 1056 1051 1048 836 838 867 891 925 870 874
 893 876 921 908 922 895 897 912 883 885 900 938 947 985 940
 931 949 934 989 964 986 959 961 976 955 957 972 1157 1164 1159
 1165 1160 1161 1151 1163 1153 1155 1156 1166 1158 1152 1154 1162 1168 1167
 1170 1169 1171 1172 1173 1174 1175 1242 1252 1182 1208 1219 1185 1226 1189
 1186 1229 1231 1220 1209 1233 1251 1244 1222 1216 1246 1225 1239 1248 1194
 1253 1250 1197 1200 1238 1224 1199 1215 1223 1195 1204 1232 1243 1237 1234
 1245 1190 1177 1247 1249 1196 1203 1230 1176 1191 1236 1227 1211 1192 1207
 1214 1178 1218 1181 1217 1184 1206 1193 1183 1235 1228 1179 1188 1240 1198
 1255 1201 1221 1205 1210 1202 1213 1254 1241 1212 1187 1180 1261 1264 1269
 1273 1263 1260 1256 1262 1267 1257 1265 1266 1258 1270 1271 1268 1259 1274
 1275 1272 1279 1278 1277 1276 1280 1281 1293 1289 1299 1291 1300 1295 1297
 1284 1283 1301 1296 1285 1288 1298 1287 1286 1294 1282 1292 1290
0 3 4 2 1 5 15 16 12 13 17 14 6 7
 10 8 9 11 21 20 18 19 22 23 24 25 28 29 27
 26 30 115 117 159 166 195 145 194 112 148 147 191 164 146
 160 198 113 64 70 67 80 81 65 83 86 360 380 379 359
 378 366 377 365 47 76 77 52 72 49 48 74 82 357 79
 352 84 354 355 85 51 88 89 50 92 53 54 93 69 368
 373 68 63 370 371 66 41 287 291 294 35 37 292 45 305
 332 306 329 333 328 309 304 422 252 249 430 253 416 248 421
 274 234 275 237 235 231 271 278 322 46 31 325 38 320 32
 323 298 301 335 337 340 342 295 300 428 420 238 232 233 236
 415 424 256 281 261 286 260 284 280 259 264 269 418 427 417
 268 425 266 247 223 254 225 251 228 230 250 39 36 339 341
 336 43 338 40 293 317 289 288 313 316 312 290 282 429 423
 285 283 426 419 279 267 245 265 239 241 244 263 270 303 307
 42 44 34 308 33 310 350 324 326 347 343 321 319 345 392
 190 388 185 183 393 186 389 210 107 106 213 209 104 211 108
 384 137 385 139 138 398 395 140 102 184 188 95 99 189 187
 100 221 391 216 220 394 387 390 217 176 142 175 141 182 136
 135 180 397 110 105 396 386 109 103 383 222 133 128 215 219
 131 218 129 173 114 116 111 172 168 118 170 411 201 206 399
 205 406 410 199 119 149 150 143 126 121 144 125 171 400 412
 174 169 401 413 167 196 155 197 151 158 193 153 192 120 414
 402 123 122 407 403 124 163 203 161 204 202 165 200 162 404
 154 405 156 408 157 152 409 94 381 90 382 375 87 376 91
 351 356 62 60 58 55 353 358 78 361 73 362 363 71 364
 75 57 56 369 374 367 372 61 59 296 334 331 297 314 349
 348 318 315 346 344 311 330 302 299 327 276 257 262 246 240
 224 226 272 242 227 229 273 277 258 255 243 181 130 212 214
 97 177 127 134 101 179 208 96 207 178 98 132 498 480 483
 497 495 481 485 496 482 490 479 487 491 484 493 486 500 530
 527 506 501 528 529 503 510 502 505 513 499 511 508 504 471
 523 525 478 473 524 526 476 475 465 477 468 469 472 464 474
 453 461 458 452 460 448 455 449 516 459 457 517 518 462 515
 456 450 451 447 454 434 442 445 438 443 431 435 440 441 519
 446 521 522 444 520 439 509 512 514 507 492 489 494 488 466
 470 463 467 437 436 432 433 629 605 603 628 602 627 630 601
 604 612 613 607 599 600 606 610 586 598 584 595 579 596 597
 580 591 583 594 581 582 590 585 587 574 577 626 625 623 575
 572 624 567 571 566 578 576 570 573 565 546 542 536 534 537
 540 531 541 622 544 543 621 619 539 545 620 535 538 533 532
 552 550 560 562 555 553 557 548 617 559 558 618 556 616 615
 561 593 592 589 588 611 614 608 609 569 568 564 563 551 554
 547 549 640 649 641 643 644 648 645 646 647 638 636 637 639
 634 632 650 633 631 635 642 662 658 663 661 664 670 651 653
 656 654 652 665 668 666 659 657 660 669 655 667 738 750 748
 737 712 708 703 709 702 692 689 701 719 725 727 722 676 772
 773 677 775 776 770 675 782 678 771 781 779 778 767 769 789
 788 680 681 791 792 794 785 784 798 787 797 786 682 793 679
 762 751 674 766 752 671 756 760 758 765 761 753 757 755 672
 673 683 814 800 802 811 686 803 805 684 685 799 809 813 806
 808 804 735 816 740 746 817 741 743 747 749 744 815 745 736
 742 818 739 717 711 710 829 706 828 714 713 705 704 715 716
 830 707 827 718 695 694 825 696 690 824 698 697 687 688 826
 699 700 691 823 693 819 729 720 723 822 732 733 728 726 734
 724 730 820 731 821 721 801 810 812 807 763 754 759 764 780
 774 768 777 796 790 783 795 963 981 980 954 936 928 943 929
 942 971 946 951 974 978 983 967 917 916 910 878 864 882 865
 872 887 890 899 879 903 914 919 907 836 1022 1020 838 1095 835
 1050 1087 1047 1015 1052 1098 1040 1096 839 1009 1042 837 841 1045 1058
 1016 1056 1007 1046 842 1019 1041 1065 1017 1062 834 1011 1093 1013 840
 1063 1010 846 831 1064 843 1102 1099 1055 1014 1089 1066 1068 1043 1060
 1092 832 1088 1097 833 1094 1061 1053 1044 1067 845 1054 844 851 1077
 1076 853 1033 850 1103 1032 1111 1084 1116 1031 1115 1024 854 1086 1107
 858 852 1108 993 1082 1002 1081 1109 856 1080 1106 991 1072 998 855
 1074 1036 1078 857 992 1073 849 862 1001 859 1035 1028 999 1079 1029
 1000 1005 1118 995 1027 860 1034 1023 861 1030 996 1105 1117 1004 848
 1110 847 915 869 926 897 1146 1150 908 924 873 871 875 918 900
 1143 1145 895 1122 940 987 952 944 938 945 958 984 1119 1125 931
 1123 977 934 975 889 901 925 922 884 1147 1142 892 898 904 902
 886 1137 1144 912 921 955 1133 969 960 930 927 970 973 1124 947
 957 1120 949 1132 941 932 933 988 964 979 959 1130 1127 982 937
 935 990 939 1134 1129 961 972 874 1138 894 880 867 913 911 881
 888 1135 1141 1139 870 923 876 920 965 956 1121 985 986 953 1128
 950 962 968 948 966 1131 976 989 1126 1148 891 868 909 896 906
 905 877 1149 883 893 885 1140 1136 863 866 1075 1104 1025 1083 1071
 1113 1085 1038 997 1026 1006 994 1037 1112 1114 1003 1012 1048 1090 1008
 1018 1051 1021 1101 1057 1091 1059 1069 1100 1039 1049 1070 1162 1153 1164
 1155 1165 1158 1166 1161 1152 1154 1163 1157 1156 1159 1160 1151 1169 1170
 1168 1167 1171 1172 1173 1174 1175 1233 1226 1216 1205 1201 1223 1177 1222
 1215 1191 1190 1202 1198 1176 1231 1229 1183 1178 1204 1253 1248 1196 1209
 1195 1203 1219 1220 1250 1246 1208 1184 1181 1199 1194 1228 1241 1227 1235
 1255 1186 1182 1240 1254 1197 1200 1236 1189 1185 1221 1212 1252 1237 1232
 1244 1193 1251 1207 1242 1206 1234 1230 1192 1213 1210 1247 1243 1217 1188
 1214 1180 1224 1179 1239 1187 1238 1218 1211 1225 1249 1245 1263 1266 1271
 1275 1256 1262 1260 1261 1265 1267 1264 1257 1270 1268 1258 1269 1274 1272
 1259 1273 1278 1276 1279 1277 1280 1281 1286 1298 1288 1292 1293 1290 1299
 1294 1295 1296 1291 1300 1284 1283 1301 1282 1289 1297 1285 1287
0 1 2 3 4 5 29 16 28 13 21 20 27 7
 18 26 9 19 15 12 6 8 22 30 25 23 14 17 10
 11 24 255 75 151 70 145 265 260 143 68 154 77 266 130
 128 135 137 162 324 283 323 284 181 182 159 189 190 327 272
 274 329 168 171 40 267 33 264 134 158 131 156 259 35 38
 257 147 140 149 142 193 195 216 219 342 427 338 415 423 422
 346 343 207 199 213 204 371 374 413 240 310 409 306 239 381
 380 411 313 247 407 249 315 238 235 297 355 389 298 358 387
 228 227 289 364 385 294 383 365 155 270 157 269 42 65 63
 36 262 150 261 148 72 31 73 37 141 46 139 45 258 71
 256 74 132 43 44 133 66 268 64 263 285 326 175 286 325
 179 49 51 334 273 186 333 271 184 59 58 50 165 281 166
 48 279 322 321 174 60 276 57 173 275 330 328 86 335 428
 215 418 84 221 339 419 211 88 349 87 421 208 345 344 90
 203 429 89 416 347 201 85 341 417 191 337 196 83 420 395
 397 121 124 288 287 359 362 113 116 393 391 295 353 352 296
 401 405 369 368 307 100 305 97 399 378 403 375 108 105 317
 314 76 41 136 32 138 78 144 146 39 127 67 69 129 34
 152 153 332 183 331 187 167 170 55 56 160 53 163 52 176
 178 320 319 366 363 384 125 230 123 229 386 356 357 390 388
 236 118 237 115 412 408 373 241 372 102 98 242 414 410 248
 379 250 107 382 109 47 54 280 282 161 164 177 180 169 278
 172 277 61 62 185 188 222 79 425 194 217 80 424 197 205
 426 210 200 430 92 212 94 300 392 394 302 234 112 111 233
 398 292 290 396 120 223 224 119 244 99 101 246 304 404 400
 303 110 251 252 106 406 311 312 402 361 225 360 226 351 232
 354 231 114 301 117 299 122 291 126 293 316 245 308 253 318
 243 309 254 376 95 367 103 377 96 370 104 218 202 198 340
 348 192 350 214 209 81 82 91 220 336 206 93 488 487 449
 451 514 513 464 463 505 506 484 456 483 455 476 474 438 437
 466 490 465 489 512 511 473 475 482 481 445 446 500 499 491
 492 507 508 453 454 432 431 461 462 504 480 503 479 441 443
 459 460 440 439 502 501 472 471 509 510 435 436 447 448 467
 468 520 523 527 516 485 486 477 478 442 444 457 458 434 433
 469 470 494 493 450 452 524 521 495 530 497 528 526 515 518
 529 519 498 525 517 522 496 621 542 545 546 619 539 531 535
 532 620 538 536 622 537 543 540 560 617 561 556 616 562 548
 551 615 547 554 553 618 550 559 555 624 571 575 623 578 577
 563 566 565 626 569 570 564 625 572 576 591 595 583 587 598
 593 589 580 584 597 588 581 594 586 582 596 592 579 585 590
 610 604 627 612 614 629 601 608 600 609 630 603 605 613 628
 599 552 557 558 549 541 534 544 533 574 573 567 568 611 602
 607 606 632 631 634 633 636 635 638 637 639 641 640 643 642
 645 644 647 646 648 649 650 686 671 809 802 811 810 738 740
 746 739 722 724 730 723 753 766 752 754 816 820 674 652 673
 672 1133 1131 1130 1122 1138 1147 1146 1140 684 651 685 683 1069 1020
 1099 1100 1013 1060 1088 1008 1056 1051 1043 1045 1066 1087 1007 1040 1028
 1076 994 1037 1078 995 1115 1001 1024 1072 1118 1108 1002 1083 1034 1114
 733 732 725 721 720 719 661 728 734 726 731 729 663 664 662
 727 750 741 743 735 736 737 660 659 658 748 742 745 749 744
 747 657 756 763 762 761 667 666 665 760 765 758 764 757 755
 668 759 751 939 988 956 967 961 946 977 945 976 970 965 949
 980 930 929 940 901 885 916 870 897 882 913 881 912 906 910
 886 918 866 865 875 812 805 803 814 655 654 653 808 813 806
 800 799 801 656 807 804 817 815 669 818 822 819 821 670 841
 838 846 833 852 853 848 849 840 844 836 825 826 835 834 831
 845 824 832 843 839 823 842 837 860 851 858 829 850 847 862
 861 859 830 828 856 854 827 855 857 890 894 915 917 791 795
 883 911 908 904 789 884 922 905 903 785 868 878 907 902 787
 792 896 895 924 919 867 793 873 921 920 783 923 925 869 796
 797 786 864 914 888 887 893 874 926 892 798 863 900 889 891
 788 899 880 898 879 877 876 871 909 794 872 784 790 954 952
 990 981 953 768 947 973 972 779 773 775 986 975 974 968 932
 936 963 966 771 938 960 989 982 777 776 770 937 959 984 983
 987 985 933 780 979 782 928 978 927 951 767 931 781 950 957
 958 964 948 955 772 774 944 962 942 941 934 778 969 769 943
 935 971 1027 1031 707 1082 1071 1113 1111 1109 704 1110 1074 1077 716
 712 1025 1035 1091 1093 693 700 1041 690 1097 1064 1062 689 1070 1052
 1048 1098 1061 1054 993 1107 718 1004 714 1104 1085 1079 713 1086 999
 1117 709 1003 1103 1081 1016 1059 699 1010 1055 1009 1065 1096 1101 687
 1102 1012 1068 692 1094 695 1095 1022 694 691 1089 1018 1049 1046 688
 1053 1092 1011 701 1090 1019 1047 1116 1026 711 1106 706 1033 1105 1023
 1000 703 997 1112 1036 717 996 998 1042 1044 702 696 1067 698 1057
 1014 697 1015 1058 1063 1039 1050 1017 1021 1075 1080 715 710 1073 991
 1032 1030 1038 705 1029 1005 1006 708 1084 992 676 1132 675 1129 1119
 1127 1126 1124 1125 1121 1134 1120 1123 677 1128 678 680 681 682 1145
 1135 1144 1142 1149 679 1137 1143 1148 1139 1136 1150 1141 1160 1152 1153
 1169 1168 1151 1155 1162 1159 1167 1157 1154 1166 1164 1170 1165 1156 1161
 1158 1163 1173 1174 1172 1171 1175 1223 1195 1217 1239 1206 1234 1233 1248
 1198 1213 1243 1209 1240 1197 1236 1251 1244 1227 1253 1219 1238 1218 1212
 1185 1230 1249 1178 1241 1176 1229 1216 1187 1196 1242 1186 1183 1232 1246
 1200 1193 1225 1245 1226 1235 1188 1205 1191 1254 1222 1180 1189 1255 1220
 1250 1247 1211 1184 1201 1194 1177 1192 1210 1252 1203 1228 1179 1207 1237
 1190 1202 1199 1214 1231 1182 1221 1224 1208 1181 1204 1215 1267 1269 1275
 1262 1257 1264 1266 1265 1258 1270 1271 1268 1272 1274 1273 1259 1256 1263
 1260 1261 1278 1276 1279 1277 1280 1281 1295 1297 1294 1296 1282 1283 1285
 1288 1286 1292 1284 1287 1291 1290 1289 1293 1301 1298 1299 1300
0 2 1 4 3 5 24 25 11 19 22 9 17 21
 16 10 18 7 23 8 15 6 20 14 13 12 26 30 29
 27 28 161 91 83 173 159 84 225 229 235 97 107 99 167
 233 92 103 143 252 290 291 254 214 147 213 242 297 221 222
 155 152 239 295 113 114 184 185 308 305 425 420 311 313 423
 421 123 119 181 176 231 34 236 43 170 174 96 102 227 35
 223 31 162 164 108 110 172 39 234 171 238 80 82 44 226
 88 163 166 230 37 90 38 70 306 417 424 69 189 183 303
 422 175 74 73 419 314 177 316 357 404 272 339 353 412 340
 271 361 403 280 347 365 411 279 346 253 288 210 51 251 294
 208 48 302 240 216 55 241 301 218 61 104 41 109 224 87
 228 46 89 101 42 40 232 79 81 100 237 71 315 72 121
 416 426 312 122 68 307 309 115 415 111 67 418 266 270 330
 329 373 391 369 392 259 258 326 320 381 383 384 377 150 49
 146 50 247 248 292 293 154 56 158 62 243 244 296 298 106
 32 93 165 105 45 94 160 98 33 86 169 85 95 36 168
 217 300 299 215 156 151 57 58 148 144 52 54 287 207 289
 209 202 395 396 325 319 379 201 375 193 194 387 328 367 371
 388 327 400 408 351 355 338 128 337 132 407 399 359 363 348
 140 136 345 53 212 47 149 145 250 249 211 157 245 153 246
 59 60 219 220 187 63 117 190 428 116 427 64 120 430 125
 180 429 179 76 75 378 386 205 262 204 260 382 385 374 370
 393 394 196 268 198 267 405 413 358 354 274 273 134 129 406
 414 366 282 281 362 141 137 133 278 335 401 130 276 336 409
 138 284 344 402 142 285 343 410 390 333 265 191 389 331 269
 192 397 323 256 199 398 321 257 200 376 380 261 255 197 195
 332 334 372 368 264 263 206 203 322 324 350 341 275 283 364
 356 131 139 349 342 277 286 360 352 127 135 118 126 304 112
 318 188 178 317 182 310 186 124 66 65 78 77 440 520 446
 521 444 434 443 432 522 433 436 438 439 445 519 431 515 455
 462 460 453 447 517 457 454 518 448 516 451 456 452 458 471
 523 477 525 475 466 476 464 465 524 470 468 478 472 463 526
 489 495 484 487 493 496 492 480 494 486 483 497 481 490 479
 498 488 491 485 482 509 527 504 508 513 528 500 512 505 514
 503 529 501 510 499 530 461 449 459 450 435 442 441 437 473
 469 474 467 507 511 506 502 552 554 564 587 611 612 566 588
 577 573 560 581 579 603 559 604 589 590 614 537 533 565 613
 563 606 605 582 539 574 578 580 540 592 608 591 607 536 547
 535 548 546 544 599 584 561 557 601 583 556 602 555 600 541
 545 571 572 553 549 609 610 531 532 569 567 616 627 620 623
 562 576 558 575 586 585 543 542 550 551 568 570 593 594 534
 538 596 629 626 619 625 617 595 630 622 615 628 597 624 618
 621 598 631 632 633 634 635 636 637 638 639 640 641 642 643
 644 645 646 647 648 649 650 682 675 794 786 795 793 706 708
 714 707 690 692 698 691 769 782 768 770 828 824 1125 1131 1129
 1132 678 676 652 677 681 680 651 679 1136 1147 1145 1141 696 699
 701 687 697 689 693 694 695 661 700 688 663 664 662 702 712
 710 718 705 713 703 709 659 660 658 711 704 715 716 717 657
 1090 1041 1067 1070 1053 1102 1008 1055 1039 1098 1010 1015 1088 1056 1040
 1019 1004 1106 1025 997 1110 1029 1002 1034 1115 1082 1073 1086 1033 1104
 992 1083 953 968 935 983 930 961 977 986 928 960 979 938 971
 946 944 957 776 777 767 779 771 772 773 667 666 665 774 775
 781 780 668 778 790 791 797 784 787 788 789 655 654 653 785
 798 783 796 656 792 926 867 899 893 866 897 913 922 864 896
 871 919 904 882 880 884 850 855 849 847 835 842 832 846 826
 823 825 670 829 827 669 830 844 834 843 838 833 840 822 821
 837 841 845 831 819 820 836 839 856 859 854 848 857 861 818
 858 862 853 852 817 815 816 851 860 894 914 887 924 912 901
 805 806 911 907 886 900 905 891 799 810 878 898 877 903 870
 906 921 808 801 915 923 916 804 869 895 811 925 873 876 918
 865 885 888 803 917 863 889 920 890 800 809 807 909 908 892
 910 868 872 812 813 879 814 874 883 875 902 802 881 952 978
 951 982 964 965 757 955 975 754 956 976 973 758 761 963 936
 962 941 974 940 987 989 933 763 752 970 980 756 760 959 990
 985 937 934 988 954 949 958 755 759 927 753 984 929 762 948
 981 969 972 950 967 945 942 764 966 943 751 766 947 939 765
 931 932 1031 1084 1118 1113 744 1036 1071 745 746 1107 1030 1079 1037
 1072 1116 750 1047 1101 1045 1087 1058 1069 728 1044 1097 724 1068 1048
 1089 1064 719 731 999 998 1114 1075 1076 1081 1103 736 739 1074 1105
 1109 995 743 748 1006 1057 1061 1066 1092 1096 732 726 1022 721 722
 1091 1016 1021 1099 1065 1013 1009 1014 1100 1043 725 734 1093 729 730
 1042 1095 1094 1007 1052 1049 1018 1112 1111 1024 993 994 1000 742 747
 1117 740 1005 1035 1038 1108 737 1023 1062 1046 1060 1051 1012 1020 733
 720 723 1011 1063 1054 1017 727 1059 1050 1080 1003 1078 1001 1027 749
 1077 991 735 738 1026 1085 996 1028 741 1032 1133 1121 1122 1127 672
 1123 1128 674 1120 1134 1119 1126 1124 1130 673 671 1140 1146 1138 1150
 684 685 1144 683 686 1143 1135 1142 1149 1137 1139 1148 1161 1170 1156
 1164 1160 1168 1167 1165 1153 1157 1151 1166 1158 1154 1169 1152 1155 1159
 1163 1162 1171 1174 1175 1173 1172 1255 1225 1233 1244 1215 1213 1237 1245
 1194 1218 1198 1204 1227 1248 1193 1220 1191 1208 1212 1180 1251 1249 1217
 1181 1226 1250 1230 1236 1222 1185 1224 1254 1239 1176 1200 1189 1229 1243
 1202 1252 1179 1232 1246 1206 1241 1183 1228 1203 1240 1207 1247 1196 1187
 1184 1253 1221 1186 1197 1211 1216 1242 1201 1209 1190 1219 1192 1223 1199
 1235 1231 1205 1210 1234 1178 1182 1188 1195 1214 1177 1238 1257 1258 1259
 1256 1267 1264 1265 1266 1269 1268 1271 1270 1272 1273 1274 1275 1262 1261
 1260 1263 1279 1277 1280 1278 1276 1281 1298 1292 1287 1288 1293 1290 1299
 1295 1296 1300 1291 1297 1285 1282 1284 1301 1289 1294 1283 1286
5 1 2 4 3 0 20 21 14 17 19 11 12 15
 8 13 16 9 18 10 6 7 29 28 26 27 24 25 23
 22 30 430 421 418 425 426 428 429 416 420 415 423 427 424
 417 419 422 49 52 47 54 53 48 51 50 55 61 57 60
 59 58 56 62 66 64 65 63 70 68 69 67 75 77 78
 76 71 74 72 73 82 80 81 79 86 84 85 83 91 92
 93 94 87 88 89 90 192 191 195 198 193 197 194 196 199
 200 206 202 204 203 205 201 129 134 132 133 127 128 130 131
 141 137 136 138 139 140 135 142 115 116 111 117 118 113 114
 112 125 121 120 122 123 124 119 126 175 182 177 178 179 181
 180 176 189 186 188 183 184 190 185 187 212 207 210 211 209
 208 213 214 217 219 216 215 220 218 222 221 143 150 145 146
 147 149 148 144 154 155 157 152 158 153 151 156 96 95 99
 101 97 102 100 98 103 104 110 106 108 107 109 105 160 164
 163 161 162 159 165 166 170 169 167 172 168 171 174 173 350
 349 347 346 348 345 344 343 340 339 341 342 337 336 335 338
 332 334 333 331 327 329 328 330 324 323 322 321 326 320 325
 319 311 317 314 318 316 313 312 315 304 303 305 308 306 310
 307 309 300 302 299 301 298 296 297 295 292 290 293 291 294
 288 287 289 285 284 286 280 282 279 281 283 278 276 277 275
 273 271 274 272 264 263 265 267 269 266 270 268 255 261 260
 257 262 259 256 258 254 252 250 249 248 247 253 251 243 245
 244 246 242 239 241 240 237 236 235 238 232 231 233 234 230
 229 228 226 225 227 224 223 351 352 356 355 354 353 357 358
 360 359 363 364 361 362 366 365 374 373 369 370 371 372 368
 367 381 382 378 377 380 379 375 376 410 414 402 406 401 405
 409 413 412 408 404 400 403 399 411 407 396 394 387 385 395
 393 388 386 398 392 389 383 397 391 390 384 40 38 44 33
 45 39 32 46 41 43 34 35 42 36 37 31 534 538 533
 537 531 532 535 536 545 541 543 540 542 539 546 544 554 552
 548 551 547 550 553 549 557 561 558 562 559 560 555 556 568
 570 567 569 563 565 566 564 574 578 572 576 571 575 573 577
 606 605 603 604 602 600 601 599 610 609 611 612 613 614 607
 608 630 628 627 629 585 586 584 583 579 581 582 580 588 587
 592 591 594 593 590 589 615 617 618 616 621 620 622 619 626
 623 625 624 597 596 595 598 435 436 433 431 437 438 434 432
 444 442 440 443 441 446 439 445 451 449 454 452 450 448 453
 447 461 462 455 457 459 460 456 458 467 470 468 469 465 463
 466 464 475 473 477 471 476 474 478 472 503 506 504 505 502
 501 499 500 508 507 514 513 510 509 512 511 529 528 527 530
 486 484 485 483 481 482 480 479 493 494 488 487 489 490 491
 492 515 518 516 517 522 520 519 521 524 526 525 523 497 496
 498 495 635 636 637 638 631 632 633 634 650 644 645 647 646
 640 641 643 642 649 648 639 652 651 665 666 667 668 661 662
 663 664 657 658 659 660 653 654 655 656 670 669 680 682 679
 681 684 686 683 685 673 671 674 672 677 675 678 676 744 747
 748 743 742 750 739 740 746 735 749 741 745 736 737 738 727
 728 734 733 731 725 722 729 720 719 726 732 730 724 723 721
 712 711 718 709 717 716 708 713 703 704 710 715 707 714 706
 705 696 700 701 702 693 694 698 691 690 687 699 695 688 689
 697 692 791 788 787 796 793 794 786 798 783 784 797 792 790
 795 785 789 806 812 804 803 809 811 802 801 814 800 807 808
 813 810 799 805 759 760 765 757 753 752 766 763 751 762 755
 756 764 754 761 758 781 776 774 773 770 769 782 767 777 778
 771 780 772 768 779 775 826 825 824 823 829 830 827 828 818
 817 816 815 821 822 819 820 859 860 861 855 850 853 858 851
 854 849 852 856 862 847 848 857 844 845 840 835 838 841 836
 839 834 842 846 837 831 832 833 843 941 936 942 932 938 930
 933 931 937 929 935 940 939 934 927 928 951 952 958 954 957
 953 949 948 943 945 956 946 955 950 947 944 972 969 964 968
 971 961 965 966 974 962 970 973 967 959 960 963 984 989 987
 983 988 980 981 990 978 975 976 985 977 982 986 979 877 878
 872 868 870 866 869 876 873 864 871 867 875 874 863 865 887
 894 888 890 893 886 885 892 879 880 884 882 891 889 883 881
 908 909 900 904 910 897 901 902 907 898 896 905 899 895 906
 903 920 921 923 919 926 916 917 924 914 911 922 925 913 915
 912 918 1062 1063 1056 1069 1068 1061 1057 1065 1055 1066 1064 1058 1070
 1067 1060 1059 1081 1075 1086 1073 1078 1083 1074 1079 1084 1082 1072 1085
 1080 1076 1071 1077 1094 1096 1090 1100 1088 1099 1089 1097 1098 1087 1095
 1092 1102 1093 1091 1101 1112 1116 1106 1108 1118 1117 1107 1109 1103 1104
 1114 1111 1113 1115 1105 1110 999 993 997 1002 1006 1005 996 991 992
 1001 998 1000 1004 995 994 1003 1021 1017 1010 1013 1008 1020 1022 1011
 1014 1019 1007 1016 1012 1015 1018 1009 1032 1027 1029 1025 1037 1034 1036
 1023 1033 1024 1030 1031 1028 1026 1038 1035 1047 1048 1053 1041 1045 1042
 1046 1054 1050 1039 1051 1049 1052 1040 1044 1043 1141 1140 1147 1138 1139
 1149 1135 1144 1146 1142 1143 1150 1137 1136 1148 1145 1125 1132 1131 1122
 1123 1120 1119 1128 1129 1126 1134 1127 1121 1133 1124 1130 1156 1166 1153
 1163 1155 1151 1157 1164 1160 1159 1161 1165 1154 1158 1162 1152 1167 1168
 1170 1169 1280 1278 1277 1276 1279 1176 1191 1183 1187 1180 1184 1186 1178
 1181 1189 1182 1179 1188 1185 1190 1177 1192 1207 1199 1203 1196 1200 1202
 1194 1197 1205 1198 1195 1204 1201 1206 1193 1208 1219 1213 1218 1221 1210
 1217 1222 1216 1214 1211 1209 1220 1212 1215 1223 1239 1225 1233 1235 1228
 1231 1234 1229 1237 1226 1230 1227 1236 1232 1238 1224 1240 1255 1251 1247
 1244 1249 1250 1243 1253 1245 1246 1242 1252 1248 1254 1241 1301 1300 1299
 1298 1283 1282 1284 1285 1294 1295 1297 1296 1291 1290 1293 1289 1286 1292
 1288 1287 1174 1173 1172 1175 1171 1281 1261 1260 1262 1263 1272 1275 1274
 1271 1269 1268 1273 1270 1264 1265 1267 1266 1259 1258 1257 1256
0 2 1 4 3 5 20 14 21 17 12 15 19 11
 8 18 10 6 13 16 9 7 24 25 23 22 29 28 26
 27 30 416 421 425 418 426 420 429 430 428 424 419 417 415
 427 423 422 49 47 52 54 53 48 50 51 60 57 61 55
 56 62 59 58 80 82 79 81 85 86 83 84 93 94 92
 91 88 90 87 89 64 66 63 65 68 67 70 69 76 78
 75 77 72 71 73 74 115 118 116 111 117 113 114 112 125
 123 121 122 120 124 119 126 96 95 99 97 102 101 100 98
 103 104 110 108 107 106 109 105 192 195 198 193 191 197 194
 196 199 206 204 202 200 203 205 201 212 207 210 213 211 209
 208 214 217 219 216 222 220 215 218 221 175 182 177 179 181
 180 178 176 189 186 188 190 184 185 183 187 164 160 162 163
 161 159 165 166 170 169 168 172 167 171 174 173 129 134 132
 128 133 127 130 131 141 137 136 140 138 139 135 142 150 143
 146 147 145 149 148 144 154 155 158 152 157 153 151 156 314
 317 311 312 316 318 313 315 303 304 305 307 308 306 310 309
 302 300 299 301 298 296 297 295 292 293 290 291 287 288 289
 294 347 349 350 345 348 344 346 343 339 340 341 337 336 335
 342 338 334 332 333 331 327 329 328 330 324 322 323 321 319
 320 326 325 254 253 252 248 247 250 249 251 243 245 244 246
 239 242 240 241 237 236 238 232 235 234 233 231 230 229 226
 228 225 224 227 223 285 286 279 281 280 282 284 283 278 276
 277 275 271 273 272 274 264 263 269 265 267 268 270 266 255
 261 257 260 262 256 259 258 373 374 371 372 369 370 367 368
 381 382 379 380 377 378 375 376 352 351 354 353 356 355 358
 357 360 359 362 361 364 363 366 365 410 402 414 406 412 404
 408 400 401 409 405 413 403 411 399 407 396 387 394 385 398
 389 392 383 395 388 393 386 397 390 391 384 39 38 33 44
 45 40 46 32 41 36 42 37 34 43 35 31 451 449 452
 450 454 453 448 447 461 462 455 457 456 458 459 460 435 436
 433 431 434 432 437 438 444 442 443 441 440 439 446 445 468
 467 470 469 465 466 463 464 475 473 477 471 478 472 476 474
 501 502 504 503 505 506 499 500 514 513 508 507 509 510 512
 511 529 530 528 527 481 482 484 483 486 485 480 479 493 494
 487 488 489 490 492 491 522 520 519 521 515 518 516 517 524
 525 526 523 497 498 496 495 554 552 548 551 553 549 547 550
 557 561 559 558 562 555 560 556 534 538 531 533 537 535 532
 536 545 541 543 540 546 544 542 539 570 567 568 569 563 566
 565 564 574 578 572 576 573 577 571 575 604 600 603 602 605
 606 601 599 611 612 610 609 614 613 607 608 630 627 629 628
 579 584 581 583 585 586 582 580 588 587 591 592 594 593 589
 590 621 620 622 619 615 617 618 616 626 625 623 624 597 595
 596 598 636 635 638 637 632 631 634 633 650 645 644 646 647
 641 640 642 643 649 648 639 652 651 666 665 668 667 662 661
 664 663 658 657 660 659 654 653 656 655 670 669 684 683 686
 685 680 679 682 681 677 678 675 676 673 674 671 672 712 711
 718 709 717 716 713 703 704 708 710 715 707 714 706 705 696
 700 701 702 693 694 687 691 698 690 699 695 688 689 697 692
 744 747 748 743 742 750 735 739 740 746 749 741 745 736 737
 738 727 728 734 733 731 725 720 729 719 722 726 732 730 724
 723 721 806 812 804 803 801 814 800 809 811 802 807 808 813
 799 810 805 791 788 787 796 798 783 784 793 794 786 797 792
 790 785 795 789 781 776 774 773 767 777 778 770 769 782 780
 771 772 779 768 775 759 760 765 757 763 751 762 753 752 766
 756 755 764 761 754 758 821 822 819 820 818 817 816 815 829
 830 827 828 826 825 824 823 859 861 860 858 851 854 855 850
 853 862 856 852 849 847 848 857 845 844 840 836 839 834 835
 838 841 837 831 842 846 832 833 843 951 958 952 954 948 943
 957 953 949 945 955 950 947 956 946 944 941 942 936 932 933
 931 937 938 930 929 934 927 935 940 939 928 984 989 987 981
 990 975 978 983 988 980 976 985 982 977 986 979 972 969 964
 966 974 962 968 971 965 961 970 973 959 967 960 963 887 888
 894 890 892 879 893 886 885 880 891 889 883 884 882 881 877
 872 878 868 869 876 873 870 866 864 874 863 871 867 875 865
 920 921 923 917 924 911 914 919 926 916 922 925 915 913 912
 918 908 909 900 902 907 898 904 910 901 897 896 905 895 899
 906 903 1094 1096 1097 1089 1090 1100 1099 1088 1098 1087 1095 1092 1093
 1091 1101 1102 1112 1116 1117 1107 1109 1103 1106 1108 1118 1104 1114 1111
 1113 1105 1115 1110 1062 1063 1068 1061 1065 1057 1069 1056 1055 1066 1064
 1058 1059 1070 1067 1060 1081 1075 1074 1079 1084 1086 1073 1078 1083 1082
 1072 1085 1080 1071 1076 1077 1032 1027 1036 1023 1029 1025 1037 1034 1033
 1024 1030 1031 1026 1038 1035 1028 1047 1048 1042 1046 1050 1054 1053 1041
 1045 1039 1051 1049 1052 1044 1040 1043 999 993 1006 1005 996 991 997
 1002 992 1001 998 1000 1003 1004 995 994 1021 1017 1022 1011 1014 1010
 1013 1020 1008 1019 1007 1016 1012 1018 1015 1009 1139 1149 1144 1135 1141
 1140 1138 1147 1146 1142 1150 1143 1137 1148 1136 1145 1123 1120 1128 1119
 1125 1132 1122 1131 1129 1126 1127 1134 1121 1124 1133 1130 1153 1163 1156
 1166 1151 1155 1159 1165 1161 1157 1160 1164 1154 1158 1162 1152 1168 1167
 1170 1169 1171 1175 1174 1172 1173 1207 1192 1199 1196 1203 1200 1205 1197
 1194 1202 1198 1204 1195 1201 1193 1206 1191 1176 1183 1180 1187 1184 1189
 1181 1178 1186 1182 1188 1179 1185 1177 1190 1219 1208 1213 1217 1210 1221
 1218 1216 1222 1214 1211 1220 1209 1212 1223 1215 1240 1255 1247 1244 1251
 1249 1253 1243 1250 1245 1246 1252 1242 1248 1241 1254 1239 1225 1228 1233
 1235 1231 1237 1229 1234 1226 1230 1236 1227 1232 1224 1238 1257 1258 1259
 1256 1266 1265 1264 1267 1268 1269 1270 1271 1273 1272 1275 1274 1261 1262
 1263 1260 1277 1279 1276 1278 1280 1281 1286 1287 1292 1288 1290 1293 1289
 1296 1295 1294 1291 1297 1284 1282 1285 1283 1299 1300 1301 1298
