0 2 1 4 3 5 7 6 9 8 13 12 11 10
 17 16 15 14 22 19 21 20 18 24 23 26 25 27 29
 28 31 30 35 34 33 32 40 37 39 38 36 55 48 56
 49 53 54 60 42 44 52 58 50 45 46 41 43 59 51
 57 47 61 65 64 63 62 67 66 69 68 70 73 74 71
 72 75 76 78 77 80 79 82 81 85 84 83 89 88 87
 86 90 95 93 92 94 91 99 98 97 96 112 114 108 104
 103 116 119 115 102 118 113 117 100 110 101 107 105 111 109
 106 120 123 124 121 122 128 129 127 125 126 132 149 130 143
 148 147 146 141 140 142 138 137 139 133 145 144 136 135 134
 131 151 150 152 154 153 157 161 155 168 173 162 156 160 170
 165 164 167 166 158 172 163 174 169 159 171 176 175 178 177
 179 188 199 195 187 193 197 196 183 180 192 194 198 189 184
 190 182 186 185 191 181 215 202 201 219 206 217 204 212 218
 211 214 209 207 216 210 200 213 205 208 203 227 228 238 234
 236 232 229 220 221 226 235 233 225 231 223 230 224 239 222
 237 241 240 242 244 243 255 260 259 263 262 252 256 250 261
 258 245 251 264 254 247 246 253 249 248 257 266 265 269 268
 267 273 274 272 270 271 290 282 278 277 280 279 294 276 286
 292 291 283 293 289 288 275 285 284 287 281 312 311 308 307
 303 310 309 305 299 313 302 314 298 297 301 300 296 295 304
 306 316 315 328 321 332 334 318 324 325 322 323 333 330 317
 331 327 329 319 326 320 335 339 340 338 336 337 344 345 343
 341 342 348 349 346 347 350 361 362 359 365 363 357 356 369
 353 366 351 352 355 370 354 360 368 367 358 364 374 372 375
 371 373 392 385 391 390 388 386 389 387 394 377 381 383 380
 382 379 378 376 395 384 393 397 396 411 403 407 413 406 399
 409 412 402 400 410 404 408 398 405 401 415 414 431 426 424
 434 430 433 428 425 418 423 417 432 422 435 420 416 427 421
 419 429 436 446 444 448 441 440 451 445 438 443 437 449 439
 447 453 442 455 450 456 452 454 457 460 461 458 459 462 466
 470 481 463 475 469 468 464 480 474 479 472 467 477 476 482
 473 471 465 478 487 488 499 500 483 484 501 497 494 502 496
 491 498 493 490 495 485 486 489 492 503 504 505 518 512 522
 510 509 513 507 511 525 523 521 519 506 517 524 516 508 515
 520 514 526 529 530 527 528 542 540 547 544 548 539 538 537
 536 532 550 531 549 534 546 545 533 535 543 541 560 559 567
 570 565 558 569 556 552 551 562 561 566 568 555 563 553 564
 557 554 579 585 588 575 574 589 583 586 571 581 580 587 577
 590 572 578 582 573 576 584 600 593 592 601 605 599 598 597
 596 591 594 604 609 602 595 610 608 607 603 606 630 618 625
 615 614 623 627 612 621 626 619 628 616 629 613 620 617 622
 624 611 635 644 642 638 631 647 643 634 650 648 646 633 637
 632 649 641 636 640 645 639 660 662 656 659 664 653 669 670
 654 651 668 652 666 655 667 663 665 661 657 658 672 671 674
 673 676 675 678 677 679 683 682 681 680 686 685 684 688 687
 691 693 689 692 690 694 697 698 695 696 702 703 701 699 700
 704 706 705 708 707 709 712 713 710 711 716 718 714 717 715
 719 721 720 723 722 726 725 724 728 727 729 731 730 733 732
 735 734 738 737 736 740 739 743 742 741 752 750 751 754 753
 755 745 746 744 748 747 749 760 761 762 763 756 757 758 759
 768 769 767 766 764 765 781 780 778 777 779 776 775 773 772
 774 771 770 783 782 787 786 785 784 791 790 789 788 793 792
 795 794 802 803 800 801 798 799 796 797 809 806 805 808 807
 804 821 818 820 819 817 816 815 814 811 813 812 810 823 822
 826 827 824 825 831 830 829 828 833 832 835 834 839 841 843
 836 842 837 840 838 846 847 844 845 851 850 849 848 853 852
 855 854 863 861 860 862 858 857 859 856 866 868 864 869 865
 867 871 870 873 872 875 874 879 878 877 876 882 883 880 881
 885 884 891 889 890 887 888 886 893 892 895 894 899 898 897
 896 903 902 901 900 905 904 908 909 906 907 912 913 910 911
 919 918 921 920 915 914 917 916 923 922 925 924 929 928 927
 926 932 933 930 931 941 938 939 940 935 936 937 934 943 942
 945 944 948 949 946 947 952 953 950 951 961 960 959 958 957
 956 955 954 963 962 965 964 969 968 967 966 973 972 971 970
 980 978 979 981 975 976 974 977 983 982 985 984 993 992 995
 994 997 996 987 986 989 988 991 990 1002 1001 1003 999 998 1000
 1005 1004 1009 1008 1007 1006 1013 1012 1011 1010 1017 1018 1019 1014 1015
 1016 1021 1020 1023 1022 1025 1024 1031 1033 1032 1030 1029 1026 1028 1027
 1037 1036 1035 1034 1039 1038 1043 1042 1041 1040 1047 1046 1045 1044 1049
 1048 1051 1050 1056 1057 1055 1054 1052 1053 1061 1063 1062 1058 1060 1059
 1068 1066 1065 1069 1064 1067 1071 1070 1083 1081 1075 1074 1078 1082 1076
 1080 1079 1073 1077 1072 1087 1086 1085 1084 1090 1091 1088 1089 1097 1095
 1096 1093 1094 1092 1101 1103 1102 1098 1100 1099 1110 1111 1108 1109 1106
 1107 1104 1105 1121 1118 1119 1122 1123 1120 1113 1114 1117 1112 1115 1116
 1127 1126 1125 1124 1131 1130 1129 1128 1135 1134 1133 1132 1137 1136 1143
 1142 1141 1140 1139 1138 1145 1144 1147 1146 1148 1150 1149 1152 1151 1153
 1169 1165 1166 1171 1170 1172 1173 1168 1167 1164 1163 1155 1156 1162 1161
 1154 1158 1157 1159 1160 1193 1179 1192 1181 1184 1175 1185 1177 1188 1191
 1178 1180 1189 1190 1182 1186 1187 1183 1176 1174 1202 1203 1201 1200 1199
 1198 1197 1196 1194 1195 1212 1209 1213 1210 1211 1205 1207 1208 1204 1206
 1215 1214 1217 1216 1221 1220 1219 1218 1223 1222 1225 1224 1227 1226 1229
 1228 1230 1233 1234 1231 1232 1235 1239 1238 1237 1236 1243 1244 1242 1240
 1241 1249 1246 1248 1247 1245 1252 1251 1250 1254 1253 1257 1258 1255 1256
 1259 1264 1261 1263 1262 1260 1267 1266 1265 1269 1268 1271 1270 1274 1273
 1272 1275 1276 1277 1278 1279 1288 1289 1287 1285 1286 1283 1284 1282 1280
 1281 1296 1295 1298 1299 1297 1291 1290 1294 1292 1293 1300 1301
0 2 1 4 3 6 5 9 8 7 13 12 11 10
 17 16 15 14 18 21 22 19 20 23 25 24 27 26 29
 28 31 30 35 34 33 32 38 39 36 37 40 51 59 55
 52 54 56 48 47 60 57 41 44 58 45 43 46 50 53
 42 49 64 62 65 61 63 68 67 66 70 69 75 72 74
 73 71 78 79 76 77 80 83 84 81 82 85 90 89 88
 87 86 91 95 94 93 92 99 98 97 96 104 119 112 105
 100 103 118 111 113 117 116 107 102 108 115 114 110 109 106
 101 122 121 120 124 123 125 127 126 129 128 146 141 134 135
 132 133 137 136 142 143 145 131 138 139 147 140 130 144 149
 148 154 151 153 152 150 166 168 159 170 157 167 165 172 171
 174 161 155 160 156 173 158 163 162 169 164 178 179 177 175
 176 184 197 199 195 180 196 187 186 190 191 188 189 194 198
 192 183 185 181 193 182 204 210 212 216 200 211 213 217 215
 214 201 205 202 206 209 208 203 207 219 218 236 235 227 238
 237 233 230 222 231 232 226 228 229 225 239 221 220 224 223
 234 243 241 244 240 242 247 249 245 252 246 260 257 248 259
 263 256 255 251 262 253 250 264 258 254 261 267 268 265 266
 269 270 273 274 271 272 280 288 283 291 285 275 287 294 277
 289 279 290 281 276 284 286 278 293 292 282 301 300 304 303
 311 296 295 309 298 297 308 307 306 305 302 314 299 313 312
 310 334 318 323 316 321 327 319 325 317 331 322 328 320 326
 333 332 324 330 329 315 335 336 339 340 337 338 341 343 342
 345 344 346 348 347 350 349 357 354 370 352 369 360 351 367
 363 356 362 361 359 368 366 365 358 364 355 353 371 375 374
 373 372 378 379 376 377 393 395 394 384 383 388 390 392 385
 391 386 389 387 380 382 381 399 406 400 396 398 410 404 412
 402 409 397 414 411 405 401 408 403 415 407 413 420 427 430
 422 416 435 419 426 433 428 423 417 425 431 418 429 434 424
 432 421 436 445 452 441 450 439 447 456 453 437 449 442 455
 446 440 454 438 444 451 448 443 460 459 458 457 461 462 471
 472 473 475 478 474 481 479 463 464 465 468 466 482 480 467
 470 477 469 476 501 498 494 490 493 497 499 486 496 495 487
 485 492 491 488 484 489 502 483 500 503 504 505 510 509 524
 507 506 512 511 519 521 525 522 518 517 513 523 514 516 520
 508 515 527 526 529 528 530 546 534 550 532 539 537 536 547
 535 543 548 544 540 542 549 531 538 541 545 533 563 555 570
 556 552 554 559 566 557 567 569 564 551 562 568 558 560 565
 561 553 587 577 580 581 589 586 572 588 584 573 574 585 590
 579 582 576 571 578 575 583 595 596 602 609 591 592 607 601
 605 604 598 593 610 600 599 608 597 606 594 603 619 628 623
 620 629 627 621 624 611 614 617 626 613 618 630 622 616 612
 615 625 648 643 637 639 650 644 633 646 634 641 640 645 632
 636 642 638 649 631 647 635 662 659 664 656 660 654 670 668
 652 655 667 651 669 653 666 665 661 658 663 657 672 671 674
 673 676 675 678 677 680 679 681 683 682 685 684 688 687 686
 690 689 692 691 693 698 695 697 696 694 699 702 703 700 701
 707 708 706 704 705 712 711 710 709 713 715 714 717 716 718
 720 719 722 721 723 725 724 728 727 726 733 732 731 730 729
 738 737 736 735 734 742 741 740 739 743 760 752 750 755 754
 762 746 757 745 759 748 747 761 751 763 753 744 756 749 758
 780 768 776 772 765 770 769 783 767 779 778 777 766 775 774
 773 764 782 781 771 786 790 784 788 787 793 785 792 791 789
 800 799 801 802 803 795 794 796 797 798 818 817 808 816 806
 813 820 821 819 809 823 822 807 805 804 812 810 811 815 814
 831 826 825 829 833 827 832 824 830 828 842 839 843 840 841
 835 837 838 834 836 851 846 845 849 853 847 852 844 850 848
 863 857 862 855 861 860 859 858 856 854 869 873 871 872 870
 864 868 866 867 865 878 876 875 882 874 881 883 879 877 880
 889 888 887 886 885 884 893 892 891 890 899 897 903 895 901
 894 902 898 900 896 906 907 904 905 910 911 908 909 913 912
 921 923 920 918 917 922 916 914 919 915 928 926 925 932 924
 931 933 929 927 930 937 940 938 934 936 943 935 942 941 939
 946 947 944 945 950 951 948 949 953 952 963 961 960 959 962
 957 956 955 958 954 968 966 965 972 964 970 969 973 967 971
 983 981 978 980 976 982 977 975 979 974 992 986 985 1001 997
 1003 996 994 984 998 991 1000 990 988 993 1002 995 987 999 989
 1006 1008 1004 1012 1005 1010 1009 1013 1007 1011 1019 1023 1022 1020 1021
 1014 1017 1018 1016 1015 1037 1035 1033 1030 1031 1039 1027 1028 1038 1026
 1043 1025 1041 1024 1032 1029 1042 1036 1040 1034 1056 1047 1054 1045 1063
 1050 1049 1061 1057 1055 1046 1053 1044 1052 1062 1060 1059 1051 1058 1048
 1066 1075 1064 1071 1072 1080 1077 1067 1068 1083 1081 1065 1082 1070 1079
 1078 1069 1074 1076 1073 1086 1092 1084 1094 1091 1102 1099 1088 1085 1097
 1087 1096 1095 1093 1103 1090 1101 1100 1089 1098 1121 1110 1122 1108 1107
 1117 1105 1113 1119 1111 1118 1123 1120 1109 1114 1112 1116 1104 1106 1115
 1125 1124 1133 1132 1143 1131 1140 1129 1127 1126 1137 1136 1135 1134 1142
 1141 1130 1139 1138 1128 1147 1145 1148 1144 1146 1151 1150 1149 1153 1152
 1171 1170 1169 1165 1166 1173 1167 1172 1164 1168 1162 1157 1158 1160 1163
 1156 1155 1154 1161 1159 1192 1180 1190 1185 1188 1182 1175 1184 1179 1193
 1181 1177 1191 1189 1178 1187 1176 1186 1174 1183 1203 1200 1202 1199 1201
 1197 1195 1198 1196 1194 1213 1211 1209 1212 1210 1206 1208 1205 1207 1204
 1215 1214 1217 1216 1221 1220 1219 1218 1223 1222 1225 1224 1227 1226 1229
 1228 1231 1230 1232 1234 1233 1236 1235 1237 1239 1238 1240 1243 1244 1241
 1242 1248 1249 1247 1245 1246 1251 1250 1253 1252 1254 1258 1256 1259 1255
 1257 1261 1260 1264 1263 1262 1268 1267 1266 1265 1269 1272 1271 1270 1274
 1273 1275 1276 1277 1278 1279 1289 1287 1286 1288 1285 1284 1282 1281 1283
 1280 1298 1299 1297 1296 1295 1294 1293 1292 1290 1291 1300 1301
0 4 3 1 2 9 5 7 6 8 11 13 10 12
 16 14 17 15 21 22 20 19 18 26 23 25 27 24 30
 31 29 28 33 35 32 34 40 36 38 37 39 59 58 60
 56 48 50 46 55 41 51 47 45 57 49 52 42 43 44
 54 53 65 64 63 61 62 67 69 68 70 66 75 71 73
 72 74 79 77 76 80 78 81 84 85 83 82 90 88 86
 89 87 93 92 94 95 91 97 99 96 98 115 112 106 109
 119 107 105 102 114 108 118 104 117 111 103 110 101 116 100
 113 123 122 120 121 124 126 127 128 125 129 145 143 135 148
 139 141 133 144 132 137 136 138 149 130 134 131 142 146 140
 147 151 153 150 152 154 158 166 161 172 174 168 162 163 157
 155 173 171 165 159 156 167 169 164 170 160 175 179 176 177
 178 183 198 188 189 199 194 184 190 196 197 181 182 186 185
 195 193 191 180 187 192 214 204 216 207 205 219 212 200 217
 206 208 215 218 210 203 202 211 213 209 201 221 234 229 231
 225 238 223 233 222 237 227 236 220 239 232 224 226 228 235
 230 241 244 240 243 242 254 251 252 255 261 253 263 257 258
 264 249 250 262 256 246 245 248 247 259 260 265 268 269 267
 266 274 271 273 270 272 282 286 288 292 284 287 290 278 294
 283 276 293 277 280 291 289 281 275 285 279 303 305 311 309
 313 304 306 299 308 298 307 297 312 310 300 295 301 296 314
 302 326 331 316 325 329 324 328 315 319 321 327 332 333 320
 334 317 330 322 318 323 335 340 337 339 336 338 342 343 344
 341 345 349 347 346 350 348 370 353 356 368 360 358 363 352
 361 364 367 355 354 362 369 359 366 357 351 365 375 374 373
 371 372 381 383 380 382 384 394 393 395 390 376 387 388 389
 386 378 377 379 392 385 391 415 400 402 410 405 397 413 398
 407 401 408 399 412 411 404 396 414 403 406 409 432 420 427
 431 422 417 421 435 419 416 424 429 418 428 423 426 433 425
 430 434 436 450 454 442 443 446 444 452 445 439 438 440 456
 448 451 455 447 449 441 437 453 459 458 461 457 460 462 468
 478 476 465 474 482 475 477 464 466 467 480 470 472 469 481
 463 473 471 479 486 499 497 494 492 491 495 489 502 485 484
 498 496 490 487 483 500 493 488 501 503 504 505 520 524 510
 516 525 521 515 508 507 518 519 514 522 523 511 506 512 509
 517 513 528 526 530 529 527 535 541 534 539 540 542 532 549
 545 547 546 550 536 538 533 537 531 544 548 543 561 558 569
 555 551 557 560 562 570 568 554 567 559 563 553 565 552 556
 566 564 586 589 572 585 583 582 581 584 573 590 571 580 588
 574 578 577 575 587 579 576 601 606 609 604 607 597 600 605
 594 603 592 598 596 608 610 591 593 599 595 602 624 630 618
 627 619 626 629 621 628 613 620 617 615 616 622 611 612 623
 625 614 644 650 639 643 637 640 646 642 636 633 632 631 648
 638 641 647 635 649 634 645 665 658 661 663 657 670 659 664
 667 668 662 669 660 666 656 652 655 654 653 651 674 673 671
 672 678 677 675 676 682 679 680 681 683 685 688 686 684 687
 689 693 692 690 691 697 698 696 695 694 703 700 702 699 701
 705 706 707 704 708 711 710 713 709 712 714 718 717 715 716
 722 719 721 723 720 725 728 726 724 727 730 731 733 732 729
 734 737 735 738 736 742 740 743 741 739 753 762 754 757 745
 744 759 749 747 751 760 750 755 763 746 756 758 748 761 752
 779 776 764 769 772 773 778 767 782 771 765 770 783 768 780
 781 775 766 777 774 799 797 800 802 798 794 801 795 796 803
 787 785 786 791 790 793 792 788 789 784 805 820 813 810 818
 807 814 816 808 822 809 804 819 811 823 817 815 806 821 812
 841 839 842 838 834 840 835 836 843 837 827 824 829 825 828
 833 831 830 832 826 859 857 863 860 854 856 855 861 858 862
 847 844 851 853 846 850 848 849 845 852 883 874 876 875 879
 877 880 878 881 882 864 870 873 868 872 869 867 871 866 865
 899 900 896 902 898 897 894 895 901 903 887 885 888 893 886
 892 891 884 890 889 921 917 922 923 918 914 916 920 919 915
 908 904 907 912 909 905 906 913 911 910 937 938 943 936 942
 934 941 935 940 939 927 928 929 933 930 924 926 925 931 932
 959 955 962 963 961 957 956 960 958 954 944 952 947 948 945
 953 946 949 951 950 977 978 982 976 983 980 975 974 981 979
 965 968 969 973 971 964 967 966 972 970 997 991 1003 994 987
 984 986 999 1000 988 993 985 992 1002 996 995 998 990 989 1001
 1014 1021 1022 1019 1023 1018 1017 1015 1020 1016 1011 1004 1005 1008 1007
 1009 1006 1013 1012 1010 1027 1031 1037 1042 1036 1025 1034 1040 1024 1035
 1028 1038 1030 1039 1043 1041 1029 1026 1032 1033 1049 1058 1050 1059 1045
 1055 1052 1047 1060 1051 1063 1062 1061 1048 1057 1053 1046 1054 1044 1056
 1082 1067 1079 1083 1071 1064 1066 1074 1080 1070 1078 1077 1065 1072 1068
 1073 1075 1069 1081 1076 1103 1091 1100 1088 1097 1084 1086 1096 1099 1089
 1102 1090 1098 1101 1085 1094 1095 1087 1092 1093 1107 1115 1110 1118 1112
 1105 1120 1108 1116 1117 1106 1119 1111 1121 1123 1109 1114 1122 1113 1104
 1141 1138 1131 1129 1124 1134 1125 1135 1143 1140 1142 1139 1130 1128 1136
 1126 1132 1137 1127 1133 1145 1146 1148 1147 1144 1150 1152 1151 1153 1149
 1160 1162 1163 1161 1159 1171 1170 1166 1169 1165 1158 1173 1167 1157 1154
 1172 1168 1164 1155 1156 1185 1192 1182 1176 1190 1187 1183 1193 1191 1178
 1186 1189 1175 1181 1174 1188 1180 1177 1184 1179 1208 1206 1204 1207 1205
 1213 1211 1210 1209 1212 1200 1203 1201 1202 1199 1197 1195 1196 1198 1194
 1216 1217 1215 1214 1220 1218 1221 1219 1225 1224 1222 1223 1229 1228 1226
 1227 1234 1230 1231 1233 1232 1238 1235 1236 1237 1239 1244 1241 1243 1240
 1242 1245 1248 1249 1247 1246 1251 1253 1252 1254 1250 1255 1257 1259 1256
 1258 1261 1262 1263 1260 1264 1265 1268 1266 1269 1267 1271 1274 1272 1270
 1273 1275 1276 1277 1278 1279 1297 1299 1298 1296 1295 1292 1293 1294 1291
 1290 1284 1282 1281 1280 1283 1289 1287 1286 1288 1285 1300 1301
1 3 0 4 2 5 6 7 8 9 99 17 32 31
 12 96 33 29 20 21 19 22 18 27 25 26 23 24 14
 98 10 34 97 30 15 11 507 518 519 510 511 51 94 53
 41 56 54 93 46 95 58 52 91 57 42 49 47 92 55
 45 43 275 291 279 286 277 582 571 584 572 583 181 183 186
 182 185 358 368 355 359 370 549 534 542 540 546 90 86 87
 88 89 44 60 59 48 50 13 28 35 16 102 115 113 100
 105 110 101 114 112 106 108 109 104 116 119 111 103 107 117
 118 235 233 226 232 228 389 392 383 378 394 136 137 148 147
 130 143 141 146 139 133 144 149 140 142 135 138 132 145 131
 134 402 397 412 409 399 162 163 172 174 167 157 171 159 165
 170 158 173 169 164 155 161 168 166 160 156 566 567 556 570
 551 194 193 180 190 199 191 192 74 195 196 188 198 184 189
 187 72 71 75 197 73 200 201 202 203 204 205 206 207 208
 209 210 211 212 213 214 215 216 217 218 219 225 122 229 230
 231 121 238 224 237 124 120 123 227 236 223 234 220 222 239
 221 475 478 480 476 463 257 248 264 262 263 254 247 249 251
 246 253 261 259 252 256 258 245 250 260 255 499 496 487 494
 501 643 633 645 644 647 287 288 289 62 294 64 280 285 63
 283 65 292 293 278 282 61 276 281 290 284 302 345 304 342
 343 313 299 298 309 310 312 344 305 306 301 341 295 296 308
 297 325 315 375 317 326 324 320 334 316 373 372 374 319 321
 371 329 327 330 332 318 335 418 433 435 420 431 314 311 303
 300 307 449 442 437 443 454 352 364 80 357 356 365 363 366
 351 369 353 361 77 79 367 360 78 354 76 362 333 323 328
 331 322 129 386 388 387 391 385 128 390 126 376 384 127 395
 393 379 125 377 380 381 382 150 415 411 407 403 414 401 153
 154 152 151 410 400 408 404 405 398 406 396 413 337 426 419
 422 428 340 430 427 339 416 429 421 434 338 336 423 425 432
 424 417 436 453 448 444 450 447 439 438 445 347 346 348 451
 440 446 349 456 441 455 452 350 611 621 623 625 627 462 474
 473 472 243 241 471 468 467 242 466 482 481 464 465 244 479
 470 469 477 240 269 500 266 488 502 485 267 491 268 483 265
 497 492 486 490 489 484 493 495 498 503 504 505 37 520 524
 38 515 508 40 36 525 521 523 39 514 516 522 517 513 509
 512 506 593 596 605 604 591 85 84 550 535 537 539 543 548
 532 536 547 541 82 81 83 533 545 544 538 531 559 560 175
 177 557 562 563 178 552 179 558 564 176 554 553 569 555 561
 565 568 573 575 580 585 586 589 70 574 66 587 588 581 576
 578 68 590 67 579 577 69 603 526 598 608 530 607 592 597
 529 528 602 527 610 594 606 609 601 599 600 595 628 619 458
 624 616 461 459 620 460 613 618 630 614 617 626 612 629 622
 615 457 635 270 640 641 649 271 273 632 636 639 637 274 646
 634 631 638 650 642 272 648 1175 1185 1178 1181 1182 1209 1167 1173
 1213 1210 1172 1212 1164 1211 1168 1288 1285 1286 1289 1287 672 673 1300
 671 676 677 1301 675 683 679 682 680 681 687 688 684 685 686
 689 690 691 692 693 698 696 694 695 697 700 701 703 699 702
 704 705 706 707 708 711 712 710 713 709 718 716 717 714 715
 719 720 721 722 723 727 728 724 725 726 732 733 730 731 729
 738 734 735 736 737 740 741 742 743 739 881 880 877 979 978
 983 903 899 902 916 914 922 876 874 980 981 898 895 915 917
 827 826 943 809 952 951 831 830 941 935 937 936 818 821 819
 820 948 947 833 944 845 844 1002 1001 849 848 993 992 852 985
 1039 1022 1031 1033 1030 1032 1015 1019 1017 1021 766 932 825 824 933
 962 773 775 774 772 928 828 929 829 954 957 956 955 925 832
 769 768 808 805 781 780 814 816 783 822 963 942 934 938 940
 958 961 960 939 959 1043 1042 786 787 1037 1036 791 790 1025 793
 1023 1000 1018 1016 1014 1020 990 988 991 989 977 890 889 974 976
 886 885 975 892 982 905 761 906 909 751 760 913 910 750 752
 871 921 918 864 868 920 919 867 923 873 757 965 746 756 969
 968 745 744 973 972 875 964 966 878 879 967 970 882 883 971
 888 891 884 887 758 747 759 748 893 749 823 945 815 817 946
 949 806 807 950 953 778 841 840 843 777 776 779 839 767 834
 924 782 771 926 927 770 764 931 930 765 842 837 838 836 813
 812 810 811 835 804 894 904 897 896 907 908 901 900 911 912
 762 753 754 763 870 865 869 866 755 872 792 1005 789 788 1028
 1029 1026 1027 1006 1007 856 857 859 858 785 784 1038 1010 1011 854
 984 1024 1035 1034 986 987 1041 1040 998 999 796 863 799 860 798
 861 797 862 855 794 853 1004 802 803 801 800 994 997 995 996
 851 850 1009 1008 795 1003 846 847 1013 1012 1087 1086 1128 1129 1111
 1071 1110 1069 1096 1093 1092 1138 1140 1139 1079 1118 1076 1121 1119 1077
 1084 1085 1108 1050 1109 1127 1048 1125 1094 1095 1097 1122 1137 1133 1062
 1135 1061 1123 1059 1120 1047 1046 1066 1068 1105 1104 1126 1124 1075 1081
 1056 1057 1083 1055 1114 1113 1112 1136 1132 1134 1051 1049 1065 1064 1131
 1130 1091 1090 1058 1063 1060 1074 1073 1072 1103 1101 1141 1102 1143 1142
 1067 1088 1070 1089 1106 1107 1044 1045 1080 1099 1082 1100 1078 1098 1115
 1116 1117 1052 1053 1054 1144 1145 1146 1147 1148 1149 1150 1151 1152 1153
 1184 1180 1188 1177 1179 668 670 667 669 666 1201 1291 1292 1199 1202
 1290 1294 1293 1203 1200 1196 1170 1194 659 1169 660 662 1171 1166 1198
 656 1165 1197 1195 664 1282 1284 1281 1283 1280 1161 1159 1163 1160 1162
 1191 1189 1193 1192 1190 652 653 654 651 655 1296 1297 1298 1295 1299
 1215 1217 1214 1279 1218 1219 1220 1221 1223 1224 1278 1222 1229 1226 1227
 1276 1234 1232 1230 1231 1233 1236 1238 1239 1237 1235 1241 1242 1244 1240
 1243 1246 1249 1245 1247 1248 1252 1254 1253 1251 1250 1258 1257 1255 1259
 1256 1263 1262 1264 1261 1260 1269 1265 1266 1267 1268 1274 1270 1271 1272
 1273 1275 1228 1277 1225 1216 663 657 658 665 661 1176 1187 1186 1174
 1183 1205 1204 1208 1206 1207 1155 1154 1158 1156 1157 674 678
10 99 30 16 33 215 204 218 203 213 12 13 11 0
 35 4 97 31 118 107 117 114 119 260 252 249 263 258 98
 34 14 1 17 28 3 96 522 525 523 521 524 54 95 56
 46 51 55 91 58 92 43 42 94 47 49 57 52 93 53
 41 45 279 277 291 275 286 589 586 588 574 580 74 73 75
 72 71 356 366 351 362 354 81 82 83 84 85 149 141 136
 130 134 48 59 44 50 60 2 29 15 32 111 20 109 115
 103 100 18 104 113 22 102 21 116 106 105 19 101 112 108
 110 234 236 238 227 237 128 127 129 126 125 143 89 86 132
 135 147 142 88 137 146 139 140 138 145 133 131 87 148 90
 144 410 411 414 413 400 162 163 172 174 167 157 171 159 165
 170 158 173 169 164 155 161 168 166 160 156 552 561 565 564
 557 190 182 183 186 198 181 185 195 184 194 192 193 191 180
 188 199 187 196 189 197 5 210 219 201 211 200 7 208 6
 206 216 207 209 214 202 217 8 205 212 9 121 226 124 120
 123 233 239 231 222 228 235 232 224 220 230 223 225 229 221
 122 471 477 467 482 466 262 24 259 25 255 23 257 264 245
 27 261 246 250 247 254 251 248 26 253 256 485 483 493 489
 491 272 274 273 271 270 294 282 292 65 276 61 290 280 62
 278 64 287 284 285 281 63 289 293 283 288 311 312 314 302
 301 344 309 295 343 297 307 308 345 313 303 304 342 305 300
 341 373 324 323 372 375 371 329 315 320 333 328 322 317 330
 331 374 318 326 319 325 335 424 430 416 421 429 310 298 299
 306 296 442 454 449 437 443 353 80 368 369 352 364 76 365
 361 78 77 363 358 370 79 367 359 360 355 357 327 321 332
 334 316 391 390 392 385 395 393 384 394 387 380 379 376 377
 378 381 382 383 388 389 386 407 405 150 403 397 154 404 415
 408 401 398 153 151 406 409 402 396 412 399 152 422 433 339
 420 340 426 428 435 427 419 432 417 431 425 434 338 418 336
 423 337 436 440 441 452 444 446 455 453 456 350 347 346 447
 439 445 348 451 450 438 448 349 629 614 628 618 626 462 243
 480 475 473 481 479 478 474 470 464 469 476 242 240 472 244
 463 241 465 468 490 496 492 501 265 495 500 502 498 497 488
 267 494 269 487 484 266 486 268 499 503 504 505 514 513 40
 516 517 512 508 520 37 39 38 515 506 509 36 510 507 519
 511 518 591 604 593 605 596 531 532 533 534 535 536 537 538
 539 540 541 542 543 544 545 546 547 548 549 550 563 567 559
 569 178 553 570 562 176 555 556 175 568 566 551 560 558 177
 179 554 590 585 69 582 68 67 573 66 576 572 70 577 587
 579 581 584 575 583 571 578 607 530 603 609 527 594 595 610
 528 526 599 529 601 606 598 597 608 600 592 602 615 458 623
 630 460 625 611 617 621 459 624 461 622 457 620 613 612 616
 619 627 634 649 647 640 641 642 636 635 648 650 639 632 645
 633 644 631 643 638 637 646 1021 1015 1019 1022 1017 932 1133 1125
 928 929 1127 925 1137 933 1135 880 881 876 877 874 673 1300 674
 672 678 675 676 1301 682 681 679 683 680 688 684 685 686 687
 689 690 691 692 693 696 697 695 698 694 701 703 702 700 699
 707 706 708 705 704 709 710 711 712 713 715 717 714 718 716
 723 721 722 719 720 726 727 728 724 725 733 731 732 729 730
 734 735 736 737 738 741 742 743 739 740 1001 1002 993 1095 1097
 1094 1164 1167 1168 824 825 829 992 985 1084 1085 1172 1173 832 828
 919 921 1042 1080 1290 1292 920 923 1036 1037 1025 1043 1078 1082 1067
 1070 1293 1294 918 1291 902 903 954 962 898 899 955 957 895 956
 1213 1120 1211 1210 1212 1209 1109 1123 1122 1108 845 979 1178 1182 978
 1061 848 844 852 849 983 1175 981 1181 1062 1050 1048 1059 980 1185
 1166 1169 748 747 1170 1171 749 759 1165 758 999 1102 1091 1103 1090
 987 998 986 1101 984 972 973 818 809 968 969 819 821 965 820
 1177 1052 1180 1184 1188 1179 1054 1053 1045 1044 926 1139 1128 924 930
 1129 1138 931 1140 927 1005 658 1006 1007 657 661 1011 1010 663 665
 951 1115 1107 947 952 1106 1116 944 1117 948 793 1200 790 791 1203
 1199 786 787 1202 1201 1282 1024 1035 1281 1284 1034 1041 1280 1283 1040
 768 783 769 781 1064 1073 1065 1074 780 1072 652 869 651 654 872
 866 653 655 865 870 1124 1008 1012 1004 1134 1136 1126 1009 1132 1013
 1204 886 892 1207 1206 889 890 1208 1205 885 1119 1118 1111 1110 788
 792 789 785 1121 784 853 1189 850 851 1191 1190 847 846 1193 1192
 823 807 806 815 1055 1057 1047 1046 817 1056 761 838 751 760 1093
 1087 1092 1086 836 837 1155 1154 1158 1156 750 752 1096 835 842 1157
 875 940 934 938 878 879 942 939 882 883 664 1130 656 1143 662
 1142 660 1131 1141 659 779 904 1075 1066 1081 1068 1295 1298 1296 1297
 777 778 908 907 1083 1299 776 767 912 911 974 977 859 856 1186
 812 1187 813 982 976 975 858 854 857 804 1183 811 1176 1174 810
 1030 1033 917 1286 915 772 1287 774 1039 1032 1031 916 775 773 1288
 766 1285 914 1289 922 994 996 763 762 843 839 1160 1159 753 754
 1003 995 755 997 840 841 834 1163 1161 1162 958 959 797 798 887
 891 1195 1197 963 960 961 796 799 794 1198 1196 893 1194 884 888
 668 937 670 941 1020 1018 867 864 667 935 669 943 666 936 1014
 1016 1023 873 868 871 1147 1148 1145 1146 1144 1152 1149 1150 1153 1151
 827 833 826 830 831 756 757 744 746 745 1098 989 990 1099 1100
 988 991 1000 1089 1088 971 862 970 814 861 816 822 855 860 967
 805 863 964 966 808 1049 1051 1063 1058 1060 901 897 900 894 896
 1113 1105 1114 1112 1104 800 801 795 803 802 950 949 953 945 946
 1215 1217 1214 1279 1219 1220 1221 1277 1222 1223 1224 1225 1228 1276 1229
 1227 1234 1232 1230 1231 1233 1235 1236 1237 1238 1239 1244 1243 1240 1242
 1241 1246 1249 1245 1247 1248 1254 1253 1250 1252 1251 1256 1258 1259 1257
 1255 1261 1264 1260 1262 1263 1265 1266 1267 1268 1269 1274 1270 1271 1272
 1273 1275 1226 1218 1278 1216 1076 1077 1071 1079 1069 910 906 905 913
 909 1028 1029 1026 1038 1027 782 764 770 765 771 671 677
