0 1 2 3 4 5 6 7 8 9 10 11 12 13
 14 15 16 17 18 19 20 21 22 23 24 25 26 28 29
 30 31 27 36 35 33 32 34 40 39 37 41 38 44 45
 43 46 42 47 48 49 50 53 54 55 51 52 58 59 57
 60 56 69 61 67 66 76 63 70 73 71 64 80 75 74
 72 68 79 65 77 78 62 93 94 86 83 97 85 92 100
 87 95 96 88 98 99 81 82 84 90 91 89 115 114 102
 116 117 101 103 112 107 104 105 106 119 109 108 113 120 111
 110 118 123 124 125 121 122 128 126 129 130 127 134 133 135
 132 131 139 153 154 142 152 149 148 151 137 136 140 150 145
 155 141 144 138 143 146 147 159 158 156 160 157 163 164 165
 161 162 168 169 170 166 167 174 175 172 173 171 195 180 181
 194 188 192 190 187 176 177 191 184 189 185 193 182 179 186
 178 183 198 199 209 210 202 213 201 205 208 204 196 197 215
 212 211 207 206 214 200 203 223 226 229 234 228 230 225 222
 235 227 231 216 233 220 217 221 219 218 224 232 238 240 239
 237 236 245 256 241 246 253 259 255 251 243 258 257 242 249
 248 252 247 260 244 250 254 264 263 272 267 266 279 276 274
 275 261 269 268 280 262 273 270 278 265 277 271 286 300 289
 291 290 284 285 287 292 294 293 282 281 288 299 295 296 297
 298 283 302 304 301 305 303 321 319 312 313 317 315 306 325
 316 320 309 311 324 322 310 323 318 308 307 314 337 338 342
 328 336 330 334 343 331 344 332 345 339 335 329 340 341 326
 327 333 347 348 352 364 363 355 354 351 346 358 365 359 360
 361 353 350 349 357 356 362 368 366 379 382 380 370 369 376
 371 372 383 374 375 385 377 373 378 384 381 367 396 402 390
 391 403 392 400 394 386 387 397 393 399 395 405 404 398 401
 388 389 410 409 406 408 407 417 414 411 420 425 413 418 416
 423 421 430 429 424 422 428 415 426 427 419 412 435 433 431
 432 434 440 439 437 436 438 444 445 442 443 441 447 449 446
 450 448 462 459 467 469 458 460 452 466 463 453 454 455 468
 470 456 451 465 457 464 461 481 480 485 486 474 473 487 482
 478 476 475 489 479 488 472 471 484 490 483 477 492 497 502
 499 509 508 505 506 493 503 491 504 510 494 501 500 495 507
 496 498 514 515 512 513 511 518 520 517 516 519 530 534 531
 528 535 538 522 532 533 524 527 521 536 523 537 526 540 529
 525 539 550 556 558 547 543 541 548 542 555 553 557 554 560
 551 545 544 559 549 552 546 565 563 561 562 564 573 581 578
 568 580 582 574 569 584 583 585 576 566 567 579 570 572 577
 571 575 589 590 587 588 586 601 609 592 599 597 603 605 606
 604 596 600 594 591 608 607 593 610 602 598 595 627 614 612
 611 625 628 620 624 630 623 616 626 618 617 619 621 613 622
 615 629 650 648 635 632 639 640 644 645 631 641 649 638 636
 642 637 647 634 646 643 633 652 654 651 655 653 662 660 663
 658 656 659 665 664 661 657 669 668 666 670 667 672 673 674
 675 671 678 679 677 680 676 683 684 682 685 681 687 688 689
 690 686 693 694 692 695 691 698 703 705 704 697 696 701 699
 700 702 708 706 709 710 707 712 713 714 715 711 718 716 719
 720 717 722 723 724 725 721 728 729 727 730 726 734 733 731
 735 732 739 740 736 737 738 742 745 741 743 744 749 746 750
 748 747 752 755 754 751 753 758 760 757 756 759 764 763 761
 765 762 767 768 769 770 766 772 774 775 773 771 783 781 777
 776 784 780 779 785 778 782 790 786 787 788 789 800 799 791
 796 792 795 793 797 794 798 808 804 806 810 802 801 805 809
 803 807 814 815 811 812 813 817 819 816 820 818 822 823 825
 821 824 829 828 830 827 826 833 831 834 835 832 838 839 837
 840 836 842 844 841 845 843 847 848 849 850 846 857 854 851
 856 852 860 859 853 858 855 865 864 861 863 862 868 870 869
 867 866 874 871 875 873 872 879 880 877 878 876 882 885 881
 883 884 890 886 889 887 888 894 896 891 898 897 895 899 900
 892 893 905 901 904 902 903 909 908 906 910 907 913 911 914
 915 912 919 920 916 917 918 922 925 921 923 924 928 929 927
 930 926 935 933 934 931 932 940 936 939 937 938 942 943 944
 945 941 947 948 950 946 949 952 954 951 955 953 959 958 956
 960 957 962 964 961 965 963 969 968 966 970 967 973 971 974
 975 972 980 979 977 976 978 985 984 982 981 983 987 989 986
 990 988 993 995 994 992 991 997 998 1000 996 999 1003 1004 1005
 1001 1002 1007 1008 1009 1010 1006 1011 1012 1013 1014 1015 1016 1017 1018
 1019 1020 1021 1022 1026 1023 1027 1025 1024 1037 1034 1035 1033 1028 1029
 1036 1032 1031 1030 1039 1042 1041 1038 1040 1044 1047 1046 1043 1045 1050
 1048 1051 1052 1049 1055 1057 1056 1054 1053 1062 1058 1059 1060 1061 1065
 1063 1067 1064 1066 1070 1068 1072 1069 1071 1074 1076 1077 1075 1073 1079
 1081 1082 1080 1078 1083 1084 1085 1086 1088 1089 1091 1087 1090 1093 1096
 1095 1092 1094 1099 1097 1100 1101 1098 1103 1105 1106 1104 1102 1108 1109
 1111 1107 1110 1113 1116 1115 1112 1114 1119 1117 1121 1118 1120 1123 1126
 1125 1122 1124 1127 1128 1129 1130 1131 1132 1133 1134 1138 1137 1139 1136
 1135 1143 1144 1141 1142 1140 1149 1147 1145 1146 1148 1152 1150 1153 1154
 1151 1159 1157 1155 1156 1158 1161 1164 1163 1160 1162 1172 1174 1165 1166
 1168 1169 1173 1171 1167 1170 1182 1179 1176 1183 1184 1177 1178 1181 1175
 1180 1187 1188 1186 1189 1185 1194 1193 1190 1192 1191 1196 1197 1198 1199
 1195 1201 1202 1203 1204 1200 1207 1208 1206 1209 1205 1213 1212 1210 1214
 1211 1218 1215 1216 1219 1217 1221 1224 1223 1220 1222 1229 1225 1228 1226
 1227 1233 1234 1230 1231 1232 1236 1239 1238 1235 1237 1243 1244 1240 1241
 1242 1248 1247 1245 1249 1246 1254 1252 1253 1250 1251 1258 1259 1256 1257
 1255 1262 1263 1264 1260 1261 1265 1268 1270 1267 1266 1269 1275 1274 1271
 1273 1272 1276 1277 1278 1279 1280 1281 1286 1285 1283 1282 1284 1291 1290
 1288 1287 1289 1293 1295 1292 1296 1294 1298 1300 1297 1301 1299
0 4 3 2 1 8 7 6 5 11 12 9 10 13
 14 15 16 17 18 20 19 22 21 24 23 26 25 29 28
 27 31 30 36 33 35 34 32 41 39 38 40 37 45 44
 43 42 46 49 50 47 48 53 52 51 55 54 58 60 56
 59 57 76 79 72 68 69 75 74 64 65 73 77 63 70
 67 66 61 71 80 62 78 94 93 88 100 87 92 85 83
 97 91 90 86 82 81 99 98 89 96 95 84 105 113 119
 109 101 117 110 118 104 107 115 120 102 116 111 114 106 108
 103 112 125 124 123 122 121 127 126 130 129 128 133 134 131
 132 135 144 145 149 151 147 154 143 142 136 137 150 140 153
 138 146 139 155 148 141 152 159 157 160 156 158 161 165 164
 163 162 170 169 168 167 166 171 173 172 175 174 193 181 180
 189 178 177 183 182 186 192 184 191 194 179 195 187 185 176
 188 190 210 209 199 198 215 204 208 214 201 213 211 212 202
 197 196 206 207 205 203 200 229 224 223 231 227 232 233 218
 217 228 234 220 225 216 235 219 221 222 226 230 240 238 237
 239 236 250 257 258 249 259 253 248 247 244 241 256 260 246
 255 254 251 242 243 245 252 275 278 277 269 274 268 271 266
 264 273 267 279 270 265 261 280 263 262 272 276 290 298 295
 287 286 285 284 291 296 281 288 297 294 293 283 289 292 282
 300 299 302 301 304 303 305 314 317 309 308 319 324 316 323
 306 318 312 307 315 310 322 325 320 313 311 321 344 343 334
 331 340 329 342 338 328 337 341 335 333 345 330 336 332 327
 326 339 365 356 364 352 351 350 349 363 362 361 347 360 359
 358 357 355 354 353 348 346 369 382 372 366 376 383 368 380
 384 379 370 381 385 375 373 377 367 371 374 378 391 390 402
 396 387 386 394 400 392 403 389 405 404 401 393 399 388 395
 398 397 406 409 410 407 408 424 425 422 415 414 429 423 419
 418 426 427 413 417 411 412 420 421 430 416 428 433 435 431
 434 432 439 440 438 436 437 442 441 444 443 445 450 449 448
 447 446 465 454 455 452 453 466 469 460 461 458 459 467 470
 468 451 456 462 464 457 463 484 482 483 490 477 479 475 480
 476 478 487 472 473 471 489 488 481 486 485 474 507 508 510
 506 501 497 496 499 498 504 495 503 502 500 509 494 491 492
 505 493 512 511 514 513 515 520 518 517 519 516 535 533 538
 539 530 531 536 540 534 525 526 537 522 529 521 527 532 523
 524 528 557 555 547 558 548 559 543 545 556 551 550 560 554
 553 542 549 541 544 546 552 565 562 564 563 561 580 568 567
 581 573 583 585 570 576 582 574 584 579 578 566 569 575 571
 577 572 588 590 586 589 587 598 600 596 597 599 593 594 591
 595 592 609 605 606 610 602 603 608 607 601 604 630 615 625
 629 612 620 628 626 627 616 623 624 621 622 613 618 619 617
 614 611 641 645 636 637 643 633 634 648 649 650 631 646 635
 647 632 642 644 638 639 640 668 667 666 670 669 661 658 657
 660 659 656 664 665 662 663 653 652 651 655 654 685 684 682
 683 681 690 688 689 687 686 675 673 674 672 671 680 679 677
 678 676 703 700 697 704 699 707 693 710 695 692 706 708 691
 694 709 701 696 702 705 698 718 716 717 720 719 712 713 711
 715 714 727 728 726 730 729 723 721 722 725 724 738 739 736
 740 737 733 735 731 732 734 747 750 746 749 748 743 741 745
 744 742 766 770 768 767 769 763 765 762 761 764 759 758 756
 760 757 751 754 753 755 752 786 787 789 788 790 778 779 776
 777 785 782 781 784 783 780 771 772 774 773 775 805 806 802
 809 801 808 804 810 803 807 795 793 799 797 791 792 800 796
 794 798 829 830 827 826 828 821 824 822 825 823 816 818 820
 817 819 814 813 815 811 812 838 837 836 840 839 833 832 831
 835 834 847 846 848 850 849 842 841 843 845 844 855 853 852
 858 851 859 860 854 856 857 870 869 866 868 867 863 865 864
 862 861 883 881 885 884 882 887 890 888 889 886 872 875 871
 874 873 880 876 878 879 877 908 902 906 907 903 904 905 910
 901 909 899 892 895 896 897 893 894 891 900 898 923 921 924
 925 922 928 930 927 926 929 912 915 911 913 914 919 918 916
 920 917 940 937 939 938 936 935 932 934 933 931 947 946 949
 950 948 942 941 945 943 944 961 963 962 965 964 967 966 968
 970 969 951 953 952 955 954 957 956 958 960 959 988 986 990
 989 987 984 985 983 981 982 979 980 978 976 977 972 975 971
 974 973 1001 1005 1004 1002 1003 1007 1006 1010 1008 1009 991 994 995
 993 992 997 996 999 1000 998 1013 1014 1011 1012 1017 1018 1015 1016
 1020 1019 1022 1021 1041 1038 1042 1040 1039 1033 1032 1036 1037 1029 1028
 1035 1034 1030 1031 1024 1027 1026 1023 1025 1053 1057 1056 1055 1054 1060
 1059 1061 1062 1058 1043 1047 1046 1045 1044 1052 1049 1048 1050 1051 1069
 1068 1071 1070 1072 1064 1063 1066 1065 1067 1078 1082 1081 1080 1079 1073
 1077 1076 1075 1074 1085 1086 1083 1084 1097 1098 1101 1099 1100 1102 1106
 1105 1103 1104 1087 1088 1090 1091 1089 1092 1095 1096 1094 1093 1117 1118
 1120 1119 1121 1122 1125 1126 1123 1124 1107 1108 1110 1109 1111 1112 1115
 1116 1113 1114 1128 1127 1130 1129 1134 1133 1132 1131 1138 1139 1137 1135
 1136 1144 1143 1142 1141 1140 1149 1146 1148 1147 1145 1150 1152 1151 1154
 1153 1159 1156 1158 1157 1155 1163 1162 1161 1160 1164 1177 1183 1176 1175
 1182 1181 1184 1180 1179 1178 1168 1167 1165 1174 1173 1172 1170 1169 1166
 1171 1187 1189 1185 1188 1186 1193 1194 1192 1190 1191 1198 1197 1196 1195
 1199 1202 1201 1200 1204 1203 1207 1209 1205 1208 1206 1212 1213 1210 1211
 1214 1217 1216 1215 1219 1218 1220 1223 1224 1221 1222 1225 1229 1228 1227
 1226 1233 1232 1231 1230 1234 1238 1237 1236 1235 1239 1243 1242 1241 1240
 1244 1249 1247 1246 1248 1245 1252 1254 1250 1253 1251 1258 1256 1259 1255
 1257 1264 1263 1262 1261 1260 1265 1266 1270 1269 1268 1267 1274 1275 1273
 1271 1272 1276 1277 1278 1279 1280 1281 1290 1291 1289 1287 1288 1285 1286
 1284 1282 1283 1299 1301 1297 1300 1298 1294 1296 1292 1295 1293
0 3 1 4 2 7 5 8 6 10 11 12 9 13
 14 15 16 17 18 22 21 19 20 25 26 24 23 27 30
 28 31 29 36 32 34 33 35 37 39 41 38 40 46 42
 43 45 44 48 49 50 47 53 51 54 52 55 58 57 60
 56 59 64 63 65 77 73 79 78 69 67 76 66 61 62
 71 80 75 72 68 74 70 89 84 98 95 90 81 99 91
 96 100 97 82 88 85 92 86 93 87 83 94 109 120 111
 115 110 103 117 107 118 112 116 114 108 105 102 106 113 119
 101 104 121 124 122 125 123 130 126 128 127 129 135 131 133
 132 134 150 152 136 155 145 137 141 138 154 149 139 144 147
 151 143 140 142 146 148 153 159 156 157 158 160 165 163 161
 164 162 166 169 167 170 168 173 174 172 171 175 181 195 193
 190 184 182 189 192 179 187 188 178 183 176 180 177 186 185
 191 194 208 214 205 201 212 206 198 199 210 207 203 202 197
 215 200 213 204 209 196 211 224 223 226 228 231 216 235 219
 233 234 227 232 217 230 225 222 218 221 229 220 237 239 238
 240 236 242 246 247 257 255 248 259 241 252 251 249 250 256
 253 244 258 245 254 260 243 268 269 280 263 276 264 274 271
 279 262 278 275 277 273 265 272 267 261 270 266 289 285 290
 292 295 300 298 296 287 297 283 294 282 299 293 286 291 281
 284 288 302 303 305 304 301 324 316 318 311 306 321 319 310
 317 312 320 308 314 325 323 322 309 307 313 315 331 342 343
 337 327 339 338 334 344 328 335 332 329 341 333 326 345 336
 340 330 363 361 357 353 365 354 350 347 359 348 351 362 346
 356 352 349 355 364 358 360 370 377 374 373 375 369 383 385
 378 381 368 372 376 380 382 366 384 367 379 371 402 391 396
 390 394 404 403 387 399 400 395 398 392 389 388 386 405 397
 393 401 407 409 408 410 406 421 423 412 429 418 420 414 430
 425 424 419 415 426 428 411 413 417 416 427 422 432 434 431
 433 435 437 438 439 436 440 445 442 441 443 444 448 449 447
 446 450 469 466 463 465 464 459 462 454 455 457 460 461 451
 456 468 470 452 458 453 467 473 487 477 476 485 484 482 475
 486 490 480 471 481 489 488 472 479 478 474 483 504 493 509
 495 510 498 494 491 508 492 499 507 501 496 502 505 506 503
 500 497 515 512 511 513 514 519 516 517 518 520 527 537 540
 522 526 532 539 531 521 523 535 534 528 525 533 530 538 524
 529 536 547 551 550 557 560 542 554 559 553 556 558 543 548
 555 541 552 545 546 549 544 565 561 562 564 563 575 582 585
 583 572 568 578 576 569 581 567 570 577 574 571 584 573 579
 566 580 586 590 589 587 588 597 608 594 601 598 595 592 602
 603 605 610 596 607 600 606 604 609 591 599 593 622 628 626
 621 624 615 614 612 617 613 619 625 611 627 623 629 616 630
 620 618 647 640 634 649 646 645 635 633 632 642 637 639 644
 650 631 641 636 643 638 648 663 659 661 664 658 651 653 668
 669 654 667 655 670 666 652 660 657 662 665 656 679 678 680
 677 676 684 685 683 682 681 689 690 687 688 686 674 672 675
 673 671 702 701 698 705 696 697 709 704 710 707 699 700 706
 708 703 694 691 693 695 692 721 724 722 725 723 729 726 728
 730 727 717 719 716 720 718 711 712 714 715 713 750 748 746
 749 747 744 743 741 742 745 732 734 731 735 733 740 736 738
 739 737 756 760 759 757 758 769 770 767 766 768 754 753 752
 755 751 762 764 763 765 761 776 782 779 783 785 788 775 772
 786 771 774 789 790 773 787 784 777 780 778 781 796 807 792
 805 802 810 794 795 804 799 797 803 798 808 801 791 809 800
 793 806 825 824 821 822 823 811 815 812 814 813 826 828 829
 827 830 820 818 819 817 816 844 843 841 845 842 846 847 849
 850 848 839 838 836 840 837 832 834 831 835 833 864 867 861
 868 866 870 865 862 863 869 860 855 852 856 854 858 859 857
 853 851 877 876 880 879 878 884 885 883 882 881 889 890 886
 888 887 875 871 872 873 874 897 907 892 896 908 909 910 899
 906 895 900 891 893 898 894 904 903 901 905 902 929 926 928
 930 927 914 915 912 911 913 916 920 917 918 919 924 923 922
 925 921 945 941 944 942 943 950 946 949 948 947 938 936 939
 940 937 931 933 935 932 934 959 958 957 960 956 961 963 964
 965 962 969 968 967 970 966 951 953 954 955 952 982 981 985
 984 983 975 974 972 971 973 990 989 988 986 987 977 980 976
 979 978 1006 1010 1009 1007 1008 992 993 995 991 994 996 999 1000
 998 997 1002 1003 1004 1005 1001 1014 1011 1012 1013 1018 1015 1016 1017
 1021 1022 1020 1019 1035 1028 1032 1037 1030 1040 1027 1041 1025 1038 1023
 1026 1042 1024 1039 1031 1034 1036 1029 1033 1060 1062 1061 1058 1059 1044
 1045 1046 1047 1043 1049 1052 1051 1048 1050 1057 1055 1054 1053 1056 1074
 1075 1077 1073 1076 1079 1080 1082 1078 1081 1069 1072 1071 1068 1070 1064
 1067 1066 1063 1065 1084 1085 1086 1083 1104 1103 1106 1102 1105 1087 1091
 1090 1089 1088 1093 1094 1095 1096 1092 1098 1100 1101 1097 1099 1124 1123
 1125 1122 1126 1107 1111 1110 1109 1108 1113 1114 1115 1112 1116 1118 1121
 1120 1119 1117 1130 1129 1127 1128 1133 1131 1134 1132 1138 1136 1135 1139
 1137 1141 1142 1144 1143 1140 1149 1145 1146 1148 1147 1153 1151 1150 1154
 1152 1159 1155 1156 1158 1157 1162 1161 1164 1160 1163 1178 1173 1175 1165
 1171 1167 1183 1182 1181 1172 1180 1169 1166 1184 1174 1170 1177 1179 1176
 1168 1187 1186 1189 1185 1188 1192 1190 1194 1193 1191 1199 1197 1195 1198
 1196 1200 1203 1201 1204 1202 1207 1206 1209 1205 1208 1211 1214 1210 1213
 1212 1216 1218 1217 1219 1215 1224 1220 1221 1223 1222 1227 1226 1228 1229
 1225 1233 1231 1234 1232 1230 1237 1236 1239 1235 1238 1243 1241 1244 1242
 1240 1245 1247 1249 1246 1248 1253 1250 1252 1254 1251 1258 1255 1257 1259
 1256 1260 1263 1261 1264 1262 1265 1267 1270 1266 1269 1268 1273 1271 1275
 1274 1272 1276 1277 1278 1279 1280 1281 1301 1300 1299 1297 1298 1296 1295
 1294 1292 1293 1283 1286 1282 1285 1284 1288 1291 1287 1290 1289
1 0 4 3 2 49 26 12 19 23 21 47 7 13
 14 15 16 17 18 8 24 10 50 9 20 48 6 615 629
 630 619 625 36 33 35 34 32 332 331 334 336 330 46 43
 45 44 42 11 25 5 22 109 103 114 107 102 288 290 294
 285 287 80 62 65 79 63 76 77 129 71 78 69 127 128
 126 130 66 67 70 64 61 91 90 89 87 88 100 84 85
 83 82 81 97 99 98 96 95 92 94 93 86 116 55 52
 115 111 113 54 110 51 108 105 119 106 53 104 101 118 117
 112 120 123 122 121 125 124 74 72 73 68 75 463 452 457
 459 468 168 140 151 166 137 150 169 154 152 170 153 149 167
 147 141 138 144 146 143 155 228 218 233 220 229 184 195 187
 176 183 139 148 136 142 145 599 608 602 594 604 164 186 192
 194 193 181 189 165 161 191 177 163 190 182 188 185 178 180
 179 162 202 210 200 199 198 206 196 440 439 436 201 211 437
 214 197 207 213 212 209 438 232 221 157 227 159 217 224 235
 222 234 231 219 156 160 230 226 216 158 225 223 400 389 392
 391 405 304 242 305 251 302 248 255 246 303 260 244 256 301
 259 247 252 258 257 254 250 589 272 263 586 271 280 590 274
 278 588 265 262 279 268 277 587 275 269 273 266 282 281 291
 289 59 292 60 56 284 57 283 286 300 58 299 298 297 296
 295 293 253 245 249 241 243 316 311 313 312 322 307 309 308
 321 324 306 319 320 317 318 314 310 325 315 323 328 339 326
 337 41 38 37 341 39 344 40 329 338 327 345 333 343 342
 335 340 353 360 358 362 561 354 355 346 351 352 356 562 348
 564 347 565 349 563 365 364 447 449 446 373 374 371 376 369
 370 383 372 380 384 448 377 382 381 375 378 450 395 394 404
 237 401 239 238 402 387 386 399 398 397 396 236 390 393 403
 388 240 409 410 408 406 407 418 419 416 429 433 413 417 411
 412 422 424 420 430 421 432 431 435 434 414 423 426 425 415
 428 427 205 208 215 204 203 640 649 643 636 641 368 366 379
 367 385 455 132 470 456 451 454 133 466 134 461 460 462 131
 467 469 458 464 135 465 453 484 482 483 490 477 479 475 480
 476 478 487 472 473 471 489 488 481 486 485 474 508 496 503
 498 505 492 509 494 510 502 507 500 493 506 495 504 501 491
 497 499 569 578 566 573 568 551 552 554 557 559 539 538 536
 537 532 534 529 535 527 540 533 525 531 526 528 523 524 522
 521 530 556 550 545 546 543 544 560 553 549 542 516 517 548
 518 558 541 519 555 520 547 350 357 363 359 361 513 584 515
 511 572 579 570 514 581 585 583 577 512 571 582 574 580 576
 567 575 264 276 270 261 267 603 595 597 174 592 601 593 607
 171 600 596 173 591 175 606 605 598 172 610 609 628 626 621
 622 27 627 618 617 30 623 613 614 620 624 31 612 616 611
 28 29 648 650 634 633 647 444 644 638 646 441 445 645 443
 637 642 639 635 631 442 632 697 700 703 704 699 711 713 753
 754 712 751 715 755 752 714 1182 1178 1181 1175 1183 820 819 817
 816 818 1050 1049 1048 1052 1051 839 838 837 836 840 1037 1028 1032
 1035 1030 761 762 763 765 764 717 651 720 655 652 716 718 653
 654 719 1184 1180 1179 1176 1177 656 660 657 665 662 701 696 702
 705 698 758 756 759 760 757 1169 1174 1170 1166 1168 771 774 772
 775 773 985 984 983 981 982 1075 1076 1077 1073 1074 1003 1005 1004
 1001 1002 661 664 658 659 663 722 725 721 723 724 691 692 693
 695 694 1173 1171 1172 1165 1167 731 733 735 732 734 986 1079 1081
 987 1082 1078 989 988 1080 990 1009 1010 1006 1007 1008 950 929 949
 928 930 926 946 947 927 948 969 909 967 906 910 970 907 966
 968 908 848 846 849 847 850 674 673 675 672 671 1054 1056 1055
 1057 1053 1029 1031 1036 1033 1034 1026 1025 1023 1024 1027 684 683 682
 681 685 1059 1060 1058 1061 1062 812 814 811 813 815 1112 1095 1113
 1094 1092 1096 1115 1116 1114 1093 876 877 879 878 880 1282 1284 1285
 1283 1286 1123 1126 1125 1122 1124 861 862 864 863 865 1297 1299 1298
 1300 1301 1100 1101 1097 1098 1099 961 919 962 963 918 916 920 965
 917 964 934 931 932 935 933 804 807 810 802 805 941 942 945
 944 943 896 899 895 892 897 953 955 951 952 954 796 799 794
 792 795 902 903 905 901 904 958 956 960 959 957 911 912 915
 914 913 797 798 800 793 791 923 924 921 925 922 937 940 936
 939 938 891 893 894 900 898 808 803 809 801 806 994 992 993
 991 995 1064 1065 1067 1063 1066 739 740 738 737 736 776 779 783
 782 785 974 972 973 971 975 1068 1069 1071 1070 1072 749 750 746
 748 747 788 789 790 786 787 1013 1014 1011 1012 1016 1015 1017 1279
 1019 1021 1020 1277 833 834 832 831 835 687 826 690 827 688 829
 830 689 828 686 1046 1045 1044 1043 1047 1041 1040 1039 1038 1042 678
 677 676 680 679 825 821 823 822 824 843 841 842 844 845 979
 976 977 980 978 996 997 999 998 1000 744 745 741 742 743 781
 777 784 778 780 1083 1085 1084 1280 1108 1107 1110 1109 1111 855 860
 854 852 856 888 889 890 886 887 1295 1293 1294 1292 1296 1088 1087
 1090 1089 1091 851 853 859 857 858 1290 1287 1288 1291 1289 874 871
 875 873 872 1129 1128 1127 1281 1133 1132 1131 1276 1136 1135 1139 1138
 1137 1140 1142 1141 1144 1143 1146 1145 1147 1149 1148 1150 1152 1151 1154
 1153 1159 1156 1158 1157 1155 1161 1160 1162 1164 1163 769 729 770 730
 726 728 767 768 766 727 669 709 710 667 708 707 668 666 670
 706 1185 1188 1189 1186 1187 1191 1190 1193 1192 1194 1198 1197 1196 1195
 1199 1202 1201 1200 1204 1203 1209 1206 1208 1207 1205 1211 1210 1212 1214
 1213 1218 1219 1217 1215 1216 1224 1221 1223 1222 1220 1226 1225 1227 1229
 1228 1234 1233 1232 1231 1230 1238 1237 1236 1235 1239 1241 1240 1244 1243
 1242 1246 1245 1247 1249 1248 1254 1253 1252 1251 1250 1259 1258 1257 1256
 1255 1261 1260 1264 1263 1262 1265 1270 1268 1267 1269 1266 1272 1271 1274
 1273 1275 1134 1022 1278 1018 1086 1130 866 869 867 868 870 1118 1119
 1121 1117 1120 1105 1103 1104 1102 1106 881 883 882 884 885
5 47 9 24 19 0 8 7 6 2 26 50 20 13
 14 15 16 17 18 4 12 23 48 21 3 49 10 616 621
 626 622 628 484 490 477 488 487 341 329 340 342 328 323 306
 321 312 308 1 22 25 11 103 114 107 102 109 58 60 56
 59 57 64 66 80 61 126 62 71 73 70 69 67 72 68
 75 74 127 128 129 130 63 96 95 87 92 100 89 83 97
 86 94 93 84 91 90 82 81 88 99 98 85 119 54 51
 112 117 110 53 116 55 106 120 104 115 52 113 108 105 118
 101 111 501 492 505 491 497 65 76 77 78 79 456 467 453
 465 460 153 139 147 137 141 140 144 145 142 143 149 138 151
 146 152 148 150 136 155 154 226 221 231 217 230 194 181 179
 178 192 169 168 167 166 170 607 595 597 605 610 188 183 164
 163 195 162 191 177 189 187 190 185 176 184 186 182 165 193
 161 180 212 205 209 203 437 440 438 199 207 197 206 204 211
 198 215 208 196 436 439 210 223 159 224 220 219 157 227 216
 218 225 156 222 232 234 160 158 228 235 229 233 394 396 393
 397 386 302 252 304 248 301 254 247 244 305 257 258 242 303
 246 256 255 250 251 260 259 269 277 279 271 268 272 280 265
 261 275 264 266 276 278 270 273 262 274 263 267 290 298 295
 287 286 285 284 291 296 281 288 297 294 293 283 289 292 282
 300 299 245 241 253 243 249 43 322 46 310 309 314 45 320
 311 325 317 316 324 319 313 44 307 42 318 315 326 336 41
 38 338 339 344 345 335 334 327 343 330 331 39 37 40 337
 332 333 361 359 357 565 354 358 363 360 350 355 563 348 351
 347 353 346 564 352 561 562 448 446 450 384 380 377 381 375
 374 373 378 371 376 449 370 372 383 382 369 447 240 387 389
 388 405 404 401 238 236 402 237 239 399 398 403 392 395 400
 391 390 535 539 537 540 525 412 411 414 413 426 420 430 421
 432 416 418 431 434 435 427 415 425 428 433 417 422 419 429
 423 424 213 200 202 214 201 642 645 637 644 638 367 385 366
 379 368 469 457 133 462 461 131 452 470 468 135 455 454 463
 466 134 464 132 459 451 458 473 474 471 472 480 481 34 489
 483 475 476 482 479 32 486 485 36 35 478 33 124 122 494
 493 506 510 125 509 499 507 121 504 508 502 123 495 500 503
 498 496 515 514 513 512 511 551 552 554 557 559 523 524 521
 522 410 529 528 527 526 534 532 531 536 530 406 533 408 538
 407 409 556 550 545 546 543 544 560 553 549 542 516 517 548
 518 558 541 519 555 520 547 364 365 356 362 349 579 578 581
 570 569 577 575 580 585 572 584 571 567 566 573 568 583 582
 576 574 589 587 590 586 588 599 606 593 601 172 608 173 609
 591 602 594 600 604 603 174 592 171 596 598 175 617 623 618
 620 615 27 611 613 630 614 28 30 612 627 629 29 624 31
 625 619 631 649 635 643 633 647 443 445 650 646 648 441 634
 444 442 640 636 641 632 639 740 737 738 739 736 1300 1299 945
 941 1301 942 1298 944 943 1297 679 676 680 677 678 948 947 946
 949 950 667 669 670 666 668 744 742 745 741 743 1285 1283 1284
 1286 1282 771 773 775 774 772 963 1062 965 1059 1061 961 962 1058
 1060 964 852 854 855 860 856 921 923 924 925 922 1103 1105 1102
 1106 1104 828 827 829 826 830 1072 1068 1070 1069 1071 932 934 933
 935 931 655 652 653 654 651 684 682 685 681 683 1292 1293 1296
 1294 1295 874 871 875 873 872 1008 1006 1007 1009 1010 848 850 849
 847 846 797 798 800 791 793 691 695 692 694 693 1053 858 853
 1055 857 859 1056 1057 851 1054 956 959 960 957 958 769 880 770
 878 876 879 766 767 877 768 997 837 1000 838 839 998 840 996
 999 836 1090 1089 1087 1091 1088 1082 1080 1078 1081 1079 915 914 913
 912 911 724 722 721 723 725 1002 1004 1005 1003 1001 810 802 804
 805 807 886 887 890 889 888 765 764 761 763 762 784 706 778
 707 708 710 780 777 781 709 1048 1052 1050 1051 1049 966 970 968
 967 969 752 755 754 751 753 795 799 794 796 792 991 995 993
 994 992 841 842 845 844 843 1023 984 1026 1024 983 982 985 1027
 981 1025 1110 1107 1109 1108 1111 1179 1180 1184 1176 1177 825 824 823
 822 821 1097 1101 1099 1098 1100 711 715 712 713 714 1064 1067 1066
 1065 1063 735 731 733 732 734 1287 1291 1288 1289 1290 659 661 664
 663 658 673 672 671 674 675 1043 1046 1044 1045 1047 786 789 790
 787 788 701 702 696 705 698 866 869 868 870 867 1040 1041 1042
 1039 1038 1178 1175 1182 1183 1181 899 896 895 892 897 1125 1124 1122
 1126 1123 881 885 883 884 882 808 801 806 809 803 835 831 834
 832 833 757 758 756 759 760 1012 1011 1013 1278 1018 1016 1279 1015
 1022 1020 1277 1019 891 894 900 893 898 1169 1121 1174 1118 1168 1120
 1119 1166 1117 1170 975 974 971 972 973 951 953 954 952 955 861
 865 863 864 862 776 785 779 782 783 703 699 704 700 697 930
 926 929 928 927 727 729 728 730 726 1096 1093 1095 1092 1094 818
 820 817 819 816 1083 1085 1084 1280 813 815 812 811 814 1076 1074
 1077 1075 1073 916 919 918 920 917 718 716 720 717 719 902 904
 903 901 905 1173 1171 1165 1167 1172 1036 1031 1034 1033 1029 988 990
 987 986 989 1128 1127 1130 1129 1132 1131 1276 1134 1135 1137 1136 1139
 1138 1144 1143 1142 1141 1140 1148 1147 1146 1145 1149 1153 1154 1152 1150
 1151 1159 1156 1158 1157 1155 1162 1164 1160 1163 1161 1114 1035 1115 1032
 1028 1037 1113 1116 1112 1030 977 909 910 976 906 907 980 978 979
 908 1187 1189 1185 1188 1186 1190 1193 1194 1191 1192 1199 1198 1197 1196
 1195 1201 1200 1204 1203 1202 1206 1205 1207 1209 1208 1210 1214 1213 1212
 1211 1215 1218 1219 1216 1217 1220 1223 1224 1221 1222 1226 1225 1227 1229
 1228 1234 1233 1232 1231 1230 1239 1236 1238 1237 1235 1242 1241 1240 1244
 1243 1246 1245 1247 1249 1248 1252 1254 1250 1253 1251 1255 1257 1256 1259
 1258 1263 1262 1261 1260 1264 1265 1270 1268 1267 1269 1266 1275 1273 1272
 1274 1271 1133 1021 1014 1017 1086 1281 690 687 688 686 689 936 938
 939 940 937 746 747 749 750 748 665 662 657 656 660
37 38 40 39 41 338 332 329 337 327 342 345 330 15
 16 13 14 17 18 344 333 334 340 326 339 331 341 490 481
 480 34 483 175 171 172 173 174 353 564 347 361 349 21 22
 0 19 20 335 328 343 336 164 184 180 179 190 512 578 577
 570 572 227 234 217 222 218 229 158 226 228 232 231 225 156
 219 220 230 223 235 157 159 87 83 90 81 95 93 91 96
 82 89 84 94 100 97 88 85 98 92 86 99 193 165 181
 178 192 188 183 194 191 195 187 161 189 185 176 163 162 182
 186 177 437 440 439 438 436 224 160 216 233 221 279 262 270
 586 269 375 380 367 447 382 372 368 446 383 377 370 381 384
 449 374 366 448 378 376 379 55 118 119 109 101 77 64 72
 61 128 373 450 371 385 369 543 552 520 550 556 127 129 126
 78 66 70 68 80 73 75 71 79 69 65 130 76 62 63
 74 67 138 169 168 150 145 154 143 167 136 147 153 140 151
 149 139 144 148 170 155 146 103 106 116 115 102 53 105 108
 110 104 120 54 112 51 114 113 107 117 111 52 470 452 466
 467 133 56 296 289 286 297 283 291 281 284 298 300 58 288
 290 292 287 59 294 60 299 523 409 538 407 525 530 526 532
 536 528 410 540 524 531 535 537 406 533 522 534 585 576 580
 579 571 573 567 569 574 514 584 515 511 575 581 568 583 513
 582 566 57 295 282 285 293 6 12 47 25 10 8 11 2
 9 50 49 24 5 4 1 3 48 26 23 7 351 565 563
 356 357 358 561 562 354 359 365 350 346 360 363 355 352 348
 362 364 320 46 322 311 323 310 306 316 314 42 307 317 318
 44 321 324 313 309 43 308 491 502 508 506 492 504 496 509
 124 501 498 503 493 500 507 505 125 123 499 122 462 461 457
 460 132 468 134 131 454 135 456 463 465 459 469 458 451 464
 453 455 237 238 240 236 239 302 256 259 244 254 255 253 248
 258 303 241 257 305 243 247 245 301 246 242 260 249 250 304
 252 251 141 152 137 166 142 645 631 647 442 636 510 121 495
 494 497 590 268 277 588 276 261 587 271 267 275 278 274 280
 264 263 266 589 265 272 273 592 602 594 609 593 608 596 595
 607 599 598 605 597 600 604 606 591 603 610 601 197 199 213
 202 209 206 210 205 201 208 207 214 215 200 211 204 198 196
 212 203 427 417 414 435 429 629 613 27 626 620 399 400 391
 402 390 393 405 387 396 398 389 395 386 392 388 394 404 397
 403 401 618 615 630 612 622 614 623 621 627 616 628 611 625
 624 617 28 619 31 30 29 45 325 315 312 319 430 416 425
 424 415 420 419 413 426 428 411 412 433 421 432 423 418 431
 434 422 539 408 527 521 529 541 519 553 555 547 542 549 544
 546 559 517 548 545 518 560 558 516 557 554 551 474 478 35
 487 32 475 488 36 484 471 477 33 472 489 482 479 473 476
 485 486 633 637 644 640 441 635 643 646 632 649 642 443 648
 638 639 634 650 445 444 641 802 777 1103 661 1039 1088 1037 803
 1034 787 775 653 667 1100 795 1026 798 1096 657 785 1178 967 830
 734 886 953 1184 749 816 875 739 957 811 1168 878 825 1165 742
 963 883 1040 810 1104 780 658 1101 1024 771 776 1092 668 806 662
 791 1036 796 655 1028 788 1087 1033 808 669 1097 774 1035 799 790
 1091 652 665 783 800 1093 1023 781 1042 659 1105 804 914 685 1112
 992 705 674 1001 1124 706 921 694 916 1120 996 677 1010 1107 930
 686 703 654 794 789 1090 1032 1038 805 1102 664 778 782 1025 660
 797 1094 1098 772 1031 801 666 672 710 924 1002 1123 999 926 687
 678 1108 699 918 1121 1006 692 1116 683 701 991 912 902 1057 760
 891 768 1074 1285 1063 1297 1058 1081 1288 1046 1072 763 752 897 910
 1295 1050 884 1167 965 823 741 959 1170 815 876 738 829 732 888
 966 1175 872 748 1180 951 817 812 740 956 1174 880 827 889 733
 1182 969 881 824 961 1172 745 873 955 746 1179 818 984 934 847
 723 845 866 862 936 729 977 855 986 834 715 950 716 858 974
 942 837 931 843 868 724 979 720 857 945 971 836 982 865 846
 937 727 854 832 989 712 946 1069 1043 1287 1052 1080 755 907 892
 1296 764 893 1299 767 1054 1073 758 1066 1284 903 1060 761 899 1290
 1071 1051 1300 1075 1055 898 770 1059 1064 904 757 1283 1292 754 1047
 1078 906 751 909 1293 1045 1079 769 1076 1298 894 1053 1061 1067 1286
 756 905 1049 896 765 1068 1291 1289 1070 762 1048 895 1294 1082 908
 1044 753 759 901 1282 1062 1065 766 900 1077 1056 1301 997 679 1118
 695 919 709 1122 925 671 1005 1114 696 993 682 911 929 697 690
 1110 1009 1007 704 688 928 1109 913 994 698 1115 684 1119 676 693
 1000 920 922 1125 675 708 1003 1022 1020 1021 1019 1244 1242 1243 1240
 1233 1234 1232 1230 735 826 1183 890 968 874 1171 747 882 820 821
 744 1176 962 954 960 1169 736 813 879 887 1181 828 731 970 885
 964 822 1173 743 737 1166 814 958 877 1177 750 952 871 819 915
 1113 995 681 702 673 1126 707 923 1004 927 700 1008 1111 689 680
 998 691 1117 917 1187 1189 1188 1185 948 988 714 860 833 861 728
 850 983 939 853 943 839 718 975 976 841 725 935 869 859 838
 717 941 973 932 721 980 842 867 949 852 987 835 711 849 985
 726 938 863 1208 1207 1209 1205 1202 1204 1201 1203 1278 1014 1012 1013
 1011 1128 1127 1129 1130 1281 1158 1159 1157 1156 1155 1239 1235 1238 1236
 1237 1148 1146 1145 1149 1147 1218 1216 1215 1217 1219 786 656 1030 1027
 1095 793 651 1089 792 779 1106 809 1029 663 670 773 784 807 1041
 1099 1198 1195 1199 1196 1197 1191 1192 1194 1190 1193 1261 1260 1264 1263
 1262 1251 1253 1254 1252 1250 1274 1275 1272 1271 1273 1164 1160 1161 1162
 1163 1220 1221 1224 1223 1222 1210 1211 1212 1214 1213 1267 1268 1269 1266
 1270 1136 1137 1139 1135 1138 1229 1228 1227 1226 1225 1279 1016 1017 1015
 1018 1132 1276 1131 1133 1134 1248 1247 1246 1249 1245 1257 1259 1255 1258
 1256 1085 1280 1083 1086 1084 1265 1152 1151 1150 1153 1154 1140 1142 1144
 1141 1143 1200 1231 1277 1241 1186 1206 856 713 990 831 947 719 851
 944 840 972 981 864 848 730 940 933 722 844 870 978
51 120 109 110 108 111 114 104 101 106 107 105 119 15
 16 13 14 17 18 103 113 115 118 102 116 117 112 282 56
 299 287 286 573 514 574 577 581 184 192 189 165 193 222 224
 230 228 156 55 53 52 54 49 0 47 50 48 627 620 625
 30 621 357 352 355 361 563 562 365 351 565 346 353 359 356
 354 564 358 350 347 362 364 84 89 99 96 91 82 98 90
 95 97 100 81 85 88 86 92 94 83 87 93 1 3 7
 19 4 22 24 11 20 23 26 5 2 12 25 10 21 9
 6 8 494 507 122 501 498 348 349 363 561 360 527 540 533
 524 407 168 149 141 155 146 137 136 151 166 152 143 147 144
 138 139 140 169 145 148 170 309 44 317 323 324 38 327 332
 328 333 154 142 167 153 150 433 428 421 429 418 338 341 40
 335 37 330 41 39 343 339 344 334 331 326 336 329 337 345
 340 342 197 440 201 205 211 436 200 199 437 213 209 202 208
 438 198 207 204 203 196 212 42 306 307 45 311 320 316 310
 325 321 322 318 313 43 314 46 319 308 315 312 269 272 266
 587 261 549 560 558 544 555 547 541 551 543 542 557 553 545
 554 550 546 559 556 548 552 395 237 392 403 405 398 386 401
 399 391 389 387 394 396 390 239 393 236 388 238 628 613 623
 630 629 612 614 622 31 624 618 616 27 28 626 29 617 615
 611 619 520 519 517 516 518 160 235 232 231 223 234 218 219
 157 220 216 221 225 233 158 227 159 226 217 229 183 194 179
 186 163 187 181 178 188 164 190 161 177 195 162 176 185 180
 191 182 128 77 64 66 78 71 72 68 61 130 69 74 76
 62 63 126 65 70 75 129 374 380 370 383 369 375 373 379
 382 384 367 372 376 377 378 366 381 368 385 371 590 262 273
 265 277 588 263 275 279 589 268 264 280 278 270 274 276 586
 267 271 134 470 462 459 453 172 607 597 171 175 601 599 598
 603 608 593 602 610 174 604 605 600 606 592 596 591 594 609
 173 595 210 215 439 206 214 635 649 648 642 444 450 446 447
 449 448 522 534 530 538 539 410 408 536 532 531 535 528 525
 523 529 409 537 526 406 521 515 572 566 579 578 583 580 513
 584 511 575 576 570 512 567 582 571 585 569 568 492 493 499
 495 497 123 121 508 491 504 509 124 125 506 500 505 496 503
 502 510 473 489 490 475 32 303 304 305 301 302 135 452 131
 469 458 455 464 457 467 456 460 466 461 451 133 463 465 132
 468 454 248 241 244 249 246 251 253 245 250 254 247 252 260
 255 259 243 256 258 242 257 67 127 79 80 73 480 472 478
 484 487 483 485 471 474 35 488 481 33 34 479 486 36 476
 477 482 397 402 400 240 404 412 424 434 420 430 435 427 415
 425 413 426 422 423 417 416 411 431 432 414 419 296 289 293
 59 297 281 298 300 291 285 288 60 284 58 290 295 294 292
 57 283 641 631 633 442 644 643 445 634 632 443 639 637 646
 650 640 647 636 645 638 441 821 1126 751 945 776 774 932 939
 830 814 789 1107 759 1118 763 770 1116 818 784 947 1006 1290 722
 956 1029 963 718 1005 1025 1294 1035 726 970 1285 996 1299 1039 715
 994 951 840 906 1095 745 710 732 1102 847 696 900 1088 693 833
 749 903 1101 736 700 896 843 865 1067 680 796 1183 1070 690 869
 1168 801 1177 1074 804 852 685 798 1167 1080 675 858 741 1096 907
 708 837 891 835 750 1105 705 697 895 1098 739 841 1087 691 846
 735 905 1051 978 670 926 880 925 660 975 883 1044 872 986 913
 1054 661 1058 916 652 887 985 658 989 874 915 1053 1052 918 1059
 928 889 651 667 977 981 876 665 973 921 885 1046 725 1003 1289
 1026 965 1296 1009 1031 716 957 952 1286 711 998 727 992 968 1297
 1042 1028 990 873 663 912 1055 1062 919 983 654 886 1050 980 877
 930 669 923 662 1045 971 882 1089 692 733 848 904 738 704 1100
 892 845 1104 832 894 702 747 838 1093 910 743 706 1288 997 1010
 1032 1282 967 721 1033 958 728 1024 962 720 1004 1293 713 1300 991
 955 1041 829 787 758 936 1119 1114 778 766 816 948 771 1111 813
 931 765 944 1123 754 824 779 901 746 850 695 1106 898 831 1090
 701 734 707 744 1092 909 836 842 703 897 737 1097 1121 757 786
 827 940 1124 783 822 941 752 764 934 1109 775 815 946 820 1113
 769 780 664 911 875 1056 988 972 924 1047 881 656 979 879 668
 927 1049 888 984 1060 653 920 1181 863 799 1063 677 1073 684 1180
 802 855 1174 809 870 687 1071 671 1082 1165 853 797 1108 773 761
 933 812 767 1115 950 817 777 825 782 943 753 1122 790 828 1120
 938 760 679 861 794 1178 1065 791 1079 1171 857 673 686 1166 1072
 808 867 1075 807 856 683 1179 1211 1214 1210 1213 1241 1242 1244 1243
 1161 1164 1160 1162 689 806 868 1068 1169 1172 1077 851 682 1078 1184
 805 793 860 672 795 1175 1066 676 862 935 811 1110 762 772 768
 819 781 949 1112 937 788 756 1117 826 1125 823 755 785 942 719
 1002 1027 961 1292 993 714 953 1038 1301 1284 1000 966 1037 729 1291
 724 1036 960 1008 1084 1085 1086 1083 839 1094 908 709 742 740 1099
 899 844 699 834 1103 698 748 893 731 849 694 902 1091 914 871
 1057 987 659 655 890 1061 917 982 922 884 974 1043 657 666 929
 976 878 1048 1154 1152 1151 1150 1253 1251 1250 1252 1221 1220 1224 1222
 1223 1266 1270 1267 1268 1269 1158 1155 1159 1157 1156 1281 1127 1128 1130
 1129 1146 1145 1147 1149 1148 1019 1021 1022 1020 1277 1007 1298 1034 954
 995 712 723 1287 959 1040 964 1030 999 1023 969 1283 717 1001 1295
 730 1187 1186 1189 1185 1188 1193 1191 1194 1192 1190 1199 1197 1195 1198
 1196 1249 1246 1247 1245 1248 1237 1239 1235 1238 1236 1014 1011 1012 1013
 1278 1233 1230 1232 1231 1234 1135 1136 1138 1137 1139 1275 1272 1273 1274
 1271 1216 1219 1215 1217 1218 1207 1208 1206 1209 1205 1017 1018 1016 1015
 1279 1204 1201 1200 1203 1202 1133 1134 1132 1276 1131 1258 1255 1257 1259
 1256 1260 1263 1261 1264 1262 1265 1144 1142 1141 1140 1143 1228 1225 1227
 1229 1226 1254 1163 1212 1240 1280 1153 1081 859 674 800 1173 810 1176
 681 1076 854 1170 803 866 688 1069 864 1064 1182 678 792
