0 1 2 3 4 5 7 6 9 8 11 10 13 12
 15 14 17 16 19 18 21 20 23 22 25 24 27 26 29
 28 31 30 33 32 35 34 37 36 39 38 41 40 43 42
 45 44 47 46 49 48 51 50 53 52 55 54 57 56 59
 58 61 60 63 62 65 64 67 66 69 68 71 70 73 72
 75 74 77 76 79 78 81 80 83 82 85 84 87 86 89
 88 91 90 93 92 95 94 97 96 99 98 101 100 103 102
 105 104 107 106 109 108 111 110 113 112 115 114 117 116 119
 118 121 120 123 122 125 124 127 126 129 128 131 130 133 132
 135 134 137 136 139 138 141 140 143 142 145 144 147 146 149
 148 151 150 153 152 155 154 157 156 159 158 161 160 163 162
 165 164 167 166 169 168 171 170 173 172 175 174 177 176 179
 178 181 180 183 182 185 184 187 186 189 188 191 190 193 192
 195 194 197 196 199 198 201 200 203 202 205 204 206 207 208
 209 210 211 212 213 214 215 216 217 218 219 220 221 222 223
 224 225 227 226 229 228 231 230 233 232 235 234 237 236 239
 238 241 240 243 242 245 244 247 246 249 248 251 250 253 252
 255 254 257 256 259 258 261 260 263 262 265 264 267 266 269
 268 271 270 273 272 275 274 277 276 279 278 281 280 283 282
 285 284 287 286 289 288 291 290 293 292 295 294 297 296 299
 298 301 300 303 302 305 304 307 306 309 308 311 310 313 312
 315 314 317 316 319 318 321 320 323 322 325 324 327 326 329
 328 331 330 333 332 335 334 337 336 339 338 341 340 343 342
 345 344 347 346 349 348 350 352 351 354 353 356 355 358 357
 360 359 362 361 364 363 366 365 368 367 370 369 372 371 374
 373 376 375 378 377 380 379 382 381 384 383 386 385 388 387
 390 389 392 391 394 393 396 395 398 397 400 399 402 401 404
 403 406 405 408 407 410 409 412 411 414 413 416 415 418 417
 420 419 422 421 424 423 426 425 428 427 430 429 432 431 434
 433 436 435 438 437 440 439 442 441 444 443 446 445 448 447
 450 449 452 451 454 453 456 455 458 457 460 459 462 461 464
 463 466 465 468 467 470 469 472 471 474 473 476 475 478 477
 480 479 482 481 484 483 486 485 488 487 490 489 492 491 494
 493 496 495 498 497 500 499 502 501 504 503 506 505 508 507
 510 509 512 511 514 513 516 515 518 517 520 519 522 521 524
 523 526 525 528 527 530 529 532 531 534 533 536 535 538 537
 540 539 542 541 544 543 546 545 548 547 550 549 552 551 554
 553 556 555 558 557 560 559 562 561 564 563 566 565 568 567
 570 569 572 571 574 573 576 575 578 577 580 579 582 581 584
 583 586 585 588 587 590 589 592 591 594 593 596 595 598 597
 600 599 602 601 604 603 606 605 608 607 610 609 612 611 614
 613 616 615 618 617 620 619 622 621 624 623 626 625 628 627
 630 629 632 631 634 633 636 635 638 637 640 639 642 641 644
 643 646 645 648 647 650 649 651 653 652 655 654 657 656 659
 658 661 660 663 662 665 664 667 666 669 668 671 670 673 672
 675 674 677 676 679 678 681 680 683 682 685 684 687 686 689
 688 691 690 693 692 695 694 697 696 699 698 701 700 703 702
 705 704 707 706 709 708 711 710 713 712 715 714 717 716 719
 718 721 720 723 722 725 724 727 726 729 728 730 732 731 734
 733 735 737 736 739 738 741 740 743 742 745 744 747 746 749
 748 751 750 753 752 755 754 757 756 759 758 761 760 763 762
 765 764 767 766 769 768 770 772 771 774 773 775 776 778 777
 780 779 782 781 784 783 786 785 788 787 790 789 792 791 794
 793 796 795 798 797 800 799 802 801 803 804 806 805 808 807
 810 809 812 811 814 813 816 815 818 817 820 819 822 821 824
 823 826 825 828 827 830 829 832 831 834 833 836 835 838 837
 840 839 842 841 844 843 846 845 848 847 850 849 852 851 854
 853 856 855 858 857 860 859 862 861 864 863 866 865 868 867
 870 869 872 871 874 873 876 875 878 877 880 879 882 881 884
 883 886 885 888 887 890 889 892 891 894 893 896 895 898 897
 900 899 902 901 904 903 906 905 908 907 910 909 912 911 914
 913 916 915 918 917 920 919 922 921 924 923 926 925 928 927
 930 929 932 931 934 933 936 935 937 938 940 939 942 941 943
 945 944 946 947 949 948 950 951 952 954 953 956 955 958 957
 960 959 962 961 964 963 966 965 968 967 970 969 972 971 974
 973 976 975 978 977 980 979 982 981 984 983 986 985 988 987
 990 989 992 991 994 993 996 995 998 997 1000 999 1002 1001 1004
 1003 1006 1005 1008 1007 1010 1009 1012 1011 1014 1013 1016 1015 1018 1017
 1020 1019 1022 1021 1024 1023 1026 1025 1028 1027 1030 1029 1032 1031 1034
 1033 1036 1035 1038 1037 1040 1039 1042 1041 1044 1043 1046 1045 1048 1047
 1050 1049 1052 1051 1054 1053 1056 1055 1058 1057 1060 1059 1062 1061 1064
 1063 1066 1065 1068 1067 1070 1069 1072 1071 1074 1073 1076 1075 1078 1077
 1080 1079 1082 1081 1084 1083 1086 1085 1088 1087 1090 1089 1092 1091 1094
 1093 1096 1095 1098 1097 1100 1099 1102 1101 1104 1103 1106 1105 1108 1107
 1110 1109 1112 1111 1114 1113 1116 1115 1118 1117 1120 1119 1122 1121 1124
 1123 1126 1125 1128 1127 1130 1129 1132 1131 1134 1133 1136 1135 1137 1138
 1139 1140 1141 1143 1142 1145 1144 1147 1146 1149 1148 1151 1150 1153 1152
 1155 1154 1157 1156 1159 1158 1161 1160 1163 1162 1165 1164 1167 1166 1169
 1168 1171 1170 1173 1172 1175 1174 1177 1176 1179 1178 1181 1180 1183 1182
 1185 1184 1187 1186 1189 1188 1191 1190 1193 1192 1195 1194 1197 1196 1199
 1198 1201 1200 1203 1202 1205 1204 1207 1206 1209 1208 1211 1210 1213 1212
 1215 1214 1217 1216 1219 1218 1221 1220 1223 1222 1225 1224 1226 1228 1227
 1230 1229 1232 1231 1234 1233 1236 1235 1238 1237 1240 1239 1242 1241 1244
 1243 1246 1245 1248 1247 1250 1249 1252 1251 1254 1253 1256 1255 1258 1257
 1260 1259 1262 1261 1264 1263 1266 1265 1268 1267 1270 1269 1272 1271 1273
 1274 1275 1276 1277 1279 1278 1281 1280 1283 1282 1285 1284 1287 1286 1289
 1288 1291 1290 1293 1292 1295 1294 1297 1296 1299 1298 1301 1300
0 1 2 3 4 5 7 38 9 50 11 48 13 22
 15 26 17 20 19 46 21 36 23 30 25 28 27 34 29
 8 31 42 33 54 35 6 37 10 39 14 41 12 43 40
 45 24 47 32 49 16 51 44 53 18 55 52 95 86 65
 80 67 82 87 102 79 98 81 100 83 88 57 62 105 64
 59 66 61 68 103 76 99 96 101 70 89 72 91 74 71
 104 73 58 69 84 85 90 93 94 77 92 97 56 75 60
 63 78 123 114 111 130 145 116 107 124 143 126 155 120 151
 140 139 136 137 142 115 152 109 150 149 110 117 134 113 148
 121 122 133 128 141 132 147 112 129 108 153 154 135 106 125
 144 131 146 127 118 119 138 185 160 199 188 187 158 201 156
 175 192 205 190 177 166 195 174 179 176 197 172 183 204 159
 182 163 194 189 180 191 186 165 198 203 162 171 164 173 168
 157 196 161 178 193 202 167 184 169 200 181 170 211 215 224
 213 217 221 223 212 216 222 225 214 219 206 209 218 208 220
 207 210 235 240 231 238 239 266 263 244 241 242 249 270 267
 272 243 250 251 226 275 256 269 254 271 252 227 234 261 236
 259 264 233 262 265 246 237 248 245 274 247 268 273 228 255
 258 253 260 229 230 257 232 283 310 309 292 285 324 291 294
 289 316 311 312 313 296 319 322 315 298 323 280 279 306 277
 286 281 308 307 290 287 288 293 318 325 314 295 300 301 278
 321 276 297 302 299 304 303 282 305 284 317 320 343 340 333
 334 347 332 331 328 329 346 349 337 345 342 327 344 339 326
 341 338 335 330 350 336 348 392 397 394 391 396 389 398 395
 376 353 352 357 358 355 378 361 364 379 366 383 386 381 368
 385 390 393 354 351 356 375 360 377 362 363 380 359 382 365
 388 369 400 373 370 399 372 387 374 371 384 367 432 435 412
 417 434 437 430 415 444 447 440 445 448 431 450 411 446 409
 414 401 416 403 428 419 404 441 410 413 420 449 422 425 442
 423 426 433 424 429 436 405 418 427 438 407 406 443 408 421
 402 439 484 467 460 465 458 485 492 473 470 471 488 495 498
 459 472 457 476 461 468 477 478 491 480 493 454 487 462 499
 482 463 490 497 494 475 474 483 466 455 486 451 500 479 464
 453 456 489 452 469 496 481 550 513 532 537 508 533 514 543
 538 517 536 515 520 547 524 505 546 501 522 503 506 531 502
 507 530 511 512 539 510 535 534 541 544 525 518 523 542 545
 516 521 526 527 548 529 528 549 504 509 540 519 572 575 592
 551 596 573 584 599 564 557 582 577 590 583 586 581 576 589
 552 567 562 597 594 553 598 555 580 559 568 563 570 579 588
 565 554 569 574 585 556 587 600 571 558 591 560 593 578 595
 566 561 616 625 618 601 632 603 620 605 642 627 646 629 648
 611 610 649 630 615 614 631 626 637 606 635 650 607 640 613
 644 609 612 617 602 621 604 633 608 623 622 647 634 639 636
 641 624 643 638 645 628 619 654 655 653 651 652 661 656 657
 658 663 660 665 662 659 664 669 672 675 670 667 674 671 668
 673 666 685 676 683 678 677 680 681 682 679 684 695 694 687
 686 689 688 691 690 693 692 698 701 703 700 705 702 696 704
 699 697 709 714 711 712 715 706 707 710 713 708 721 720 725
 724 723 722 719 718 717 716 727 726 729 728 730 734 732 735
 731 733 737 744 739 736 741 738 743 740 745 742 751 748 755
 750 753 754 749 746 747 752 757 764 759 762 761 756 763 760
 765 758 770 769 768 767 766 773 772 771 775 774 779 802 788
 946 785 964 783 1036 776 1070 781 815 845 927 871 842 818 791
 844 885 812 895 806 823 851 794 846 1085 860 847 929 865 977
 1215 832 850 989 1187 867 1003 789 778 900 888 800 1057 808 926
 881 1012 853 1098 968 804 932 941 1261 1076 797 1087 983 878 1218
 1084 1114 1060 899 1045 841 1004 843 1127 965 973 1091 925 875 1101
 857 1089 795 1093 864 836 943 1105 869 1038 1121 1116 987 1268 809
 1112 919 1152 777 796 914 1055 807 803 1237 883 862 1104 891 870
 1048 990 798 998 852 828 1007 1130 819 1032 1000 930 874 893 1014
 1145 787 1169 839 972 996 1240 838 890 1001 903 970 901 1150 1006
 811 1161 1063 945 939 1200 1081 936 1110 821 1194 1056 1103 1153 994
 1128 913 982 859 1211 1206 814 1073 1049 1198 916 1053 1270 813 984
 1173 915 1069 1213 1118 1095 1067 829 1077 1223 861 976 1126 810 1120
 1108 1216 1191 934 1010 1035 1185 833 1021 1193 918 971 940 1033 1204
 855 1197 1080 1115 799 958 1124 1220 835 1188 938 1100 1227 1202 924
 1092 805 1181 1027 991 1164 826 1034 822 876 1170 1177 1008 1133 928
 1046 1162 849 967 1135 937 1131 910 1102 879 1031 1143 950 1183 985
 954 880 1254 840 922 1174 1155 948 1232 790 955 1072 884 1176 1054
 854 1132 780 825 1247 1179 908 1246 947 980 1157 1059 993 1148 920
 1141 782 856 873 1064 858 866 1158 978 820 992 1144 1242 912 1236
 863 898 1167 1138 837 1140 963 1250 975 868 957 1052 896 1226 1017
 933 1257 1264 953 827 1266 1274 905 1189 830 886 834 1205 848 1122
 917 1229 959 1039 1192 1041 1255 1094 969 1159 1129 1111 897 961 1260
 979 1074 894 1201 1061 1265 824 1203 956 1230 1224 831 1248 944 1208
 1119 962 1079 1184 1005 1146 887 1050 786 1136 911 1022 902 1016 877
 1042 1009 784 906 1068 1028 816 997 923 1082 1019 1168 907 801 1165
 1029 1117 1251 1123 988 1147 904 1235 974 1051 1180 793 1020 1013 889
 1083 1244 1066 909 1160 1109 1043 1047 1243 1234 1002 792 1231 1139 1099
 1163 1075 1024 1267 1199 931 1030 1207 1178 1253 1058 892 949 1258 1275
 981 1263 999 1195 882 1090 966 1271 1071 1225 921 960 1272 986 1273
 1044 1262 1259 1025 1238 1015 1088 951 1065 1106 942 935 1182 1256 952
 1107 1125 817 872 1062 1134 995 1037 1086 1142 1137 1219 1040 1151 1149
 1166 1018 1212 1011 1172 1026 1196 1209 1023 1233 1113 1245 1078 1210 1096
 1154 1190 1269 1156 1171 1222 1241 1097 1175 1214 1252 1186 1249 1217 1228
 1239 1221 1276 1281 1280 1279 1278 1277 1287 1284 1289 1286 1291 1288 1283
 1290 1285 1282 1293 1298 1295 1292 1297 1294 1299 1300 1301 1296
0 1 2 3 4 5 31 48 33 40 37 38 15 28
 13 36 17 34 45 32 49 26 39 24 53 22 41 20 55
 12 7 44 9 18 43 16 11 14 23 10 27 8 35 50
 19 30 51 46 21 6 47 42 25 54 29 52 71 62 77
 68 75 66 101 56 99 92 103 60 91 58 57 86 93 84
 61 82 59 80 81 96 79 76 87 74 85 72 83 70 95
 90 69 88 73 64 89 104 105 78 65 98 63 102 67 100
 97 94 155 124 129 138 143 120 119 114 145 112 123 116 113
 150 135 110 117 148 153 106 149 140 109 136 137 154 151 142
 121 144 131 128 147 108 141 126 111 132 115 134 139 152 127
 122 133 118 125 146 107 130 199 194 185 182 187 180 203 196
 197 166 183 164 181 192 173 184 171 202 175 200 205 198 191
 188 169 160 167 158 159 170 161 204 201 178 179 190 195 168
 193 156 165 162 157 176 189 174 163 172 177 186 216 209 212
 207 218 214 208 224 211 220 206 221 210 225 215 217 223 222
 213 219 249 250 245 270 263 248 239 246 237 242 235 238 233
 236 261 240 253 234 229 258 255 232 227 230 271 226 243 272
 247 274 267 268 265 244 241 266 231 264 259 262 257 260 269
 256 251 228 275 252 273 254 295 298 317 300 315 296 311 318
 293 316 291 314 307 324 287 290 285 310 277 306 297 280 323
 276 321 278 313 322 319 320 289 294 325 312 283 292 303 308
 281 286 279 284 305 282 301 304 299 302 309 288 346 344 336
 339 350 341 348 345 337 343 335 329 328 342 330 340 334 338
 332 326 349 327 347 333 331 354 359 352 377 356 363 376 379
 398 351 394 375 390 355 400 393 388 395 384 369 386 373 382
 371 358 361 392 353 396 357 374 391 370 389 372 397 368 399
 364 383 378 381 362 365 380 367 360 385 366 387 426 401 450
 407 448 427 446 403 438 445 416 447 434 439 412 421 430 443
 442 435 440 415 428 433 402 429 424 405 418 425 436 449 414
 423 432 419 410 441 422 413 420 437 444 417 408 409 406 411
 404 431 472 479 476 455 474 453 486 475 468 495 464 471 462
 489 484 487 460 491 470 499 452 461 456 483 454 457 498 477
 496 451 500 497 466 473 458 493 494 465 492 463 490 467 488
 485 480 459 478 481 482 469 520 545 518 547 516 525 540 541
 538 519 534 515 550 537 506 511 504 549 502 509 524 529 522
 527 526 505 544 523 542 521 536 543 512 533 532 539 510 513
 508 535 530 507 528 531 548 501 546 503 514 517 592 569 572
 567 596 587 568 559 590 557 586 561 564 593 582 597 558 553
 600 551 554 581 598 589 594 585 588 599 584 591 566 571 580
 595 562 575 578 555 560 573 552 579 576 563 556 583 574 565
 570 577 626 613 608 611 606 629 604 609 640 607 646 603 644
 601 622 619 638 631 636 615 616 639 632 643 602 627 642 625
 648 605 624 617 650 647 620 645 618 641 610 621 628 637 614
 623 612 635 630 633 634 649 654 653 655 652 651 659 662 657
 664 665 660 663 656 661 658 667 670 671 672 669 666 675 668
 673 674 681 684 679 680 677 678 685 682 683 676 693 690 691
 688 689 686 687 694 695 692 697 699 696 704 705 702 703 700
 701 698 709 710 707 708 713 706 711 714 715 712 719 720 717
 718 723 716 721 724 725 722 730 729 726 728 727 735 733 734
 731 732 743 740 741 738 739 736 737 744 745 742 753 746 755
 752 751 754 747 748 749 750 759 764 757 760 763 758 761 762
 765 756 768 766 770 767 769 774 771 772 775 773 793 909 786
 801 1164 817 1045 792 844 777 993 1131 1011 995 1140 784 918 945
 776 1253 876 1097 800 797 803 1173 780 799 1106 819 827 873 905
 917 1096 997 1021 1172 1125 825 1009 970 782 1086 806 1239 914 877
 833 1252 816 897 805 1111 898 1257 969 1040 823 1263 880 875 882
 913 999 1141 1094 783 1122 1035 1248 889 891 1147 1135 886 878 1156
 1144 1234 1055 1044 1059 1222 861 1039 859 1046 1175 1142 1051 944 1229
 1241 931 904 1070 1113 808 795 838 851 824 835 908 837 965 1151
 981 852 1192 1238 990 1014 848 906 847 1083 951 978 1265 829 828
 1049 1102 1005 1177 872 1225 892 807 879 966 942 778 1047 1163 821
 840 1165 1074 791 810 1061 1188 1235 1190 1006 1137 1138 1090 1069 1236
 1058 1084 1066 869 1224 1228 1160 961 1145 1148 1180 958 910 1079 953
 794 868 1153 1249 1214 1139 1159 893 962 1178 943 1186 1017 939 960
 957 1018 952 935 1232 1004 907 881 989 1065 818 831 1231 1119 1133
 1158 1269 1245 896 1085 1053 1217 1170 883 1081 1019 1210 1030 1015 1162
 887 968 1132 1054 1064 785 1209 790 1219 812 1220 839 1020 1204 963
 1038 924 902 1167 1091 1028 815 1270 787 890 1088 1146 988 959 955
 1002 983 1171 811 1037 1029 1043 1042 1010 1034 985 1023 1168 1221 1027
 1123 1181 846 1003 1024 834 862 1025 1196 858 1026 864 781 1198 912
 1060 900 1062 865 991 980 1068 855 930 1274 1050 857 1052 920 994
 1109 932 967 1056 1104 871 928 1251 1212 915 1108 1242 1115 1107 1126
 1256 941 1233 984 929 894 820 977 1013 1201 925 1179 1129 1007 841
 1215 809 1183 1105 798 1258 1154 899 1261 1067 1205 804 1098 1073 1078
 1259 1063 1266 830 1200 874 1237 1075 1267 1182 1211 971 843 1268 1271
 1033 1077 813 1195 1169 1143 1092 992 788 1149 974 1244 849 923 926
 948 789 842 1130 866 937 853 850 1016 1134 938 884 1185 946 1161
 1174 1099 1250 854 950 973 1152 936 911 987 916 779 1008 1189 1127
 1032 1022 982 802 814 863 1155 901 1275 1089 954 1036 940 1095 1117
 1150 1203 1247 956 1166 919 1227 921 1223 885 1128 1240 1262 1041 1243
 1048 1087 1114 1184 1218 1103 1001 1208 1273 996 1207 1120 986 1272 1071
 1093 949 979 1246 998 1202 1031 1000 1193 860 903 934 1230 933 1191
 1226 867 964 972 856 1082 927 922 888 1116 1194 822 1076 870 1136
 1199 1216 975 845 1187 1157 947 826 1072 1264 796 1080 1260 1100 832
 1255 1110 1197 1101 1254 836 1112 895 1121 1118 1012 976 1213 1124 1206
 1057 1176 1276 1277 1278 1279 1280 1281 1283 1282 1291 1290 1289 1288 1287
 1286 1285 1284 1293 1292 1299 1298 1301 1300 1295 1294 1297 1296
0 1 2 3 4 5 23 14 25 12 27 18 33 20
 31 26 35 46 37 24 15 52 19 48 45 40 13 38 9
 30 55 36 11 28 43 34 7 32 41 6 53 10 47 16
 29 22 17 50 39 54 51 42 49 8 21 44 91 80 103
 82 89 78 69 104 65 92 95 58 67 56 105 76 93 72
 59 96 57 74 75 100 71 102 77 88 73 98 97 90 87
 66 83 62 99 84 63 60 61 70 85 64 81 94 79 68
 101 86 133 114 143 144 125 108 107 128 155 146 141 122 147
 136 153 130 123 148 151 120 149 126 119 134 135 132 137 124
 109 154 113 142 111 118 127 116 131 138 129 152 145 150 117
 140 139 106 115 110 121 112 165 172 193 176 167 170 169 204
 205 194 177 180 171 196 187 192 199 168 201 190 185 164 179
 188 183 162 195 160 161 198 163 184 191 174 175 178 173 182
 197 158 181 156 159 202 189 200 157 186 203 166 208 225 216
 219 223 215 206 221 220 214 212 213 222 207 211 224 210 218
 217 209 247 252 243 254 235 246 231 244 259 248 271 230 251
 258 269 260 265 270 239 274 263 250 237 272 255 236 249 228
 245 226 267 256 233 242 261 266 273 232 275 234 241 268 257
 240 253 238 227 264 229 262 317 304 313 276 315 280 309 294
 307 312 287 314 321 284 297 286 299 308 311 320 281 290 279
 310 303 288 319 278 295 302 283 316 285 318 323 306 293 300
 291 296 289 298 325 322 277 324 305 292 301 282 342 335 349
 332 350 330 336 334 348 346 345 327 326 347 340 331 344 333
 338 329 337 328 343 339 341 362 387 380 399 364 369 360 373
 394 379 392 359 390 363 386 391 382 397 356 383 358 365 376
 367 378 371 396 361 398 377 366 395 384 389 368 393 354 385
 370 355 400 375 372 351 374 353 388 357 352 381 444 425 440
 447 420 445 422 423 406 421 404 419 432 437 410 435 430 417
 416 427 438 403 446 431 426 429 442 449 402 443 428 439 408
 441 412 413 434 415 436 407 414 405 418 401 448 433 450 409
 424 411 494 473 492 471 490 495 480 491 456 487 454 493 484
 485 460 463 458 465 500 477 476 483 472 459 496 461 470 497
 488 475 478 469 452 489 462 467 468 451 466 453 486 455 464
 479 474 457 498 481 482 499 544 529 542 527 516 505 550 519
 508 543 512 515 524 507 534 525 536 523 540 521 502 513 504
 537 506 533 518 501 520 503 510 517 526 511 546 549 522 531
 548 509 514 547 538 545 528 539 530 535 532 541 560 565 600
 579 558 581 580 587 584 569 564 585 594 561 592 577 570 555
 590 553 556 591 578 583 562 563 582 589 572 559 596 599 598
 557 586 575 568 573 588 551 554 597 576 593 574 571 552 595
 566 567 610 619 614 617 630 649 628 631 642 613 644 627 640
 611 602 637 608 635 626 623 624 641 636 639 612 615 646 609
 648 629 604 621 634 647 638 643 622 645 632 601 616 607 620
 603 618 625 650 605 606 633 652 654 653 655 651 659 656 661
 662 663 664 657 660 665 658 671 674 675 666 669 670 673 668
 667 672 683 678 681 682 677 680 679 684 685 676 689 694 695
 690 691 686 687 692 693 688 698 703 699 704 705 700 701 697
 696 702 707 710 715 706 709 714 711 712 713 708 717 720 725
 716 719 724 721 722 723 718 730 726 728 727 729 735 731 732
 734 733 739 744 745 740 741 736 737 742 743 738 751 752 747
 750 755 746 753 748 749 754 759 756 763 764 761 758 765 760
 757 762 766 769 770 768 767 771 773 774 775 772 797 819 829
 795 965 886 833 873 847 896 806 1220 821 1058 951 1088 891 800
 804 1164 814 793 868 1229 776 881 835 867 945 1109 777 1118 783
 892 1113 922 871 882 1253 887 932 823 859 786 1079 1131 976 782
 1257 1066 1076 1063 1080 909 1064 1192 824 817 1175 1173 916 813 1073
 975 1053 1275 924 1087 808 1198 987 792 1268 1187 1181 1155 781 953
 1089 1232 1024 1166 1052 970 864 818 1100 834 1222 1049 1197 799 1097
 1027 1213 997 982 844 810 1108 779 832 1174 1077 802 780 1125 927
 1227 831 1045 1009 1072 1121 1095 784 1096 790 1273 942 993 1256 778
 1188 865 948 1093 1185 1170 1267 809 915 1126 898 895 939 955 980
 788 966 1263 874 1013 899 1041 1202 1021 949 1141 937 1250 981 1203
 1209 789 1034 825 1171 1219 1159 1133 1090 1161 1163 1243 820 1265 853
 798 1106 973 1178 1177 1137 935 995 1134 1144 947 1047 1015 1146 911
 1244 1016 950 1149 1205 855 801 1074 1071 1033 885 861 1204 1081 1153
 936 999 1239 1259 785 1194 840 1236 904 1038 972 1002 1233 1035 956
 1123 815 1221 1195 978 830 893 929 1070 934 1245 787 971 1030 983
 1103 1215 842 1101 1025 990 1075 1000 1127 791 1183 1186 957 912 1136
 1003 985 1235 933 1104 1234 1167 1143 931 1115 1067 1020 991 1246 989
 869 1162 850 856 1019 1258 863 1061 1008 1130 1062 852 860 1017 845
 1051 1092 900 1044 913 1031 964 1211 1207 1140 1189 1129 1196 858 805
 1111 1212 816 1023 1120 1184 812 1065 1238 875 907 1028 1252 908 1254
 1086 897 1231 986 1206 996 1110 941 1122 918 1156 1145 1261 1060 1005
 1176 1014 906 944 1230 1193 1039 1091 919 963 1029 1226 794 1264 838
 827 977 994 1255 917 1117 1010 1271 1200 905 1001 1056 848 1201 968
 1116 837 879 1270 992 1050 1026 914 1128 1160 962 1247 959 1214 1157
 901 930 1006 1262 1043 943 925 960 1036 1152 952 903 1191 938 1158
 1223 878 1179 926 946 961 974 1148 846 958 876 836 1059 1042 1216
 1012 872 1228 796 880 851 1040 841 1139 1249 854 1199 1147 1114 890
 928 1225 988 1135 1102 857 1218 884 969 1154 1217 1132 920 1142 1248
 940 1182 843 1190 1069 1119 1004 894 1274 1057 1084 1082 1068 967 1241
 923 902 1032 1240 921 1224 1011 1054 1046 1099 998 1150 1098 1151 1022
 803 1105 984 1055 1210 1037 811 883 1124 1251 1269 979 1272 826 1180
 1018 839 1168 849 1048 954 1138 888 1242 1172 1107 1266 828 877 862
 1085 1112 1007 866 1165 1078 910 1260 807 889 822 1169 1237 870 1083
 1208 1094 1276 1277 1280 1281 1279 1278 1283 1282 1289 1288 1285 1284 1291
 1290 1287 1286 1293 1292 1301 1300 1295 1294 1297 1296 1299 1298
1 0 2 3 5 4 72 61 76 57 96 105 88 75
 100 73 102 97 98 71 104 67 92 63 56 65 60 95 82
 91 80 89 86 99 78 101 84 103 94 79 62 81 74 93
 90 77 58 69 66 85 64 83 68 87 70 59 13 48 17
 38 19 40 7 28 43 36 9 32 11 34 37 26 33 22
 35 24 31 20 47 12 27 44 23 16 25 18 21 14 39
 8 41 10 15 50 55 30 29 46 49 6 53 42 51 54
 45 52 166 201 190 185 158 179 178 173 174 165 200 163 168
 203 164 187 160 197 162 181 182 177 194 171 172 193 184 157
 180 205 176 169 188 183 170 191 202 189 204 167 198 159 192
 199 156 195 186 161 196 175 121 134 119 154 149 128 109 126
 113 132 129 142 135 146 123 106 139 120 111 108 125 148 143
 114 133 136 117 130 115 124 131 150 107 112 155 116 127 152
 153 144 147 140 137 122 141 138 145 110 151 118 217 223 209
 208 211 210 215 222 219 212 218 206 216 214 224 225 213 207
 220 221 308 313 288 323 282 315 316 281 304 291 318 303 278
 289 320 309 312 305 306 317 276 293 324 301 290 321 302 325
 294 277 298 307 292 297 300 287 310 299 284 295 322 283 296
 285 286 319 314 279 280 311 253 242 275 236 235 272 245 260
 271 240 231 268 263 252 259 274 249 234 237 226 261 250 241
 228 267 258 239 254 247 232 227 266 265 256 251 238 255 244
 233 270 243 230 273 264 269 262 257 248 229 246 349 341 342
 332 327 337 336 343 333 331 345 350 328 338 340 346 339 348
 347 329 330 326 334 344 335 602 605 604 607 608 601 626 603
 644 647 640 643 648 641 650 617 632 649 638 633 634 623 636
 637 606 625 642 645 646 639 616 631 620 615 618 619 622 635
 614 609 630 613 612 627 628 629 610 611 624 621 464 485 488
 469 482 457 496 471 486 499 452 479 466 467 490 491 456 477
 480 455 476 497 492 487 474 495 454 451 470 493 458 461 472
 475 460 483 498 473 500 465 494 489 462 459 468 463 484 481
 478 453 415 414 441 440 403 402 413 438 401 408 445 426 419
 444 427 406 411 432 437 418 435 416 431 430 447 424 429 410
 423 446 439 422 409 434 417 436 421 420 407 428 433 412 425
 450 443 442 405 404 449 448 566 589 574 597 568 553 552 593
 600 563 580 585 592 559 598 599 554 595 558 579 564 569 562
 583 576 591 560 581 572 557 596 561 578 565 570 573 584 567
 556 571 590 551 582 587 594 577 586 555 588 575 531 544 515
 502 513 522 543 504 501 540 521 508 547 532 505 514 503 534
 539 524 527 536 529 538 545 512 537 526 549 516 541 530 535
 546 525 510 507 520 517 528 533 548 523 550 509 542 519 506
 511 518 369 382 387 386 371 368 373 384 383 378 381 380 385
 364 355 398 357 392 353 390 379 358 377 376 399 366 367 362
 365 360 351 394 363 352 361 354 359 356 393 388 389 372 395
 374 397 400 391 370 375 396 1278 1280 1277 1279 1281 674 671 668
 673 672 667 670 669 666 675 659 656 657 660 665 658 663 664
 661 662 687 694 695 692 693 690 689 686 691 688 680 681 678
 679 676 677 682 683 684 685 1282 1287 1285 1290 1283 1288 1291 1286
 1289 1284 724 721 720 719 718 717 722 725 716 723 707 706 713
 712 715 714 709 708 711 710 731 732 734 733 735 729 730 726
 728 727 1297 1292 1295 1298 1293 1300 1299 1296 1301 1294 757 764 763
 760 765 758 759 762 761 756 748 751 746 749 752 747 750 755
 754 753 766 769 770 768 767 771 775 772 773 774 777 1230 1272
 1046 1225 1226 1124 814 991 1267 1273 971 1118 786 857 785 909 781
 904 1198 967 1055 1084 838 1128 1121 1207 892 880 1220 1178 1047 989
 1161 1050 1129 1062 1210 1095 864 782 1125 1053 1177 885 1143 1051 905
 847 993 1060 861 883 1171 834 1011 779 1130 820 950 896 912 804
 973 1086 1173 1132 961 858 933 948 860 1151 1056 807 856 894 872
 1215 901 859 1208 1183 1204 1200 1265 1158 1186 1213 1222 1176 1190 1093
 1057 1104 1172 1250 1150 997 1148 898 865 827 1146 799 1052 897 978
 1007 830 1134 1031 953 1065 1076 1048 1106 982 1039 1194 882 836 908
 1036 1248 1020 929 1212 867 1193 1275 1092 1085 1182 1120 1000 1263 988
 1116 871 817 801 788 821 907 853 780 906 855 806 1142 1131 1054
 902 852 1138 914 957 1017 1072 944 1045 1170 994 942 939 956 1166
 936 1059 1232 1030 1018 1251 875 869 959 931 1136 899 1109 1069 970
 1153 900 809 985 813 947 968 1115 966 1264 1180 1187 979 1077 1195
 1179 842 928 1184 1219 1037 1211 1205 1274 849 870 946 1102 954 1127
 890 984 1117 1206 1271 1247 802 1156 848 1082 800 1135 1015 797 910
 1026 1133 819 812 877 778 1044 1175 818 823 1021 1234 891 1236 1141
 1040 924 873 1067 1049 1064 1023 986 949 903 1164 1145 1241 932 1041
 935 952 1043 787 980 930 1068 826 960 955 1071 1249 1126 1088 1114
 1231 1268 1221 1254 1174 1228 1105 1163 1238 1162 1229 1033 811 884 1003
 1119 1113 1103 1203 1192 845 1123 1261 1152 995 783 889 808 1029 917
 1024 791 1022 981 1244 798 876 1169 803 850 1097 987 881 1253 868
 1027 1074 1144 1089 999 916 937 844 1004 1237 990 1002 1087 922 841
 940 1009 840 925 1075 1016 796 1032 1269 1246 1079 1063 1078 1157 1191
 1154 1099 832 1199 1098 1185 1223 1224 1139 1005 862 1240 1090 866 888
 975 992 846 943 1168 1122 964 795 837 835 839 1014 874 1034 1035
 816 958 996 1096 886 1218 1209 843 1083 983 972 963 926 822 919
 1111 1159 977 1227 1214 1012 1217 1189 1266 1112 974 863 934 1259 1101
 829 1061 969 1155 833 1137 794 1252 1019 1013 805 1149 810 790 879
 913 824 923 893 1081 851 998 1245 1073 1197 1160 1165 1270 1235 1257
 1108 854 927 831 938 828 895 1167 1008 1188 1216 1107 1258 915 976
 1262 1255 1025 962 1066 1243 1028 1181 1233 951 887 911 1239 965 1001
 1058 1140 918 941 1042 1100 921 1094 1070 920 1091 776 825 815 793
 792 789 1010 945 1147 1242 878 1006 1080 1196 784 1038 1256 1110 1260
 1202 1201 1276 653 654 651 655 652 700 696 698 705 697 703 704
 701 702 699 740 737 738 745 736 743 742 739 744 741
0 1 2 3 4 5 13 48 19 40 17 38 7 28
 43 36 11 34 9 32 37 26 35 24 33 22 31 20 47
 12 27 44 25 18 23 16 21 14 41 10 39 8 15 50
 55 30 29 46 49 6 53 42 51 54 45 52 61 72 105
 96 57 76 75 88 73 100 71 98 97 102 67 104 65 56
 63 92 95 60 91 82 89 80 101 78 99 86 103 84 81
 62 79 94 93 74 77 90 69 58 85 66 83 64 87 68
 59 70 149 128 121 134 135 146 125 148 133 136 131 150 119
 154 109 126 129 142 113 132 139 120 123 106 117 130 115 124
 111 108 143 114 127 152 153 144 137 122 147 140 145 110 107
 112 155 116 141 138 151 118 185 190 203 168 201 166 187 164
 181 162 197 160 179 158 171 194 177 182 205 180 173 178 169
 176 165 174 193 172 157 184 163 200 199 192 195 156 183 188
 191 170 167 204 189 202 161 186 159 198 175 196 217 223 209
 208 211 210 215 222 219 212 218 206 216 214 224 225 213 207
 220 221 271 240 275 236 245 260 267 258 249 234 241 228 263
 252 237 226 261 250 231 268 259 274 235 272 253 242 251 238
 269 262 273 264 247 232 243 230 239 254 265 256 233 270 255
 244 227 266 257 248 229 246 321 290 323 288 301 324 315 282
 313 308 317 306 289 278 293 276 291 304 309 320 305 312 303
 318 281 316 299 310 297 292 319 286 295 284 325 302 285 296
 283 322 287 300 307 298 277 294 279 314 311 280 332 342 349
 341 336 343 337 327 350 345 333 331 346 340 328 338 330 326
 334 344 348 339 329 347 335 386 387 382 369 384 373 368 371
 378 383 380 381 364 385 376 377 358 379 390 353 392 357 398
 355 366 399 360 365 362 367 354 361 356 359 352 363 394 351
 370 391 372 389 388 393 400 397 374 395 396 375 414 415 438
 413 418 437 416 435 440 441 444 419 402 403 408 401 406 427
 432 411 430 431 426 445 424 447 436 417 422 439 420 421 442
 443 428 407 404 405 410 429 434 409 412 433 446 423 450 425
 448 449 464 485 486 499 466 467 488 469 490 491 492 487 452
 479 456 477 480 455 482 457 496 471 476 497 474 495 500 465
 468 463 470 493 494 489 454 451 458 461 460 483 462 459 484
 481 472 475 498 473 478 453 546 535 548 533 526 537 542 509
 520 507 516 549 538 529 512 545 550 523 510 525 530 541 528
 517 506 519 524 539 522 513 544 531 534 503 540 501 514 505
 536 527 508 521 532 547 502 515 504 543 518 511 596 561 594
 577 572 557 586 555 570 573 590 551 582 587 584 567 578 565
 560 581 556 571 592 559 598 599 568 553 580 585 564 569 566
 589 558 579 600 563 562 583 574 597 554 595 552 593 576 591
 588 575 604 607 602 605 626 603 608 601 644 647 640 643 648
 641 636 637 634 623 638 633 632 649 650 617 606 625 646 639
 642 645 622 635 618 619 616 631 620 615 612 627 630 613 610
 611 628 629 614 609 624 621 653 651 654 655 652 659 656 657
 660 665 658 663 664 661 662 671 674 673 668 667 672 669 670
 675 666 681 680 679 678 677 676 685 684 683 682 687 694 695
 692 693 690 691 688 689 686 698 705 703 697 701 704 699 702
 696 700 707 706 713 712 715 714 709 708 711 710 721 724 719
 720 717 718 725 722 723 716 730 729 726 728 727 731 732 733
 734 735 737 740 745 738 743 736 741 744 739 742 751 748 749
 746 747 752 755 750 753 754 757 764 763 760 765 758 759 762
 761 756 770 768 769 766 767 772 773 775 771 774 777 825 776
 817 871 793 815 801 788 792 789 783 995 909 785 786 857 864
 782 1135 800 889 808 795 837 1038 784 892 880 821 907 797 1015
 910 1026 819 1133 917 1029 904 781 853 780 877 812 1142 806 906
 855 1044 778 1171 834 883 861 1250 1172 827 865 1148 898 1146 799
 1052 897 1131 1054 1049 1064 1141 1236 1040 924 891 1234 873 1067 1175
 818 1021 823 1024 791 1019 1013 1061 829 794 1252 1137 833 969 1155
 1233 951 1011 779 902 852 896 950 1130 820 804 912 1086 973 1134
 830 978 1007 1138 914 1244 798 803 850 1022 981 876 1169 835 839
 1035 1034 874 1014 816 958 824 923 1149 805 810 790 879 913 887
 911 1046 1225 991 814 1178 1220 1053 1125 847 905 1143 1051 1132 1173
 997 1150 953 1031 1251 1018 939 956 1045 1170 1059 936 944 1072 1166
 994 942 1232 1030 957 1017 875 869 959 1241 932 935 1041 903 949
 1043 952 986 1023 1164 1145 1097 987 1089 999 1027 868 1144 1074 1253
 881 1224 1139 886 1218 996 1096 1081 893 1243 1066 962 1025 1239 965
 1058 1001 1140 918 945 1010 980 787 1068 930 1198 967 1047 989 1050
 1161 1129 1062 1177 885 993 1060 1215 872 901 859 1056 807 933 948
 1151 860 894 856 858 961 809 985 1069 970 947 813 1136 931 899
 1109 1153 900 802 1156 848 1082 1071 955 826 960 916 937 1087 1002
 1004 844 840 925 841 922 1016 1075 990 1237 1009 940 1005 862 843
 1209 983 1083 998 851 1181 1028 941 1042 971 1118 1084 1055 1210 1095
 1183 1208 1039 982 1076 1065 882 1194 1106 1048 1115 968 1195 1179 1180
 1187 979 1077 1264 966 1126 1249 1231 1268 1238 1162 1088 1114 1174 1228
 1229 1033 1254 1221 1105 1163 1240 1090 1073 1245 1197 1160 1165 1270 1257
 1235 1100 921 1147 1242 878 1006 928 842 884 811 1032 796 866 888
 975 992 846 926 822 963 972 1128 838 908 836 1020 929 1036 1248
 867 1212 1211 1037 1219 1184 1003 1119 1113 1103 1122 964 1168 943 895
 1167 828 938 927 831 854 1108 1008 1188 1091 920 1070 1094 1080 1196
 1265 1158 1093 1190 1222 1176 1213 1186 1200 1204 1092 1085 1120 1182 1263
 1000 1275 1193 1205 1274 1203 1192 1269 1246 1063 1079 1157 1078 1191 1154
 1012 1217 1214 1227 1159 977 1111 919 1266 1189 915 976 1258 1107 1216
 1256 1110 946 1102 849 870 845 1123 1104 1057 1116 988 1127 954 890
 984 1206 1117 1152 1261 832 1099 863 934 1112 974 1230 1272 1226 1124
 1273 1267 1271 1247 1098 1199 1223 1185 1101 1259 1121 1207 1255 1262 1260
 1202 1201 1276 1278 1280 1277 1281 1279 1289 1284 1287 1282 1285 1290 1283
 1288 1291 1286 1297 1292 1295 1298 1293 1300 1301 1294 1299 1296
