0 2 1 4 3 8 7 6 5 12 11 10 9 16
 15 14 13 17 20 21 18 19 24 25 22 23 26 30 29
 28 27 31 33 32 35 34 36 38 37 40 39 46 47 51
 52 53 41 42 50 59 48 43 44 45 60 56 55 58 57
 49 54 78 66 71 69 76 62 72 74 64 79 63 67 80
 68 77 65 75 61 70 73 83 82 81 85 84 90 87 89
 88 86 99 101 108 103 105 100 109 104 91 96 92 107 94
 98 95 110 102 93 97 106 113 114 111 112 123 128 130 129
 126 122 132 120 115 134 131 119 133 116 118 117 125 121 127
 124 137 138 135 136 139 154 152 155 151 157 148 159 153 145
 150 149 143 141 147 140 142 158 144 156 146 160 162 161 164
 163 165 169 168 167 166 172 174 170 173 171 179 191 187 189
 175 194 188 190 193 186 192 184 177 181 178 182 176 185 183
 180 199 197 196 198 195 218 203 208 201 212 207 210 205 202
 219 206 216 204 214 213 217 211 215 200 209 232 230 228 239
 231 227 234 225 222 235 221 224 220 237 226 229 238 233 236
 223 248 252 254 246 255 259 243 257 240 251 258 249 241 256
 242 244 253 247 250 245 274 277 276 278 269 268 271 270 265
 264 267 266 273 272 260 279 262 261 263 275 281 280 288 299
 294 295 289 298 282 286 293 296 297 290 284 285 291 292 287
 283 316 317 315 307 314 310 311 303 309 308 305 306 319 318
 304 302 300 301 313 312 320 338 331 329 328 327 335 325 324
 323 340 322 337 339 336 326 334 332 321 333 330 354 350 345
 351 343 359 360 349 348 342 344 355 358 341 352 357 356 353
 346 347 368 367 371 365 364 377 362 361 373 374 363 376 369
 370 379 372 366 380 375 378 399 387 384 383 395 397 382 400
 396 393 394 398 390 391 385 389 386 392 381 388 414 420 410
 415 412 418 417 416 419 403 413 405 411 401 404 408 407 406
 409 402 421 424 425 422 423 426 427 428 431 432 429 430 433
 438 437 436 435 434 442 441 440 439 443 447 445 448 444 446
 466 456 465 454 460 452 458 450 461 455 468 453 457 463 462
 467 451 449 464 459 472 473 471 469 470 482 478 489 486 475
 493 492 483 474 481 491 487 477 485 490 476 488 484 480 479
 495 494 498 497 496 499 500 505 504 503 502 501 510 508 507
 509 506 515 512 514 513 511 521 519 523 517 535 516 532 518
 534 526 525 531 533 530 529 527 522 528 524 520 555 548 539
 538 544 550 543 542 540 552 553 549 537 547 541 554 545 546
 551 536 559 557 560 556 558 565 571 577 579 561 575 576 574
 580 573 562 578 570 568 566 567 563 572 564 569 583 587 581
 598 586 585 582 596 593 597 592 591 589 595 594 588 590 584
 600 599 605 604 603 602 601 614 612 615 613 617 623 607 609
 606 608 625 610 620 624 618 622 621 611 619 616 628 629 626
 627 630 639 645 634 633 650 646 644 640 631 638 643 647 641
 637 632 636 642 649 648 635 664 669 662 666 667 663 661 668
 670 665 657 653 656 651 660 654 655 658 652 659 686 690 688
 689 687 681 683 682 684 685 676 678 677 679 680 671 675 673
 674 672 708 709 706 707 710 704 703 702 701 705 699 698 697
 696 700 693 694 691 692 695 723 724 721 722 725 729 727 728
 726 730 713 714 711 712 715 719 717 718 716 720 742 737 741
 739 738 740 732 735 734 736 733 731 750 748 747 749 745 744
 746 743 768 766 769 767 770 762 763 761 764 765 758 756 757
 759 760 752 754 751 753 755 778 777 776 779 780 773 772 771
 774 775 787 789 786 788 790 783 781 784 782 785 808 809 806
 807 810 804 802 803 801 805 799 797 798 796 800 793 794 791
 792 795 827 826 828 829 830 822 821 824 823 825 817 816 819
 818 820 812 811 813 814 815 841 845 842 843 844 846 850 848
 847 849 831 833 834 835 832 836 839 838 840 837 867 866 869
 870 868 861 862 864 863 865 856 857 859 858 860 852 851 855
 853 854 879 876 878 877 880 872 874 873 871 875 888 886 887
 889 890 882 883 881 884 885 897 899 898 896 900 894 891 893
 892 895 909 906 907 908 910 902 903 904 901 905 916 919 917
 920 918 911 913 915 912 914 926 930 927 928 929 921 923 924
 925 922 946 948 950 949 947 941 943 945 944 942 936 940 937
 939 938 931 935 932 934 933 961 965 962 964 963 966 970 969
 967 968 951 953 955 954 952 956 959 960 958 957 988 989 986
 987 990 984 983 982 981 985 979 978 977 976 980 973 974 971
 972 975 1009 1007 1006 1008 1010 1004 1001 1003 1002 1005 997 999 998
 996 1000 993 992 994 991 995 1016 1017 1020 1019 1018 1011 1012 1015
 1014 1013 1027 1026 1028 1029 1030 1022 1021 1023 1024 1025 1038 1036 1039
 1037 1040 1032 1034 1031 1033 1035 1042 1041 1048 1047 1046 1045 1044 1043
 1050 1049 1069 1058 1060 1059 1067 1066 1061 1052 1054 1053 1057 1068 1070
 1065 1064 1056 1055 1062 1051 1063 1083 1081 1082 1085 1084 1087 1088 1086
 1089 1090 1072 1073 1071 1075 1074 1078 1076 1077 1079 1080 1101 1102 1103
 1105 1104 1106 1107 1110 1109 1108 1091 1092 1093 1095 1094 1096 1097 1100
 1099 1098 1122 1121 1123 1125 1124 1126 1128 1127 1130 1129 1112 1111 1113
 1115 1114 1116 1118 1117 1120 1119 1133 1134 1131 1132 1138 1137 1136 1135
 1142 1141 1140 1139 1144 1143 1146 1145 1150 1149 1148 1147 1152 1151 1154
 1153 1156 1155 1157 1159 1158 1161 1160 1164 1163 1162 1167 1169 1165 1168
 1166 1172 1173 1170 1171 1174 1178 1179 1177 1175 1176 1182 1181 1180 1184
 1183 1186 1185 1188 1187 1189 1194 1191 1193 1192 1190 1197 1196 1195 1199
 1198 1202 1201 1200 1204 1203 1208 1209 1207 1205 1206 1214 1213 1212 1211
 1210 1215 1218 1219 1216 1217 1221 1220 1223 1222 1224 1227 1228 1225 1226
 1229 1230 1234 1233 1232 1231 1235 1238 1239 1236 1237 1243 1241 1244 1240
 1242 1246 1245 1249 1248 1247 1250 1254 1253 1252 1251 1255 1258 1259 1256
 1257 1260 1262 1261 1264 1263 1265 1268 1270 1266 1269 1267 1273 1275 1271
 1274 1272 1276 1277 1278 1279 1280 1281 1300 1298 1299 1297 1301 1292 1294
 1295 1293 1296 1287 1290 1288 1289 1291 1285 1283 1284 1282 1286
0 2 1 4 3 8 7 6 5 12 11 10 9 16
 15 14 13 18 17 20 19 21 22 26 25 24 23 29 31
 27 30 28 32 35 36 33 34 38 37 40 39 44 51 53
 41 57 55 60 56 50 49 42 59 43 58 46 48 45 54
 52 47 74 78 66 76 79 63 69 73 67 77 80 75 68
 61 72 64 70 62 65 71 81 85 84 83 82 87 86 88
 90 89 106 98 96 101 108 93 103 92 100 99 94 109 97
 107 110 91 104 95 102 105 113 114 111 112 116 115 133 131
 122 121 120 119 132 127 134 128 124 126 130 129 118 123 117
 125 139 137 136 138 135 146 142 141 158 153 152 140 159 156
 157 154 155 145 144 150 151 148 149 143 147 161 160 163 162
 164 168 167 166 165 169 173 171 174 170 172 185 179 188 186
 176 181 180 193 194 192 175 178 190 177 191 187 189 184 182
 183 195 199 198 197 196 203 213 210 200 216 209 219 217 215
 205 202 218 214 201 212 208 204 207 211 206 239 237 235 236
 234 231 233 230 232 238 227 225 228 226 224 222 223 221 229
 220 246 244 249 254 241 258 240 251 257 242 252 247 250 259
 243 256 255 248 245 253 270 271 273 269 275 272 268 278 266
 263 260 261 265 262 279 264 277 276 267 274 297 295 286 288
 293 290 282 291 283 298 285 287 294 284 292 281 299 280 289
 296 308 318 303 302 311 313 310 312 300 319 306 304 307 305
 317 316 315 314 301 309 320 339 335 338 334 336 327 326 331
 330 329 328 333 332 324 322 325 340 323 321 337 348 349 359
 358 350 354 357 341 342 345 355 356 360 346 351 352 347 344
 343 353 379 364 370 362 374 372 378 377 376 363 380 366 375
 365 373 369 368 367 361 371 391 384 397 382 390 400 396 389
 388 385 381 395 399 398 392 387 383 394 393 386 405 414 411
 412 401 407 406 410 415 408 403 404 418 402 409 417 416 413
 420 419 422 421 424 423 425 426 427 428 432 430 433 429 431
 435 434 438 437 436 440 439 441 443 442 445 444 447 446 448
 461 451 450 468 464 465 459 458 462 456 455 466 449 457 467
 453 454 460 463 452 470 469 472 471 473 486 482 484 479 485
 477 491 492 475 490 476 478 474 493 489 488 483 480 481 487
 497 496 495 494 498 499 500 503 502 501 505 504 509 510 508
 506 507 511 513 512 515 514 525 533 519 518 529 523 534 521
 527 516 528 524 526 520 531 530 535 517 522 532 542 545 552
 553 543 548 536 540 547 537 550 544 541 554 546 555 538 539
 549 551 560 558 557 559 556 567 566 574 578 575 562 561 572
 571 577 569 568 579 563 565 580 570 564 573 576 596 590 594
 591 600 592 595 597 598 582 584 586 599 583 587 581 588 589
 593 585 604 603 602 601 605 623 624 617 621 618 616 614 615
 612 613 611 608 610 625 622 609 620 606 607 619 630 627 629
 628 626 647 636 638 650 646 632 648 633 641 645 639 649 644
 643 640 635 631 637 642 634 663 667 664 669 668 665 662 670
 666 661 660 657 651 653 656 659 652 655 654 658 689 686 690
 687 688 682 685 683 681 684 679 676 678 680 677 672 674 675
 671 673 709 707 710 706 708 703 705 701 704 702 698 700 696
 699 697 694 692 695 691 693 724 722 725 721 723 727 730 726
 729 728 714 712 715 711 713 718 716 720 719 717 743 738 739
 740 741 737 736 732 733 734 735 749 731 750 748 747 746 745
 742 744 769 768 767 770 766 764 761 765 763 762 757 760 759
 756 758 755 753 752 751 754 779 778 777 780 776 775 773 772
 771 774 790 786 787 789 788 782 783 785 784 781 809 810 808
 806 807 801 805 804 802 803 796 799 800 798 797 794 795 793
 791 792 826 830 829 827 828 825 823 822 824 821 820 818 817
 819 816 811 814 815 813 812 842 843 845 844 841 847 849 850
 848 846 835 831 832 834 833 840 836 839 837 838 870 868 867
 866 869 862 865 861 864 863 858 856 860 859 857 854 853 852
 855 851 880 877 876 879 878 873 872 875 874 871 890 888 886
 887 889 883 884 882 885 881 900 898 896 897 899 893 894 892
 895 891 908 909 906 910 907 903 905 901 902 904 918 917 920
 916 919 914 912 911 915 913 929 926 928 930 927 922 925 923
 921 924 948 949 947 950 946 943 945 944 942 941 940 939 936
 938 937 935 933 931 932 934 963 961 964 965 962 968 966 970
 969 967 952 955 951 953 954 957 960 956 959 958 989 990 988
 986 987 981 985 984 983 982 976 980 979 978 977 974 975 973
 971 972 1008 1009 1007 1010 1006 1003 1005 1002 1001 1004 999 998 996
 1000 997 995 993 991 992 994 1020 1016 1019 1018 1017 1012 1015 1014
 1013 1011 1030 1028 1029 1027 1026 1025 1024 1022 1023 1021 1040 1038 1037
 1036 1039 1034 1033 1032 1035 1031 1045 1047 1049 1048 1041 1050 1042 1044
 1043 1046 1070 1060 1065 1061 1066 1069 1064 1059 1058 1052 1054 1067 1068
 1057 1053 1055 1062 1063 1056 1051 1085 1083 1081 1084 1082 1089 1090 1087
 1088 1086 1073 1075 1072 1074 1071 1080 1078 1079 1076 1077 1103 1105 1102
 1104 1101 1107 1110 1109 1108 1106 1095 1093 1091 1094 1092 1100 1096 1099
 1098 1097 1123 1124 1121 1122 1125 1130 1127 1129 1128 1126 1113 1114 1111
 1112 1115 1120 1117 1119 1118 1116 1133 1134 1131 1132 1138 1137 1136 1135
 1142 1141 1140 1139 1144 1143 1146 1145 1150 1149 1148 1147 1152 1151 1154
 1153 1157 1158 1155 1156 1159 1164 1161 1163 1162 1160 1165 1168 1169 1166
 1167 1173 1171 1174 1170 1172 1177 1176 1175 1179 1178 1181 1180 1183 1182
 1184 1187 1189 1185 1188 1186 1190 1193 1194 1191 1192 1195 1198 1199 1196
 1197 1201 1200 1203 1202 1204 1209 1206 1208 1207 1205 1213 1212 1211 1210
 1214 1218 1219 1217 1215 1216 1222 1224 1220 1223 1221 1225 1227 1226 1229
 1228 1231 1230 1232 1234 1233 1238 1239 1237 1235 1236 1240 1242 1241 1244
 1243 1245 1249 1248 1247 1246 1253 1251 1254 1250 1252 1259 1256 1258 1257
 1255 1261 1260 1263 1262 1264 1265 1266 1269 1270 1267 1268 1271 1274 1275
 1272 1273 1276 1277 1278 1279 1280 1281 1301 1297 1298 1300 1299 1294 1295
 1296 1292 1293 1290 1291 1287 1288 1289 1283 1284 1286 1285 1282
0 3 4 2 1 6 8 5 7 10 12 9 11 15
 13 16 14 17 19 20 21 18 23 24 25 22 26 29 27
 30 28 31 34 35 33 32 36 39 40 38 37 47 41 49
 58 55 42 46 54 51 60 59 57 56 50 53 45 44 52
 43 48 72 76 77 80 62 65 61 79 73 68 75 78 64
 70 63 66 71 67 74 69 85 82 84 81 83 89 87 86
 90 88 109 100 107 95 103 92 91 106 97 101 96 93 105
 110 94 104 108 102 99 98 114 111 112 113 118 134 119 123
 130 125 127 131 129 116 122 117 132 124 115 126 120 133 121
 128 136 137 138 135 139 143 149 153 154 158 146 148 142 159
 152 141 140 150 155 151 147 144 156 157 145 160 163 164 162
 161 165 167 169 166 168 174 170 171 173 172 187 180 175 190
 177 191 186 178 185 181 193 188 179 184 182 189 194 183 192
 176 197 195 199 198 196 209 215 216 217 207 204 213 212 211
 218 214 202 205 210 206 203 208 201 219 200 230 220 234 224
 239 229 222 235 226 227 232 223 221 238 228 225 233 236 237
 231 255 254 241 245 240 246 259 258 244 256 247 253 242 249
 252 248 251 250 257 243 276 269 260 273 261 275 270 266 279
 277 271 267 263 278 262 268 274 264 272 265 299 283 284 280
 288 289 285 292 294 295 291 293 298 296 282 286 290 287 297
 281 311 308 318 314 303 312 300 304 317 301 319 316 310 302
 307 313 306 309 315 305 320 322 338 334 337 339 340 333 332
 336 326 321 324 325 329 330 323 328 331 327 335 360 356 358
 349 353 352 341 344 351 357 348 359 343 347 346 350 342 345
 355 354 371 379 361 377 366 364 375 363 370 373 368 378 374
 369 362 380 365 376 367 372 386 390 398 392 388 399 393 395
 394 387 389 383 382 396 400 391 381 384 397 385 416 411 415
 403 406 412 409 401 417 404 420 418 402 408 410 414 419 405
 407 413 421 423 424 425 422 426 427 428 430 431 432 429 433
 437 434 436 438 435 441 439 442 440 443 446 445 447 448 444
 455 463 453 457 465 461 466 462 454 449 464 451 452 450 456
 468 460 458 459 467 473 469 471 470 472 492 476 478 488 489
 484 474 485 480 487 493 483 490 481 486 475 477 479 482 491
 496 498 495 497 494 499 500 504 501 503 505 502 507 510 506
 509 508 513 512 515 511 514 532 535 531 520 517 522 516 527
 533 529 530 518 524 526 525 523 521 534 528 519 546 542 544
 540 538 547 548 537 539 551 555 550 543 541 549 552 554 536
 545 553 560 557 556 558 559 578 579 566 562 572 577 573 580
 568 567 564 561 576 569 563 570 575 565 571 574 598 589 584
 581 594 595 593 600 587 591 597 590 582 586 585 599 592 583
 588 596 604 601 603 605 602 617 621 624 623 606 609 622 611
 610 619 620 614 616 608 625 612 607 613 615 618 629 626 627
 628 630 646 649 647 642 644 631 635 641 636 643 640 633 638
 650 648 639 634 632 645 637 668 656 666 653 657 669 667 651
 660 670 655 654 652 658 659 662 661 664 663 665 676 680 678
 677 679 686 689 688 687 690 671 673 674 675 672 681 684 682
 683 685 699 697 696 698 700 706 709 707 708 710 691 694 692
 693 695 704 702 701 703 705 729 728 726 727 730 711 714 712
 713 715 719 717 716 718 720 721 722 724 723 725 732 742 743
 746 745 744 731 747 749 748 750 737 741 740 738 739 735 736
 734 733 758 759 756 757 760 769 767 768 766 770 751 753 754
 752 755 764 763 761 762 765 784 781 782 783 785 789 787 788
 786 790 777 776 779 778 780 774 772 771 773 775 798 799 797
 796 800 807 806 808 809 810 792 793 791 794 795 802 804 803
 801 805 821 822 825 824 823 812 811 814 815 813 827 826 830
 829 828 816 817 820 818 819 836 840 838 839 837 841 844 842
 843 845 846 848 847 850 849 831 834 833 832 835 857 856 858
 859 860 866 867 869 870 868 852 851 854 853 855 861 862 865
 864 863 887 889 886 888 890 884 881 882 883 885 874 873 871
 872 875 878 879 877 876 880 901 902 904 903 905 907 909 908
 906 910 897 899 896 898 900 892 894 893 891 895 926 929 930
 927 928 921 922 924 925 923 911 913 914 915 912 916 920 918
 919 917 941 944 942 943 945 931 934 935 932 933 946 950 949
 948 947 936 938 939 937 940 966 967 968 970 969 951 954 955
 952 953 956 960 958 957 959 961 965 962 963 964 983 984 982
 981 985 972 971 973 974 975 987 986 988 989 990 978 979 977
 976 980 1001 1004 1002 1003 1005 992 991 994 993 995 1009 1006 1008
 1007 1010 999 996 998 997 1000 1022 1021 1024 1025 1023 1026 1027 1028
 1030 1029 1017 1016 1018 1020 1019 1011 1012 1015 1013 1014 1044 1045 1042
 1043 1050 1046 1048 1047 1041 1049 1033 1039 1037 1038 1036 1032 1031 1034
 1035 1040 1054 1062 1056 1069 1057 1060 1067 1068 1051 1066 1055 1058 1065
 1063 1070 1053 1061 1052 1059 1064 1078 1077 1076 1079 1080 1082 1081 1083
 1085 1084 1088 1087 1086 1090 1089 1071 1073 1072 1074 1075 1096 1100 1098
 1097 1099 1101 1105 1103 1104 1102 1106 1108 1110 1109 1107 1091 1094 1092
 1095 1093 1128 1127 1126 1129 1130 1113 1111 1112 1115 1114 1118 1117 1116
 1119 1120 1123 1121 1122 1125 1124 1134 1131 1132 1133 1137 1135 1138 1136
 1140 1142 1139 1141 1146 1145 1143 1144 1149 1147 1150 1148 1154 1153 1151
 1152 1158 1159 1157 1156 1155 1164 1162 1160 1163 1161 1166 1167 1169 1168
 1165 1171 1172 1173 1170 1174 1179 1175 1177 1176 1178 1183 1181 1184 1182
 1180 1188 1187 1185 1186 1189 1193 1191 1190 1194 1192 1198 1196 1199 1197
 1195 1203 1201 1204 1202 1200 1206 1208 1207 1209 1205 1213 1210 1212 1214
 1211 1215 1217 1218 1219 1216 1223 1222 1220 1221 1224 1228 1225 1226 1227
 1229 1230 1233 1231 1234 1232 1235 1237 1238 1239 1236 1242 1241 1243 1244
 1240 1247 1249 1246 1248 1245 1250 1253 1251 1254 1252 1255 1259 1256 1257
 1258 1260 1263 1264 1262 1261 1265 1267 1268 1270 1269 1266 1272 1273 1275
 1274 1271 1276 1277 1278 1279 1280 1281 1288 1289 1287 1290 1291 1299 1300
 1298 1297 1301 1284 1285 1282 1283 1286 1293 1295 1292 1294 1296
1 3 0 4 2 9 14 40 111 37 112 15 8 38
 10 7 113 17 18 19 20 21 253 250 245 255 241 28 31
 30 27 29 92 104 102 94 97 16 12 6 114 54 56 50
 497 59 495 43 51 53 496 42 57 60 45 47 498 58 44
 494 46 71 66 78 63 62 76 80 73 439 61 69 441 72
 77 68 443 440 79 442 74 201 211 214 200 204 88 89 87
 90 86 99 95 105 110 108 107 91 32 109 106 33 100 34
 93 101 103 35 98 36 96 13 39 5 11 116 133 115 197
 121 122 118 125 130 196 198 124 128 123 132 199 120 126 195
 119 309 300 303 315 312 473 140 141 153 158 150 142 151 143
 148 469 145 155 472 152 159 157 471 156 470 188 180 187 183
 182 418 416 411 407 410 399 398 395 390 391 190 193 161 192
 176 178 160 179 191 186 189 181 185 184 194 163 175 177 164
 162 117 129 134 131 127 206 209 208 83 215 213 217 219 216
 205 218 202 84 81 207 210 82 212 85 203 502 224 231 504
 228 235 220 225 505 227 238 230 234 226 237 503 221 223 501
 233 256 254 252 244 23 247 251 240 257 243 249 258 26 248
 242 246 24 259 25 22 279 276 277 267 263 266 261 260 272
 275 278 268 262 265 270 274 273 271 269 264 286 423 297 294
 299 422 282 285 289 281 291 296 288 421 424 298 293 425 283
 287 301 304 136 311 302 319 307 135 137 313 305 318 310 306
 317 314 138 316 308 139 320 627 337 628 334 323 330 322 333
 327 630 325 331 629 321 326 328 626 336 324 335 349 348 346
 353 342 341 356 354 350 343 352 357 347 359 344 355 360 351
 345 358 514 372 378 365 377 364 370 374 515 361 375 513 380
 362 511 367 512 369 363 371 172 393 381 396 170 394 382 392
 383 387 397 174 173 171 389 385 388 400 384 386 413 403 166
 401 412 165 404 169 402 420 414 406 168 415 417 409 167 405
 408 419 290 284 292 295 280 426 427 428 432 431 429 433 430
 571 567 566 580 565 70 67 75 64 65 598 593 591 600 586
 449 450 451 452 453 454 455 456 457 458 459 460 461 462 463
 464 465 466 467 468 147 154 144 149 146 484 480 486 489 493
 475 604 603 477 487 605 481 474 485 479 601 602 482 478 490
 41 49 55 52 48 499 500 222 239 229 232 236 533 526 516
 519 523 373 366 368 376 379 527 509 506 520 535 507 528 530
 525 508 534 524 510 518 522 521 529 532 531 517 549 546 550
 537 554 539 547 551 536 553 552 555 538 543 545 544 541 548
 542 540 635 645 636 634 638 434 438 575 578 574 577 572 561
 435 562 573 579 568 570 436 437 563 576 569 564 592 587 588
 447 446 596 589 585 445 599 583 448 582 584 590 581 594 595
 444 597 491 492 483 488 476 625 616 620 618 621 624 611 610
 619 622 614 609 615 623 613 608 617 607 606 612 329 339 332
 338 340 643 557 556 641 631 642 640 644 650 558 639 637 633
 647 648 560 646 649 632 559 783 793 782 794 791 781 784 792
 795 785 1051 1056 1062 1055 1063 728 729 727 726 730 926 929 927
 930 928 885 883 884 881 882 742 743 744 746 745 941 945 944
 943 942 903 902 904 901 905 834 835 833 832 831 971 972 974
 973 975 960 959 957 958 956 1069 1066 1068 1067 1070 655 658 654
 652 659 802 801 803 804 805 777 779 776 778 780 676 921 923
 924 925 922 880 878 877 879 876 946 948 949 950 947 680 677
 679 678 1042 1045 1044 1043 1050 1300 1298 1299 1297 1301 993 994 992
 991 995 1100 1097 1099 1098 1096 716 719 718 717 720 1053 1052 1059
 1061 1064 797 796 799 798 800 664 663 661 662 665 1054 1057 1058
 1060 1065 712 713 711 714 715 786 787 788 789 790 669 666 667
 668 670 1115 1114 1113 1112 1111 1026 1027 1028 1029 1030 1090 1089 1086
 1087 1088 856 857 859 860 858 900 896 897 898 899 980 979 976
 978 977 705 702 704 703 701 966 968 967 970 969 1021 1022 1024
 1025 1023 1074 1075 1071 1072 1073 812 811 813 815 814 1120 1119 1118
 1117 1116 736 733 735 734 732 939 938 940 937 936 918 919 917
 920 916 685 683 684 682 681 842 844 843 845 841 964 965 962
 963 961 984 981 983 982 985 709 708 706 707 710 890 886 887
 889 888 931 934 935 933 932 686 689 688 687 690 737 741 739
 738 740 731 750 747 748 749 671 674 675 673 672 875 873 871
 872 874 911 915 914 913 912 895 891 893 894 892 836 840 837
 838 839 990 986 987 988 989 695 694 693 692 691 954 952 953
 955 951 909 907 908 906 910 850 847 849 848 846 696 697 699
 698 700 1102 1105 1104 1103 1101 1048 1046 1047 1041 1049 1290 1287 1288
 1289 1291 758 757 756 759 760 1085 1084 1083 1081 1082 1125 1124 1121
 1123 1122 821 822 824 823 825 866 867 868 869 870 1282 1285 1284
 1283 1286 1092 1094 1093 1095 1091 768 1002 1004 1003 1001 766 769 767
 770 1005 723 806 807 771 722 724 774 772 808 773 809 721 725
 810 775 653 651 656 657 660 1020 1019 1018 1016 1017 818 820 819
 816 817 863 865 864 862 861 1128 1127 1126 1129 1130 1010 1009 1008
 1007 1006 1296 1295 1294 1292 1293 1035 1032 1031 1033 1034 755 754 752
 751 753 1013 1015 1014 1011 1012 1077 1078 1076 1080 1079 829 830 828
 827 826 854 855 853 852 851 1281 1134 1132 1131 1138 1135 1280 1137
 1139 1140 1141 1142 1276 1145 1146 1143 1150 1147 1278 1149 1279 1153 1154
 1151 1155 1156 1157 1158 1159 1161 1164 1160 1162 1163 1167 1168 1166 1169
 1165 1171 1173 1174 1172 1170 1176 1177 1179 1175 1178 1184 1183 1180 1182
 1181 1186 1188 1185 1189 1187 1194 1192 1190 1191 1193 1197 1199 1198 1196
 1195 1204 1203 1200 1202 1201 1207 1205 1208 1209 1206 1210 1211 1212 1213
 1214 1215 1216 1217 1218 1219 1220 1221 1222 1223 1224 1225 1226 1227 1228
 1229 1232 1234 1231 1230 1233 1238 1235 1236 1239 1237 1243 1244 1241 1242
 1240 1248 1249 1245 1246 1247 1251 1253 1254 1252 1250 1256 1259 1258 1255
 1257 1264 1262 1263 1260 1261 1265 1270 1268 1266 1267 1269 1272 1275 1274
 1271 1273 1144 1277 1148 1152 1136 1133 762 763 761 764 765 1109 1110
 1107 1108 1106 999 997 998 996 1000 1036 1037 1039 1038 1040
5 9 113 37 16 6 7 8 0 14 114 38 2 3
 40 12 112 466 461 462 453 467 24 26 23 22 25 349 350
 346 341 343 97 94 92 102 104 10 4 15 111 60 494 497
 48 495 55 44 45 43 52 59 42 50 46 58 41 56 498
 49 496 440 441 439 69 72 75 76 442 80 77 67 63 64
 65 79 68 62 70 61 443 214 200 204 201 211 538 545 550
 553 548 105 91 96 100 99 103 93 36 101 108 35 95 32
 110 107 98 34 109 33 106 1 11 39 13 119 121 134 124
 132 115 126 116 122 130 133 123 131 120 127 125 117 128 118
 129 301 314 310 311 313 158 144 471 146 159 149 157 153 473
 140 148 472 469 142 150 147 154 152 470 151 161 163 160 164
 162 401 419 412 402 415 399 398 395 390 391 176 189 190 191
 185 183 177 187 182 178 184 192 188 180 186 193 179 175 194
 181 197 199 196 195 198 209 207 217 85 202 203 205 210 212
 219 216 206 81 83 215 208 84 213 82 218 229 238 226 236
 501 504 503 223 222 237 502 220 224 235 228 232 230 505 239
 225 243 255 251 242 252 250 248 249 247 254 241 257 258 245
 246 253 244 240 259 256 264 273 271 260 267 261 276 279 262
 274 269 272 277 266 278 270 265 268 275 263 280 281 282 283
 284 285 286 287 288 289 290 291 292 293 294 295 296 297 298
 299 317 316 315 305 138 135 136 300 312 304 307 319 306 302
 308 318 303 137 139 309 320 626 323 629 322 333 321 325 330
 331 627 328 336 630 337 334 326 628 335 327 324 352 29 358
 359 31 351 342 30 357 360 347 356 345 27 354 348 355 353
 28 344 373 512 372 361 514 370 375 365 368 511 515 366 378
 377 379 371 376 513 362 369 172 393 381 396 170 394 382 392
 383 387 397 174 173 171 389 385 388 400 384 386 416 410 420
 166 168 404 403 414 169 417 406 407 409 165 418 408 405 413
 411 167 421 422 423 424 425 426 427 428 616 623 607 614 619
 562 561 569 575 576 74 66 78 71 73 589 584 599 592 585
 17 468 464 451 450 463 449 460 20 455 456 18 459 452 21
 19 454 458 465 457 143 145 155 141 156 479 487 604 486 491
 483 485 493 476 602 475 478 488 492 603 474 477 605 601 482
 53 47 57 51 54 499 500 233 227 234 221 231 529 531 524
 535 522 363 367 364 380 374 525 520 532 517 509 534 523 528
 516 527 521 508 530 533 510 526 506 518 507 519 547 86 549
 90 546 89 541 540 542 551 88 539 536 555 543 554 87 544
 552 537 633 632 640 650 646 570 578 572 566 437 435 434 574
 568 564 438 571 565 580 579 563 567 577 573 436 583 600 598
 581 590 446 597 595 594 582 444 588 447 596 593 591 586 445
 587 448 484 489 490 481 480 430 613 615 612 609 432 429 617
 621 624 610 625 611 608 622 618 606 620 433 431 332 329 338
 340 339 635 649 643 559 556 558 642 560 641 637 634 636 631
 638 557 647 644 645 648 639 1007 906 1009 909 907 1006 1008 910
 908 1010 923 925 922 921 924 1088 1086 1087 1090 1089 1067 1066 1069
 1068 1070 966 969 970 968 967 1107 1110 1109 1106 1108 1018 1016 1020
 1017 1019 808 806 810 807 809 1286 1284 1285 1282 1283 815 813 811
 812 814 888 886 889 887 890 1038 1036 1039 1037 1040 977 980 976
 979 978 943 941 944 942 945 1130 1127 1126 1128 1129 846 860 858
 856 859 857 783 782 785 781 784 754 753 751 752 755 848 850
 847 849 867 870 869 868 866 845 841 844 842 843 787 788 786
 789 790 747 731 748 750 749 840 837 838 836 839 854 851 853
 855 852 758 759 757 756 760 732 736 733 735 734 708 710 709
 707 706 1297 1299 1300 1298 1301 875 871 872 873 874 821 825 823
 824 822 879 877 878 880 876 795 793 792 791 794 1292 1296 1294
 1295 1293 696 697 698 700 699 763 762 764 765 761 742 744 745
 746 743 865 863 861 862 864 779 780 776 778 777 768 770 769
 766 767 834 835 832 833 831 739 740 738 741 737 775 772 774
 771 773 827 830 828 826 829 798 800 796 797 799 693 694 692
 691 695 1290 1287 1291 1288 1289 1081 1084 1085 1083 1082 994 991 995
 993 992 666 669 667 670 668 913 914 915 912 911 1004 1001 1002
 1003 1005 905 902 904 901 903 1073 1075 1071 1074 1072 651 657 660
 653 656 985 983 984 981 982 714 713 715 711 712 1121 1123 1124
 1122 1125 1043 1050 1044 1042 1045 1015 1014 1011 1013 1012 681 682 683
 685 684 1105 1101 1104 1103 1102 1061 1053 1064 1052 1059 1111 1113 1114
 1115 1112 950 948 947 949 946 726 730 729 728 727 1035 1033 1031
 1032 1034 662 664 663 661 665 916 919 920 917 918 1077 1080 1078
 1076 1079 892 895 894 891 893 675 674 673 672 671 962 963 961
 965 964 1099 1096 1097 1098 1100 1065 1058 1057 1054 1060 723 724 721
 722 725 972 975 971 974 973 934 1119 1118 1117 1116 933 932 931
 935 1120 688 1021 1025 957 686 690 956 958 1024 959 1023 689 687
 1022 960 1092 1094 1095 1093 1091 896 897 900 898 899 658 654 655
 659 652 929 926 927 930 928 998 996 997 1000 999 953 952 954
 951 955 679 676 678 677 680 1063 1056 1051 1062 1055 1026 1028 1030
 1027 1029 939 936 940 938 937 718 716 717 719 720 990 988 989
 987 986 1046 1048 1047 1049 1041 1281 1134 1132 1131 1280 1137 1135 1136
 1277 1139 1140 1141 1144 1146 1143 1276 1148 1278 1150 1147 1151 1152 1153
 1154 1157 1159 1156 1155 1158 1162 1160 1163 1164 1161 1167 1168 1166 1169
 1165 1173 1172 1170 1174 1171 1175 1176 1177 1178 1179 1182 1184 1183 1181
 1180 1186 1188 1185 1189 1187 1190 1191 1192 1193 1194 1196 1197 1199 1195
 1198 1203 1200 1201 1204 1202 1207 1205 1208 1209 1206 1212 1213 1214 1210
 1211 1215 1216 1217 1218 1219 1221 1223 1220 1224 1222 1226 1229 1225 1227
 1228 1230 1231 1232 1233 1234 1237 1239 1238 1236 1235 1244 1242 1243 1240
 1241 1246 1247 1248 1249 1245 1251 1253 1254 1252 1250 1257 1258 1256 1259
 1255 1263 1264 1261 1262 1260 1265 1266 1267 1268 1269 1270 1275 1273 1271
 1272 1274 1145 1142 1149 1279 1138 1133 803 801 802 804 805 817 819
 818 820 816 883 882 884 885 881 702 705 703 701 704
