0 3 4 1 2 6 5 8 7 12 11 10 9 13
 16 17 14 15 19 18 21 20 23 22 25 24 29 28 27
 26 34 46 35 48 30 32 44 47 49 40 39 45 43 42
 36 41 31 37 33 38 54 53 52 51 50 56 55 58 57
 59 60 61 62 63 64 65 66 70 69 68 67 77 87 79
 89 84 90 71 82 73 88 86 78 85 75 83 81 72 80
 74 76 102 100 104 109 103 105 110 106 108 92 107 91 95
 93 96 98 101 99 94 97 114 115 122 111 112 127 120 121
 126 117 118 113 124 123 129 119 116 130 125 128 135 133 132
 134 131 140 152 143 144 136 149 154 138 139 147 150 145 155
 141 146 153 137 151 142 148 157 156 158 160 159 163 162 161
 165 164 169 170 168 166 167 188 178 184 175 174 185 182 172
 180 179 183 177 181 173 176 190 189 171 187 186 192 191 206
 196 209 194 204 199 198 208 207 205 210 197 202 193 201 200
 195 203 214 212 215 211 213 228 219 229 217 231 233 235 234
 225 224 230 232 216 218 226 220 227 221 223 222 240 239 238
 237 236 251 260 246 245 244 243 255 259 253 252 241 250 249
 257 247 258 254 256 248 242 275 263 262 280 276 271 270 279
 277 267 266 274 278 272 261 265 269 273 268 264 300 291 298
 295 296 299 293 289 288 297 282 294 287 292 284 285 290 283
 286 281 313 311 309 312 317 318 308 307 303 319 302 304 301
 316 320 314 305 306 310 315 325 323 322 324 321 327 326 328
 330 329 341 340 342 338 336 335 343 334 344 332 331 333 337
 339 348 347 346 345 350 349 365 355 359 364 352 366 367 361
 353 369 358 363 362 354 351 356 357 370 360 368 378 380 375
 386 373 389 382 371 385 372 387 377 390 388 379 374 381 384
 376 383 392 391 406 403 409 410 400 404 407 397 405 408 394
 398 401 393 399 402 395 396 412 411 415 414 413 417 416 418
 420 419 439 423 422 425 424 431 430 429 428 427 426 440 438
 435 434 437 436 433 421 432 443 447 441 446 448 444 442 445
 454 455 456 457 459 449 450 451 452 460 453 458 461 463 462
 465 464 466 468 467 470 469 473 475 471 474 472 478 477 476
 480 479 497 496 486 485 484 483 492 491 493 500 488 487 489
 498 499 482 481 494 495 490 503 504 501 502 505 525 509 523
 507 519 517 518 515 521 513 524 511 512 510 522 514 520 508
 516 506 527 526 530 529 528 533 548 531 540 539 547 545 546
 535 534 542 541 549 550 537 538 536 532 543 544 554 555 553
 551 552 568 572 559 558 567 569 575 573 566 574 564 560 556
 561 571 570 557 563 565 562 577 576 579 578 580 581 585 584
 583 582 587 586 603 593 595 600 604 589 599 590 602 598 597
 594 591 605 596 588 592 601 615 621 609 608 617 619 622 616
 618 606 613 610 614 611 624 607 612 625 620 623 627 626 628
 630 629 648 641 639 642 647 638 646 636 633 644 632 634 649
 640 650 637 635 631 643 645 656 655 667 666 652 651 665 663
 664 668 670 669 658 659 657 654 653 660 662 661 676 678 677
 683 682 671 673 672 687 686 688 675 674 689 690 680 679 681
 684 685 697 696 698 702 703 692 691 693 708 706 707 694 695
 710 709 700 701 699 705 704 715 716 714 713 711 712 728 727
 726 723 722 721 720 730 729 719 718 717 725 724 740 741 739
 745 744 746 748 747 733 731 732 749 750 735 734 736 738 737
 742 743 759 757 756 758 764 753 752 754 751 768 769 766 767
 755 770 762 763 760 761 765 786 773 772 778 779 777 776 774
 775 790 788 789 787 785 784 771 783 781 782 780 806 801 807
 810 809 808 804 802 805 803 792 798 800 797 799 791 793 796
 795 794 826 830 828 827 829 817 816 824 822 825 823 819 821
 818 820 811 814 813 815 812 841 842 844 846 843 845 849 848
 847 850 831 832 835 833 836 834 839 838 837 840 867 866 862
 861 868 869 870 864 863 865 854 853 859 858 860 852 851 855
 856 857 882 881 885 884 883 887 886 889 888 890 872 871 875
 874 873 877 876 879 878 880 897 896 898 900 899 892 891 893
 895 894 906 907 910 909 908 901 902 905 904 903 916 914 915
 912 913 911 920 919 918 917 926 928 927 929 930 921 923 922
 924 925 940 939 941 944 945 946 948 947 932 931 933 949 950
 934 935 936 938 937 942 943 957 956 958 959 964 952 951 953
 954 968 967 966 969 955 970 962 961 960 963 965 974 980 979
 971 978 977 976 975 973 972 986 990 989 987 988 981 984 985
 983 982 1007 1009 1008 1010 1006 1004 1003 1005 1002 1001 1000 999 997
 996 998 995 991 993 992 994 1028 1030 1026 1029 1027 1023 1025 1022
 1021 1024 1019 1018 1016 1020 1017 1013 1015 1011 1014 1012 1034 1033 1032
 1031 1038 1037 1036 1035 1040 1039 1042 1041 1044 1043 1046 1045 1050 1049
 1048 1047 1059 1058 1057 1060 1056 1055 1053 1052 1051 1054 1068 1069 1067
 1066 1070 1064 1063 1061 1062 1065 1075 1072 1074 1073 1071 1079 1078 1077
 1076 1080 1081 1083 1082 1085 1084 1087 1086 1089 1088 1090 1092 1091 1095
 1094 1093 1098 1100 1096 1099 1097 1101 1105 1104 1103 1102 1107 1106 1109
 1108 1110 1114 1115 1113 1111 1112 1118 1117 1116 1120 1119 1124 1125 1126
 1121 1122 1123 1137 1138 1136 1133 1132 1131 1130 1140 1139 1129 1127 1128
 1135 1134 1156 1157 1158 1149 1148 1147 1146 1145 1144 1159 1160 1154 1155
 1152 1153 1141 1142 1143 1150 1151 1168 1169 1167 1176 1177 1178 1163 1161
 1162 1175 1174 1180 1179 1171 1170 1164 1165 1166 1173 1172 1191 1190 1192
 1189 1195 1193 1194 1196 1184 1182 1181 1183 1186 1187 1185 1188 1199 1200
 1197 1198 1202 1201 1204 1203 1205 1207 1206 1209 1208 1210 1213 1214 1211
 1212 1215 1218 1219 1216 1217 1224 1223 1222 1221 1220 1229 1227 1226 1228
 1225 1233 1232 1231 1230 1234 1235 1239 1238 1237 1236 1240 1242 1241 1244
 1243 1249 1247 1246 1248 1245 1250 1253 1254 1251 1252 1259 1256 1258 1257
 1255 1260 1262 1261 1264 1263 1265 1267 1266 1268 1270 1269 1275 1274 1273
 1272 1271 1276 1277 1278 1279 1280 1281 1293 1296 1292 1294 1295 1298 1301
 1299 1297 1300 1284 1282 1285 1286 1283 1290 1287 1289 1291 1288
0 3 4 1 2 6 5 8 7 10 9 13 12 11
 16 17 14 15 19 18 21 20 23 22 25 24 29 28 27
 26 41 43 49 45 40 46 38 39 36 37 34 30 44 31
 42 33 35 48 47 32 53 52 51 50 54 55 57 56 59
 58 60 61 62 63 64 65 70 69 68 67 66 90 78 89
 84 77 79 75 72 76 81 80 85 86 74 82 83 88 87
 73 71 96 103 110 108 106 91 101 99 98 109 97 107 92
 105 104 95 102 94 100 93 127 114 121 112 130 124 118 117
 120 119 113 129 128 116 126 125 111 123 122 115 131 135 134
 133 132 153 138 137 141 147 139 151 149 150 155 152 140 154
 143 144 142 146 136 148 145 160 157 159 158 156 164 163 162
 161 165 166 169 170 167 168 190 177 178 184 189 186 172 173
 181 185 179 187 188 174 180 176 182 183 175 171 208 205 196
 195 194 193 202 201 209 203 198 197 200 210 192 207 206 191
 199 204 211 213 212 215 214 235 222 225 232 230 226 217 228
 233 218 221 234 223 231 220 229 219 224 227 216 236 240 239
 238 237 249 254 251 256 246 245 257 260 241 259 243 255 258
 242 252 244 247 253 250 248 267 278 280 265 264 276 261 274
 279 272 273 270 271 268 277 266 275 262 269 263 287 292 293
 288 298 291 281 284 294 300 286 282 283 289 299 297 296 285
 295 290 318 307 314 311 310 315 302 309 308 305 304 316 317
 303 306 312 313 301 320 319 322 321 324 323 325 328 329 326
 327 330 337 349 344 348 345 343 331 341 340 339 338 346 336
 333 335 342 350 334 332 347 364 367 366 361 356 355 370 360
 368 358 354 365 369 351 362 353 352 359 363 357 385 374 384
 372 380 378 389 376 390 375 386 383 382 373 371 381 388 387
 377 379 401 400 402 408 397 398 395 396 405 392 391 393 404
 403 399 410 409 394 407 406 411 415 414 413 412 419 418 417
 416 420 432 429 440 438 431 430 434 437 422 426 425 421 435
 427 433 439 428 424 436 423 455 460 448 445 444 454 459 443
 450 449 458 453 452 446 441 457 456 451 447 442 462 461 465
 464 463 469 470 468 466 467 471 474 475 472 473 480 479 478
 477 476 492 484 494 482 487 488 485 486 498 491 490 481 500
 483 497 499 495 489 496 493 505 502 504 503 501 515 521 514
 519 512 524 510 520 508 506 525 522 523 509 513 507 517 518
 511 516 530 529 528 527 526 547 549 545 541 537 538 535 536
 546 544 534 548 550 540 533 539 531 542 532 543 552 551 555
 554 553 572 571 566 574 563 562 561 560 575 569 558 568 567
 565 573 557 556 570 559 564 576 578 577 580 579 582 581 583
 585 584 596 600 597 594 603 593 605 591 589 604 586 588 601
 602 587 598 599 590 595 592 613 615 621 618 622 623 619 606
 616 607 614 620 609 612 617 608 610 611 625 624 628 629 626
 627 630 644 643 641 646 645 637 636 647 648 649 633 650 632
 631 635 634 638 639 640 642 663 664 668 667 657 659 655 665
 656 670 669 666 651 652 658 662 654 653 661 660 678 677 683
 682 676 675 672 671 689 687 690 674 673 688 686 685 680 684
 679 681 703 698 702 697 696 695 694 692 707 708 709 693 691
 706 710 704 699 700 701 705 722 714 723 712 720 721 729 726
 728 715 716 711 713 727 730 718 724 719 717 725 741 744 740
 739 745 749 750 748 734 733 731 747 746 732 735 743 742 738
 736 737 756 759 764 757 758 751 754 755 752 770 766 768 769
 753 767 761 765 762 763 760 782 774 785 772 784 778 779 776
 777 787 789 771 788 775 773 790 780 783 781 786 810 802 809
 808 806 807 801 805 803 804 797 792 799 800 798 795 796 794
 793 791 829 827 826 828 830 822 820 823 824 817 825 816 818
 819 821 813 812 814 811 815 846 849 841 845 844 843 847 850
 848 842 833 840 836 835 834 831 837 839 832 838 868 869 865
 862 866 870 867 863 861 864 859 854 858 860 853 855 857 851
 852 856 881 885 884 883 882 889 890 888 886 887 871 875 874
 873 872 879 880 878 876 877 896 900 897 899 898 891 893 895
 894 892 910 909 908 906 907 904 905 903 902 901 914 915 920
 911 912 918 919 916 917 913 930 929 928 926 927 924 925 923
 922 921 939 941 945 940 944 949 946 950 931 934 932 947 948
 935 933 937 942 943 936 938 958 957 959 964 956 955 952 951
 953 967 966 970 968 954 969 961 960 963 965 962 979 977 975
 976 973 974 972 980 971 978 989 988 987 990 986 985 983 982
 981 984 1009 1006 1007 1008 1010 1003 1002 1001 1005 1004 998 997 996
 1000 999 992 993 994 991 995 1029 1026 1028 1027 1030 1021 1024 1023
 1025 1022 1016 1020 1018 1017 1019 1012 1014 1013 1011 1015 1034 1033 1032
 1031 1038 1037 1036 1035 1040 1039 1042 1041 1044 1043 1046 1045 1050 1049
 1048 1047 1056 1060 1059 1057 1058 1051 1054 1055 1053 1052 1067 1070 1066
 1069 1068 1063 1061 1065 1064 1062 1072 1071 1075 1074 1073 1076 1079 1080
 1077 1078 1083 1084 1081 1082 1085 1090 1088 1087 1089 1086 1093 1092 1091
 1095 1094 1099 1097 1100 1096 1098 1102 1101 1105 1104 1103 1106 1109 1110
 1107 1108 1115 1113 1112 1114 1111 1120 1118 1117 1119 1116 1132 1126 1133
 1130 1131 1122 1138 1139 1137 1124 1125 1121 1123 1136 1140 1134 1129 1127
 1128 1135 1157 1159 1160 1145 1144 1155 1149 1154 1147 1158 1156 1153 1152
 1148 1146 1151 1141 1150 1142 1143 1169 1174 1168 1179 1180 1177 1170 1163
 1161 1167 1175 1176 1178 1162 1171 1172 1166 1173 1164 1165 1192 1199 1190
 1191 1193 1200 1195 1194 1197 1183 1184 1181 1185 1188 1187 1198 1189 1196
 1182 1186 1201 1204 1205 1202 1203 1208 1207 1206 1210 1209 1211 1215 1214
 1213 1212 1218 1219 1216 1217 1221 1220 1224 1223 1222 1227 1228 1225 1226
 1229 1231 1230 1234 1233 1232 1237 1238 1235 1236 1239 1241 1240 1243 1242
 1244 1247 1248 1245 1246 1249 1252 1254 1250 1253 1251 1256 1255 1259 1258
 1257 1260 1265 1264 1263 1262 1261 1270 1267 1269 1268 1266 1272 1271 1274
 1273 1275 1276 1277 1278 1279 1280 1281 1295 1292 1293 1296 1294 1297 1300
 1298 1301 1299 1283 1284 1286 1282 1285 1287 1289 1291 1288 1290
0 2 3 4 1 8 7 5 6 11 13 10 12 9
 17 14 15 16 21 20 18 19 24 25 23 22 27 29 26
 28 32 40 41 42 31 48 37 38 39 36 43 49 45 34
 33 44 47 35 46 30 51 53 50 52 54 55 58 59 57
 56 60 61 62 63 64 65 69 66 68 70 67 82 89 72
 83 88 81 87 73 80 76 79 90 84 86 71 74 75 77
 78 85 94 107 100 96 105 108 99 97 101 110 98 92 102
 95 106 104 103 91 93 109 113 126 127 125 117 120 130 115
 116 124 111 123 129 119 112 114 121 122 128 118 131 134 132
 135 133 139 151 142 153 146 136 137 155 154 143 147 152 144
 145 148 138 140 141 150 149 159 157 156 160 158 162 164 161
 163 165 166 168 169 170 167 172 190 180 188 186 175 171 185
 182 178 187 181 174 183 173 189 179 184 176 177 194 206 204
 208 191 210 209 203 197 198 200 199 201 196 207 205 192 195
 202 193 211 214 215 213 212 229 221 219 225 234 222 226 233
 223 232 217 220 224 235 227 216 218 228 230 231 236 238 240
 237 239 248 246 255 259 242 254 253 249 260 244 252 243 257
 245 251 250 258 247 256 241 264 277 268 267 261 279 265 280
 266 271 272 273 270 263 262 269 278 275 276 274 286 297 289
 290 299 287 291 300 293 288 281 296 294 283 285 282 292 295
 298 284 302 318 315 319 309 303 301 305 310 308 320 317 312
 306 314 313 316 307 311 304 323 324 322 321 325 327 328 329
 326 330 342 343 335 350 344 332 346 340 338 341 339 337 349
 345 333 331 334 347 336 348 359 354 358 367 365 362 369 366
 364 353 352 355 357 368 356 360 361 351 370 363 384 390 371
 379 389 386 375 381 372 377 376 388 387 385 373 378 382 383
 380 374 402 403 391 409 406 399 410 405 398 404 393 401 400
 392 396 397 394 407 408 395 411 413 415 412 414 418 416 419
 417 420 426 425 433 436 429 432 437 427 431 421 422 430 440
 428 423 438 434 439 424 435 458 446 447 456 457 460 448 459
 453 452 441 449 450 442 451 445 444 455 443 454 465 463 461
 464 462 467 469 468 470 466 471 475 472 473 474 479 476 478
 480 477 483 486 492 488 500 484 493 482 496 497 495 494 485
 481 490 498 491 499 489 487 503 502 505 501 504 523 525 522
 513 511 512 524 519 517 518 507 508 506 520 509 516 514 515
 510 521 529 526 528 530 527 544 533 549 537 534 542 541 548
 550 531 535 538 539 547 532 543 540 536 545 546 555 553 551
 554 552 565 575 567 573 562 560 563 561 557 572 568 566 558
 556 559 564 569 574 570 571 576 579 580 578 577 584 585 583
 582 581 597 605 586 598 593 590 587 603 601 599 588 596 594
 604 592 589 595 591 602 600 617 619 624 610 618 616 607 620
 611 612 623 613 622 615 606 625 609 614 621 608 627 628 629
 626 630 646 637 650 631 640 632 643 639 647 645 642 633 636
 634 649 644 648 638 635 641 670 668 652 658 661 662 669 667
 666 651 657 659 660 653 654 656 665 664 655 663 689 686 688
 687 690 681 685 679 671 674 675 680 684 673 672 677 682 683
 678 676 704 705 700 701 699 707 709 710 696 702 697 708 706
 703 698 691 695 693 694 692 724 725 718 730 729 728 715 723
 716 717 719 727 726 722 714 713 711 721 720 712 747 746 750
 749 748 734 733 735 736 737 742 731 732 743 738 744 741 745
 739 740 760 761 763 765 762 770 767 768 766 756 759 758 764
 769 757 752 754 755 753 751 774 771 780 782 789 783 790 788
 786 785 775 772 778 781 787 777 773 776 784 779 805 793 802
 801 804 803 794 791 796 795 808 809 807 806 810 800 799 797
 792 798 824 823 825 822 817 814 830 812 811 815 813 828 827
 829 826 821 818 816 819 820 838 845 837 832 840 839 841 846
 843 844 847 835 848 842 849 850 833 836 834 831 859 858 866
 870 853 854 860 869 868 867 851 856 852 857 855 865 864 861
 863 862 888 887 886 889 890 874 875 871 873 872 878 877 876
 879 880 884 885 881 883 882 903 902 904 901 905 908 906 907
 910 909 899 900 896 897 898 893 895 891 892 894 929 927 926
 922 925 921 928 930 923 924 918 911 917 913 912 920 915 919
 914 916 943 936 938 942 937 941 944 945 948 947 949 940 939
 946 950 935 934 931 932 933 967 970 969 966 968 963 962 960
 965 951 954 952 955 961 953 964 958 956 959 957 988 990 987
 981 983 989 984 986 982 985 976 971 973 972 978 980 975 979
 974 977 998 996 997 1000 999 1006 1007 1009 1010 1008 991 993 992
 994 995 1003 1002 1004 1001 1005 1018 1016 1017 1019 1020 1026 1028 1029
 1027 1030 1012 1015 1011 1013 1014 1021 1025 1024 1023 1022 1032 1034 1031
 1033 1036 1038 1035 1037 1041 1042 1040 1039 1045 1046 1044 1043 1049 1047
 1050 1048 1066 1069 1070 1067 1068 1063 1061 1065 1062 1064 1054 1053 1051
 1052 1055 1056 1057 1058 1060 1059 1075 1073 1071 1074 1072 1076 1080 1077
 1078 1079 1084 1081 1082 1083 1085 1087 1090 1086 1089 1088 1095 1092 1094
 1091 1093 1098 1097 1099 1100 1096 1103 1105 1102 1104 1101 1106 1108 1109
 1110 1107 1112 1115 1111 1114 1113 1117 1120 1116 1119 1118 1134 1135 1129
 1139 1138 1140 1125 1124 1133 1128 1127 1136 1137 1132 1126 1121 1123 1131
 1130 1122 1153 1145 1154 1142 1159 1158 1151 1143 1156 1146 1149 1141 1157
 1160 1150 1147 1152 1155 1144 1148 1165 1164 1173 1174 1169 1175 1176 1178
 1180 1172 1166 1167 1168 1179 1177 1170 1171 1163 1162 1161 1187 1188 1186
 1198 1189 1190 1192 1199 1193 1200 1196 1195 1197 1182 1181 1184 1185 1191
 1194 1183 1201 1203 1204 1205 1202 1209 1207 1210 1208 1206 1211 1214 1212
 1215 1213 1219 1216 1217 1218 1222 1224 1221 1223 1220 1226 1227 1228 1225
 1229 1232 1234 1231 1233 1230 1236 1237 1238 1235 1239 1243 1242 1240 1241
 1244 1246 1247 1248 1245 1249 1251 1252 1254 1253 1250 1259 1257 1255 1258
 1256 1260 1262 1265 1263 1261 1264 1269 1267 1266 1270 1268 1274 1273 1271
 1272 1275 1276 1277 1278 1279 1280 1281 1300 1301 1298 1299 1297 1286 1282
 1284 1283 1285 1290 1289 1287 1288 1291 1294 1293 1296 1295 1292
1 3 2 4 0 25 17 18 29 613 614 609 621 615
 7 23 28 19 24 27 5 16 21 8 14 26 20 6 22
 15 37 46 47 157 156 38 32 48 34 160 30 158 44 39
 33 45 41 159 40 43 51 54 52 50 53 547 539 537 533
 538 60 61 62 63 64 65 433 431 434 424 430 89 82 79
 84 90 77 78 504 85 501 72 88 83 86 505 502 503 81
 87 80 98 96 108 107 110 100 95 102 93 105 94 106 97
 99 92 91 109 104 101 103 125 117 123 113 126 121 124 111
 114 130 115 127 119 129 128 116 120 118 112 122 188 180 181
 190 176 467 136 146 144 142 151 148 155 147 145 154 466 153
 143 137 470 141 140 469 468 35 42 31 36 49 243 253 245
 241 256 519 514 512 523 507 182 135 134 131 177 179 178 187
 172 171 185 132 174 184 189 173 175 183 133 186 207 200 420
 418 201 196 198 416 195 209 206 205 191 210 194 199 417 197
 419 193 639 641 631 643 640 226 223 231 233 630 218 229 225
 221 627 628 220 216 626 230 224 222 629 227 219 236 239 237
 240 238 246 248 258 259 251 247 164 257 252 250 260 162 249
 161 242 244 255 254 165 163 554 270 262 265 261 274 267 272
 275 553 280 269 277 551 268 273 555 266 552 279 300 295 289
 479 291 282 299 286 478 285 476 477 283 294 288 287 284 297
 480 292 310 319 315 318 463 306 316 313 302 320 308 304 465
 303 464 305 301 461 462 317 492 485 482 497 499 573 571 568
 572 560 529 335 343 336 526 337 345 528 338 339 341 332 530
 346 334 348 333 527 350 331 584 351 362 585 368 358 369 582
 353 364 360 581 363 365 361 352 356 354 583 357 388 383 378
 385 376 374 373 387 380 382 389 384 381 379 375 371 377 390
 372 386 398 406 409 391 403 400 394 397 402 393 404 395 399
 407 408 405 410 392 396 401 414 412 415 413 411 208 203 202
 192 204 436 421 69 426 439 423 437 428 66 425 435 67 438
 427 432 440 68 429 70 422 454 449 471 450 474 473 459 448
 475 441 452 446 456 444 472 455 442 445 443 458 312 309 307
 314 311 139 150 149 138 152 447 453 451 460 457 290 281 293
 298 296 493 487 323 490 495 494 483 322 489 321 500 484 324
 491 488 498 481 325 496 486 75 74 71 76 73 170 508 506
 513 516 169 518 166 510 524 167 525 522 509 520 511 168 521
 517 515 342 344 340 349 347 544 57 535 59 543 532 536 546
 545 540 549 56 58 55 542 534 531 541 550 548 278 271 263
 264 276 575 565 564 327 563 330 562 561 574 326 329 559 556
 558 566 567 570 557 569 328 579 576 578 580 577 359 367 370
 366 355 588 592 596 601 591 603 600 590 598 602 597 586 589
 595 605 594 604 593 599 587 623 622 624 616 620 610 611 618
 607 606 617 11 619 9 612 608 10 13 12 625 232 217 228
 235 234 649 635 634 215 212 642 213 211 648 633 632 645 644
 650 646 636 647 638 637 214 826 829 856 851 801 802 828 830
 827 855 857 852 804 803 805 1066 1068 1069 1070 1067 1179 1177 1176
 1178 1180 702 697 696 961 965 962 703 698 963 960 1005 1003 1002
 1001 1004 1168 1167 1169 1175 1174 966 967 968 679 681 685 970 969
 680 684 992 991 994 995 993 912 913 911 787 788 789 1151 1143
 1142 917 918 790 771 1141 1150 975 977 974 980 979 946 947 950
 949 948 1127 1129 1128 758 756 757 1134 1135 764 759 1023 1021 1022
 1024 1025 945 939 940 944 941 1137 1136 1138 1139 737 738 736 743
 1140 742 1015 1012 1013 1011 1014 973 726 1146 1154 728 1149 727 729
 1153 924 921 922 923 1145 730 925 971 978 976 972 654 823 662
 661 660 653 822 817 824 825 867 869 870 866 868 1057 1060 1059
 1056 1058 796 793 795 794 791 860 667 858 854 859 853 669 666
 668 670 1061 1063 1062 1064 1065 871 907 873 874 875 872 906 909
 908 910 1299 1195 1300 1297 1298 1301 1193 1194 1196 1200 815 812 806
 807 813 811 814 809 810 808 658 652 659 657 651 1054 1053 1055
 1051 1052 902 903 904 905 901 832 840 838 837 839 1283 1286 1284
 1285 1282 1197 1182 1183 1184 1181 887 888 886 890 889 843 841 845
 844 846 1192 1190 1199 1189 1191 1291 1289 1288 1290 1287 1160 1157 1158
 772 777 775 1156 1159 778 785 719 718 717 725 724 982 984 985
 983 981 1124 1125 1133 1126 1132 762 765 760 748 746 749 763 761
 747 750 1016 1018 1020 1017 1019 709 708 706 707 710 673 675 672
 674 1166 1164 1165 1172 671 1173 1009 1010 1007 1006 1008 1155 1152 1148
 916 914 1144 915 1147 920 919 784 773 774 779 776 720 713 712
 721 711 1162 1163 1170 1161 1171 959 956 964 958 957 695 692 691
 693 694 682 683 676 678 677 934 935 932 933 931 1121 1131 1122
 1123 1130 754 752 753 755 751 741 740 739 744 745 1033 1031 1034
 1032 1035 1038 1036 1281 1040 1042 1041 1280 1044 1046 1045 1278 1047 1049
 1050 1277 656 664 655 663 665 818 821 820 816 819 865 864 863
 862 861 792 800 798 799 797 1074 1072 1071 1075 1073 1079 1080 1078
 1077 1076 1081 1084 1085 1083 1082 1086 1090 1087 1088 1089 1094 1092 1095
 1093 1091 1099 1096 1098 1100 1097 1101 1104 1102 1105 1103 1110 1107 1109
 1106 1108 1115 1112 1114 1111 1113 1116 1120 1117 1118 1119 731 732 733
 766 768 769 936 943 938 735 734 767 770 937 942 1026 1027 1028
 1030 1029 786 781 782 716 930 926 715 723 928 780 783 722 927
 929 714 986 990 988 989 987 952 954 953 699 700 701 688 687
 690 955 951 705 704 689 686 997 999 996 998 1000 1294 1295 1292
 1293 897 900 899 896 833 831 834 835 884 885 882 883 1296 898
 836 881 1201 1205 1202 1203 1204 1207 1209 1208 1210 1206 1215 1214 1213
 1211 1212 1219 1217 1216 1276 1221 1224 1222 1220 1223 1227 1226 1228 1229
 1225 1233 1231 1234 1232 1230 1238 1235 1236 1237 1239 1241 1242 1244 1243
 1240 1248 1245 1246 1247 1249 1250 1252 1253 1254 1251 1259 1255 1257 1256
 1258 1260 1265 1262 1261 1263 1264 1266 1268 1269 1270 1267 1273 1274 1272
 1271 1275 1218 1048 1043 1279 1039 1037 848 850 849 847 842 877 880
 876 878 879 892 895 894 891 893 1187 1198 1185 1188 1186
5 19 14 29 22 0 8 7 6 611 620 612 625 610
 2 25 20 26 24 1 16 27 4 28 18 15 17 21 23
 3 47 38 42 40 48 44 46 41 31 45 33 37 32 49
 35 39 36 30 34 43 109 108 98 95 92 532 542 543 534
 544 60 61 62 63 64 65 425 438 435 427 426 90 78 89
 84 77 79 75 72 76 81 80 85 86 74 82 83 88 87
 73 71 106 54 94 93 53 101 100 52 105 97 96 102 107
 110 99 91 103 51 50 104 577 579 114 113 129 576 125 127
 119 124 122 121 578 120 117 128 118 126 115 580 185 179 171
 183 186 468 146 148 153 150 141 149 144 143 152 137 467 138
 142 140 470 145 139 466 469 159 158 157 156 160 244 258 249
 251 246 169 170 168 166 167 133 181 180 176 187 174 184 178
 132 173 172 188 134 177 131 135 175 182 190 189 198 192 197
 210 417 419 193 191 418 209 416 208 204 203 207 420 205 202
 200 194 639 640 643 641 631 218 626 216 230 229 227 231 224
 223 226 225 221 630 220 219 222 628 233 627 629 599 596 587
 591 589 252 242 247 161 254 165 243 257 163 255 164 241 259
 245 250 260 248 162 253 256 554 273 275 267 265 280 264 271
 278 552 268 276 262 553 263 272 551 269 555 266 477 297 295
 299 286 285 288 287 291 480 289 292 479 300 283 478 282 476
 284 294 314 316 308 304 465 312 310 303 317 307 320 306 462
 301 463 302 309 461 464 311 499 485 497 492 482 330 328 327
 329 326 350 343 348 527 339 528 526 346 335 347 529 344 332
 342 530 338 340 333 349 331 353 369 351 368 355 362 358 357
 370 581 582 356 585 584 583 367 366 354 352 359 390 381 387
 375 374 385 378 377 382 384 372 379 389 380 376 388 373 386
 383 371 407 408 397 414 400 411 393 399 398 395 403 413 401
 415 405 412 391 392 410 409 396 406 402 394 404 201 195 199
 196 206 422 421 433 432 66 70 69 436 434 437 439 424 423
 429 68 428 430 67 431 440 441 473 457 454 453 447 446 450
 460 448 455 474 445 444 451 475 443 471 472 449 318 313 315
 319 305 154 147 136 155 151 458 459 442 452 456 298 281 296
 293 290 500 325 490 486 322 484 491 488 495 483 487 324 498
 496 489 494 323 493 321 481 505 502 504 503 501 525 509 523
 507 519 517 518 515 521 513 524 511 512 510 522 514 520 508
 516 506 337 334 336 341 345 535 55 549 58 531 546 550 541
 540 539 538 56 57 59 545 536 548 547 533 537 277 270 274
 261 279 560 568 565 564 556 574 566 571 559 558 562 573 557
 575 572 563 570 567 561 569 116 111 123 112 130 360 361 365
 364 363 590 238 600 240 586 239 603 598 605 595 237 601 593
 236 588 597 604 592 602 594 622 617 624 615 13 9 11 614
 613 609 619 607 623 616 10 621 606 618 608 12 217 234 232
 235 228 215 642 645 650 637 644 635 638 211 212 214 632 213
 636 633 649 648 647 646 634 929 927 1300 1301 964 958 930 926
 928 1299 1298 1297 957 959 956 939 940 944 941 945 728 729 730
 727 726 847 842 849 1028 1026 1027 848 850 1029 1030 823 824 817
 822 825 754 753 751 752 755 808 809 810 981 983 985 806 807
 984 982 896 898 897 899 900 819 820 821 846 844 845 1022 1025
 1024 818 816 843 841 1021 1023 675 674 671 672 673 790 787 771
 789 788 1009 1008 1010 864 865 862 1006 1007 861 863 888 887 890
 889 886 693 694 692 691 695 906 908 907 910 987 986 989 988
 909 990 802 803 801 805 804 733 866 878 879 867 877 870 869
 880 1002 1001 1004 1005 876 868 1003 732 735 734 731 971 894 978
 976 973 972 895 892 891 893 768 766 767 770 769 702 703 696
 697 698 1016 1020 1019 1017 1018 721 688 720 711 712 713 689 686
 687 690 837 840 832 839 838 1011 828 1014 1013 1015 1012 826 830
 829 827 723 677 722 715 716 714 676 682 678 683 993 995 884
 885 994 992 991 882 881 883 744 741 745 739 740 772 775 785
 778 777 997 996 1000 998 999 784 776 773 774 779 859 858 860
 853 854 750 747 746 749 748 799 798 800 792 797 706 708 707
 709 710 980 979 977 975 974 756 758 757 764 759 970 969 968
 933 935 932 967 966 931 934 1293 1296 1294 1292 1295 658 652 659
 651 657 919 916 914 920 915 1284 1282 1285 666 667 669 1283 1286
 668 670 953 955 951 954 952 948 950 946 949 947 665 663 656
 664 1287 1289 1291 1290 655 1288 918 917 913 912 911 791 796 795
 905 904 794 903 793 902 901 699 705 700 704 701 761 760 763
 762 765 857 856 851 855 852 872 871 874 875 873 781 780 786
 782 783 742 743 737 736 738 831 836 834 833 835 811 814 815
 813 812 724 717 725 719 718 680 681 679 684 685 1033 1032 1031
 1279 1036 1035 1281 1038 1041 1040 1039 1280 1043 1046 1278 1044 1047 1050
 1277 1048 1192 1199 1191 1189 1190 1128 1129 1135 1127 1134 1165 1164 1166
 1173 1172 1151 1143 1150 1141 1142 1073 1074 1071 1072 1075 1078 1080 1076
 1079 1077 1083 1084 1081 1082 1085 1088 1087 1086 1090 1089 1095 1094 1093
 1092 1091 1100 1099 1098 1097 1096 1103 1102 1101 1105 1104 1109 1110 1108
 1106 1107 1114 1115 1113 1111 1112 1118 1117 1116 1120 1119 1188 1186 1185
 1177 1179 1176 1059 1056 1057 1187 1198 1178 1180 1060 1058 1153 1154 1145
 1149 1146 1069 1070 1067 1162 1138 1140 1171 1161 1139 1068 1066 1163 1136
 1137 1170 1195 1194 1200 1196 1193 1148 1144 1152 1062 1061 1063 1183 1182
 1197 1155 1147 1065 1064 1184 1181 1126 1124 1132 1125 1133 1175 1168 1167
 1174 1123 1122 1130 1121 1054 1055 1053 1051 1160 1157 1156 1159 1169 1131
 1052 1158 1201 1204 1205 1202 1203 1210 1208 1207 1209 1206 1213 1214 1211
 1212 1215 1218 1219 1216 1217 1222 1221 1220 1224 1223 1227 1228 1225 1226
 1229 1230 1234 1233 1232 1231 1238 1236 1239 1235 1237 1244 1243 1242 1241
 1240 1249 1247 1246 1248 1245 1250 1253 1254 1251 1252 1258 1259 1257 1255
 1256 1260 1265 1264 1263 1262 1261 1270 1267 1269 1268 1266 1273 1275 1271
 1274 1272 1276 1049 1045 1034 1042 1037 937 942 936 938 943 960 965
 961 963 962 924 921 923 925 922 662 661 660 653 654
