0 1 2 3 4 5 6 7 8 9 10 11 12 13
 14 15 16 36 34 32 21 20 27 30 28 29 35 22 24
 25 23 33 19 31 18 26 17 37 38 57 53 42 41 48
 51 49 50 56 43 45 46 44 54 40 52 58 47 39 55
 77 75 62 61 68 71 69 70 76 63 65 66 64 74 78
 72 60 67 59 73 79 80 88 87 98 94 99 93 82 81
 97 96 100 95 86 84 92 90 89 83 85 91 119 117 115
 120 110 113 111 112 118 105 107 108 106 116 103 114 102 109
 101 104 139 137 135 125 124 133 131 132 138 140 127 128 126
 136 123 134 122 129 121 130 160 157 149 151 159 156 148 147
 143 155 144 158 154 153 150 146 142 152 145 141 161 162 181
 179 177 167 166 172 173 174 180 168 169 170 182 178 165 176
 164 171 163 175 197 201 196 200 191 193 190 189 187 202 188
 199 198 185 183 195 194 186 184 192 222 209 219 215 220 214
 204 218 217 221 216 208 206 213 211 210 205 207 212 203 224
 223 228 227 226 225 242 233 232 231 230 237 236 235 234 241
 240 239 238 229 261 260 246 245 258 259 252 251 250 249 262
 257 256 255 254 247 248 244 243 253 273 276 281 274 270 278
 271 267 269 282 263 266 279 264 280 268 275 277 265 272 298
 294 290 296 299 292 291 285 289 288 302 284 300 286 301 283
 287 295 297 293 313 316 322 314 310 318 311 307 309 319 303
 306 320 304 321 308 312 315 317 305 341 339 337 327 326 333
 335 342 334 340 328 331 329 338 325 336 324 332 323 330 361
 359 357 347 346 353 355 354 362 360 348 350 349 358 345 356
 344 352 343 351 381 380 379 378 369 370 367 368 377 373 372
 375 374 382 371 366 365 364 363 376 401 398 390 392 400 389
 388 385 396 386 399 395 394 391 402 384 393 387 383 397 416
 420 415 410 412 409 408 406 421 407 418 417 405 403 414 413
 422 404 411 419 441 440 435 434 429 430 427 428 437 433 432
 426 425 442 431 439 438 424 423 436 458 454 450 456 459 452
 451 445 449 448 462 444 460 446 461 443 447 455 457 453 480
 481 477 478 468 467 472 471 470 469 474 473 482 479 465 466
 476 463 464 475 488 486 501 484 502 483 491 492 489 490 496
 497 499 493 494 500 495 498 485 487 508 506 522 504 520 503
 511 512 509 510 516 517 519 513 514 521 515 507 518 505 539
 537 540 541 542 530 531 528 529 538 536 535 534 533 524 532
 523 525 526 527 559 557 560 562 561 550 551 548 549 558 556
 555 554 553 544 552 543 545 547 546 581 579 577 567 566 572
 575 573 574 568 570 571 569 578 565 576 564 582 563 580 601
 599 597 587 586 593 596 594 595 600 588 590 591 589 585 602
 584 592 583 598 603 604 618 607 606 616 619 620 617 624 621
 622 623 608 611 605 609 610 613 614 615 612 625 626 627 628
 629 630 640 647 649 641 645 648 642 646 650 631 634 637 644
 643 635 638 632 636 633 639 651 652 653 654 655 656 657 658
 659 661 660 678 676 665 664 671 674 672 673 679 666 668 669
 667 677 663 675 662 670 681 680 696 697 685 684 690 693 694
 692 686 698 689 687 688 699 682 683 691 695 700 701 702 703
 704 705 708 709 706 707 721 724 718 725 716 719 714 723 712
 715 722 710 720 717 711 713 726 731 733 732 734 727 729 728
 730 742 741 740 739 738 737 736 735 744 743 746 745 747 748
 749 750 757 760 761 762 766 767 751 765 768 752 753 754 764
 763 758 755 756 759 770 769 771 772 773 774 775 780 781 782
 783 776 777 778 779 788 795 790 792 784 793 786 794 787 789
 791 785 800 801 807 806 796 797 808 813 810 814 799 798 802
 815 804 812 811 803 805 809 817 816 833 829 828 832 823 822
 831 827 830 825 820 819 826 824 821 818 835 834 849 848 850
 841 851 839 843 842 853 852 847 846 837 836 838 840 845 844
 855 854 873 872 863 860 859 866 865 858 868 862 861 870 864
 871 867 869 857 856 875 874 890 886 891 881 884 879 883 882
 880 888 877 892 885 893 876 878 887 889 895 894 912 905 913
 901 902 899 900 906 908 897 903 910 904 911 907 909 896 898
 915 914 931 930 922 920 919 925 918 929 926 921 924 932 933
 923 917 916 927 928 935 934 953 952 941 951 950 938 943 942
 948 947 949 945 944 946 940 939 937 936 955 954 971 970 960
 972 958 973 963 962 969 968 967 966 965 964 957 956 959 961
 975 974 986 993 991 985 990 982 981 988 989 979 976 992 983
 984 980 978 987 977 995 994 1008 1010 1013 1004 1011 1007 1003 1002
 999 1009 1012 1001 996 1005 997 1000 1006 998 1015 1014 1021 1032 1031
 1030 1029 1016 1023 1022 1033 1027 1035 1025 1034 1020 1019 1018 1017 1024
 1028 1026 1043 1047 1046 1040 1039 1042 1041 1036 1045 1044 1038 1037 1050
 1051 1048 1049 1054 1055 1052 1053 1064 1073 1070 1072 1068 1062 1061 1066
 1056 1071 1063 1069 1060 1067 1058 1065 1059 1057 1075 1074 1086 1092 1087
 1091 1090 1085 1083 1082 1093 1081 1076 1078 1089 1088 1080 1079 1077 1084
 1095 1094 1098 1109 1096 1102 1101 1100 1099 1113 1107 1110 1108 1104 1106
 1097 1105 1112 1111 1103 1115 1114 1117 1116 1120 1122 1118 1131 1119 1132
 1126 1130 1124 1129 1133 1127 1125 1121 1123 1128 1135 1134 1149 1143 1144
 1153 1151 1146 1148 1137 1138 1150 1141 1152 1142 1136 1145 1140 1147 1139
 1155 1154 1164 1169 1168 1170 1172 1163 1165 1161 1156 1162 1173 1171 1158
 1157 1159 1167 1160 1166 1175 1174 1178 1190 1176 1182 1181 1180 1179 1184
 1183 1189 1192 1191 1193 1185 1177 1187 1186 1188 1195 1194 1206 1207 1213
 1211 1208 1203 1205 1201 1212 1202 1196 1197 1200 1210 1209 1199 1204 1198
 1215 1214 1227 1225 1232 1230 1224 1226 1228 1231 1220 1217 1221 1216 1222
 1233 1219 1223 1218 1229 1235 1234 1237 1236 1240 1242 1238 1249 1239 1250
 1245 1244 1253 1248 1247 1241 1243 1252 1251 1246 1255 1254 1261 1271 1272
 1269 1270 1256 1263 1262 1274 1267 1273 1265 1275 1259 1260 1257 1258 1266
 1264 1268 1276 1277 1278 1279 1280 1282 1281 1294 1291 1293 1296 1288 1287
 1297 1298 1284 1300 1285 1283 1299 1286 1289 1290 1295 1292 1301
0 1 2 3 4 5 6 7 8 9 10 11 12 13
 14 15 16 33 31 18 22 30 28 20 27 24 19 21 29
 23 25 36 35 34 32 17 26 37 38 54 58 43 51 49
 41 48 45 40 42 50 44 46 57 56 55 53 39 47 52
 74 72 63 71 69 61 68 65 78 62 70 64 66 77 76
 75 73 59 67 60 79 80 90 100 96 91 83 84 89 95
 86 98 87 81 97 93 85 88 82 99 92 94 116 114 102
 113 111 120 110 107 103 104 112 106 108 119 118 117 115 101
 109 105 136 134 122 140 133 124 130 127 123 125 132 126 128
 139 138 137 135 121 129 131 147 155 150 148 143 144 151 160
 159 157 156 146 142 145 149 158 154 141 153 152 161 162 178
 176 164 168 175 173 172 169 165 167 174 182 170 181 180 179
 177 163 171 166 199 195 198 194 185 186 183 188 202 187 189
 197 196 191 190 201 200 193 192 184 211 221 217 212 205 206
 210 208 219 209 203 218 214 207 222 204 220 213 215 216 239
 238 241 240 225 226 230 236 237 229 242 232 233 234 235 228
 227 224 223 231 247 248 259 258 245 246 253 254 255 256 257
 262 249 250 251 261 260 243 244 252 271 280 269 277 266 265
 273 272 281 264 279 270 263 282 276 275 268 274 278 267 293
 297 302 301 286 285 287 292 284 300 290 289 288 299 296 295
 291 283 294 298 311 321 309 317 306 305 313 312 322 304 320
 310 303 319 316 315 307 308 314 318 338 336 324 328 335 342
 326 333 330 325 327 329 331 341 340 339 337 323 332 334 358
 356 344 348 355 354 346 353 350 345 347 362 351 361 360 359
 357 343 352 349 365 366 378 379 370 369 377 376 367 382 371
 363 364 373 372 380 381 374 375 368 388 396 391 389 385 392
 401 400 398 397 402 384 387 390 399 395 383 394 393 386 418
 414 417 405 422 403 407 421 406 408 416 415 410 409 420 419
 412 411 404 413 438 439 423 424 431 442 428 427 433 437 436
 425 426 430 429 440 441 434 435 432 453 457 462 461 446 445
 447 452 444 460 450 449 448 459 456 455 451 443 454 458 481
 480 464 463 465 466 473 474 479 482 471 472 469 470 468 467
 475 478 477 476 500 502 487 498 486 485 493 489 492 497 499
 490 496 491 495 488 494 484 483 501 521 520 507 518 506 505
 513 509 512 517 519 510 516 511 515 508 514 522 504 503 541
 523 526 539 525 533 532 538 535 528 534 529 536 530 527 531
 537 542 540 524 562 543 546 559 545 553 552 558 555 548 554
 549 556 550 547 551 557 561 544 560 578 576 564 568 575 573
 566 572 570 567 574 569 571 581 580 579 577 563 582 565 598
 602 584 588 596 594 586 593 590 585 587 595 589 591 600 599
 597 583 592 601 603 604 621 608 620 617 611 606 616 615 618
 613 614 607 619 612 610 609 622 623 624 605 625 626 627 628
 629 630 647 640 650 643 638 639 646 642 649 633 635 644 637
 641 634 645 636 632 631 648 651 652 653 654 655 656 657 658
 659 677 670 675 662 666 674 672 664 671 668 663 665 673 667
 669 661 679 678 676 660 699 691 695 682 686 694 692 689 684
 690 685 683 693 688 687 681 697 698 680 696 700 701 702 703
 704 705 722 719 717 712 714 720 716 711 718 709 721 713 707
 710 708 715 724 706 725 723 726 733 731 734 732 742 741 739
 740 727 729 730 728 743 745 746 744 735 738 736 737 747 748
 749 750 754 763 752 753 767 766 764 756 769 761 762 757 751
 760 759 770 765 758 755 768 771 772 773 774 775 794 783 784
 781 789 778 777 790 786 793 779 785 782 795 788 780 791 776
 787 792 815 806 804 801 811 798 799 805 802 812 808 797 810
 800 807 814 796 809 813 803 831 830 822 828 829 827 825 833
 817 832 816 823 826 824 820 819 835 834 821 818 853 852 854
 844 855 845 847 840 849 848 843 838 836 837 846 842 839 841
 851 850 866 874 862 870 871 873 867 869 857 863 875 860 856
 859 865 858 868 864 861 872 888 892 885 887 895 889 877 893
 876 890 883 886 891 882 880 894 881 879 884 878 902 906 915
 911 912 910 914 905 898 907 909 899 896 901 897 903 904 908
 913 900 929 923 933 928 927 934 924 931 932 916 918 926 922
 930 935 921 919 920 917 925 941 938 953 950 951 952 939 955
 937 940 936 954 946 944 947 943 948 949 942 945 963 966 961
 964 959 965 971 974 968 969 975 970 973 972 956 957 958 960
 967 962 987 989 980 978 994 992 984 995 993 983 977 982 979
 981 991 985 986 976 988 990 1011 998 999 1007 1008 1004 1006 1009
 1013 1002 996 1015 1012 1000 1014 1005 1003 1010 1001 997 1027 1019 1033
 1023 1028 1022 1030 1016 1031 1021 1024 1017 1018 1026 1032 1034 1025 1035
 1029 1020 1054 1055 1045 1052 1053 1044 1049 1037 1046 1042 1050 1036 1038
 1048 1051 1041 1043 1047 1040 1039 1072 1060 1057 1064 1066 1069 1065 1068
 1071 1056 1074 1062 1073 1059 1075 1061 1067 1070 1058 1063 1084 1089 1079
 1080 1095 1094 1088 1093 1082 1078 1077 1081 1092 1083 1091 1087 1076 1086
 1090 1085 1115 1107 1106 1108 1111 1103 1105 1104 1109 1114 1102 1113 1096
 1112 1099 1097 1101 1100 1098 1110 1130 1135 1133 1129 1132 1128 1125 1118
 1121 1117 1123 1122 1120 1134 1119 1126 1124 1131 1116 1127 1147 1146 1152
 1138 1136 1143 1154 1155 1153 1141 1150 1144 1145 1151 1142 1139 1149 1140
 1137 1148 1166 1165 1173 1156 1158 1175 1169 1167 1170 1171 1168 1162 1172
 1174 1160 1161 1159 1164 1163 1157 1194 1183 1187 1191 1186 1188 1185 1192
 1190 1195 1184 1182 1177 1179 1193 1176 1181 1180 1189 1178 1199 1214 1211
 1213 1198 1209 1210 1197 1196 1215 1212 1201 1204 1205 1203 1206 1200 1208
 1202 1207 1219 1235 1230 1232 1218 1231 1223 1226 1229 1222 1234 1233 1217
 1216 1227 1228 1224 1220 1225 1221 1248 1254 1253 1250 1252 1251 1247 1242
 1246 1241 1240 1237 1239 1244 1255 1238 1249 1245 1243 1236 1263 1268 1267
 1273 1258 1265 1261 1260 1266 1272 1269 1256 1259 1275 1262 1264 1270 1274
 1257 1271 1276 1277 1278 1279 1280 1296 1284 1285 1293 1291 1282 1292 1299
 1295 1289 1281 1290 1294 1286 1287 1283 1298 1300 1297 1288 1301
0 1 2 3 4 5 6 7 8 9 10 11 12 13
 14 15 16 21 23 22 17 36 32 34 31 26 29 19 33
 35 18 28 27 24 30 25 20 37 38 42 43 39 57 53
 55 52 47 50 40 54 56 58 49 48 45 51 46 41 44
 62 64 59 77 73 75 72 67 70 78 74 76 60 69 68
 65 71 66 61 63 79 80 82 88 91 92 89 90 81 87
 99 93 98 94 96 95 84 86 85 100 97 83 104 106 105
 119 115 117 114 109 112 103 116 118 102 111 110 107 113 108
 120 101 125 126 140 121 139 137 134 129 132 123 136 138 122
 131 130 127 133 128 124 135 149 148 141 145 151 150 142 157
 160 156 159 154 152 158 146 155 147 153 144 143 161 162 167
 182 168 163 181 177 176 171 174 165 178 180 164 173 172 169
 175 170 166 179 191 190 193 192 183 185 184 201 197 200 196
 198 194 188 187 199 195 202 189 186 204 222 212 213 210 211
 203 220 214 219 215 217 216 206 208 207 221 218 205 209 229
 242 232 233 230 231 224 226 225 228 227 240 241 238 239 235
 234 237 236 223 251 252 255 256 253 254 244 243 261 260 258
 259 246 245 248 262 257 249 250 247 267 271 274 265 273 272
 264 263 276 278 270 281 277 269 279 282 280 275 266 268 291
 285 294 293 292 287 283 284 298 299 296 290 301 302 295 289
 288 297 300 286 307 311 314 305 313 312 304 303 316 318 310
 322 317 309 320 319 308 321 315 306 327 329 328 323 341 337
 339 336 332 334 325 340 324 342 333 330 335 331 326 338 347
 349 348 343 361 357 359 356 352 362 345 358 344 354 353 350
 355 351 346 360 370 369 371 382 364 363 380 381 379 374 375
 373 372 366 365 376 377 367 368 378 390 389 383 387 392 384
 398 401 397 400 395 393 399 402 396 388 394 386 385 391 410
 409 412 403 405 404 420 416 419 415 417 413 407 406 418 414
 421 408 422 411 430 429 431 442 424 423 440 441 435 438 439
 436 437 426 425 433 432 427 428 434 451 445 454 453 452 447
 443 444 458 459 456 450 461 462 455 449 448 457 460 446 472
 471 475 476 473 474 463 464 481 480 468 467 477 478 482 479
 466 469 470 465 491 492 494 490 493 489 483 484 488 486 502
 501 498 487 485 499 500 495 497 496 511 512 514 510 513 509
 503 504 508 506 520 522 518 507 505 519 521 516 515 517 530
 531 532 534 533 523 524 539 537 540 542 541 526 527 529 525
 528 538 535 536 550 551 552 554 553 543 544 559 557 560 561
 562 546 547 549 545 548 558 556 555 567 569 568 563 581 577
 579 576 582 565 578 580 564 573 572 570 575 571 566 574 587
 589 588 583 601 597 599 602 592 595 585 598 600 584 593 590
 596 591 586 594 603 604 611 624 612 622 615 621 618 606 610
 608 619 614 605 617 623 613 620 616 609 607 625 626 627 628
 629 630 644 646 645 636 633 641 639 632 642 643 648 650 631
 640 649 647 638 634 635 637 651 652 653 654 655 656 657 658
 659 665 664 667 666 660 661 676 678 675 670 673 663 677 679
 662 672 671 668 674 669 685 684 688 686 680 681 697 691 696
 695 683 693 699 698 682 692 694 690 687 689 700 701 702 703
 704 705 707 708 709 706 717 715 725 712 720 724 722 721 713
 711 716 723 714 710 719 718 726 736 737 738 735 741 739 740
 742 734 731 733 732 729 728 727 730 745 746 744 743 747 748
 749 750 765 767 759 755 762 752 758 751 761 756 768 766 769
 770 757 754 760 753 764 763 771 772 773 774 775 781 776 792
 795 777 780 787 785 789 779 791 778 793 788 794 790 782 784
 786 783 801 796 813 814 797 800 809 798 811 799 805 803 815
 808 812 810 804 807 806 802 834 835 828 821 818 829 831 824
 822 826 827 830 833 832 825 823 819 820 817 816 838 840 849
 855 848 854 844 853 843 847 845 852 851 850 836 837 846 842
 839 841 865 867 875 861 866 860 856 874 871 873 859 872 869
 864 857 868 870 862 858 863 883 894 889 880 881 884 876 890
 879 892 895 885 887 891 882 893 888 878 886 877 903 914 909
 900 901 902 899 912 910 915 896 904 907 913 908 898 906 911
 905 897 924 927 935 921 925 920 934 933 931 919 916 930 923
 928 932 926 917 929 918 922 939 940 955 953 952 954 944 948
 943 946 947 949 942 945 937 936 950 951 938 941 973 972 974
 957 975 956 969 964 962 967 965 968 966 963 959 961 970 971
 960 958 991 988 976 982 984 979 985 977 990 981 978 995 993
 980 989 986 994 983 987 992 1013 1005 996 1002 1007 1000 1004 999
 1003 1010 1014 1011 998 997 1009 1001 1015 1008 1012 1006 1028 1018 1032
 1020 1030 1034 1024 1033 1023 1026 1027 1035 1021 1019 1029 1017 1031 1022
 1016 1025 1038 1041 1043 1044 1045 1047 1037 1046 1040 1039 1036 1042 1055
 1052 1053 1054 1051 1048 1049 1050 1073 1056 1067 1066 1062 1060 1068 1059
 1057 1075 1072 1070 1061 1058 1069 1074 1063 1064 1065 1071 1091 1085 1082
 1076 1088 1077 1087 1078 1094 1092 1079 1083 1090 1080 1089 1086 1081 1095
 1093 1084 1100 1106 1101 1113 1098 1096 1103 1099 1115 1112 1109 1114 1097
 1108 1111 1105 1110 1102 1104 1107 1120 1118 1116 1132 1117 1125 1123 1119
 1135 1131 1134 1133 1127 1128 1121 1130 1122 1129 1124 1126 1137 1149 1141
 1155 1150 1144 1152 1136 1146 1140 1138 1142 1147 1143 1151 1145 1148 1154
 1139 1153 1157 1164 1162 1171 1174 1173 1168 1166 1169 1158 1161 1159 1165
 1156 1167 1170 1175 1163 1172 1160 1181 1187 1180 1192 1176 1178 1186 1195
 1194 1193 1179 1190 1185 1188 1191 1177 1182 1189 1183 1184 1197 1206 1215
 1210 1201 1208 1212 1200 1202 1204 1207 1196 1203 1199 1211 1209 1205 1214
 1198 1213 1217 1227 1234 1231 1222 1233 1224 1219 1228 1216 1229 1225 1220
 1221 1223 1230 1235 1226 1232 1218 1238 1240 1237 1253 1236 1247 1246 1252
 1255 1254 1239 1249 1241 1248 1251 1243 1250 1242 1244 1245 1268 1272 1257
 1270 1259 1275 1264 1274 1263 1266 1267 1273 1261 1260 1269 1258 1271 1265
 1262 1256 1276 1277 1278 1279 1280 1287 1288 1292 1298 1295 1297 1282 1281
 1286 1284 1290 1294 1299 1300 1293 1289 1296 1291 1285 1283 1301
0 1 2 11 5 7 37 14 162 12 8 6 80 79
 4 9 10 56 47 58 41 51 50 49 42 46 57 45 43
 44 48 52 53 55 39 54 40 3 161 76 60 61 71 70
 69 62 66 77 65 63 64 68 72 73 75 59 74 78 67
 600 592 586 596 595 594 587 591 601 590 588 589 593 602 597
 599 583 598 585 584 38 15 189 202 190 192 186 185 187 188
 201 200 198 199 191 184 197 194 195 183 193 196 138 129 122
 133 132 131 125 128 139 127 140 126 130 134 135 137 121 136
 123 124 180 171 164 166 175 173 167 170 181 169 168 182 172
 176 177 179 163 178 165 174 300 291 289 295 286 285 290 302
 284 301 283 298 297 294 296 292 287 293 299 288 13 16 360
 352 344 346 355 362 347 351 361 350 348 349 353 356 357 359
 343 358 345 354 158 153 154 152 143 144 147 160 159 157 156
 148 149 142 146 150 151 141 145 155 408 421 409 411 422 405
 406 420 419 417 418 410 404 416 413 414 403 412 415 407 425
 426 434 435 423 424 427 436 437 433 432 430 429 431 442 441
 440 439 438 428 260 261 243 244 245 246 249 250 255 256 251
 252 257 262 253 258 259 247 248 254 275 272 279 282 266 265
 269 270 281 280 268 264 271 267 277 278 273 274 263 276 92
 97 95 89 84 83 87 81 100 99 98 86 88 82 94 85
 93 90 91 96 315 312 320 319 306 305 309 310 322 321 308
 304 311 307 317 318 316 313 314 303 340 332 324 326 335 334
 342 327 331 341 330 329 333 336 337 339 323 338 325 328 118
 109 102 120 113 112 111 104 108 119 107 105 110 114 115 117
 101 116 103 106 465 466 478 477 469 470 482 479 471 476 475
 480 481 473 474 464 463 467 468 472 460 451 449 455 446 450
 462 444 461 443 458 457 454 456 452 447 453 459 448 445 399
 394 395 385 386 388 401 400 398 397 389 390 384 402 391 392
 383 387 396 393 374 375 365 366 367 368 377 376 373 369 370
 380 381 371 382 378 379 363 364 372 213 218 216 210 206 205
 209 203 221 220 219 208 222 204 215 207 214 211 212 217 240
 241 239 238 225 226 229 242 230 231 234 235 236 237 224 223
 232 227 228 233 542 524 537 527 526 525 529 528 535 538 533
 534 531 530 536 539 532 541 523 540 561 544 557 547 546 545
 549 548 555 558 553 554 551 550 556 559 552 560 562 543 522
 521 505 518 506 509 510 512 517 519 514 513 511 515 508 516
 507 503 504 520 501 500 485 498 486 489 490 492 497 499 494
 493 491 495 488 496 487 483 502 484 580 582 564 566 575 574
 573 567 571 570 568 569 572 576 577 579 563 578 565 581 35
 26 18 20 30 29 28 21 25 36 24 22 23 27 32 34
 17 33 19 31 603 625 621 606 620 619 609 617 607 614 615
 613 612 611 608 618 610 616 624 622 605 623 626 627 604 628
 629 630 638 643 637 631 632 642 647 650 635 645 633 640 639
 648 636 649 641 646 644 634 651 657 701 700 653 655 654 658
 659 679 663 670 662 664 674 673 672 665 669 661 668 666 667
 671 675 676 678 660 677 698 683 691 682 684 694 693 687 692
 685 689 681 686 688 690 695 680 697 699 696 652 656 726 703
 702 704 723 719 713 709 710 717 721 711 707 716 712 708 714
 718 720 715 724 722 706 725 705 739 742 740 741 728 730 727
 729 735 736 737 738 743 745 746 744 733 731 734 732 749 750
 748 747 754 751 753 763 759 766 757 768 765 764 762 760 752
 761 769 758 767 756 755 770 775 771 772 774 773 1159 1169 1175
 1161 1160 1165 1163 1167 1171 1172 1157 1156 1162 1164 1174 1173 1170 1166
 1168 1158 1140 1143 1154 1142 1139 1146 1137 1136 1150 1153 1145 1148 1155
 1152 1141 1149 1147 1151 1138 1144 1051 1048 1052 1041 1038 1053 1055 1047
 1045 1043 1044 1054 1050 1049 1042 1046 1039 1040 1036 1037 842 846 839
 843 841 847 852 848 850 851 853 849 838 840 845 844 855 854
 837 836 812 813 808 801 806 809 797 799 800 798 803 810 815
 804 802 807 805 814 811 796 1092 1085 1077 1081 1086 1078 1079 1087
 1084 1093 1094 1091 1082 1095 1089 1076 1080 1090 1088 1083 793 790 792
 781 791 783 787 778 780 779 777 784 794 788 782 786 795 785
 776 789 993 977 988 983 979 986 995 992 985 987 978 994 991
 982 976 989 990 980 981 984 975 974 956 972 973 957 961 960
 970 959 971 958 966 963 965 964 962 967 969 968 822 827 829
 831 828 830 821 835 826 824 834 818 819 820 832 833 817 816
 825 823 884 890 882 892 881 880 876 879 894 886 895 891 889
 878 887 893 885 888 877 883 1267 1264 1275 1266 1262 1268 1258 1270
 1274 1256 1263 1271 1272 1265 1257 1260 1261 1259 1273 1269 1255 1236 1251
 1250 1241 1243 1237 1248 1246 1247 1252 1239 1253 1244 1242 1249 1254 1245
 1240 1238 948 949 954 944 946 955 942 937 951 950 945 936 939
 947 943 940 953 952 941 938 1023 1034 1026 1025 1024 1032 1019 1028
 1030 1027 1029 1016 1035 1022 1020 1021 1017 1018 1031 1033 925 931 933
 926 920 919 916 921 930 927 934 922 935 917 928 932 929 923
 924 918 908 907 898 913 905 906 915 910 909 904 912 903 902
 897 896 911 901 899 900 914 1229 1220 1225 1216 1235 1217 1233 1223
 1221 1230 1234 1218 1231 1224 1232 1222 1228 1226 1219 1227 1191 1188 1187
 1185 1194 1184 1181 1180 1176 1193 1192 1189 1186 1182 1177 1178 1195 1179
 1183 1190 1108 1111 1106 1115 1105 1100 1104 1103 1102 1113 1110 1112 1096
 1101 1098 1097 1099 1114 1109 1107 868 869 857 872 862 863 874 865
 867 864 871 873 870 856 858 866 859 860 875 861 1065 1070 1071
 1067 1069 1074 1075 1063 1072 1058 1061 1057 1062 1060 1073 1059 1064 1056
 1068 1066 1006 1010 1012 1005 1009 1014 1015 999 1002 998 997 1003 1001
 1011 1000 1013 996 1008 1007 1004 1204 1200 1214 1196 1207 1197 1212 1198
 1215 1202 1209 1211 1213 1201 1208 1210 1205 1203 1206 1199 1134 1121 1129
 1128 1116 1127 1125 1119 1133 1117 1123 1130 1132 1131 1135 1126 1122 1124
 1120 1118 1276 1279 1277 1280 1278 1296 1282 1283 1294 1281 1293 1290 1300
 1292 1289 1285 1287 1284 1286 1295 1291 1288 1298 1297 1299 1301
0 1 2 16 15 162 38 13 161 14 37 80 79 10
 6 3 4 17 31 26 20 21 29 28 27 30 18 25 22
 23 24 19 35 32 33 34 36 7 9 583 592 586 587 595
 594 593 596 584 591 588 589 590 585 600 597 598 599 601 602
 563 576 566 567 574 573 572 575 564 571 568 569 570 565 580
 577 578 579 581 582 5 8 81 82 96 91 95 89 87 88
 84 99 86 98 97 100 83 85 94 90 92 93 101 114 109
 104 112 111 110 113 102 108 105 106 107 103 118 115 116 117
 119 120 343 356 352 346 347 354 353 355 344 351 348 349 350
 345 360 357 358 359 361 362 304 303 309 317 320 319 310 307
 311 308 321 306 322 305 318 312 313 314 315 316 11 12 323
 336 332 326 327 334 333 335 324 331 328 329 330 325 340 337
 338 339 341 342 283 284 301 302 289 295 290 285 291 286 300
 288 299 297 298 287 292 293 294 296 203 204 217 212 216 210
 209 206 220 208 219 218 221 205 207 215 211 213 214 222 223
 224 241 240 239 238 229 234 235 236 237 232 233 230 231 226
 225 228 227 242 423 424 438 439 434 435 427 428 430 429 436
 437 433 432 431 426 425 440 441 442 404 403 417 413 409 411
 406 408 410 419 420 418 415 416 407 421 405 412 414 422 141
 142 148 150 154 152 143 147 149 158 156 157 144 155 159 160
 153 151 145 146 184 183 198 194 190 192 187 189 191 200 201
 199 196 197 188 202 186 185 193 195 121 134 129 124 125 132
 131 130 133 122 128 126 127 123 138 135 136 137 139 140 163
 176 171 166 167 174 173 172 175 164 170 168 169 165 180 177
 178 179 181 182 243 244 259 258 249 250 252 251 257 256 255
 245 246 253 254 247 248 260 261 262 264 263 269 277 279 270
 267 271 268 280 266 281 265 278 272 273 274 275 276 282 443
 444 461 449 455 450 445 451 446 460 448 459 457 458 447 452
 453 454 456 462 464 463 478 477 469 470 472 471 479 474 473
 465 466 475 476 467 468 480 481 482 383 384 389 391 395 393
 385 388 390 399 397 398 386 396 400 401 394 392 387 402 364
 363 378 379 374 375 367 368 370 369 373 372 376 377 366 365
 371 380 381 382 524 523 526 539 527 537 529 528 531 530 533
 534 538 536 535 525 532 540 541 542 544 543 546 559 547 557
 549 548 551 550 553 554 558 556 555 545 552 561 560 562 503
 504 518 507 505 509 510 511 512 519 514 513 516 517 506 515
 508 521 520 522 483 484 498 487 485 489 490 491 492 499 494
 493 496 497 486 495 488 500 501 502 39 52 47 41 42 50
 49 48 51 46 43 44 45 40 56 53 54 55 57 58 59
 72 67 61 62 70 69 68 71 60 66 63 64 65 76 73
 74 75 77 78 625 604 622 606 607 619 620 617 616 612 618
 615 613 609 608 614 610 611 605 623 621 624 627 603 626 628
 629 630 644 646 645 636 633 641 639 632 642 643 648 650 631
 640 649 647 638 634 635 637 651 658 656 654 655 701 652 700
 653 660 661 675 670 664 665 673 672 671 674 662 669 666 667
 668 663 679 676 677 678 680 681 695 691 684 685 693 694 692
 690 687 682 686 688 689 683 699 698 696 697 657 659 704 705
 703 702 706 707 708 709 719 720 721 717 718 716 712 711 710
 714 713 715 725 724 722 723 726 735 738 736 737 742 741 739
 740 733 734 732 731 727 729 730 728 743 744 745 746 749 750
 748 747 753 754 752 751 765 766 761 768 767 762 760 757 763
 764 759 758 755 756 769 770 774 775 773 772 771 1256 1275 1274
 1273 1261 1268 1264 1266 1259 1267 1257 1263 1269 1270 1271 1272 1262 1260
 1258 1265 1016 1034 1035 1033 1021 1028 1020 1027 1018 1023 1024 1026 1029
 1030 1031 1032 1017 1025 1022 1019 958 960 957 961 959 956 962 963
 964 966 965 967 972 973 968 969 971 970 974 975 936 937 939
 938 940 941 942 943 944 946 945 947 952 953 951 950 949 948
 954 955 1096 1106 1104 1113 1103 1102 1101 1107 1105 1100 1099 1109 1110
 1111 1097 1112 1108 1098 1114 1115 1116 1126 1125 1132 1122 1123 1118 1120
 1119 1127 1124 1128 1129 1131 1117 1130 1133 1121 1134 1135 1176 1184 1187
 1192 1182 1186 1179 1181 1185 1183 1180 1188 1189 1190 1193 1177 1178 1191
 1194 1195 1236 1247 1244 1253 1246 1242 1245 1243 1238 1239 1240 1249 1251
 1250 1248 1237 1241 1252 1254 1255 819 820 817 821 818 816 823 822
 824 825 826 827 831 830 833 832 828 829 834 835 838 840 841
 837 839 836 843 842 844 845 846 847 852 853 851 850 848 849
 854 855 1156 1158 1169 1163 1167 1173 1166 1165 1159 1161 1164 1172 1162
 1170 1171 1157 1160 1168 1174 1175 1196 1209 1207 1205 1200 1203 1204 1212
 1202 1199 1213 1201 1206 1211 1210 1208 1198 1197 1214 1215 776 794 786
 793 784 780 792 787 782 795 783 785 781 788 789 790 791 778
 777 779 1038 1041 1043 1044 1045 1047 1037 1046 1040 1039 1036 1042 1055
 1052 1053 1054 1051 1048 1049 1050 1216 1225 1223 1220 1226 1233 1229 1228
 1227 1232 1222 1219 1221 1230 1231 1218 1224 1217 1234 1235 1136 1138 1148
 1143 1145 1146 1147 1152 1153 1141 1149 1142 1140 1151 1150 1137 1144 1139
 1154 1155 916 932 931 925 924 926 921 920 918 923 917 922 930
 927 929 928 933 919 934 935 896 912 906 902 903 911 900 901
 905 898 897 904 907 908 913 909 899 910 914 915 996 1013 1000
 1012 1005 1007 1004 998 1011 997 1001 1002 999 1008 1010 1009 1003 1006
 1014 1015 1056 1073 1059 1067 1071 1068 1066 1060 1064 1063 1062 1058 1072
 1057 1069 1070 1065 1061 1074 1075 876 893 890 884 882 883 880 886
 877 885 881 878 887 888 889 891 879 892 894 895 1076 1091 1093
 1088 1077 1085 1087 1081 1082 1078 1086 1079 1092 1080 1090 1089 1083 1084
 1094 1095 976 991 992 984 977 985 988 980 993 978 979 986 983
 982 989 990 987 981 994 995 856 873 865 866 862 870 861 864
 858 863 860 857 872 867 868 869 871 859 874 875 796 804 812
 802 815 800 814 805 806 813 807 803 801 808 809 810 811 798
 799 797 1276 1277 1280 1278 1301 1281 1282 1296 1294 1291 1293 1287 1288
 1295 1292 1283 1289 1284 1286 1290 1285 1299 1300 1298 1297 1279
0 1 2 104 88 17 223 222 119 20 21 36 87 229
 101 242 204 429 491 347 125 190 148 271 531 451 369 252 472
 550 167 307 512 390 285 327 410 82 209 23 16 3 26 31
 33 25 35 22 29 28 24 4 19 30 34 18 15 32 27
 294 416 139 537 559 480 458 260 313 201 157 276 181 488 401
 440 506 341 380 361 120 203 44 411 536 496 360 594 135 434
 391 378 247 338 517 465 63 268 574 446 555 179 430 511 587
 409 389 311 551 291 370 251 471 530 62 267 492 149 445 567
 191 42 106 110 37 10 109 116 108 118 105 112 111 107 7
 103 113 117 102 13 115 114 453 475 130 436 598 351 55 527
 505 487 546 272 580 253 419 376 397 330 175 73 81 224 454
 197 601 57 557 539 298 261 273 420 398 316 77 508 160 441
 486 581 381 481 91 92 96 97 14 6 9 89 95 90 100
 85 94 84 99 86 98 83 93 38 126 192 556 516 600 354
 53 150 379 248 578 497 466 168 308 334 286 535 75 435 412
 193 538 558 584 344 47 176 72 280 321 495 515 300 460 392
 151 565 325 129 532 552 144 386 599 359 56 138 295 455 277
 317 178 74 499 188 407 337 577 519 494 534 155 172 592 350
 40 133 478 576 259 365 331 318 425 202 513 296 60 553 382
 182 282 262 602 362 140 58 582 462 562 502 442 422 522 542
 482 342 402 78 514 554 396 68 352 590 123 51 477 336 258
 366 571 278 426 421 533 493 456 164 490 368 586 41 289 309
 388 250 408 509 549 470 61 187 428 450 143 566 270 528 141
 263 583 39 243 464 523 404 544 183 283 304 59 363 444 484
 423 563 503 384 589 349 415 196 50 132 518 498 297 315 275
 328 568 173 69 525 545 159 400 457 293 476 48 437 358 137
 547 485 507 526 312 340 254 200 377 156 570 71 177 591 212
 213 217 5 162 79 210 216 211 221 207 215 206 220 208 219
 205 214 12 218 233 232 80 161 11 8 239 238 241 237 236
 230 231 235 234 227 228 226 225 240 371 64 319 257 356 595
 43 122 332 302 541 520 431 186 501 561 479 573 146 165 387
 145 333 572 596 355 46 128 279 320 301 461 500 521 185 405
 169 540 560 65 255 305 473 459 585 357 52 136 154 67 198
 414 394 373 180 287 433 339 564 281 256 265 474 299 345 597
 134 54 395 171 417 195 153 372 76 447 432 322 579 324 274
 329 593 288 348 131 45 152 374 438 194 418 66 399 452 174
 467 306 245 575 314 569 353 448 588 49 127 393 375 439 413
 199 170 158 292 70 468 266 335 246 510 367 346 124 449 269
 147 249 189 529 548 469 166 406 427 290 385 326 310 489 383
 303 343 121 244 463 543 184 524 403 443 264 142 163 284 504
 424 323 483 364 606 607 621 625 615 618 623 605 609 622 616
 627 608 619 617 614 611 626 613 620 603 610 604 612 624 628
 629 630 634 647 641 639 650 632 646 631 644 642 635 648 645
 638 640 636 637 643 633 649 651 681 655 685 665 660 680 684
 664 667 676 671 656 653 670 675 677 669 679 666 673 672 668
 701 663 674 678 662 659 688 697 690 657 700 691 695 698 699
 687 693 686 692 689 652 683 682 694 658 696 654 661 706 709
 708 726 715 717 725 705 723 718 720 702 710 722 716 712 721
 704 713 714 724 703 711 719 707 736 737 738 735 750 748 749
 747 731 732 734 733 741 739 742 740 727 728 729 730 745 746
 743 744 754 774 755 762 771 765 761 758 756 768 775 759 766
 753 767 751 752 757 760 772 764 773 769 770 763 782 944 964
 1024 1208 921 1011 861 1092 985 1221 1242 1161 806 1264 1102 1068 844
 1144 824 807 946 965 1266 1224 880 1202 1122 993 1087 900 1072 1026
 1182 1142 783 845 1004 826 1168 1156 1136 856 1236 1116 896 1056 796
 1096 776 1176 996 1016 1256 1216 1196 1076 976 916 876 797 777 1143
 1057 1169 998 1225 1034 1079 978 1207 1275 906 862 1180 1101 882 926
 1118 1240 1141 823 1166 919 1007 814 942 963 1201 1022 982 1262 842
 1229 1085 859 1253 1062 1113 792 889 791 1090 868 909 1210 953 811
 849 1272 1190 1150 1110 929 1250 1032 1131 973 1010 829 1162 1147 825
 879 795 1066 1082 1265 1222 966 945 1204 846 1025 899 988 1002 1132
 813 1192 927 990 809 908 1231 867 1109 1030 789 848 952 888 1171
 1189 1270 1129 972 1249 828 1070 1037 1036 1051 1054 1055 1048 1042 1052
 1039 1046 1040 1053 1043 1047 1044 1045 1049 1050 1038 1041 1021 1261 873
 931 912 890 1149 1237 986 1086 1117 1164 800 780 1178 1098 1064 1008
 1206 1227 1078 999 949 902 1059 779 1158 884 798 968 1179 1119 1035
 830 1205 977 1220 852 1148 1273 1031 1130 951 1211 1089 869 1111 832
 810 1009 850 790 913 1251 971 891 1271 1151 1191 928 997 1105 961
 893 1145 1258 1080 836 1121 1243 1209 1017 864 923 819 794 911 812
 936 1177 781 801 1197 991 1091 1217 1238 924 1100 1181 1120 883 1028
 1157 1137 1268 1013 1073 865 903 1269 950 1248 989 1230 833 1188 907
 872 851 808 1069 788 1128 970 1029 930 1170 887 1108 979 1060 866
 948 1000 925 1138 799 1239 1274 1099 969 778 831 1226 1077 853 1200
 1033 1163 1112 1140 1088 1018 1187 939 821 1125 933 1257 1252 804 838
 786 878 956 1199 871 898 1005 1215 935 955 915 1135 1075 1175 1115
 1255 895 995 835 1015 1235 875 1095 975 1195 855 1155 858 1012 886
 817 839 987 1124 938 1198 1183 960 1232 1104 1172 1065 918 1139 905
 1244 1093 897 1071 922 841 816 1245 1084 1184 1153 958 1213 1107 1218
 941 877 1006 863 1160 992 1126 1193 1159 984 1259 940 1106 818 784
 892 1020 1247 1133 957 917 802 840 910 1219 1067 857 1123 1212 1228
 803 827 1152 1267 881 847 1063 785 947 1165 901 983 1003 1186 1083
 967 1027 1246 1233 1203 787 822 1023 1173 860 1146 943 1001 805 920
 843 1061 1081 981 1103 1263 962 1234 894 1254 874 954 1014 1154 834
 1094 1134 1194 934 914 994 1214 1074 1114 974 1174 854 1058 1167 932
 959 1185 1019 1127 1260 1223 980 1241 837 904 815 870 885 820 793
 1097 937 1276 1281 1288 1277 1287 1292 1279 1300 1295 1283 1299 1298 1286
 1291 1278 1294 1284 1293 1285 1290 1280 1289 1296 1297 1301 1282
2 1 0 9 10 15 79 161 38 3 4 16 13 12
 14 5 11 40 54 55 51 41 42 46 49 50 53 43 48
 45 44 39 52 47 57 58 56 37 8 31 17 21 22 27
 30 29 23 33 28 24 25 20 32 26 18 19 36 34 35
 581 577 571 569 575 570 568 573 563 566 567 572 574 579 565
 576 564 582 578 580 6 80 124 138 127 134 130 139 123 133
 129 126 122 140 136 137 125 128 121 132 131 135 202 198 201
 188 193 183 194 197 192 186 200 199 190 185 195 191 196 184
 187 189 97 91 87 81 95 90 83 96 89 85 99 98 88
 84 100 93 94 82 86 92 328 340 336 331 341 330 326 335
 339 324 329 333 323 332 337 334 325 342 338 327 7 162 315
 309 313 310 306 314 316 319 320 317 321 304 307 305 311 318
 322 303 308 312 106 118 114 110 119 104 120 113 116 109 105
 107 115 117 108 102 112 111 103 101 426 428 438 433 440 436
 427 430 435 431 424 432 437 434 423 442 441 439 429 425 407
 408 413 418 416 419 406 411 410 405 404 417 414 420 415 412
 409 403 422 421 393 399 389 392 401 397 385 396 398 400 387
 384 391 390 395 388 386 402 383 394 372 375 370 378 380 376
 367 366 377 364 371 379 382 363 365 368 373 381 369 374 354
 360 355 356 361 351 352 346 343 349 348 345 350 359 357 353
 358 362 344 347 180 174 176 167 175 181 164 166 177 182 165
 168 163 169 172 178 170 171 173 179 153 150 157 147 160 141
 151 146 144 154 152 156 148 143 155 159 149 142 145 158 291
 301 294 290 302 293 292 295 288 289 298 283 285 286 297 299
 296 284 287 300 276 272 277 270 269 278 281 265 273 263 279
 282 264 268 271 266 274 267 280 275 261 254 249 259 253 258
 245 256 255 246 243 262 257 250 248 251 244 252 247 260 240
 233 232 229 223 224 239 231 230 238 225 235 237 227 234 226
 228 236 242 241 217 213 222 203 209 204 221 210 212 214 206
 216 211 208 215 205 220 207 219 218 466 472 464 479 475 480
 469 477 482 481 468 473 478 470 474 467 476 463 471 465 460
 445 462 443 458 453 449 456 461 444 454 457 447 459 450 455
 446 448 452 451 501 484 485 498 488 487 489 493 492 491 490
 499 495 497 496 486 494 502 483 500 520 521 507 508 505 506
 514 510 515 517 519 509 511 516 512 518 513 503 504 522 540
 542 537 539 527 533 529 530 535 534 528 532 531 538 525 536
 526 523 541 524 544 543 546 545 559 548 554 558 556 553 552
 549 555 551 557 550 547 560 562 561 67 75 73 68 69 65
 62 64 61 70 66 71 63 74 60 77 72 78 59 76 584
 583 598 590 595 591 593 586 588 599 589 596 587 594 601 585
 592 602 597 600 626 625 622 606 620 610 616 608 611 614 618
 612 615 609 619 613 617 607 621 605 624 623 604 603 627 628
 630 629 639 632 650 634 641 647 646 644 631 648 635 642 645
 638 643 637 636 640 649 633 651 659 654 653 700 657 656 701
 652 698 683 695 681 684 694 688 686 689 690 691 687 693 692
 685 682 699 697 696 680 679 663 675 661 664 674 667 671 666
 668 669 670 673 672 665 662 678 677 660 676 655 658 702 704
 703 726 723 719 713 709 718 720 715 708 714 712 721 717 710
 707 711 716 725 706 724 722 705 738 735 737 736 743 745 744
 746 728 730 729 727 742 741 740 739 731 733 732 734 747 748
 749 750 1298 1288 1299 1297 1281 1293 1289 1294 1283 1292 1287 1295 1300
 1290 1285 1284 1291 1286 1296 1282 1301 1277 1279 1280 1278 1255 1240 1238
 1245 1243 1253 1252 1246 1251 1248 1241 1239 1249 1254 1244 1242 1247 1236
 1250 1237 1134 1118 1120 1124 1127 1132 1121 1119 1128 1130 1123 1133 1126
 1122 1131 1135 1116 1125 1117 1129 828 829 822 831 830 827 818 834
 824 835 826 821 816 817 820 819 832 833 823 825 974 975 973
 957 972 956 959 958 971 970 961 960 967 962 965 964 966 963
 968 969 868 873 867 859 871 874 862 865 864 863 872 858 856
 870 869 860 866 857 861 875 1204 1215 1211 1203 1212 1209 1207 1214
 1196 1198 1202 1210 1208 1201 1200 1213 1205 1197 1199 1206 908 909 912
 899 915 910 913 905 904 903 906 911 896 897 901 907 898 902
 914 900 1229 1230 1234 1228 1223 1233 1221 1218 1235 1216 1225 1222 1231
 1224 1232 1220 1217 1226 1227 1219 1038 1041 1051 1052 1053 1048 1043 1054
 1044 1047 1045 1055 1042 1046 1039 1040 1049 1050 1037 1036 841 839 843
 842 847 846 849 853 851 850 852 848 854 855 845 844 840 838
 836 837 1191 1187 1180 1186 1193 1195 1189 1192 1194 1181 1182 1179 1184
 1178 1177 1188 1185 1176 1190 1183 1006 999 998 997 1009 1001 1011 1008
 1014 1005 996 1015 1003 1000 1013 1002 1012 1010 1004 1007 1140 1144 1137
 1147 1150 1139 1151 1136 1148 1138 1145 1153 1146 1141 1149 1155 1152 1154
 1143 1142 955 954 936 950 951 937 948 942 944 946 949 945 941
 952 953 938 939 940 943 947 1065 1057 1060 1069 1058 1064 1072 1063
 1061 1056 1074 1067 1075 1059 1073 1071 1062 1070 1066 1068 1108 1106 1103
 1101 1112 1113 1110 1114 1099 1104 1102 1100 1115 1098 1097 1111 1096 1105
 1107 1109 1092 1090 1089 1084 1087 1079 1086 1078 1085 1093 1077 1094 1076
 1095 1082 1091 1080 1081 1083 1088 812 814 797 803 798 802 809 806
 799 813 808 800 804 815 805 810 801 807 796 811 1023 1018 1025
 1021 1016 1029 1035 1034 1017 1026 1028 1019 1024 1030 1020 1022 1032 1027
 1033 1031 1267 1259 1262 1256 1261 1274 1271 1266 1272 1268 1258 1264 1260
 1275 1265 1257 1263 1270 1269 1273 993 990 989 987 978 985 986 995
 988 992 979 977 991 982 994 976 983 980 984 981 884 893 885
 894 890 889 886 879 876 892 895 882 888 881 887 878 880 891
 883 877 925 932 923 935 931 922 927 920 929 926 933 934 919
 916 917 928 930 921 918 924 793 795 778 787 777 786 791 780
 790 779 783 792 785 788 794 784 782 781 789 776 1159 1171 1166
 1157 1168 1160 1158 1172 1167 1170 1163 1156 1165 1174 1173 1162 1164 1175
 1161 1169 1276 772 775 773 774 755 770 759 766 765 768 761 752
 757 764 767 760 756 758 762 769 754 751 753 763 771
0 1 2 7 6 15 80 162 37 3 4 16 14 11
 13 8 12 65 70 61 59 78 73 75 67 60 69 72 74
 76 77 63 66 71 68 62 64 38 5 24 20 17 19 32
 34 26 18 28 31 33 35 36 22 25 30 27 21 23 29
 590 595 583 585 597 599 592 584 594 602 598 600 601 588 591
 596 593 587 589 586 10 79 142 146 154 158 143 147 141 145
 156 159 151 149 152 144 157 150 148 155 153 160 169 174 166
 165 177 179 171 164 173 176 178 180 181 168 170 175 172 167
 182 163 107 112 120 101 103 117 109 102 111 114 116 118 119
 105 108 113 110 104 106 115 296 295 283 301 290 289 284 287
 288 292 299 286 285 300 302 297 293 291 298 294 9 161 350
 362 346 343 345 357 352 344 354 356 358 360 361 348 351 355
 353 347 349 359 93 83 99 84 81 87 82 86 85 98 94
 89 95 96 91 90 100 97 92 88 384 402 395 399 385 388
 383 397 400 392 390 393 386 398 391 389 396 394 401 387 371
 382 373 372 367 368 364 381 380 379 378 375 374 366 365 377
 376 369 370 363 433 432 436 437 427 428 424 423 426 425 435
 434 441 440 439 442 431 430 429 438 413 414 419 420 406 408
 403 404 407 410 412 415 409 411 405 422 418 421 416 417 315
 316 308 321 310 309 304 303 307 318 322 314 320 319 306 305
 317 311 312 313 194 195 200 201 187 189 183 184 188 191 193
 196 190 192 185 186 198 199 202 197 127 132 124 121 123 135
 137 129 122 131 134 138 139 140 128 133 130 125 126 136 330
 334 326 323 325 337 339 332 324 342 336 338 341 328 331 335
 333 327 329 340 469 470 479 482 463 464 467 468 477 465 466
 471 472 481 480 473 474 475 476 478 456 455 443 461 450 444
 447 448 452 459 446 445 460 462 457 453 451 458 454 449 214
 205 220 203 209 204 208 207 219 215 210 216 217 212 211 221
 218 213 222 206 234 235 229 242 224 223 227 228 226 239 238
 236 237 240 241 230 231 232 233 225 275 276 268 280 270 269
 264 263 267 278 281 274 279 282 266 265 277 271 272 273 254
 253 251 252 249 250 244 243 248 247 258 259 246 245 262 257
 261 255 256 260 495 496 499 494 489 490 483 484 487 488 502
 501 485 498 486 493 500 492 491 497 515 516 519 514 509 510
 503 504 507 508 520 522 505 518 506 513 521 517 512 511 535
 530 529 533 528 523 524 527 525 540 542 541 537 526 534 539
 532 536 538 531 555 550 549 553 548 543 544 547 545 560 561
 562 557 546 554 559 552 556 551 558 45 50 41 39 40 53
 55 47 58 52 54 56 57 43 46 51 48 42 44 49 570
 574 566 563 565 577 579 582 564 573 576 578 580 581 571 575
 572 567 569 568 625 626 620 624 614 622 613 621 615 610 619
 606 617 618 605 608 623 612 616 609 607 611 604 627 603 628
 629 630 641 645 634 639 650 635 649 640 644 637 632 648 647
 633 631 636 642 643 638 646 651 657 655 652 701 659 658 700
 653 668 667 673 664 660 663 676 678 670 662 672 675 677 679
 661 666 669 674 671 665 689 688 693 684 680 683 697 682 696
 691 695 692 699 698 681 686 690 687 685 694 654 656 703 705
 702 726 714 713 715 706 711 721 725 709 717 724 722 716 720
 708 712 723 719 707 718 710 704 729 730 728 727 746 743 745
 744 740 742 739 741 734 731 733 732 736 737 738 735 747 748
 749 750 755 769 767 759 764 752 768 751 757 758 770 756 765
 766 760 754 762 753 761 763 775 773 771 772 774 1183 1176 1178
 1195 1193 1182 1189 1179 1185 1177 1187 1192 1191 1184 1194 1186 1190 1181
 1188 1180 1107 1096 1098 1114 1112 1102 1106 1113 1105 1097 1099 1110 1115
 1103 1108 1104 1100 1109 1101 1111 850 851 852 846 842 853 849 841
 847 839 843 848 855 854 838 840 837 836 845 844 941 938 950
 953 951 952 939 955 937 936 940 954 948 949 943 947 944 946
 942 945 887 882 891 880 888 877 876 890 892 895 893 894 883
 878 885 884 879 889 881 886 1161 1172 1167 1158 1163 1159 1156 1160
 1157 1174 1173 1170 1165 1168 1162 1175 1166 1164 1171 1169 928 930 926
 921 918 929 932 934 933 931 916 917 924 935 925 923 927 919
 922 920 1142 1145 1153 1138 1140 1148 1152 1155 1139 1137 1136 1144 1151
 1146 1154 1141 1149 1147 1143 1150 1037 1036 1053 1050 1049 1052 1041 1048
 1040 1038 1039 1051 1043 1047 1044 1045 1055 1054 1046 1042 835 834 830
 826 831 824 833 825 819 820 823 832 816 817 822 827 829 828
 818 821 1241 1249 1236 1239 1250 1244 1251 1242 1245 1237 1246 1253 1255
 1240 1247 1243 1252 1238 1248 1254 995 982 976 984 980 977 983 978
 992 990 991 987 979 988 986 985 994 989 981 993 1231 1228 1227
 1221 1230 1234 1223 1217 1229 1222 1219 1235 1220 1224 1225 1232 1226 1218
 1216 1233 960 958 957 961 959 956 966 965 967 962 963 964 975
 971 970 974 972 973 968 969 1094 1076 1082 1080 1088 1079 1081 1077
 1078 1091 1084 1090 1093 1085 1086 1095 1087 1089 1092 1083 1121 1131 1119
 1116 1129 1122 1128 1126 1132 1134 1123 1117 1124 1118 1125 1127 1120 1133
 1135 1130 1063 1069 1058 1075 1061 1056 1057 1062 1072 1074 1066 1071 1073
 1065 1068 1064 1067 1059 1060 1070 802 807 796 799 814 811 810 803
 813 806 812 797 809 804 798 815 800 805 801 808 1035 1030 1024
 1034 1028 1017 1022 1016 1020 1023 1021 1018 1027 1031 1032 1026 1029 1033
 1025 1019 1274 1272 1266 1268 1275 1265 1260 1263 1269 1261 1259 1267 1257
 1256 1264 1270 1273 1271 1258 1262 1001 1009 997 1014 996 1003 998 1012
 1011 1015 1002 1007 1008 1004 1006 1013 1000 1005 1010 999 859 857 871
 863 862 872 874 861 865 868 858 856 869 866 864 867 860 870
 873 875 899 898 910 905 906 915 913 902 907 896 908 897 900
 903 909 904 911 901 914 912 786 782 795 779 776 789 788 777
 793 792 787 783 778 794 784 791 785 780 790 781 1210 1211 1202
 1206 1203 1215 1201 1214 1199 1209 1204 1197 1200 1213 1205 1208 1207 1198
 1212 1196 1276 1280 1301 1277 1278 1290 1288 1289 1298 1292 1297 1286 1285
 1294 1282 1295 1293 1299 1300 1284 1287 1291 1283 1296 1281 1279
