0 1 12 7 11 5 6 3 8 10 9 4 2 13
 14 21 22 17 18 26 25 15 16 23 24 20 19 33 38
 35 31 30 36 27 37 29 32 34 28 137 75 152 112 124
 149 132 76 171 89 143 71 167 180 91 73 125 95 148 146
 64 133 97 116 130 59 78 94 84 87 131 155 50 157 54
 172 40 46 151 65 99 138 120 145 98 67 170 182 68 153
 48 126 53 134 142 66 56 127 61 83 79 179 115 177 173
 154 165 164 111 161 140 162 107 42 178 136 101 62 158 129
 156 81 159 176 174 43 55 90 96 141 118 63 69 45 60
 92 168 114 39 80 163 109 128 93 49 166 82 58 169 57
 44 181 77 41 88 104 70 119 72 117 121 175 108 110 139
 106 105 144 51 135 147 85 47 74 103 123 160 122 102 113
 100 52 150 86 210 313 264 277 265 254 228 197 309 261 252
 275 307 233 190 219 321 312 205 298 216 208 201 317 323 204
 253 183 291 221 325 246 295 203 255 222 198 316 212 218 310
 280 285 238 239 189 270 273 276 304 196 326 257 320 278 226
 227 315 302 318 324 296 308 214 260 300 272 294 306 193 209
 188 217 283 235 271 274 247 192 290 286 185 187 314 322 281
 299 229 258 249 230 259 194 231 186 237 289 224 268 287 256
 292 225 263 282 311 279 262 211 284 319 250 215 244 301 202
 269 248 297 241 305 232 303 251 195 245 191 223 288 200 184
 266 240 220 206 242 293 236 199 267 207 243 213 234 413 435
 371 408 405 447 367 344 337 409 335 420 351 430 433 422 436
 334 469 400 380 395 403 415 339 461 382 401 416 427 389 457
 463 424 441 387 370 407 369 372 333 414 365 363 329 366 379
 385 381 392 456 448 373 347 375 353 426 419 374 394 362 449
 357 443 398 376 396 386 348 393 402 391 459 346 354 397 349
 468 331 438 364 330 336 425 465 458 327 368 350 355 452 429
 384 338 423 342 421 360 410 383 356 467 418 340 445 470 341
 464 328 343 455 406 450 454 361 453 390 466 431 460 332 378
 388 439 462 417 442 440 437 377 358 412 399 446 352 451 359
 434 411 444 428 404 345 432 547 586 522 481 475 509 499 593
 570 515 474 527 492 567 485 539 561 533 603 529 589 483 579
 612 571 535 532 560 477 500 501 526 530 578 580 600 582 528
 476 556 583 576 549 569 480 591 568 613 608 602 581 473 574
 565 596 502 482 508 490 503 601 497 488 584 496 553 544 605
 486 609 604 577 543 537 572 587 471 548 513 592 597 563 536
 588 555 510 611 599 607 498 487 575 552 564 524 566 484 517
 514 479 495 545 573 523 562 512 542 504 493 505 521 507 511
 534 585 472 546 554 491 614 516 550 478 594 595 525 551 598
 558 506 531 520 489 541 538 606 559 519 540 610 557 494 518
 590 621 616 617 622 619 623 615 618 620 626 625 624 638 637
 631 632 629 630 634 633 636 635 628 627 647 650 646 644 648
 642 649 641 639 643 645 640 740 738 666 658 730 726 687 654
 691 728 693 724 762 790 764 653 766 756 754 679 750 673 672
 782 745 715 747 780 670 776 743 713 742 711 737 722 657 784
 733 785 659 720 661 787 731 719 783 779 716 718 781 793 710
 775 777 714 712 773 757 703 684 707 682 706 676 699 751 700
 696 692 763 686 765 662 736 656 732 660 734 655 695 727 689
 729 770 725 685 652 768 651 760 683 681 748 675 752 677 744
 778 671 717 746 792 669 774 668 709 791 772 741 794 663 721
 665 723 667 788 739 789 735 786 759 708 755 704 680 705 749
 698 678 701 674 697 688 690 771 694 767 769 664 758 753 702
 761 867 933 807 803 873 811 864 897 798 837 863 937 797 895
 866 841 800 899 823 821 887 825 891 829 878 843 814 845 813
 917 816 921 880 923 818 853 934 928 868 927 870 855 804 857
 874 931 810 860 820 904 822 906 886 910 892 911 890 913 830
 912 836 894 838 896 902 842 869 871 805 801 875 809 795 833
 861 835 862 893 799 839 865 901 883 819 885 827 889 935 877
 915 879 847 815 919 881 851 817 849 872 856 808 858 802 929
 812 932 876 859 916 844 918 846 922 920 924 848 850 854 852
 926 884 903 824 905 888 908 826 907 828 909 936 914 834 832
 898 938 840 900 796 831 882 925 806 930 944 946 947 950 949
 939 948 940 941 945 943 942 1015 1088 1009 1014 1067 1070 999 998
 1073 1076 1055 1054 1059 992 1061 1058 981 976 1045 986 973 1042 971
 1064 1091 968 1035 1052 1049 1036 967 990 1037 1056 1057 970 1039 1060
 1033 982 1047 964 1041 1030 1027 1016 1079 958 957 1006 1083 1024 1025
 1010 1089 1000 1069 1018 953 1004 1075 1022 1093 954 951 996 1077 1008
 1081 1084 1085 1012 1071 1002 1003 1094 995 1066 1063 994 1051 1050 989
 1092 977 980 983 1044 987 1048 993 972 1053 1038 969 1062 991 1040
 979 1032 1031 978 1043 962 961 984 985 966 963 988 965 1046 1029
 974 1087 1028 955 1078 1007 956 1023 1082 959 1086 1011 960 1017 1068
 997 1090 1019 1072 1001 1020 1021 1074 1065 952 1005 1080 975 1034 1013
 1026 1213 1216 1237 1146 1149 1230 1221 1226 1227 1148 1165 1154 1123 1190
 1127 1194 1191 1126 1199 1198 1129 1134 1137 1140 1119 1180 1179 1122 1107
 1124 1125 1112 1109 1128 1115 1236 1133 1184 1131 1116 1197 1182 1117 1208
 1201 1118 1185 1206 1143 1168 1145 1098 1225 1104 1099 1152 1171 1150 1231
 1106 1173 1166 1177 1164 1161 1176 1159 1178 1175 1158 1105 1156 1211 1144
 1217 1220 1151 1224 1155 1232 1163 1160 1157 1162 1121 1120 1195 1136 1235
 1132 1141 1204 1205 1210 1189 1108 1111 1192 1193 1110 1181 1200 1135 1114
 1113 1196 1139 1234 1209 1186 1187 1142 1233 1138 1203 1188 1167 1212 1095
 1214 1215 1096 1169 1218 1219 1170 1101 1228 1229 1172 1147 1102 1103 1222
 1223 1100 1153 1174 1207 1202 1183 1130 1097 1238 1249 1244 1241 1246 1243
 1240 1247 1242 1245 1248 1239 1250 1255 1262 1259 1258 1251 1260 1261 1254
 1253 1256 1257 1252 1263 1264 1272 1271 1273 1274 1269 1270 1266 1265 1267
 1268 1275 1285 1279 1278 1277 1281 1280 1282 1287 1284 1276 1286 1283 1299
 1292 1294 1297 1289 1298 1290 1296 1295 1291 1293 1288 1300 1301
0 1 3 2 5 4 7 6 9 8 11 10 13 12
 14 16 15 18 17 20 19 22 21 24 23 26 25 28 27
 30 29 32 31 34 33 36 35 38 37 39 41 40 43 42
 45 44 47 46 49 48 50 51 52 53 54 55 57 56 59
 58 61 60 63 62 65 64 67 66 69 68 71 70 73 72
 75 74 77 76 79 78 81 80 83 82 85 84 87 86 89
 88 91 90 93 92 95 94 97 96 99 98 101 100 103 102
 105 104 107 106 109 108 111 110 113 112 114 115 116 117 118
 119 120 121 122 124 123 126 125 128 127 130 129 132 131 134
 133 136 135 138 137 140 139 142 141 144 143 146 145 148 147
 150 149 152 151 154 153 156 155 158 157 160 159 162 161 164
 163 166 165 168 167 170 169 172 171 174 173 176 175 178 177
 180 179 182 181 184 183 186 185 188 187 190 189 192 191 194
 193 196 195 198 197 200 199 202 201 204 203 206 205 208 207
 210 209 212 211 214 213 216 215 218 217 220 219 222 221 224
 223 226 225 228 227 230 229 232 231 234 233 236 235 238 237
 240 239 242 241 244 243 246 245 248 247 250 249 252 251 254
 253 256 255 258 257 260 259 262 261 264 263 266 265 268 267
 270 269 272 271 274 273 276 275 278 277 280 279 282 281 284
 283 286 285 288 287 290 289 292 291 294 293 296 295 298 297
 300 299 302 301 304 303 306 305 308 307 310 309 312 311 314
 313 316 315 318 317 320 319 322 321 324 323 326 325 328 327
 330 329 332 331 334 333 336 335 338 337 340 339 342 341 344
 343 346 345 348 347 350 349 352 351 354 353 356 355 358 357
 360 359 362 361 364 363 366 365 368 367 370 369 372 371 374
 373 376 375 378 377 380 379 382 381 384 383 386 385 388 387
 390 389 392 391 394 393 396 395 398 397 400 399 402 401 404
 403 406 405 408 407 410 409 412 411 414 413 416 415 418 417
 420 419 422 421 424 423 426 425 428 427 430 429 432 431 434
 433 436 435 438 437 440 439 442 441 444 443 446 445 448 447
 450 449 452 451 454 453 456 455 458 457 460 459 462 461 464
 463 466 465 468 467 470 469 472 471 474 473 476 475 478 477
 480 479 482 481 484 483 486 485 488 487 490 489 492 491 494
 493 496 495 498 497 500 499 502 501 504 503 506 505 508 507
 510 509 512 511 514 513 516 515 518 517 520 519 522 521 524
 523 526 525 528 527 530 529 532 531 534 533 536 535 538 537
 540 539 542 541 544 543 546 545 548 547 550 549 552 551 554
 553 556 555 558 557 560 559 562 561 564 563 566 565 568 567
 570 569 572 571 574 573 576 575 578 577 580 579 582 581 584
 583 586 585 588 587 590 589 592 591 594 593 596 595 598 597
 600 599 602 601 604 603 606 605 608 607 610 609 612 611 614
 613 616 615 618 617 620 619 621 622 623 624 626 625 628 627
 630 629 632 631 633 634 635 636 638 637 640 639 642 641 644
 643 645 646 647 648 650 649 651 653 652 654 655 657 656 659
 658 661 660 663 662 665 664 667 666 669 668 670 671 672 674
 673 676 675 678 677 680 679 682 681 684 683 686 685 688 687
 690 689 692 691 694 693 696 695 697 699 698 700 702 701 704
 703 705 707 706 708 710 709 712 711 714 713 716 715 718 717
 719 720 722 721 723 725 724 727 726 729 728 731 730 733 732
 735 734 737 736 739 738 741 740 743 742 745 744 747 746 749
 748 751 750 753 752 755 754 757 756 759 758 761 760 763 762
 765 764 767 766 769 768 771 770 773 772 775 774 777 776 779
 778 781 780 783 782 785 784 787 786 789 788 790 791 793 792
 794 796 795 798 797 800 799 802 801 804 803 806 805 808 807
 810 809 812 811 814 813 816 815 818 817 820 819 822 821 824
 823 826 825 828 827 830 829 832 831 834 833 836 835 838 837
 840 839 842 841 844 843 846 845 848 847 850 849 852 851 854
 853 856 855 858 857 860 859 862 861 864 863 866 865 868 867
 870 869 872 871 874 873 876 875 878 877 880 879 882 881 884
 883 886 885 888 887 890 889 892 891 894 893 896 895 898 897
 900 899 902 901 904 903 906 905 908 907 910 909 912 911 914
 913 916 915 918 917 920 919 922 921 924 923 926 925 928 927
 930 929 932 931 934 933 936 935 938 937 939 940 942 941 943
 945 944 947 946 949 948 950 952 951 954 953 956 955 958 957
 960 959 962 961 964 963 966 965 968 967 970 969 972 971 974
 973 976 975 978 977 980 979 982 981 984 983 986 985 988 987
 990 989 992 991 994 993 996 995 998 997 1000 999 1002 1001 1004
 1003 1006 1005 1008 1007 1010 1009 1012 1011 1014 1013 1016 1015 1018 1017
 1020 1019 1022 1021 1024 1023 1026 1025 1028 1027 1030 1029 1032 1031 1034
 1033 1036 1035 1038 1037 1040 1039 1042 1041 1044 1043 1046 1045 1048 1047
 1050 1049 1052 1051 1054 1053 1056 1055 1058 1057 1060 1059 1062 1061 1064
 1063 1066 1065 1068 1067 1070 1069 1072 1071 1074 1073 1076 1075 1078 1077
 1080 1079 1082 1081 1084 1083 1086 1085 1088 1087 1090 1089 1092 1091 1094
 1093 1096 1095 1098 1097 1100 1099 1102 1101 1104 1103 1106 1105 1108 1107
 1110 1109 1112 1111 1114 1113 1116 1115 1118 1117 1120 1119 1122 1121 1124
 1123 1126 1125 1128 1127 1130 1129 1132 1131 1134 1133 1136 1135 1138 1137
 1140 1139 1142 1141 1144 1143 1146 1145 1148 1147 1150 1149 1152 1151 1154
 1153 1156 1155 1158 1157 1160 1159 1162 1161 1164 1163 1166 1165 1168 1167
 1170 1169 1172 1171 1174 1173 1176 1175 1178 1177 1180 1179 1182 1181 1184
 1183 1186 1185 1188 1187 1190 1189 1192 1191 1194 1193 1196 1195 1198 1197
 1200 1199 1202 1201 1204 1203 1206 1205 1208 1207 1210 1209 1212 1211 1214
 1213 1216 1215 1218 1217 1220 1219 1222 1221 1224 1223 1226 1225 1228 1227
 1230 1229 1232 1231 1234 1233 1236 1235 1238 1237 1240 1239 1242 1241 1244
 1243 1246 1245 1248 1247 1250 1249 1251 1252 1254 1253 1255 1257 1256 1259
 1258 1261 1260 1262 1264 1263 1266 1265 1268 1267 1270 1269 1272 1271 1274
 1273 1275 1276 1277 1279 1278 1280 1282 1281 1284 1283 1286 1285 1287 1289
 1288 1291 1290 1293 1292 1295 1294 1297 1296 1299 1298 1300 1301
0 1 12 7 8 10 2 13 11 5 9 4 6 3
 14 26 18 22 15 16 24 17 20 25 19 21 23 35 29
 27 33 38 28 31 30 37 34 36 32 57 50 102 108 53
 59 39 119 43 121 40 107 97 99 104 47 49 116 92 56
 114 181 180 132 150 148 135 128 129 81 82 110 164 172 76
 70 173 112 155 169 167 66 170 168 67 96 118 120 98 160
 152 153 165 115 45 63 142 52 86 51 85 145 64 55 106
 46 122 117 48 54 105 88 158 91 162 93 58 44 41 87
 109 84 103 42 90 140 89 144 68 179 182 69 138 146 100
 149 141 134 95 147 166 73 131 101 159 74 94 136 133 62
 137 65 178 71 77 176 139 161 151 75 177 174 154 72 157
 143 171 175 127 60 130 61 156 123 125 163 113 124 111 126
 78 83 80 79 239 238 265 268 198 264 266 222 221 267 307
 248 243 303 187 217 192 189 294 304 298 308 305 249 246 301
 228 278 226 279 203 194 201 195 261 263 254 256 285 290 287
 292 312 210 313 212 216 272 214 270 296 306 300 302 184 288
 291 183 257 193 318 326 276 208 324 320 205 273 196 260 186
 190 185 191 297 247 244 293 218 321 188 322 286 220 219 289
 204 258 202 259 295 250 245 299 314 282 283 311 316 280 277
 310 253 199 240 223 200 255 224 237 229 317 233 206 231 319
 235 207 236 275 230 325 234 274 232 323 281 211 227 309 315
 225 284 209 251 271 242 269 197 262 241 213 252 215 352 443
 342 400 341 348 458 418 346 379 347 399 387 343 372 420 430
 358 377 366 419 447 340 353 334 361 404 388 461 376 436 350
 410 364 398 457 470 464 424 446 452 411 431 359 459 421 456
 425 441 427 394 423 383 378 467 362 445 393 437 409 402 357
 403 344 355 453 335 406 338 331 415 440 371 448 349 450 401
 429 380 434 345 433 469 374 356 413 466 462 351 381 327 439
 460 395 337 329 408 336 432 386 451 391 435 449 438 363 384
 365 339 389 463 373 382 444 412 392 468 333 407 405 422 396
 354 390 414 454 465 375 385 360 328 416 332 330 367 442 370
 426 368 428 417 397 369 455 495 588 484 543 483 491 559 601
 490 524 492 544 516 563 533 487 571 501 522 510 592 564 497
 486 505 477 548 534 520 608 493 580 507 556 539 602 606 614
 567 590 554 595 504 573 603 566 570 598 585 575 568 537 521
 527 506 612 589 538 581 555 547 488 545 502 600 500 550 479
 584 562 475 482 591 515 594 494 546 572 523 577 578 489 558
 499 613 517 607 610 583 471 526 496 542 604 473 481 480 551
 530 574 593 579 582 508 596 536 509 528 485 531 605 518 525
 587 553 535 478 611 552 549 541 565 498 532 599 557 529 503
 519 609 561 472 476 474 513 569 586 512 511 576 540 560 514
 597 622 618 626 624 615 621 617 625 616 619 620 623 630 636
 638 634 633 628 629 632 627 637 631 635 640 645 642 648 644
 646 639 643 649 641 650 647 769 686 696 763 694 667 720 663
 722 741 785 665 787 733 784 737 719 781 777 716 710 793 753
 701 751 707 749 708 676 698 755 697 674 703 729 764 653 691
 654 768 724 685 651 689 728 770 677 683 750 754 675 758 679
 752 748 756 673 681 670 792 672 709 669 782 671 711 668 774
 734 736 664 660 656 771 765 692 767 688 761 661 786 659 789
 657 794 735 723 731 721 739 788 775 783 718 714 779 773 682
 700 757 704 759 699 678 705 680 702 684 706 652 766 790 693
 727 687 725 695 655 762 726 760 742 713 747 776 745 778 743
 717 744 772 746 780 738 658 732 740 662 730 690 712 791 715
 666 838 898 834 900 938 894 934 860 868 931 876 927 812 928
 870 857 806 855 854 852 916 926 918 920 826 910 830 914 890
 911 884 913 820 912 824 907 798 937 864 895 799 901 795 839
 862 897 861 837 816 847 818 925 817 915 815 845 814 923 813
 921 811 875 933 873 803 871 842 840 832 902 836 896 802 858
 874 859 810 932 872 929 808 856 922 924 844 850 848 846 828
 908 892 903 936 904 822 909 888 906 866 899 800 831 796 841
 863 835 797 893 885 887 935 891 819 889 883 829 825 821 823
 827 880 919 881 849 882 843 877 851 878 853 879 917 805 807
 867 809 869 801 804 930 886 905 865 833 949 942 940 941 944
 945 943 947 950 939 948 946 1073 1094 1015 1070 1081 1076 1003 1084
 995 1080 989 1050 1063 980 981 994 987 1054 973 1092 1059 1058 985
 964 961 1060 1057 962 969 984 1043 1040 1091 1036 1033 1064 993 1032
 1047 1038 1035 974 1039 1062 1075 954 1019 1010 1001 1026 957 1078 1087
 1018 1093 1024 1023 1074 1007 952 951 1006 955 996 1013 960 1085 1002
 1005 1008 999 1088 1067 998 1077 1066 1009 1012 1045 1048 1061 1044 983
 992 1055 986 977 976 1051 1042 965 988 967 1052 975 972 971 978
 1037 1046 1053 966 1031 982 979 1034 1029 990 1049 1030 1041 968 991
 970 1021 1004 1011 1020 959 1072 1079 956 997 1028 1089 1016 1083 1022
 953 1082 1069 1090 1017 1000 1065 958 1025 1086 1071 1014 963 1056 1027
 1068 1227 1226 1163 1162 1213 1160 1165 1144 1211 1232 1151 1146 1195 1198
 1207 1140 1205 1204 1141 1120 1137 1190 1199 1126 1115 1130 1131 1184 1135
 1182 1185 1142 1201 1234 1189 1118 1233 1124 1107 1208 1187 1122 1125 1114
 1111 1196 1193 1116 1171 1152 1177 1158 1173 1212 1161 1096 1215 1178 1097
 1150 1223 1098 1219 1102 1103 1218 1169 1228 1225 1170 1145 1172 1149 1224
 1155 1154 1157 1216 1237 1230 1217 1148 1221 1220 1235 1134 1121 1210 1123
 1202 1129 1194 1127 1132 1113 1200 1209 1188 1117 1138 1203 1180 1179 1206
 1119 1186 1181 1192 1109 1236 1133 1110 1197 1112 1183 1128 1229 1100 1147
 1104 1101 1222 1231 1174 1105 1166 1143 1106 1095 1164 1167 1156 1153 1168
 1175 1214 1099 1238 1191 1136 1139 1108 1159 1176 1249 1244 1245 1248 1239
 1250 1247 1242 1241 1246 1243 1240 1258 1261 1260 1251 1253 1254 1252 1257
 1255 1262 1259 1256 1272 1266 1264 1267 1269 1271 1268 1273 1263 1274 1265
 1270 1275 1284 1286 1285 1276 1278 1277 1279 1280 1281 1287 1283 1282 1297
 1291 1289 1292 1295 1296 1298 1293 1288 1299 1290 1294 1300 1301
0 1 11 10 7 6 8 9 13 12 2 3 4 5
 14 15 16 17 18 19 20 21 22 23 24 25 26 36 35
 37 38 28 27 32 31 34 33 30 29 117 86 87 58 59
 107 106 45 44 96 97 120 122 53 114 116 51 40 41 49
 48 113 112 71 70 89 88 172 171 140 139 80 81 63 62
 181 182 132 131 153 154 72 73 166 165 47 46 108 109 128
 127 135 136 102 103 74 75 43 42 105 104 126 125 98 99
 93 92 85 84 56 57 66 67 146 145 121 55 50 118 119
 39 54 52 115 65 64 167 168 124 123 156 155 163 164 178
 177 160 159 158 157 147 148 174 173 61 60 144 143 151 152
 111 110 69 68 141 142 138 137 130 129 180 179 95 94 169
 170 134 133 176 175 77 76 149 150 79 78 100 101 83 82
 90 91 162 161 235 236 201 202 250 249 260 259 195 196 256
 255 309 310 274 273 251 252 227 228 200 199 239 240 322 321
 258 257 323 324 289 290 311 312 295 296 230 229 243 244 245
 246 242 241 248 247 225 226 222 221 223 224 188 187 301 302
 300 299 219 220 281 282 261 262 186 185 183 184 284 283 271
 272 215 216 254 253 278 277 233 234 206 205 294 293 303 304
 286 285 209 210 238 237 217 218 298 297 213 214 232 231 203
 204 318 317 276 275 325 326 207 208 314 313 288 287 190 189
 263 264 197 198 211 212 291 292 191 192 307 308 194 193 320
 319 269 270 315 316 266 265 306 305 267 268 279 280 365 366
 368 367 441 442 407 408 467 468 428 427 421 422 412 411 329
 330 418 417 391 392 447 448 423 424 396 395 456 455 399 400
 389 390 336 335 343 344 328 327 364 363 435 436 414 413 402
 401 386 385 439 440 397 398 394 393 415 416 354 353 337 338
 459 460 373 374 381 382 376 375 380 379 451 452 348 347 332
 331 361 362 334 333 404 403 470 469 369 370 378 377 434 433
 355 356 466 465 444 443 349 350 437 438 341 342 339 340 458
 457 372 371 388 387 384 383 409 410 446 445 351 352 453 454
 420 419 463 464 425 426 449 450 346 345 462 461 360 359 357
 358 432 431 406 405 429 430 523 524 498 497 485 486 537 538
 588 587 532 531 533 534 598 597 529 530 612 611 487 488 613
 614 521 522 514 513 544 543 555 556 599 600 568 567 519 520
 539 540 542 541 535 536 546 545 511 512 516 515 559 560 477
 478 509 510 601 602 557 558 570 569 503 504 473 474 471 472
 551 552 579 580 548 547 507 508 574 573 496 495 525 526 481
 482 610 609 491 492 550 549 490 489 502 501 593 594 584 583
 553 554 581 582 500 499 603 604 505 506 518 517 607 608 577
 578 566 565 528 527 561 562 572 571 605 606 475 476 596 595
 483 484 479 480 494 493 586 585 592 591 563 564 589 590 576
 575 620 619 616 615 625 626 623 621 624 622 617 618 627 628
 629 630 631 632 633 634 635 636 637 638 641 642 649 650 639
 640 648 645 646 647 643 644 697 701 702 705 708 710 709 777
 776 714 713 779 778 718 717 793 792 724 725 790 654 655 730
 731 732 733 734 735 664 665 666 667 738 739 676 675 757 756
 755 754 680 679 682 681 759 758 719 784 785 720 786 787 721
 722 723 788 789 794 762 763 768 769 766 767 689 690 691 692
 791 670 744 745 671 698 699 703 704 706 707 773 772 775 774
 712 711 716 715 781 780 783 782 652 653 726 727 728 729 656
 657 658 659 660 661 736 737 662 663 740 741 674 673 749 748
 751 750 753 752 678 677 684 683 760 761 685 686 764 765 687
 688 770 771 695 696 668 669 742 743 746 747 700 651 693 694
 672 903 904 909 910 911 912 920 919 848 847 922 921 924 923
 926 925 854 853 861 862 797 798 865 866 933 934 871 872 869
 870 803 804 801 802 809 810 820 819 884 883 824 823 886 885
 892 891 936 935 831 832 893 894 937 938 901 902 839 840 841
 842 813 814 879 880 881 882 905 906 907 908 913 914 916 915
 918 917 846 845 850 849 852 851 795 796 863 864 799 800 867
 868 805 806 807 808 873 874 875 876 822 821 828 827 888 887
 830 829 890 889 927 928 855 856 857 858 929 930 859 860 931
 932 833 834 835 836 895 896 837 838 897 898 899 900 877 878
 815 816 817 818 844 843 811 812 826 825 950 939 948 949 940
 942 941 944 945 947 946 943 1029 1030 963 964 1035 1036 967 968
 969 970 1020 1019 1022 1021 954 953 956 955 1026 1025 1028 1027 1066
 1065 1068 1067 998 997 1000 999 1070 1069 1002 1001 1004 1003 1076 1075
 1008 1007 1086 1085 1016 1015 973 974 975 976 981 982 1043 1044 987
 988 989 990 1049 1050 1059 1060 1057 1058 991 992 1063 1064 1031 1032
 961 962 965 966 1037 1038 1039 1040 971 972 952 951 1090 1089 1018
 1017 958 957 1024 1023 960 959 996 995 1072 1071 1094 1093 1074 1073
 1006 1005 1080 1079 1082 1081 1084 1083 1010 1009 1012 1011 1014 1013 1088
 1087 1041 1042 977 978 979 980 983 984 1045 1046 985 986 1051 1052
 1091 1092 1055 1056 1053 1054 1061 1062 993 994 1033 1034 1078 1077 1047
 1048 1179 1180 1111 1112 1181 1182 1115 1116 1183 1184 1117 1118 1096 1095
 1098 1097 1170 1169 1104 1103 1100 1099 1176 1175 1212 1211 1144 1143 1216
 1215 1218 1217 1146 1145 1230 1229 1152 1151 1150 1149 1222 1221 1160 1159
 1164 1163 1232 1231 1189 1190 1125 1126 1131 1132 1195 1196 1199 1200 1139
 1140 1207 1208 1141 1142 1209 1210 1203 1204 1205 1206 1137 1138 1107 1108
 1109 1110 1113 1114 1233 1234 1187 1188 1185 1186 1168 1167 1102 1101 1172
 1171 1174 1173 1106 1105 1214 1213 1220 1219 1238 1237 1226 1225 1228 1227
 1148 1147 1158 1157 1156 1155 1154 1153 1162 1161 1166 1165 1123 1124 1121
 1122 1119 1120 1127 1128 1193 1194 1129 1130 1197 1198 1133 1134 1235 1236
 1135 1136 1201 1202 1178 1177 1224 1223 1191 1192 1245 1246 1250 1249 1241
 1242 1240 1239 1244 1243 1247 1248 1251 1252 1253 1254 1255 1256 1257 1258
 1259 1260 1261 1262 1263 1264 1265 1266 1267 1268 1269 1270 1271 1272 1273
 1274 1275 1277 1280 1282 1281 1287 1283 1284 1285 1286 1279 1278 1276 1294
 1295 1292 1293 1296 1297 1289 1288 1299 1298 1291 1290 1300 1301
0 1 9 4 6 3 10 8 2 13 7 12 5 11
 15 19 638 16 630 25 635 632 22 633 629 14 23 311 292
 232 243 306 215 255 321 208 194 221 281 145 575 121 537 501
 181 157 138 74 610 523 496 605 48 96 560 593 614 114 471
 555 600 134 93 127 561 78 168 492 54 68 124 103 89 104
 137 46 176 583 585 509 64 99 476 547 94 155 603 52 153
 490 478 500 97 579 156 85 564 477 58 512 166 154 42 518
 541 49 130 162 494 53 126 558 177 484 43 565 549 144 60
 113 522 59 586 174 589 142 133 611 141 570 516 577 101 597
 499 538 543 482 507 140 116 594 551 165 504 534 83 148 50
 530 100 152 120 566 539 545 554 519 531 548 472 106 129 505
 125 574 486 173 178 568 167 488 175 525 606 82 79 544 596
 524 573 158 45 430 364 236 32 330 411 396 228 399 244 468
 220 451 282 258 29 339 287 187 27 296 431 317 376 454 278
 366 443 283 389 256 412 225 361 458 211 380 198 300 455 207
 445 238 379 250 36 273 398 356 239 291 444 342 344 271 30
 315 385 397 302 264 449 322 351 33 184 470 367 421 276 365
 352 229 405 446 327 247 375 305 423 395 286 329 452 200 462
 28 265 328 424 37 253 433 303 386 186 193 341 205 420 218
 466 294 35 267 418 216 469 448 259 464 368 345 323 202 353
 354 269 209 38 252 359 350 190 357 222 463 231 242 336 363
 358 31 320 34 313 400 343 297 426 203 459 312 429 453 349
 419 406 196 210 295 275 270 378 183 213 457 372 277 348 450
 467 422 414 387 403 185 441 230 381 307 246 237 388 206 402
 460 333 415 316 456 335 425 447 362 355 199 212 268 284 428
 442 195 234 314 245 280 290 384 377 233 266 224 309 249 279
 461 407 337 332 439 416 262 191 214 326 240 347 410 438 272
 192 383 318 288 217 308 254 392 298 204 304 223 293 370 465
 274 437 346 413 226 394 248 331 289 235 260 401 434 435 432
 436 251 324 325 188 319 261 310 257 382 241 219 393 201 409
 427 197 299 391 227 404 338 301 371 340 360 334 408 390 263
 373 369 417 285 440 189 374 528 40 576 98 39 41 480 108
 557 61 521 75 617 526 117 87 533 159 623 485 483 136 612
 55 546 84 105 604 592 163 170 70 619 540 90 580 151 481
 172 81 615 556 493 92 569 139 618 502 69 532 508 47 602
 86 66 71 487 146 503 180 182 559 616 510 613 102 587 56
 150 73 609 620 169 571 147 553 581 77 107 515 110 62 495
 95 76 80 599 91 520 44 475 621 63 164 149 497 517 135
 550 161 123 567 131 607 122 562 179 542 563 626 65 584 160
 511 474 171 112 491 595 622 506 128 111 514 119 57 109 118
 625 552 529 143 115 489 67 536 88 578 72 132 598 624 590
 51 527 473 535 588 498 601 582 572 608 591 513 479 17 24
 636 20 634 631 637 21 18 628 26 627 644 646 640 645 650
 647 643 649 641 639 642 648 846 918 916 793 714 759 909 936
 913 820 905 751 703 684 706 888 701 740 801 873 666 660 835
 862 837 655 893 795 770 728 897 652 766 863 672 921 744 776
 670 715 746 780 742 923 743 711 894 696 896 902 836 834 765
 688 694 938 769 767 929 741 927 872 855 934 720 737 788 739
 821 889 750 756 681 783 920 777 779 848 712 824 906 886 708
 822 903 755 700 753 907 678 702 869 867 658 662 803 734 695
 797 841 865 831 861 689 790 764 726 768 653 814 917 815 782
 817 853 813 843 877 845 879 713 856 870 794 806 931 812 721
 659 857 661 787 735 758 827 823 883 825 677 850 871 786 808
 752 710 718 773 924 922 781 674 908 884 950 826 697 947 904
 682 910 890 704 809 732 730 807 736 811 691 724 762 800 839
 725 833 939 760 864 693 798 668 717 671 774 669 851 791 847
 747 919 745 849 784 665 860 657 943 868 932 663 789 802 722
 874 829 675 819 946 885 683 926 775 844 942 716 854 676 705
 892 699 749 912 757 914 828 707 656 664 933 944 805 738 685
 654 937 651 948 796 687 866 895 729 882 709 880 772 878 941
 816 792 818 778 763 692 900 686 832 949 761 898 838 771 690
 842 723 733 785 876 858 731 719 804 928 945 930 667 748 679
 673 887 754 935 680 698 901 727 940 915 852 875 859 810 891
 830 911 899 799 881 925 840 1194 1191 1190 1127 1044 1051 1092 983
 1048 1129 1157 1232 1213 1146 1217 1144 1077 1002 1073 1230 1003 1076 1145
 1170 1099 1016 1087 1102 1027 1228 1223 1028 1161 1106 1169 1212 1215 1098
 1007 1020 1103 1004 953 1074 1128 1111 1116 993 1236 971 1118 1203 1124
 1109 990 961 962 1049 1196 965 964 1133 1114 985 1046 963 994 1199
 1202 1141 1126 1121 1058 1059 1136 1045 986 987 1237 1220 1015 1148 1151
 1088 1071 1080 1009 1012 1221 1094 1097 1218 1175 1156 1219 1168 1095 1238
 1019 1006 1001 958 1025 1086 1013 960 1021 1150 1225 954 1075 1172 1093
 1022 1110 1125 1064 1181 972 1197 1208 1187 1192 1179 1112 1119 984 1035
 968 1043 1062 1039 970 991 988 1183 966 1047 1132 1063 955 1072 1108
 1193 976 1055 980 1137 1042 1195 1134 973 1120 1247 1204 989 1081 998
 1165 1070 999 1160 1249 1216 1149 1066 1155 1008 1017 1082 1069 1024 1083
 1090 1089 1164 1153 1018 1143 1240 1171 996 1167 1250 1239 1214 1011 1100
 959 1152 1079 1176 1038 979 1032 1139 1184 1041 1248 1107 974 1113 1040
 1131 1142 967 1052 1117 1182 1057 1036 1201 1200 969 1060 1115 1054 977
 1210 981 1242 1123 992 1235 1050 1207 1198 1061 1067 1084 995 1226 1211
 1244 1227 1014 1005 1162 1023 1000 997 1178 1173 1068 1243 1096 951 1222
 1065 1104 1105 1078 957 1158 1147 1026 1231 956 1101 1010 1056 1031 982
 1037 1034 1053 1206 1033 1186 975 1122 1245 1030 1135 1180 1241 1130 1029
 1246 1189 1188 1091 1085 1224 1229 952 978 1233 1140 1205 1177 1166 1234
 1209 1163 1154 1159 1174 1138 1185 1270 1267 1265 1258 1259 1255 1271 1269
 1263 1252 1260 1253 1256 1262 1264 1275 1261 1268 1274 1257 1251 1266 1272
 1254 1273 1285 1279 1277 1278 1281 1282 1280 1284 1287 1286 1276 1283 1292
 1299 1297 1294 1298 1289 1296 1290 1291 1295 1288 1293 1300 1301
0 1 3 2 5 4 7 6 9 8 11 10 13 12
 17 22 635 631 15 627 629 19 16 26 636 638 21 585 477
 574 544 523 606 594 471 537 566 499 547 263 463 309 314 317
 209 407 333 271 269 266 377 364 462 359 384 367 451 195 319
 315 30 362 189 219 31 349 246 429 371 187 230 260 241 298
 413 294 280 423 249 198 226 277 228 257 253 408 357 307 447
 28 343 327 450 32 372 265 286 293 355 36 418 339 419 27
 33 456 334 258 399 191 224 469 335 38 389 330 416 206 240
 299 439 459 344 425 34 421 433 35 453 403 428 444 214 186
 272 329 365 442 387 250 414 235 238 406 37 29 467 184 370
 412 234 236 436 183 273 438 332 337 410 328 368 320 435 445
 290 254 247 466 458 351 326 341 262 302 188 345 431 210 202
 363 366 369 313 125 561 531 123 611 176 66 153 588 181 136
 532 527 162 545 143 506 474 570 65 536 578 58 164 115 495
 600 121 480 576 152 513 553 180 487 592 57 165 515 160 45
 572 177 87 554 88 134 41 135 520 46 591 167 490 519 112
 49 170 109 83 546 179 106 582 128 482 101 589 567 497 534
 53 569 159 52 484 141 172 85 608 132 42 512 126 528 493
 92 522 504 114 61 507 491 607 150 174 148 498 508 90 514
 584 560 102 581 557 68 535 122 550 168 541 529 571 78 110
 76 97 516 146 602 613 51 559 479 74 601 94 481 91 579
 175 105 496 98 549 100 518 521 55 587 604 140 473 568 577
 575 558 597 533 48 43 616 127 612 509 563 137 149 538 614
 530 485 50 182 84 623 103 77 500 118 80 620 113 108 586
 526 157 89 617 494 488 583 505 492 603 133 79 142 82 95
 44 39 63 511 564 73 71 139 151 555 580 70 117 489 525
 510 130 161 47 69 147 72 119 62 81 56 565 107 75 483
 486 64 625 96 59 476 599 472 111 166 173 610 517 120 598
 615 60 502 158 131 543 621 93 539 590 171 478 609 156 595
 54 178 154 551 562 542 501 596 503 548 163 169 573 624 99
 144 618 40 593 622 104 145 626 116 475 540 155 138 552 86
 605 129 556 619 124 67 524 434 232 252 386 185 393 346 243
 296 380 216 239 455 284 201 381 427 470 426 268 338 411 441
 424 222 297 353 283 432 208 392 270 420 199 464 440 220 207
 347 237 361 295 203 396 305 225 405 217 229 322 244 190 457
 221 402 274 276 379 437 430 300 312 449 204 200 375 417 281
 391 301 288 336 321 340 242 291 422 306 278 231 373 197 256
 205 374 285 388 342 282 259 324 454 316 348 255 390 383 358
 193 264 354 267 292 465 446 404 452 378 275 468 395 303 400
 415 360 194 398 287 212 448 323 385 215 460 248 382 394 227
 356 251 218 397 352 331 311 461 376 211 318 401 304 350 409
 443 223 289 213 233 325 245 192 308 196 310 279 261 24 25
 18 630 634 23 20 628 633 632 14 637 640 639 642 641 644
 643 645 646 647 648 650 649 654 795 864 797 727 870 732 735
 660 804 867 659 933 806 801 945 666 814 669 743 815 745 680
 679 749 821 820 887 886 827 947 681 684 946 894 762 832 764
 765 833 896 837 694 948 690 687 705 906 699 702 903 908 700
 904 909 950 706 704 775 917 924 843 916 847 777 915 920 921
 723 787 720 928 929 862 725 790 796 939 728 665 664 657 871
 934 807 868 658 739 944 663 736 877 880 670 878 940 746 824
 675 678 752 826 883 884 750 751 819 757 754 692 691 686 835
 767 768 834 937 898 831 949 770 718 717 846 709 714 711 844
 776 942 780 716 778 856 785 927 858 943 788 653 671 793 941
 722 655 863 724 652 866 651 733 734 812 738 661 656 667 873
 731 811 876 805 744 881 668 742 816 882 888 758 830 756 755
 891 936 683 676 677 674 935 696 897 938 695 840 689 763 766
 761 901 838 839 783 923 779 925 781 853 926 919 773 849 922
 851 721 859 931 789 932 719 726 799 865 729 798 800 741 803
 737 875 810 662 802 809 874 730 672 879 817 747 818 791 759
 825 753 748 682 889 828 829 890 673 688 899 769 685 902 693
 842 760 900 895 708 907 703 911 913 707 698 701 914 697 910
 912 848 782 852 715 712 774 710 713 850 792 854 772 794 857
 784 786 930 860 808 740 892 885 771 841 861 813 918 845 855
 872 869 822 823 836 893 905 1024 1023 1104 1095 1020 1167 1096 1019
 960 1239 966 963 1184 1179 1108 1113 1180 961 970 1245 1036 967 1056
 1055 980 1125 1128 981 1194 975 978 1191 1046 987 1190 1135 1130 1121
 1122 983 1242 991 1050 1091 1082 1081 1070 1145 1068 1237 1076 1093 1222
 1213 1214 1071 1002 1143 1250 1009 1012 1243 1244 1013 1078 1005 1170 1089
 1022 953 1168 1171 1102 1099 1240 1025 956 957 1038 1037 1110 1033 1032
 1111 962 1107 1116 1181 1246 1039 1054 1053 986 1047 1124 1195 1134 1119
 1044 1189 984 1123 1132 1197 1236 1199 1058 1241 1248 1059 1062 1247 1052
 989 1084 1083 1218 999 1220 997 1074 1003 1212 1149 1144 1229 1072 1211
 1216 1001 1228 1151 1148 1223 1086 1249 1008 1079 1018 1097 1120 1043 1226
 1215 1028 1103 1174 955 1090 1021 954 1017 1106 959 1178 1101 1114 971
 968 1185 1234 1035 1040 1187 964 1031 1186 1115 994 1133 1064 1129 1196
 1063 1140 1049 990 1205 1208 1061 1048 979 1202 1057 992 1203 974 1207
 1042 1201 1200 1137 1230 1087 1154 1007 1094 1069 1010 1157 1000 1073 1066
 1231 1164 1227 1152 1165 1162 1065 1224 1153 1158 995 996 1155 1172 1027
 958 1177 1026 1175 952 1105 1100 1173 1176 951 972 1183 1034 965 1118
 969 1188 1029 1182 1233 1136 993 1138 1051 1092 1209 1060 1141 976 985
 982 1045 1210 1131 1198 1139 1142 973 1206 1235 1204 1041 1150 1015 1016
 1221 1088 1225 1006 1163 1080 1159 1156 1085 998 1075 1232 1011 1004 1067
 1014 1161 1160 1147 1030 1117 988 977 1166 1077 1098 1169 1126 1193 1146
 1219 1112 1109 1192 1127 1238 1217 1262 1259 1275 1253 1261 1270 1257 1263
 1266 1252 1264 1271 1255 1265 1267 1254 1272 1274 1260 1273 1256 1258 1268
 1251 1269 1299 1290 1297 1295 1292 1288 1298 1294 1291 1289 1293 1296 1283
 1279 1280 1286 1287 1278 1285 1281 1276 1282 1284 1277 1300 1301
0 1 7 12 10 8 13 2 5 11 4 9 3 6
 27 370 438 458 443 354 429 448 329 383 335 392 461 615 624
 30 35 38 34 29 31 616 625 620 622 264 607 595 196 318
 596 519 531 501 541 544 198 306 22 218 25 292 312 313 606
 504 593 488 493 487 191 219 187 322 496 539 229 259 613 529
 251 293 258 231 566 484 567 578 227 279 254 268 497 502 20
 18 473 591 505 472 204 319 611 471 603 543 553 520 298 214
 605 530 549 509 480 510 563 474 206 234 276 15 273 19 300
 239 238 296 208 226 309 569 508 307 241 599 511 16 23 201
 325 221 255 489 590 597 507 499 512 568 524 573 614 183 288
 587 540 610 554 523 589 247 269 483 542 601 588 266 199 282
 209 17 26 211 283 244 271 571 485 301 245 495 559 289 185
 572 498 21 24 144 177 140 175 153 124 445 380 411 466 416
 334 172 161 152 126 449 344 422 347 80 61 159 163 332 372
 404 349 73 123 151 164 435 403 361 328 351 398 116 59 421
 342 160 111 417 382 55 40 377 408 95 150 453 441 340 402
 90 171 463 386 138 142 69 170 53 46 450 388 405 365 78
 127 158 178 419 338 180 169 359 464 451 375 427 355 119 105
 101 94 97 99 393 434 146 63 399 396 389 358 413 442 118
 98 432 373 81 128 107 41 439 333 425 409 455 364 51 86
 423 379 162 176 327 468 79 130 400 459 109 47 50 48 134
 145 394 346 114 45 93 58 137 133 367 356 431 470 225 278
 576 557 574 518 286 186 586 558 285 192 486 545 592 475 242
 297 564 482 267 200 246 299 207 236 513 582 224 240 602 526
 555 570 260 326 190 220 491 604 584 506 580 533 315 228 521
 550 232 194 237 223 215 243 532 546 547 579 281 311 600 585
 257 324 515 481 323 203 479 527 608 535 305 250 303 252 197
 261 263 262 503 517 537 490 294 216 317 202 594 534 295 249
 538 577 272 304 256 265 280 277 233 274 528 552 235 275 210
 212 562 612 477 561 270 308 310 316 556 514 581 598 478 583
 189 290 536 609 548 494 492 565 516 476 188 217 522 551 193
 320 560 525 500 575 291 184 433 424 414 428 42 104 418 352
 120 96 72 112 381 457 174 89 385 469 167 181 395 341 91
 77 330 420 628 634 139 76 447 331 52 85 108 122 350 343
 362 440 348 460 371 337 363 426 374 360 638 633 70 143 632
 629 467 415 155 154 635 630 102 117 100 148 436 387 345 446
 637 627 631 636 430 339 454 368 44 57 92 39 406 378 366
 336 103 49 376 412 71 88 68 168 141 64 132 147 353 357
 62 65 384 407 66 182 67 179 131 136 390 401 173 157 149
 135 84 87 410 369 465 391 129 82 110 75 437 456 60 83
 125 74 156 166 56 115 452 462 43 54 165 113 106 121 397
 444 619 617 28 37 618 623 32 36 14 33 621 626 213 248
 253 222 284 314 205 302 321 287 195 230 645 640 648 642 646
 644 639 643 649 641 647 650 838 767 765 949 840 719 657 720
 735 931 934 860 868 856 806 786 739 850 916 852 924 922 904
 892 950 947 700 678 701 684 703 759 907 822 831 865 893 863
 689 655 693 654 895 798 764 653 887 675 673 885 679 683 819
 829 935 748 754 946 925 881 772 669 917 815 778 668 782 744
 811 944 734 666 875 769 694 686 761 938 836 789 665 929 870
 858 804 787 659 943 945 784 663 716 710 783 779 777 714 704
 676 699 674 912 884 914 890 909 824 708 755 685 727 691 729
 897 861 948 939 766 728 833 800 709 791 845 879 713 746 941
 940 843 817 853 877 740 662 801 871 738 664 842 942 792 671
 807 834 902 696 688 763 690 788 661 723 667 722 733 927 812
 932 874 930 802 920 846 844 926 848 918 705 682 903 936 707
 680 910 828 905 888 698 757 837 862 760 725 762 651 839 796
 937 864 695 726 919 816 776 743 921 814 774 745 923 813 780
 742 660 658 730 732 803 869 692 771 900 832 894 896 855 808
 859 810 794 737 928 876 785 731 773 775 793 712 781 718 908
 826 911 830 702 751 697 749 706 753 901 866 768 790 687 724
 841 795 899 799 756 758 823 825 883 889 677 681 821 827 750
 752 711 670 851 878 847 880 717 747 849 818 715 672 809 933
 873 867 656 736 721 741 906 886 770 652 898 854 915 882 805
 857 872 913 820 835 797 891 1146 1221 1154 1163 1014 1081 1232 1213
 1066 999 1202 1121 1092 1063 1136 1127 1134 1195 1194 1199 980 973 1116
 1125 988 1039 1114 1193 982 967 972 1049 1036 979 1206 1107 1188 1201
 964 991 1138 1185 1192 1183 1168 1161 1010 1023 1170 1223 1006 1027 1024
 1011 1020 1093 1166 1177 956 1069 1214 1173 1074 1019 960 1075 1002 1003
 1084 1085 1080 1015 1076 1071 1162 1155 1148 1237 994 1051 986 983 1198
 1235 1054 1061 1120 1137 1042 981 1046 961 1236 1111 1030 975 1200 1115
 1128 1181 1034 1091 1052 1031 1112 1133 990 971 1184 1135 1108 1203 1038
 1057 1086 1021 1176 1231 1222 1171 1178 1143 1106 1215 1004 1025 1100 1147
 1150 1169 952 997 1212 1175 954 1013 1164 1167 1216 1165 978 1029 1078
 1017 1094 1009 1244 1249 1220 1151 1070 995 1088 1077 1144 1157 1050 977
 976 989 1058 1045 1126 1129 1204 1207 992 1055 1208 1179 1180 1139 962
 1047 1130 1113 1186 1189 1032 1041 1064 1035 1122 1233 984 963 968 993
 1062 965 1246 1241 1158 1105 1228 1097 1072 953 1104 1229 1240 1243 1156
 1095 1096 1153 1022 1001 1082 959 1238 1103 1102 1145 1018 1065 998 1005
 1012 1073 1230 1217 1160 1211 1226 1149 1224 1227 1242 1247 1132 1191 1140
 1205 1210 1123 1190 1141 1060 1037 1182 1131 1124 1187 1110 1197 1196 1109
 1040 1053 974 1033 1142 1117 1234 1209 970 985 1248 1245 1174 1159 1172
 1219 1218 1099 1028 1007 1068 951 1026 1083 1152 1101 1000 957 1090 1079
 1250 1239 1016 955 1044 987 1118 1119 1098 1225 1008 1067 1056 969 996
 1089 1048 1059 966 1043 958 1087 1273 1266 1270 1271 1268 1264 1274 1269
 1265 1267 1263 1272 1253 1258 1260 1255 1254 1262 1261 1256 1257 1251 1252
 1259 1275 1300 1293 1287 1279 1291 1289 1299 1286 1282 1276 1281 1297 1280
 1285 1284 1278 1296 1294 1295 1290 1288 1292 1283 1277 1298 1301
0 2 648 12 9 649 8 646 640 642 5 643 6 4
 14 16 15 18 17 20 19 22 21 24 23 26 25 471 599
 531 571 608 526 478 576 553 539 494 534 185 427 431 311 34
 187 430 31 315 462 456 383 213 307 238 292 424 389 188 262
 349 186 224 272 394 360 276 200 184 183 221 38 217 397 336
 309 36 387 395 220 223 333 228 226 454 260 338 447 318 209
 33 334 445 388 261 302 438 342 304 459 216 407 196 411 409
 211 28 453 464 35 278 290 189 332 364 222 199 219 406 258
 287 319 345 239 329 429 197 30 428 227 225 327 300 426 208
 469 365 326 294 379 373 399 305 323 268 254 295 194 274 297
 269 206 192 285 369 420 382 377 37 322 263 29 350 348 279
 32 390 371 281 398 284 461 422 386 256 265 328 434 27 314
 381 283 282 412 61 79 115 66 126 160 148 504 538 150 135
 619 509 611 572 166 116 78 579 586 167 181 64 626 503 535
 477 176 600 41 621 96 484 485 533 162 114 69 60 39 68
 67 43 89 177 105 499 488 169 180 58 93 588 559 604 51
 52 483 128 81 596 497 506 562 129 82 44 57 545 609 510
 141 570 146 86 622 592 548 70 157 532 123 145 551 581 142
 625 138 524 496 134 615 613 520 49 554 525 73 46 164 108
 75 149 614 120 591 523 147 481 118 537 602 620 95 616 63
 582 557 569 511 603 501 618 132 624 98 540 156 575 107 91
 472 607 103 482 594 623 85 77 493 617 100 552 583 42 573
 474 505 564 152 104 606 487 597 55 547 97 527 117 502 170
 48 54 568 560 492 158 491 137 514 106 83 179 155 550 99
 113 519 45 124 513 151 584 140 544 131 110 508 516 561 174
 529 476 133 556 580 601 112 109 555 122 549 517 144 542 71
 159 515 563 65 154 495 541 587 598 47 173 566 127 40 567
 87 528 53 612 171 521 500 522 163 565 94 165 56 59 161
 475 111 543 143 490 119 172 558 577 178 473 125 578 595 546
 574 102 182 139 512 101 518 168 72 76 92 605 498 593 121
 489 84 175 130 589 88 585 479 62 507 486 50 74 480 610
 590 90 80 530 136 536 153 244 446 198 415 190 207 433 251
 356 310 257 404 308 358 357 384 436 204 259 288 321 443 396
 235 419 375 241 401 203 441 340 405 457 298 416 250 271 289
 368 306 467 374 191 293 264 362 253 195 363 352 442 280 273
 376 335 230 303 237 266 325 245 330 347 236 458 370 392 205
 201 378 418 218 267 299 248 354 423 449 240 215 296 414 202
 455 277 344 440 385 234 444 361 249 275 286 301 255 317 291
 468 193 246 372 312 353 463 252 313 465 231 343 324 439 413
 400 355 232 417 233 210 451 320 450 346 403 466 242 435 316
 243 432 331 391 339 214 402 212 410 229 247 452 367 421 351
 270 470 393 408 425 366 437 341 448 337 460 380 359 628 627
 630 629 632 631 633 634 635 636 638 637 647 11 13 10 650
 1 645 639 644 7 641 3 673 752 677 679 758 975 1090 1043
 1020 985 1022 1091 958 1053 1024 1057 960 762 685 764 691 695 791
 951 668 1089 743 1021 671 1023 747 1025 746 959 1257 774 1260 778
 1261 715 1262 717 1253 792 1255 782 697 699 698 700 702 701 704
 703 705 707 706 708 1031 732 965 660 963 734 967 662 1037 664
 973 983 989 1051 1055 675 748 754 756 683 681 1041 952 979 1018
 1047 954 1049 956 991 1026 993 1028 768 766 687 689 693 770 669
 1017 670 1019 742 953 744 957 745 955 672 1027 1251 772 1256 709
 1252 776 1259 713 1258 711 1254 780 1029 730 1033 656 961 658 1035
 736 969 666 971 740 981 977 987 1045 1061 1059 750 760 1039 738
 1063 819 883 885 827 829 891 1131 1102 1135 1172 1197 1100 1133 1104
 1209 1178 1203 1176 835 893 895 837 901 841 877 1167 813 1097 814
 1169 880 1103 816 1099 881 1173 1264 843 1263 915 1269 917 1272 921
 1273 851 1268 853 1107 867 1111 869 1183 807 1187 811 1185 809 1117
 873 1191 1127 1195 1129 1137 1205 821 823 887 825 935 889 1189 1168
 1125 1098 1193 1170 1201 1106 1139 1174 833 831 937 897 839 899 878
 1095 815 1101 879 1171 818 1175 882 1177 1270 845 1271 919 1266 923
 1274 925 1267 849 904 903 906 905 908 907 910 909 912 911 914
 913 1179 933 1109 871 1181 805 1115 801 1113 803 1233 875 1123 1121
 1235 1199 1207 1141 1119 1096 817 1105 1265 847 946 948 1245 944 1247
 1241 1240 940 1239 1275 941 950 761 996 769 1074 690 1006 688 1078
 694 1010 1044 720 1048 787 986 786 1092 722 1058 789 994 794 651
 1065 1067 978 725 1069 999 982 724 997 790 1001 1003 988 652 1093
 726 1079 1085 1062 1015 1064 1066 773 676 657 998 775 751 659 1094
 714 1080 716 757 737 1014 793 684 667 682 739 1088 783 686 1000
 765 1072 767 1004 692 1082 771 1086 696 1016 1042 719 980 784 976
 785 1050 721 1054 723 992 788 995 974 1071 984 653 1075 1073 1046
 1005 990 727 1007 1081 1056 654 1083 1009 1060 729 1013 728 1011 655
 1087 674 731 1070 710 749 733 1002 777 1076 712 678 661 1008 779
 755 663 1084 718 680 665 1012 781 759 741 763 1068 1077 1052 753
 735 832 1212 836 1218 838 1228 896 1152 898 1150 902 1158 1190 928
 1194 855 1126 856 1136 858 1132 930 1202 932 1211 1124 796 1215 795
 1143 1217 1128 862 1219 864 1225 1151 1200 1149 1196 1221 1130 799 1153
 1163 1206 866 1161 820 868 822 870 886 802 1230 924 1224 920 830
 876 1232 854 1162 850 892 810 890 812 1160 852 1154 926 834 1214
 894 1238 938 1222 840 1164 842 1156 900 1166 1120 927 1198 929 1134
 857 1210 859 1204 931 1213 1122 861 1145 1237 1192 863 1229 1227 1236
 798 1223 1157 1142 1155 1208 800 1159 865 1231 1165 1138 1144 844 1216
 916 884 934 1220 918 824 872 1226 848 828 806 826 808 1148 922
 888 804 936 874 1140 860 797 1147 1146 846 949 1250 1249 1248 947
 945 1242 943 939 1243 1244 942 1030 962 1040 970 972 1032 1034 966
 964 1036 968 1038 1180 1108 1184 1114 1188 1118 1110 1112 1182 1116 1186
 1234 1246 1293 1297 1295 1290 1298 1292 1288 1296 1294 1299 1289 1291 1284
 1278 1281 1276 1283 1277 1286 1282 1285 1280 1287 1279 1300 1301
0 14 26 20 22 24 17 25 23 15 21 16 19 18
 1 9 11 6 13 12 3 10 4 8 5 7 2 32 29
 28 34 37 27 36 30 38 33 31 35 59 121 41 44 115
 42 119 122 47 114 57 86 105 102 106 85 108 117 49 58
 39 133 142 127 130 137 145 166 154 173 178 179 182 168 170
 151 159 176 172 82 79 80 83 78 81 104 54 50 103 147
 136 126 164 118 97 144 158 116 93 120 99 155 124 52 87
 84 51 53 109 55 107 162 140 149 131 48 43 96 56 92
 45 98 40 46 150 101 161 90 62 141 134 63 113 156 60
 129 157 89 64 138 163 111 128 61 148 94 65 146 88 143
 112 123 74 152 169 67 100 132 135 95 75 160 125 110 139
 91 167 66 165 72 153 73 171 77 68 181 175 76 180 69
 70 177 174 71 439 416 337 332 361 468 338 330 329 331 389
 353 348 400 408 406 387 403 341 399 340 390 433 379 381 443
 436 450 413 453 385 431 402 430 334 467 438 410 442 428 384
 377 455 426 448 420 463 469 461 465 346 434 351 444 366 383
 378 365 360 432 451 412 423 445 422 460 457 417 429 357 343
 404 344 388 339 354 347 342 405 336 407 335 441 368 367 427
 386 359 401 358 345 380 382 352 447 372 370 456 356 454 449
 350 437 364 440 328 363 409 327 415 392 452 397 458 396 459
 394 446 393 424 391 411 398 418 395 421 371 419 435 349 355
 414 369 425 373 470 376 466 362 333 375 462 374 464 291 288
 191 190 192 186 322 217 264 262 185 189 257 203 201 260 253
 255 273 233 259 195 312 284 235 276 194 258 313 281 252 272
 270 241 187 321 289 286 240 237 267 266 315 279 309 278 317
 325 323 319 224 239 206 274 207 275 238 223 213 269 199 256
 193 204 303 293 301 299 307 297 295 305 202 196 271 215 200
 254 261 198 263 197 290 220 304 244 211 314 292 184 250 306
 310 228 308 247 245 302 316 226 268 222 251 216 214 242 205
 234 311 209 285 219 183 287 265 221 208 236 246 300 277 227
 283 210 243 294 212 282 225 280 249 296 298 248 231 324 229
 326 232 320 218 188 230 318 561 583 476 481 475 473 505 611
 550 551 474 482 497 531 543 491 547 533 588 526 486 532 558
 600 578 524 483 544 580 594 573 529 545 571 477 612 582 556
 522 528 586 576 563 591 597 569 609 608 613 605 521 509 587
 496 577 490 527 510 502 572 484 492 488 534 565 604 560 602
 589 568 553 596 485 498 503 574 487 548 552 479 480 549 541
 603 555 508 593 493 590 537 471 562 513 598 535 595 601 540
 516 592 504 530 501 546 575 512 525 495 599 499 581 507 472
 584 585 511 523 489 539 559 514 570 557 500 566 542 515 564
 579 494 567 538 554 536 520 610 614 518 517 606 478 506 519
 607 621 616 619 623 617 622 615 620 618 626 625 624 639 645
 641 648 646 643 640 650 644 642 649 647 627 633 629 636 632
 635 628 631 638 630 637 634 689 756 703 755 737 656 794 774
 782 698 758 724 696 676 759 710 672 738 789 792 682 667 766
 691 786 664 677 705 753 680 712 671 742 718 730 722 761 727
 651 690 674 757 791 716 731 663 768 660 787 711 752 702 653
 767 678 714 743 735 720 666 700 681 750 706 790 694 751 684
 762 709 725 686 749 662 721 726 688 779 744 685 695 784 740
 748 708 763 655 668 783 733 741 683 707 729 771 781 747 734
 723 713 717 701 679 769 654 652 692 661 665 760 687 719 736
 772 778 673 704 697 754 773 745 764 770 658 788 776 780 765
 728 777 746 659 739 732 785 675 699 775 669 715 693 670 793
 657 1006 1007 1035 1092 1080 955 1031 994 1034 1063 976 971 977 972
 1017 1088 1067 1028 1060 1057 969 992 1026 1085 1075 1082 985 1056 988
 1053 964 1055 965 1054 1021 1084 996 1079 1065 1078 1041 1052 1029 1050
 951 1008 952 1005 1072 1013 984 991 983 970 1071 960 1019 1012 1020
 1009 978 975 1032 981 1070 1089 990 1049 968 1051 958 1077 1000 1087
 982 993 979 1064 1090 1015 998 1027 1010 1011 1040 1061 1014 959 1004
 1083 1048 1037 1045 1038 954 1081 1094 1023 974 1091 1042 967 1030 989
 1066 957 995 956 1074 1093 1046 1047 966 987 963 986 1076 953 1022
 1003 1001 1086 1043 1062 1044 1039 961 1058 962 1059 1002 1025 1068 997
 1033 980 1018 999 1069 1016 1073 1024 973 1036 1260 1254 1252 1253 1257
 1256 1255 1258 1262 1251 1261 1259 839 841 912 889 800 902 900 865
 882 850 921 923 909 825 827 907 896 863 815 848 806 808 937
 893 856 805 807 855 871 930 858 869 847 845 821 910 908 823
 898 861 846 816 870 802 901 831 928 875 932 867 915 925 914
 883 842 795 796 840 854 877 878 852 844 881 874 934 809 931
 851 853 829 913 892 936 926 817 876 812 837 897 801 857 929
 803 797 938 886 888 920 879 835 895 917 919 887 905 906 885
 862 838 864 836 824 828 826 822 814 922 924 813 880 918 804
 872 833 899 811 927 933 859 849 843 935 903 819 911 866 834
 832 799 890 820 884 830 818 916 868 810 860 873 894 798 904
 891 1164 1161 1139 1208 1233 1202 1210 1187 1186 1141 1165 1106 1223 1150
 1236 1133 1197 1196 1199 1114 1132 1183 1151 1172 1218 1147 1222 1219 1229
 1238 1125 1200 1130 1193 1184 1127 1194 1115 1110 1235 1191 1182 1171 1146
 1097 1224 1104 1217 1143 1166 1189 1138 1120 1185 1207 1108 1117 1190 1167
 1154 1155 1168 1176 1213 1216 1177 1096 1163 1162 1095 1105 1144 1153 1156
 1206 1203 1137 1118 1173 1232 1178 1157 1160 1175 1228 1225 1181 1136 1116
 1129 1148 1103 1102 1221 1145 1152 1135 1192 1128 1131 1195 1112 1111 1198
 1113 1126 1237 1100 1170 1227 1226 1169 1149 1098 1220 1101 1231 1212 1158
 1215 1214 1159 1142 1119 1122 1209 1188 1121 1107 1140 1180 1205 1204 1179
 1123 1234 1211 1174 1099 1230 1134 1109 1201 1124 1274 1267 1270 1272 1264
 1273 1271 1265 1266 1269 1268 1263 948 941 942 940 945 944 943 946
 950 939 949 947 1250 1243 1246 1247 1240 1249 1248 1241 1245 1242 1244
 1239 1275 1281 1279 1278 1277 1285 1276 1286 1287 1284 1280 1282 1283 1290
 1296 1288 1293 1295 1291 1299 1292 1289 1298 1297 1294 1301 1300
1 0 7 12 11 5 13 2 8 10 9 4 3 6
 14 624 615 619 617 623 618 626 621 616 625 622 620 635 630
 637 627 638 633 636 631 628 634 629 632 296 322 187 224 240
 233 274 291 184 197 261 198 302 300 292 239 321 206 234 250
 305 324 257 251 293 303 252 298 214 308 270 191 219 279 227
 200 267 211 283 193 320 258 231 203 323 246 299 301 245 220
 190 314 284 295 249 202 317 275 235 207 236 325 201 263 262
 223 237 217 188 288 183 268 254 280 277 273 205 306 264 208
 238 276 218 287 228 315 199 266 194 232 204 319 229 259 243
 215 195 230 244 271 212 210 304 272 192 285 216 294 260 326
 196 318 256 265 316 310 309 226 289 185 222 253 311 281 221
 255 278 225 241 307 247 269 313 312 290 189 209 282 286 186
 213 248 242 297 109 47 158 178 41 107 174 89 70 143 78
 127 135 149 48 50 125 74 101 94 82 129 115 56 98 118
 175 140 76 139 179 67 134 145 106 121 71 88 163 159 104
 42 166 156 73 123 131 136 81 128 44 57 97 99 105 119
 54 43 167 181 133 137 87 84 169 180 93 58 62 65 160
 111 164 151 61 80 132 147 49 103 102 117 152 126 75 110
 170 69 138 142 114 45 96 120 113 165 72 112 162 176 77
 91 144 177 122 108 157 173 46 53 63 146 92 39 182 66
 85 52 86 51 64 141 59 116 168 68 155 154 161 172 171
 90 124 153 95 150 130 79 55 40 83 60 100 148 440 362
 385 469 464 359 467 415 379 423 373 432 358 389 369 410 343
 350 408 377 426 363 449 344 457 381 429 354 355 427 430 339
 332 372 361 328 348 460 433 424 428 414 341 395 374 360 337
 371 461 392 346 394 335 383 352 418 380 445 329 448 435 403
 340 402 412 376 406 378 370 438 443 458 437 456 401 390 388
 450 434 393 446 345 421 342 465 391 454 368 334 416 417 382
 431 470 409 425 336 366 422 347 356 367 353 357 419 338 365
 405 387 436 399 396 468 327 441 453 397 444 384 407 463 386
 349 404 462 452 442 413 459 400 351 398 455 364 375 451 447
 331 411 466 333 439 330 420 559 495 515 481 475 592 601 588
 551 522 474 563 492 565 585 600 520 553 537 490 542 483 519
 596 472 505 576 557 531 501 500 575 518 574 496 539 569 508
 550 521 546 532 513 582 473 591 517 503 493 487 510 480 578
 567 612 562 552 528 529 613 499 512 536 609 580 533 489 590
 506 584 604 491 543 603 599 511 607 595 549 509 479 527 488
 593 598 581 498 572 471 611 602 526 482 564 484 566 524 568
 507 597 586 558 606 504 502 497 589 523 608 535 556 514 587
 540 485 571 583 478 577 538 516 476 554 610 548 494 570 555
 545 486 477 561 544 541 614 573 547 579 534 594 560 525 530
 605 16 23 18 20 17 26 22 25 19 15 24 21 30 35
 37 28 34 38 32 36 27 33 29 31 646 644 647 650 645
 640 643 639 641 649 648 642 891 825 823 885 935 877 853 879
 845 880 847 818 849 815 917 813 923 801 871 875 811 807 797
 835 798 895 795 841 865 831 796 839 866 901 890 914 830 911
 936 903 822 907 886 906 884 912 898 938 836 842 902 834 894
 896 840 900 832 838 806 856 876 928 874 932 808 855 868 860
 854 922 844 926 924 829 819 883 889 827 821 882 915 881 925
 814 921 878 851 816 919 817 843 809 933 869 803 873 867 861
 897 800 833 799 899 862 837 864 937 863 893 820 913 892 904
 824 909 828 910 888 905 826 908 872 857 804 858 934 931 802
 930 810 859 870 929 850 916 920 846 848 918 887 805 812 927
 852 677 681 673 675 752 750 668 778 745 774 791 709 672 715
 742 780 671 792 666 734 664 738 740 662 725 760 729 691 653
 764 652 770 728 766 724 687 680 707 751 702 674 699 755 708
 682 705 678 700 741 721 659 787 661 788 663 784 737 794 657
 719 716 710 773 775 781 718 748 754 758 756 679 683 747 717
 744 782 669 772 746 713 670 711 656 736 658 660 732 730 726
 695 654 693 790 768 727 685 651 762 759 703 676 704 749 697
 753 706 684 701 690 763 769 694 692 771 765 767 688 696 761
 686 731 785 665 789 739 786 735 720 667 723 733 722 793 712
 783 779 777 714 743 776 655 689 757 698 946 944 945 943 942
 940 941 939 948 947 950 949 1067 1008 1071 1076 1015 1080 999 1066
 1081 1014 1050 977 994 1051 980 973 986 983 1042 981 1058 1045 966
 1043 1060 1037 962 1047 1062 965 970 985 968 993 982 967 1034 1091
 1038 1057 1052 1031 984 963 1089 996 1007 1028 957 1000 1083 1026 1025
 1004 1027 1006 997 952 1023 1010 1093 1020 1075 960 955 1016 1077 1088
 1073 1012 1085 1084 1009 1094 1003 1002 1005 998 1048 1059 992 1055 1044
 987 1054 1061 976 989 1092 1063 1056 969 974 1033 972 1049 978 1029
 1046 961 964 991 1064 1035 1032 1041 990 971 1030 975 1036 979 1040
 1053 1087 958 951 1068 1079 1090 953 1072 1019 1074 1013 954 1017 1078
 1069 956 959 1082 1001 1022 1021 1086 1065 1018 995 1070 988 1039 1011
 1024 1155 1162 1227 1224 1217 1230 1151 1220 1237 1148 1157 1144 1134 1195
 1204 1207 1140 1205 1202 1121 1210 1123 1132 1191 1192 1183 1114 1193 1116
 1125 1124 1187 1186 1189 1188 1201 1142 1117 1206 1107 1138 1185 1184 1135
 1236 1111 1182 1131 1215 1106 1219 1172 1229 1104 1169 1150 1101 1152 1161
 1168 1095 1156 1105 1158 1231 1176 1153 1096 1167 1164 1177 1166 1163 1154
 1149 1226 1221 1146 1213 1232 1211 1160 1165 1216 1198 1235 1190 1141 1120
 1137 1136 1127 1126 1129 1128 1181 1118 1119 1122 1233 1108 1203 1208 1179
 1234 1209 1130 1113 1196 1109 1112 1133 1110 1197 1200 1115 1175 1212 1173
 1214 1143 1178 1099 1218 1145 1102 1171 1222 1225 1098 1223 1170 1097 1228
 1147 1100 1159 1174 1194 1199 1180 1139 1103 1238 1249 1244 1248 1245 1243
 1240 1242 1247 1246 1241 1239 1250 1298 1291 1294 1296 1293 1289 1299 1295
 1290 1292 1288 1297 1278 1284 1285 1280 1279 1287 1286 1282 1281 1276 1277
 1283 1300 1272 1273 1263 1267 1266 1271 1270 1274 1264 1265 1269 1268 1261
 1256 1259 1252 1260 1255 1253 1258 1254 1262 1251 1257 1275 1301
