0 4 3 2 1 5 6 7 8 11 13 9 12 10
 21 15 20 25 18 33 16 14 26 29 31 17 22 27 32
 23 30 24 28 19 38 36 35 41 34 40 39 37 44 45
 42 43 46 48 47 50 49 57 60 64 66 62 61 51 63
 65 52 56 55 58 53 59 54 67 68 69 70 73 76 71
 78 77 72 75 74 79 80 91 83 82 84 88 86 96 85
 100 93 81 98 90 94 95 87 99 92 97 89 103 109 101
 105 104 108 110 106 102 107 114 115 120 111 112 118 119 116
 117 113 122 121 124 123 125 127 126 136 129 139 131 135 145
 144 132 128 137 138 130 143 142 141 140 134 133 150 147 164
 149 146 160 152 165 155 154 163 159 162 157 151 161 158 156
 148 153 171 169 170 167 168 166 173 172 175 174 182 194 185
 183 193 191 176 179 207 178 211 199 189 188 205 181 208 180
 177 210 203 206 213 187 215 212 214 196 209 190 197 184 192
 204 195 186 201 198 202 200 227 223 226 224 255 225 231 217
 219 221 218 216 254 251 250 222 253 244 241 242 246 240 245
 243 237 234 235 239 233 238 236 249 252 247 230 229 248 232
 228 220 269 293 281 277 268 295 286 273 274 266 265 285 260
 256 294 276 283 263 264 287 271 259 289 290 282 258 280 272
 291 267 262 275 292 278 279 284 288 257 270 261 303 304 305
 301 302 299 300 296 297 298 320 331 337 324 332 336 343 339
 338 330 328 334 344 333 306 345 342 325 309 323 340 335 316
 341 315 307 310 319 317 327 311 308 314 313 326 329 322 312
 318 321 352 353 350 354 348 355 346 347 349 351 362 391 371
 369 374 392 356 372 384 387 375 390 382 359 388 358 363 386
 360 366 379 395 394 376 393 385 368 389 364 381 373 365 370
 383 367 357 361 380 378 377 400 399 398 397 396 437 412 420
 428 435 423 415 426 424 417 429 402 416 427 407 413 410 419
 418 403 432 438 406 409 431 408 414 404 411 440 425 421 439
 436 405 434 401 422 433 430 443 449 441 446 448 444 450 445
 442 447 466 467 468 469 474 475 476 473 470 472 471 479 481
 480 478 451 452 453 454 459 461 460 458 455 456 457 490 465
 462 464 463 487 489 488 486 485 482 484 483 477 517 497 525
 516 515 499 492 500 496 498 503 514 501 528 527 520 518 513
 522 521 523 529 508 502 495 494 491 507 524 506 510 509 511
 519 493 530 505 504 512 526 542 546 568 549 548 569 560 566
 558 552 563 531 561 553 567 532 565 535 534 555 557 540 544
 570 550 559 551 539 556 537 543 564 541 562 547 538 545 533
 536 554 573 579 571 580 578 577 576 575 572 574 583 584 581
 582 587 590 585 589 588 586 592 591 596 597 599 593 594 600
 595 598 610 608 609 606 607 604 605 602 603 601 621 646 619
 649 641 622 644 635 613 623 611 616 620 638 630 645 640 643
 648 625 647 637 634 633 618 639 632 624 636 627 615 650 628
 617 626 612 631 629 614 642 653 667 651 674 675 673 671 679
 662 684 668 659 686 690 688 685 652 661 682 672 657 670 656
 654 655 678 680 676 658 677 683 669 681 660 666 663 689 665
 687 664 701 697 708 704 706 703 692 710 700 699 691 709 696
 694 707 695 705 693 702 698 713 721 711 722 726 729 728 727
 723 725 712 714 719 730 720 715 718 717 716 724 743 745 744
 742 741 756 764 763 765 757 735 734 731 733 732 754 751 750
 752 748 747 749 755 746 753 736 740 769 766 767 762 761 738
 737 739 759 760 770 758 768 773 802 771 805 804 803 785 793
 794 786 789 784 788 782 777 780 791 783 781 795 787 796 778
 779 790 792 806 808 810 807 809 772 776 775 774 797 800 798
 801 799 817 818 816 835 836 813 811 812 846 842 833 838 840
 849 843 844 848 834 832 850 841 829 821 828 814 815 847 822
 845 823 831 820 825 826 839 819 837 827 824 830 881 884 885
 883 882 863 861 872 862 873 857 859 856 871 868 875 869 865
 867 874 864 858 860 870 866 887 888 886 890 889 851 855 854
 852 853 878 876 877 880 879 907 902 906 901 905 920 917 919
 916 918 894 892 910 909 895 893 891 915 904 903 913 914 911
 912 908 899 897 900 898 896 923 927 921 930 926 925 922 929
 928 924 933 937 931 935 934 938 932 936 943 948 947 942 939
 944 946 945 941 940 952 958 954 949 957 951 955 956 953 950
 962 968 966 959 964 963 965 961 967 960 972 978 973 969 971
 974 976 975 977 970 982 988 983 979 981 984 987 986 985 980
 991 995 989 997 996 994 990 993 992 998 999 1003 1006 1008 1000
 1005 1004 1001 1007 1002 1018 1015 1016 1012 1014 1013 1010 1011 1017 1009
 1021 1023 1019 1025 1020 1031 1022 1032 1050 1053 1051 1052 1024 1026 1049
 1055 1057 1044 1058 1054 1047 1048 1045 1043 1042 1036 1041 1056 1039 1040
 1033 1027 1029 1030 1028 1038 1034 1046 1035 1037 1091 1089 1093 1090 1069
 1072 1073 1070 1068 1067 1063 1066 1092 1064 1065 1081 1078 1094 1080 1075
 1088 1077 1074 1087 1096 1098 1095 1097 1082 1079 1060 1062 1059 1071 1061
 1076 1085 1083 1086 1084 1132 1105 1107 1130 1133 1129 1100 1108 1101 1106
 1112 1113 1131 1109 1110 1125 1126 1128 1136 1124 1123 1138 1134 1135 1119
 1118 1114 1115 1137 1116 1104 1102 1111 1099 1103 1121 1122 1117 1127 1120
 1145 1141 1140 1143 1142 1146 1139 1144 1147 1148 1149 1150 1158 1159 1160
 1156 1157 1154 1155 1151 1152 1153 1166 1170 1168 1165 1164 1161 1169 1163
 1167 1162 1179 1180 1177 1178 1176 1175 1173 1174 1171 1172 1189 1186 1184
 1183 1188 1182 1190 1185 1181 1187 1194 1192 1195 1191 1193 1198 1199 1196
 1197 1202 1204 1200 1205 1201 1203 1213 1211 1214 1215 1212 1207 1210 1206
 1208 1209 1220 1219 1218 1217 1216 1228 1229 1225 1230 1223 1227 1226 1221
 1222 1224 1233 1234 1231 1232 1235 1239 1240 1243 1236 1237 1242 1241 1238
 1245 1244 1252 1250 1255 1253 1247 1254 1246 1249 1251 1248 1256 1258 1257
 1260 1259 1264 1265 1263 1261 1262 1269 1273 1272 1266 1275 1274 1268 1267
 1271 1270 1276 1277 1282 1279 1285 1284 1278 1283 1281 1280 1287 1286 1288
 1293 1294 1291 1296 1289 1290 1297 1292 1295 1299 1298 1301 1300
0 4 3 2 1 5 6 7 8 10 9 12 11 13
 15 14 18 17 16 19 25 26 22 27 24 20 21 23 30
 33 28 32 31 29 38 36 35 41 34 40 39 37 46 43
 45 44 42 48 47 50 49 59 58 56 55 54 53 67 52
 51 60 70 69 68 64 65 66 57 63 62 61 73 76 71
 78 77 72 75 74 79 80 82 81 84 83 86 85 88 87
 90 89 91 94 95 92 93 96 98 97 99 100 107 104 105
 102 103 110 101 109 108 106 119 120 116 115 114 113 118 117
 111 112 123 125 121 124 122 128 127 126 136 132 139 130 144
 134 135 129 140 145 131 137 141 143 142 133 138 161 162 163
 164 151 150 153 152 154 165 156 157 159 158 160 146 147 148
 149 155 174 168 167 173 175 172 171 169 166 170 199 204 203
 206 189 190 205 209 188 210 200 201 184 180 181 212 193 192
 213 211 215 198 197 176 186 187 207 178 177 182 179 202 214
 183 185 195 191 194 208 196 217 216 222 254 221 220 218 240
 242 243 241 244 245 235 234 253 250 247 230 229 248 249 251
 252 223 226 224 225 227 228 255 233 236 237 232 238 239 231
 219 246 276 277 259 258 285 267 268 271 266 288 264 261 262
 282 281 263 293 275 278 273 256 257 274 286 287 270 269 294
 289 260 279 280 265 284 295 292 291 272 283 290 297 296 299
 298 303 304 305 300 301 302 307 306 309 308 311 310 332 333
 335 338 340 318 317 329 341 322 321 326 327 344 323 324 334
 319 337 339 312 313 328 314 345 330 315 331 316 320 343 342
 325 336 350 354 349 348 346 352 351 355 347 353 381 376 374
 377 391 365 390 366 389 361 363 392 370 393 368 394 373 372
 358 382 357 359 379 378 384 356 375 395 380 387 388 385 386
 364 362 360 367 369 371 383 397 396 399 398 400 419 403 402
 424 421 410 414 436 433 406 427 428 429 407 430 440 418 417
 401 439 405 423 422 404 426 425 411 412 413 415 435 434 409
 432 431 408 438 437 420 416 442 441 447 448 449 450 443 444
 445 446 458 459 460 461 462 464 463 451 452 453 454 455 457
 456 490 477 474 475 476 487 488 489 486 467 468 469 466 485
 482 483 484 479 480 481 478 473 470 471 472 465 530 494 516
 492 518 504 503 508 509 507 505 519 497 496 501 517 500 498
 499 523 520 513 512 528 529 493 506 495 502 511 526 524 510
 522 527 521 525 514 515 491 551 536 534 533 549 532 550 541
 562 556 538 543 542 545 544 565 552 553 535 537 531 547 548
 560 563 540 564 561 569 554 558 539 555 557 546 570 568 567
 559 566 572 571 574 573 579 578 580 576 575 577 582 581 587
 590 588 589 583 585 586 584 594 593 592 591 600 598 599 596
 597 595 602 601 608 610 606 605 609 603 607 604 614 613 612
 611 635 623 638 624 637 650 626 639 616 618 636 621 632 649
 645 642 640 627 641 644 615 625 619 617 622 631 633 630 648
 634 629 647 646 643 628 620 661 653 652 657 656 655 654 662
 660 659 651 658 666 665 664 663 682 683 681 671 670 675 674
 673 672 679 678 677 676 684 669 667 668 680 689 688 690 686
 685 687 697 698 695 696 693 694 691 692 709 701 700 710 706
 705 704 703 708 707 699 702 712 711 714 713 717 718 715 716
 725 722 723 720 721 729 719 730 728 727 724 726 742 744 741
 745 743 764 763 765 757 756 733 731 735 732 734 755 748 747
 753 754 752 751 749 750 746 740 739 770 761 768 759 769 737
 736 738 767 766 760 762 758 776 805 802 804 803 771 782 785
 780 779 791 777 790 786 778 784 792 789 788 783 781 787 794
 793 796 795 809 807 808 806 810 773 775 774 772 800 798 799
 797 801 813 815 811 816 812 814 818 817 843 847 829 833 828
 846 844 845 841 823 821 848 842 834 822 832 836 835 850 840
 849 838 827 831 819 825 826 824 820 830 839 837 884 883 881
 882 885 860 859 862 857 856 863 858 861 870 867 869 865 871
 866 864 868 873 872 875 874 889 886 887 888 890 853 854 852
 851 855 877 878 879 876 880 905 907 901 902 906 918 920 916
 917 919 893 894 915 913 891 895 892 914 910 909 912 911 904
 908 903 898 899 896 900 897 927 925 930 929 922 928 921 926
 924 923 933 937 931 935 934 938 932 936 939 940 948 947 946
 945 944 943 942 941 949 950 955 954 956 952 951 953 958 957
 959 960 967 966 968 965 964 962 961 963 969 970 974 973 972
 971 977 978 975 976 979 980 984 983 982 981 988 987 986 985
 989 990 997 998 995 996 993 994 991 992 1000 999 1002 1001 1005
 1004 1003 1006 1008 1007 1012 1011 1010 1009 1018 1014 1015 1017 1016 1013
 1025 1024 1023 1026 1021 1020 1019 1022 1051 1050 1052 1049 1032 1031 1053
 1056 1054 1042 1057 1055 1044 1041 1040 1036 1045 1039 1043 1058 1048 1047
 1030 1028 1027 1029 1033 1035 1038 1034 1037 1046 1090 1092 1091 1089 1067
 1069 1066 1065 1063 1070 1064 1068 1093 1073 1072 1082 1077 1097 1075 1081
 1080 1079 1078 1074 1095 1096 1094 1098 1088 1087 1062 1059 1061 1060 1071
 1085 1083 1084 1076 1086 1129 1109 1108 1131 1132 1130 1107 1110 1105 1101
 1100 1106 1133 1113 1112 1119 1125 1118 1134 1116 1114 1136 1135 1137 1124
 1123 1115 1128 1138 1126 1099 1104 1102 1103 1111 1117 1121 1120 1122 1127
 1145 1141 1140 1143 1142 1146 1139 1144 1147 1148 1149 1150 1156 1158 1157
 1160 1159 1151 1153 1152 1155 1154 1165 1169 1170 1167 1161 1168 1164 1166
 1162 1163 1176 1179 1178 1180 1177 1171 1175 1173 1172 1174 1182 1181 1185
 1186 1183 1184 1188 1187 1190 1189 1192 1191 1194 1193 1195 1203 1201 1199
 1198 1205 1197 1204 1196 1202 1200 1214 1210 1212 1213 1207 1215 1208 1209
 1206 1211 1217 1216 1219 1218 1220 1223 1224 1221 1222 1227 1230 1225 1229
 1228 1226 1233 1234 1231 1232 1235 1240 1242 1245 1244 1236 1243 1237 1241
 1239 1238 1254 1248 1247 1252 1253 1255 1249 1250 1246 1251 1259 1257 1260
 1256 1258 1263 1264 1261 1262 1265 1270 1275 1271 1272 1266 1268 1269 1274
 1273 1267 1276 1277 1284 1285 1287 1283 1282 1281 1278 1279 1286 1280 1293
 1290 1289 1296 1295 1288 1294 1292 1291 1297 1299 1298 1301 1300
0 2 4 1 3 6 7 8 5 9 12 13 11 10
 19 23 22 26 14 31 21 29 33 24 25 15 27 28 17
 32 16 18 20 30 39 37 41 34 40 35 36 38 43 45
 44 46 42 47 48 49 50 58 70 69 67 51 55 60 56
 68 53 66 65 64 54 52 59 63 61 57 62 78 71 74
 75 76 73 72 77 79 80 86 88 96 85 99 92 94 98
 84 82 87 100 91 93 83 97 95 90 89 81 102 105 103
 109 110 104 106 108 107 101 111 114 113 118 120 115 116 119
 112 117 121 124 125 123 122 137 142 143 140 128 136 129 130
 132 126 141 145 139 127 134 144 138 133 131 135 154 146 158
 162 165 152 164 156 163 149 159 151 150 161 155 153 160 147
 157 148 175 173 166 168 170 167 172 174 171 169 186 181 192
 212 183 215 196 190 209 189 184 203 194 197 211 178 198 177
 182 208 188 205 191 210 214 200 213 202 201 185 199 206 179
 176 207 180 195 187 204 193 226 231 225 223 224 228 255 250
 249 251 252 230 247 237 239 248 220 218 221 217 219 222 216
 254 241 246 244 242 253 240 245 234 235 232 236 233 238 243
 227 229 261 282 269 271 288 265 289 267 259 294 293 274 264
 260 263 268 273 290 270 262 279 275 272 266 295 287 286 280
 281 284 292 285 258 277 278 283 257 276 256 291 304 303 302
 296 300 301 297 298 305 299 344 334 331 320 324 337 330 317
 329 307 311 336 332 323 326 308 315 310 319 345 343 339 312
 318 341 340 314 316 322 306 338 333 313 325 321 328 335 309
 342 327 354 352 351 347 350 346 355 353 348 349 384 390 356
 366 365 377 369 391 388 389 379 364 376 373 394 387 358 378
 367 371 361 368 362 385 375 383 360 363 372 359 357 380 374
 382 395 381 393 370 392 386 398 397 399 400 396 415 423 417
 406 424 429 421 403 419 414 405 437 426 436 431 435 430 413
 427 401 439 407 440 438 409 428 425 418 434 408 420 402 410
 404 412 433 416 411 422 432 449 443 444 450 445 448 447 441
 446 442 471 472 473 470 460 458 459 469 468 466 467 483 482
 485 484 481 480 478 479 464 462 465 463 475 477 474 476 457
 456 490 455 453 451 452 454 488 489 487 486 461 508 506 517
 523 499 503 530 504 494 509 520 505 510 527 491 515 519 502
 525 512 500 496 522 497 524 526 507 528 493 513 498 501 495
 492 511 518 521 516 514 529 567 542 550 541 537 557 569 547
 535 562 532 534 548 560 555 558 531 563 570 546 553 561 566
 565 552 551 549 533 543 540 545 544 559 568 564 556 538 554
 539 536 571 580 575 577 572 576 579 574 578 573 584 583 589
 588 582 581 587 586 585 590 591 599 598 596 593 592 595 597
 594 600 609 602 607 601 605 603 610 604 608 606 638 626 648
 635 639 632 650 620 649 647 634 631 613 622 640 615 628 617
 644 646 645 629 642 636 630 637 621 625 612 611 623 619 618
 616 624 614 643 641 633 627 671 673 675 659 684 662 679 688
 685 686 674 690 651 668 653 667 657 655 656 660 677 658 676
 680 678 687 663 665 666 689 654 672 670 664 681 683 652 682
 661 669 706 704 722 721 711 713 708 703 695 707 694 705 720
 725 714 723 712 719 696 693 726 728 729 727 710 701 697 692
 717 724 716 715 730 698 718 699 702 700 709 691 766 761 760
 770 769 749 754 751 755 748 759 762 768 758 767 731 734 743
 742 733 744 735 732 745 741 746 752 738 739 765 763 736 753
 747 750 756 737 740 757 764 778 793 782 786 785 779 801 800
 807 797 804 806 775 798 808 810 802 771 772 805 776 774 809
 799 773 803 787 796 781 788 790 780 784 794 777 795 791 783
 789 792 842 820 837 831 841 848 827 850 835 833 839 825 843
 811 818 816 838 826 844 829 834 819 846 849 847 830 823 845
 815 824 821 840 813 836 817 812 832 828 814 822 872 863 857
 862 860 876 887 878 880 886 877 888 890 854 883 852 855 851
 881 884 885 889 879 853 882 869 875 871 865 870 856 861 873
 859 858 867 874 864 868 866 913 908 912 909 903 924 927 923
 928 925 915 911 917 897 914 904 910 919 918 898 900 920 916
 899 896 922 930 921 929 926 894 891 907 901 902 893 906 905
 892 895 938 931 936 937 932 934 933 935 948 958 957 953 942
 947 940 941 950 956 943 952 939 944 949 946 945 951 954 955
 968 978 960 965 976 970 975 963 964 977 962 972 959 967 966
 961 969 973 971 974 991 982 989 998 997 992 983 981 979 984
 995 988 994 990 985 987 986 980 993 996 1008 1006 1012 1018 1002
 1001 1007 1013 1009 1014 1015 999 1003 1016 1017 1010 1005 1004 1000 1011
 1055 1034 1035 1057 1058 1054 1046 1038 1032 1019 1023 1022 1037 1056 1024
 1044 1047 1033 1042 1045 1029 1051 1030 1052 1027 1050 1053 1040 1049 1028
 1021 1020 1025 1031 1026 1036 1048 1043 1041 1039 1072 1069 1067 1070 1086
 1085 1095 1076 1094 1083 1096 1098 1065 1097 1084 1060 1089 1080 1071 1059
 1062 1091 1093 1090 1088 1075 1081 1082 1061 1092 1073 1063 1066 1068 1064
 1087 1077 1074 1078 1079 1126 1102 1130 1125 1119 1124 1133 1132 1099 1111
 1129 1104 1116 1103 1131 1127 1121 1134 1113 1122 1135 1101 1105 1106 1117
 1138 1136 1137 1109 1120 1114 1128 1123 1118 1115 1108 1112 1100 1107 1110
 1143 1139 1145 1144 1146 1141 1142 1140 1150 1147 1148 1149 1155 1154 1153
 1151 1152 1160 1156 1158 1157 1159 1161 1162 1166 1169 1163 1167 1165 1170
 1168 1164 1174 1175 1173 1172 1171 1177 1180 1176 1179 1178 1183 1182 1186
 1185 1189 1190 1184 1188 1187 1181 1195 1191 1192 1194 1193 1202 1200 1197
 1196 1204 1201 1205 1203 1198 1199 1210 1213 1209 1206 1208 1211 1207 1215
 1214 1212 1218 1217 1219 1220 1216 1221 1228 1222 1225 1226 1229 1223 1227
 1224 1230 1232 1233 1234 1231 1235 1244 1237 1236 1240 1243 1238 1239 1242
 1241 1245 1250 1254 1248 1251 1249 1246 1252 1247 1255 1253 1259 1258 1256
 1257 1260 1265 1263 1261 1264 1262 1273 1274 1267 1268 1270 1271 1266 1275
 1269 1272 1276 1277 1288 1296 1292 1294 1290 1293 1289 1297 1295 1291 1285
 1280 1279 1281 1284 1286 1287 1283 1282 1278 1298 1299 1300 1301
1 4 2 0 3 37 74 40 72 9 13 12 10 11
 23 19 14 26 22 31 15 27 33 28 25 21 29 24 16
 30 17 20 18 32 75 6 71 78 8 35 76 38 45 43
 42 46 44 48 47 50 49 52 61 62 57 59 54 60 53
 63 56 66 65 64 55 58 51 68 70 67 69 34 41 7
 39 36 73 5 77 79 80 96 88 86 87 94 97 99 98
 91 82 85 95 84 89 81 92 100 90 93 83 548 549 532
 552 567 565 556 544 569 533 430 402 424 433 427 407 429 420
 428 416 123 124 122 121 125 137 141 140 143 136 128 129 139
 135 127 142 133 130 126 144 134 138 145 131 132 165 146 157
 162 154 155 164 148 149 163 147 161 160 151 152 153 150 159
 158 156 205 207 176 181 180 188 187 192 214 212 201 168 174
 169 202 191 209 203 196 198 206 190 193 210 213 179 189 200
 185 204 167 175 215 197 171 177 211 183 186 182 195 184 178
 166 173 170 199 172 208 194 590 243 244 246 587 240 241 585
 238 586 232 236 239 248 247 237 216 221 218 219 217 582 220
 581 255 223 225 227 583 228 584 589 588 252 230 229 249 231
 242 233 572 266 281 291 256 267 273 265 280 276 579 287 295
 292 272 576 289 573 574 284 278 257 263 282 264 274 580 259
 269 262 260 575 577 578 279 571 275 294 288 271 313 343 332
 319 341 345 322 311 306 331 329 335 299 323 316 321 325 333
 344 340 298 315 302 320 308 326 336 314 296 301 303 328 327
 338 300 307 310 324 297 305 318 317 304 330 337 339 334 342
 309 312 381 372 361 382 386 367 366 387 362 370 391 380 369
 355 383 385 356 384 358 374 363 392 393 394 373 353 388 359
 346 395 351 360 348 377 357 365 368 379 352 378 375 390 389
 347 371 354 376 349 364 350 397 398 400 399 396 435 412 405
 432 113 116 440 438 431 425 417 426 437 422 419 415 111 434
 120 439 401 115 421 403 418 112 414 409 413 411 119 114 404
 410 423 118 117 408 436 406 525 529 498 513 507 516 503 505
 492 495 487 591 489 486 451 452 454 600 477 474 476 593 478
 480 479 592 485 482 484 598 490 456 455 595 468 466 467 596
 465 462 463 597 460 458 459 594 473 471 470 599 522 501 496
 524 500 447 528 518 526 520 509 441 493 511 497 514 512 521
 449 519 499 517 508 491 523 494 445 530 510 450 444 506 442
 446 527 504 502 448 515 443 110 540 568 562 543 566 107 561
 570 541 103 560 102 534 558 555 554 545 535 539 538 547 557
 104 109 559 105 101 537 542 563 108 551 550 536 106 553 531
 546 564 283 286 285 258 261 268 293 270 277 290 245 253 234
 235 222 254 224 251 250 226 472 461 464 457 483 481 475 453
 488 469 633 646 627 618 644 631 613 638 615 637 604 636 647
 616 641 614 643 624 623 648 625 603 610 611 628 608 640 642
 605 602 612 630 617 626 629 606 619 634 645 622 649 621 601
 635 620 632 650 639 609 607 696 707 1010 677 684 725 722 1007
 1001 724 1017 717 699 701 669 667 1011 693 1016 723 659 676 658
 712 713 1006 1008 726 716 727 704 706 1015 1002 697 661 702 698
 683 653 672 654 679 1003 1004 678 695 705 708 673 694 703 1000
 662 1005 660 680 999 671 655 665 730 718 689 1018 668 681 1014
 690 686 666 715 728 682 729 651 652 1009 1012 1013 893 894 895
 891 892 900 897 898 896 899 1296 1295 1292 1297 1291 927 925 743
 741 924 745 923 928 744 742 1294 1288 908 903 764 763 913 1289
 1293 1290 757 912 909 756 765 777 1054 1058 1056 1057 1055 998 989
 1047 997 1024 1040 985 991 1044 1042 1022 1019 988 1032 986 980 1045
 992 987 1023 1050 1051 1053 1049 1052 780 794 784 778 789 792 783
 795 791 1065 973 974 969 1072 1069 972 1067 1090 1096 965 960 1088
 1093 1092 1091 1095 963 1082 1098 1097 968 1080 1075 1070 971 1094 1081
 1089 964 822 832 814 817 836 812 840 828 813 821 1129 1131 1133
 1132 1130 954 1116 949 955 1126 952 1125 1119 941 1109 940 942 948
 1106 1113 1101 1124 951 947 1105 1136 1134 1137 1138 1135 856 873 861
 858 859 866 868 864 874 867 736 738 737 740 739 733 731 735
 732 734 1283 1282 916 754 1284 1278 1281 920 918 751 749 919 917
 748 755 1279 1286 1280 1287 1285 761 770 906 902 901 766 907 905
 769 760 934 937 1301 931 1300 938 935 933 851 1099 1102 1103 855
 853 852 854 1104 1111 1117 877 1121 1127 878 1122 1120 879 876 880
 819 1059 825 839 1060 1062 1061 826 824 1071 1083 827 1085 1086 1076
 1084 831 820 830 837 798 1035 800 801 797 799 1034 1037 1038 1046
 1027 772 1033 1029 775 773 776 774 1030 1028 663 687 709 710 664
 685 688 691 700 692 670 719 721 656 674 675 714 711 720 657
 779 983 982 785 782 793 984 979 805 771 803 802 981 786 804
 808 807 994 810 809 990 796 993 790 995 787 781 806 788 996
 1031 1020 1026 1021 1025 1039 1043 1048 1041 1036 841 848 850 847 967
 959 838 966 823 962 833 829 842 834 961 976 815 846 977 978
 970 816 811 835 843 849 845 844 975 818 1068 1064 1066 1073 1063
 1078 1079 1074 1087 1077 886 957 860 888 890 889 857 862 958 956
 872 950 887 953 863 944 939 875 884 946 870 885 882 881 943
 865 869 871 883 945 1115 1123 1128 1118 1114 1110 1107 1100 1112 1108
 1145 1299 1143 1298 1141 1146 1140 1142 1150 1147 1148 1149 1156 1159 1158
 1157 1160 1152 1155 1153 1151 1154 1167 1164 1170 1163 1169 1161 1168 1166
 1165 1162 1179 1178 1180 1176 1177 1171 1173 1172 1174 1175 1189 1188 1187
 1181 1183 1184 1190 1182 1186 1185 1192 1193 1195 1194 1191 1200 1202 1199
 1198 1201 1204 1203 1205 1196 1197 1214 1208 1207 1215 1213 1212 1209 1206
 1210 1211 1217 1218 1220 1219 1216 1222 1225 1221 1228 1223 1230 1226 1224
 1227 1229 1277 1234 1233 1231 1235 1239 1242 1240 1236 1241 1245 1244 1237
 1243 1238 1253 1246 1247 1255 1252 1254 1249 1248 1251 1250 1256 1260 1259
 1257 1258 1262 1263 1264 1261 1265 1267 1271 1273 1272 1275 1274 1269 1270
 1266 1268 1276 1232 752 759 768 746 750 747 753 758 762 767 926
 921 922 910 914 930 929 915 911 904 1144 1139 932 936
5 35 72 76 36 7 6 8 0 81 83 91 84 82
 400 398 22 21 15 20 26 396 397 17 32 14 399 18 24
 25 30 28 31 16 40 78 74 73 39 2 3 71 141 143
 142 140 137 47 48 49 50 59 61 122 63 52 123 65 53
 57 56 124 60 64 121 51 58 67 70 68 125 37 38 41
 77 1 34 4 75 79 80 92 97 99 94 96 86 85 87
 11 10 98 100 13 95 12 88 93 89 90 9 101 105 103
 106 108 107 109 110 104 102 402 439 404 412 433 420 424 403
 409 428 54 66 62 55 69 42 44 45 46 126 129 136 144
 133 128 43 131 138 127 135 130 139 132 145 134 157 149 155
 152 159 162 161 160 150 146 165 148 163 164 158 147 156 153
 154 151 199 212 182 201 176 187 190 205 181 191 184 171 210
 173 183 202 207 172 209 195 186 208 198 213 180 214 194 179
 166 203 200 174 169 192 178 188 197 215 168 193 175 204 177
 170 196 211 189 167 206 185 244 240 246 253 590 587 243 237
 232 585 236 233 234 250 248 239 220 217 221 218 581 216 222
 582 227 225 226 584 223 231 583 247 589 249 252 230 588 255
 241 586 285 257 277 294 575 579 573 260 287 271 276 580 578
 267 283 290 281 268 275 295 279 270 256 576 262 259 286 258
 273 574 571 261 280 269 577 263 282 293 272 572 337 335 324
 315 314 330 338 308 327 309 313 320 323 334 302 304 301 319
 318 316 343 321 332 331 339 298 296 342 317 322 311 326 312
 329 328 306 300 307 345 340 297 325 344 333 336 341 303 299
 310 305 394 376 357 371 391 360 378 379 358 374 392 389 395
 366 393 387 361 350 368 390 353 362 352 375 354 377 348 355
 380 347 369 388 364 359 373 381 346 363 382 385 351 367 349
 372 356 383 365 386 384 370 23 33 27 19 29 438 440 427
 429 116 406 408 119 407 401 436 430 431 405 426 425 437 410
 417 414 114 419 423 415 112 117 435 411 434 421 115 111 413
 113 118 120 422 418 416 432 527 492 505 503 525 501 494 493
 497 516 474 475 600 476 460 597 461 487 489 591 488 464 463
 596 462 455 456 598 457 483 484 592 482 472 594 471 470 479
 480 593 481 453 599 454 452 467 468 469 595 459 506 508 498
 495 499 450 513 522 447 509 507 444 518 449 512 526 514 528
 445 491 511 524 504 446 496 515 520 502 441 530 517 448 523
 443 500 510 529 442 519 521 547 555 558 551 561 570 553 567
 532 560 535 565 559 562 542 550 538 543 557 533 569 537 564
 534 568 541 536 546 563 544 556 540 548 552 566 545 531 539
 554 549 292 274 288 278 291 266 265 284 264 289 242 245 235
 238 254 219 228 229 251 224 466 451 478 485 490 465 486 458
 477 473 601 607 602 609 604 603 606 605 608 610 619 642 622
 631 643 618 614 611 616 633 613 635 634 648 615 640 623 637
 612 641 636 625 626 645 621 617 630 629 644 620 628 638 632
 649 627 650 639 646 647 624 1085 1086 1095 1124 1116 1114 1115 1058
 1054 1046 1098 1038 916 917 900 896 1097 1084 1096 1123 1126 1119 1125
 1118 1128 1055 1057 1034 1037 1035 1076 1083 1094 1056 920 899 919 918
 898 897 840 832 879 889 887 877 829 838 833 821 823 834 888
 880 886 876 878 890 828 822 784 793 782 794 749 747 750 755
 780 777 778 779 786 746 785 752 753 748 751 754 801 799 797
 800 798 710 691 709 692 700 808 807 809 806 810 817 813 815
 818 836 816 812 814 811 835 698 699 861 859 863 860 873 702
 701 697 862 856 858 857 872 716 728 729 730 718 715 766 770
 762 760 831 758 847 769 759 767 830 837 841 827 850 842 768
 761 848 820 866 874 867 868 864 717 726 727 724 875 865 870
 871 869 774 803 771 804 772 773 805 776 741 695 885 883 851
 745 742 744 703 882 852 708 705 884 853 855 775 802 694 854
 743 881 707 706 734 733 731 735 704 696 732 693 764 765 757
 756 763 723 711 712 725 714 713 720 719 845 825 844 849 843
 824 819 839 721 722 846 826 792 795 789 791 783 737 738 736
 739 740 781 796 790 788 787 1099 1102 1104 1103 1111 1059 1060 1062
 1061 1071 1133 1130 668 669 1131 1129 1132 652 682 661 653 681 651
 683 667 1093 1089 1092 1090 1091 1039 1041 1047 1042 1044 1036 1045 1040
 1048 1043 1301 931 1300 934 935 937 933 932 963 1284 1278 1283 964
 965 960 968 1282 1281 993 1003 990 996 1004 995 994 999 1005 1000
 941 1280 940 947 1287 1286 1279 948 942 1285 1011 985 1015 1016 1010
 1017 980 988 986 987 1292 1002 1297 1296 1295 1291 1001 1007 1006 1008
 946 973 945 939 972 974 971 969 943 944 984 979 1293 1290 982
 983 981 1289 1288 1294 959 951 952 967 961 966 954 949 955 962
 687 665 689 663 688 685 686 690 1073 1063 1068 1064 666 664 1066
 902 907 1138 901 906 1135 1117 1137 1121 1134 1120 1127 905 1122 1136
 1070 1065 1067 1072 1069 893 892 895 891 894 1031 1026 1025 1021 673
 671 675 654 670 672 656 674 1020 657 655 927 930 1110 925 924
 923 926 922 929 1112 1108 1107 1100 928 921 1032 1019 1024 1023 1022
 1113 1101 1109 1105 1106 677 908 911 676 658 659 915 910 913 903
 904 912 684 909 914 1053 1052 1027 1087 1049 1029 1077 1078 1079 1051
 1033 1028 1030 1074 1050 662 678 660 680 679 1075 1088 1082 1081 1080
 1298 1139 1145 1141 1140 1144 1299 1146 1276 1147 1149 1148 1153 1152 1155
 1151 1154 1158 1156 1160 1159 1157 1168 1162 1165 1169 1167 1163 1166 1164
 1161 1170 1172 1175 1171 1174 1173 1177 1179 1178 1180 1176 1190 1184 1181
 1189 1185 1183 1182 1188 1187 1186 1195 1192 1191 1193 1194 1202 1197 1200
 1199 1204 1205 1201 1198 1203 1196 1210 1214 1206 1209 1211 1208 1207 1212
 1213 1215 1219 1216 1218 1220 1217 1229 1223 1227 1224 1226 1221 1228 1222
 1225 1230 1234 1231 1232 1233 1235 1237 1244 1236 1240 1245 1241 1242 1239
 1238 1243 1246 1253 1251 1248 1249 1250 1252 1255 1247 1254 1256 1260 1259
 1257 1258 1265 1261 1263 1262 1264 1271 1268 1269 1274 1270 1273 1266 1272
 1267 1275 1150 1277 1009 998 991 1014 1018 1012 1013 989 997 992 977
 978 975 956 958 970 976 953 950 957 1143 1142 936 938
14 22 15 26 21 16 399 28 23 129 128 136 127 126
 5 36 6 37 71 74 41 76 72 7 1 73 35 34 0
 78 2 3 4 38 30 25 18 400 31 29 19 397 93 95
 89 100 90 47 48 49 50 121 59 54 52 58 55 122 51
 123 65 62 63 57 66 124 60 125 67 68 69 398 17 396
 24 27 20 33 32 79 80 130 131 139 135 42 43 44 46
 143 137 132 145 140 134 141 45 133 138 144 142 519 520 510
 500 448 528 450 495 505 497 371 384 354 386 367 369 355 379
 365 368 56 61 53 64 70 91 84 81 82 87 88 96 10
 12 86 83 98 9 85 92 94 99 97 13 11 164 155 160
 151 156 149 159 162 158 147 150 165 154 152 148 163 153 161
 146 157 580 271 260 283 578 281 266 261 278 275 286 290 293
 579 277 292 289 267 272 273 264 282 291 268 575 276 279 287
 274 577 288 284 576 258 573 295 265 285 270 257 263 572 574
 256 262 280 571 259 269 294 254 222 219 582 581 217 220 225
 228 255 583 223 227 251 588 226 237 586 233 234 235 585 232
 238 242 243 246 590 241 587 244 249 250 252 230 247 248 245
 221 231 208 203 210 189 191 187 206 207 213 171 199 214 167
 166 192 212 173 179 180 190 200 168 205 175 198 176 195 201
 184 209 185 170 204 178 193 169 215 183 177 211 615 631 645
 610 632 624 605 622 643 625 634 626 609 639 630 612 637 650
 629 618 619 648 602 608 607 628 603 627 621 649 633 606 604
 616 623 613 644 647 642 617 601 640 646 638 636 614 641 611
 635 620 118 426 435 111 418 406 413 427 403 428 114 425 417
 422 119 432 415 423 117 404 112 433 420 402 430 424 434 116
 440 414 115 411 436 412 431 438 437 410 439 408 409 120 405
 421 419 401 416 407 429 113 77 39 75 8 40 361 350 358
 382 377 357 346 370 359 347 349 390 376 364 373 366 385 378
 372 383 353 348 380 381 392 374 360 391 356 395 352 375 363
 393 394 362 389 388 351 387 532 549 562 550 559 561 553 110
 554 109 458 459 460 461 484 485 592 454 599 452 453 478 479
 593 480 472 473 594 470 468 466 469 595 591 487 489 488 596
 464 463 465 457 490 598 455 477 474 476 475 482 548 547 556
 555 105 557 102 568 569 107 564 563 538 535 103 536 551 543
 533 106 560 544 552 539 546 567 566 570 108 101 545 537 542
 540 531 558 534 104 541 565 526 493 512 521 498 524 529 511
 507 515 449 514 443 442 504 445 506 509 516 503 446 441 527
 494 517 530 508 496 492 502 501 525 518 523 499 522 491 447
 513 444 186 172 194 174 196 188 197 181 202 182 218 216 584
 224 236 239 240 589 229 253 600 456 462 467 471 481 451 483
 597 486 328 299 318 302 308 320 322 336 319 327 325 316 312
 321 315 345 306 339 300 334 341 330 313 335 309 343 297 317
 307 340 338 337 296 342 301 303 323 332 329 333 344 305 314
 326 324 331 311 298 304 310 1039 797 798 966 1086 1084 834 766
 762 768 810 902 656 704 1011 674 1041 998 991 959 823 1095 821
 1096 832 893 1295 892 1291 770 1047 806 1042 905 705 708 1015 655
 672 696 1043 989 967 828 829 1094 807 1040 1036 799 801 997 962
 1076 1083 838 822 1098 808 1045 1297 891 769 906 694 1017 671 707
 761 759 895 767 1292 695 901 657 706 1010 673 675 1122 944 875
 866 1135 796 1052 1030 792 994 943 1117 864 865 1138 1014 700 709
 1018 653 661 701 652 697 682 781 1053 1294 747 1289 752 919 783
 995 1027 916 748 900 754 896 658 659 720 1004 660 722 925 734
 923 743 814 744 812 929 1279 921 977 1060 1059 1089 1093 811 733
 1287 978 835 1124 1123 879 949 888 719 1003 680 713 1116 886 880
 954 1114 718 715 686 724 690 1007 685 664 1107 1081 1058 782 1055
 853 940 1105 1078 780 778 824 960 1035 984 1034 727 1001 846 793
 881 982 843 1082 884 1109 941 855 963 839 1108 1077 1021 980 773
 1023 802 763 756 739 903 912 904 1283 914 856 858 857 1133 1099
 956 1130 1102 736 1278 958 872 1070 1068 969 830 848 776 985 1024
 805 1025 841 1065 837 973 1063 755 897 917 1288 753 698 681 683
 1012 710 751 898 791 789 918 750 1290 993 1033 1028 990 790 1051
 788 1050 699 651 667 691 1013 871 1136 870 1134 867 1120 946 1127
 868 939 1221 1226 1227 1228 1224 1230 1222 1225 1104 774 803 1022 873
 862 953 1131 987 1031 831 911 971 1073 1281 847 1069 740 908 764
 1038 852 981 794 882 947 1106 1056 785 1112 825 687 964 1087 845
 1080 1008 665 716 728 930 711 1285 741 927 732 723 679 1000 677
 878 1062 1128 951 1092 816 836 975 889 1125 894 1296 703 654 760
 758 907 670 693 1016 992 840 1097 1044 1048 800 1085 961 833 809
 676 684 714 999 721 712 725 662 817 1061 970 818 1005 678 1091
 731 742 890 926 1286 1119 887 1118 1115 877 955 876 928 1126 952
 976 1071 1090 815 813 924 735 1280 922 745 730 726 663 1006 849
 1075 844 1074 1079 819 965 826 666 1088 968 1100 1110 786 885 851
 1101 942 854 883 784 1037 979 1057 948 1113 717 689 688 1002 729
 779 1054 1046 983 777 765 1020 1026 738 910 1282 775 986 772 771
 804 1019 909 988 1032 850 1067 842 861 1066 1064 1103 950 863 827
 820 974 1072 1132 972 913 737 1284 915 757 1129 860 1111 957 859
 1210 1211 1213 1212 1206 1207 1215 1208 1150 1149 1276 1148 1273 1272 1271
 1266 1275 1270 1267 1274 1269 1268 1162 1169 1170 1163 1161 1168 1164 1167
 1166 1165 1179 1180 1177 1178 1176 1173 1174 1172 1175 1171 1197 1196 1204
 1202 1199 1203 1205 1198 1201 1200 1261 1265 1264 1263 1262 1187 1188 1186
 1182 1183 1185 1189 1190 1181 1184 1146 1145 1139 1143 1140 1298 1144 1299
 1142 1141 1231 1234 1233 1277 1232 932 1300 936 931 935 1301 937 933
 938 934 1216 1220 1218 1217 1235 1238 1244 1237 1243 1245 1236 1239 1240
 1241 1242 1251 1253 1250 1246 1249 1248 1254 1252 1255 1247 1256 1257 1258
 1259 1260 1191 1195 1194 1193 1192 1151 1160 1156 1157 1158 1154 1155 1152
 1159 1153 1147 1219 795 869 1137 996 1029 787 1049 945 1121 874 668
 702 669 899 749 1009 692 920 1293 746 1209 1214 1223 1229
