0 4 3 2 1 6 5 8 7 12 11 10 9 18
 16 17 14 15 13 24 21 20 23 22 19 28 27 26 25
 30 29 35 33 32 36 31 34 41 42 40 39 37 38 48
 45 44 47 46 43 53 54 52 51 49 50 58 59 60 55
 56 57 63 66 61 65 64 62 72 71 70 69 68 67 77
 75 74 78 73 76 81 83 79 84 80 82 87 90 85 89
 88 86 96 93 92 95 94 91 99 100 97 98 102 101 106
 107 108 103 104 105 112 114 113 109 111 110 120 119 118 117
 116 115 125 126 124 123 121 122 132 129 128 131 130 127 135
 136 133 134 138 137 141 142 139 140 144 143 146 145 147 150
 149 148 155 153 152 156 151 154 159 160 157 158 162 161 164
 163 166 165 168 167 172 171 170 169 174 173 177 179 175 180
 176 178 186 185 184 183 182 181 189 190 187 188 192 191 196
 198 197 193 195 194 202 204 203 199 201 200 207 206 205 208
 210 209 214 215 216 211 212 213 220 222 221 217 219 218 228
 227 226 225 224 223 232 231 230 229 234 233 239 240 238 237
 235 236 246 245 244 243 242 241 252 249 248 251 250 247 256
 255 254 253 258 257 264 262 263 260 261 259 270 268 269 266
 267 265 275 273 272 276 271 274 279 278 277 282 281 280 286
 285 284 283 288 287 290 289 293 294 291 292 298 297 296 295
 300 299 304 303 302 301 306 305 310 312 311 307 309 308 317
 318 316 315 313 314 322 323 324 319 320 321 327 328 325 326
 330 329 334 335 336 331 332 333 339 340 337 338 342 341 346
 348 347 343 345 344 350 349 352 351 354 353 357 360 355 359
 358 356 362 361 363 364 366 365 371 372 370 369 367 368 375
 378 373 377 376 374 380 379 384 383 382 381 388 389 390 385
 386 387 396 393 392 395 394 391 402 399 398 401 400 397 405
 406 403 404 408 407 414 412 413 410 411 409 419 420 418 417
 415 416 425 426 424 423 421 422 429 431 427 432 428 430 438
 435 434 437 436 433 440 439 441 443 442 444 449 450 448 447
 445 446 451 453 452 455 454 457 456 459 458 461 460 463 462
 464 466 465 469 468 467 474 472 471 475 470 473 476 477 478
 483 481 480 484 479 482 486 485 489 490 487 488 492 491 495
 496 493 494 501 499 498 502 497 500 505 506 503 504 508 507
 511 512 509 510 514 513 518 517 516 515 520 519 523 526 521
 525 524 522 528 527 530 529 532 531 535 538 533 537 536 534
 542 543 544 539 540 541 545 547 546 549 548 550 552 551 556
 555 554 553 558 557 560 559 562 561 564 563 568 567 566 565
 572 574 573 569 571 570 576 575 578 577 580 579 582 581 584
 583 586 585 588 587 592 591 590 589 595 598 593 597 596 594
 603 601 600 604 599 602 610 609 608 607 606 605 614 616 615
 611 613 612 619 618 617 622 621 620 624 623 625 626 628 627
 631 630 629 634 633 632 637 636 635 639 638 640 642 641 643
 645 644 647 646 648 649 650 651 653 652 655 654 657 656 659
 658 661 660 663 662 665 664 667 666 669 668 671 670 673 672
 675 674 677 676 679 678 681 680 683 682 686 687 684 685 689
 688 693 692 691 690 695 694 697 696 699 698 701 700 703 702
 705 704 707 706 710 711 708 709 713 712 715 714 717 716 720
 721 718 719 723 722 725 724 728 729 726 727 731 730 733 732
 735 734 737 736 740 741 738 739 743 742 745 744 747 746 751
 750 749 748 753 752 757 756 755 754 759 758 761 760 763 762
 765 764 767 766 769 768 771 770 773 772 775 774 777 776 779
 778 783 782 781 780 786 787 784 785 789 788 791 790 793 792
 795 794 797 796 798 800 799 801 805 804 803 802 807 806 809
 808 811 810 813 812 815 814 819 818 817 816 822 823 820 821
 825 824 827 826 830 831 828 829 833 832 835 834 837 836 842
 841 843 839 838 840 845 844 847 846 849 848 851 850 854 855
 852 853 856 858 857 861 862 859 860 864 863 866 865 870 869
 868 867 872 871 876 875 874 873 878 877 882 881 880 879 883
 885 884 887 886 888 890 889 893 894 891 892 896 895 898 897
 900 899 902 901 904 903 906 905 908 907 910 909 912 911 914
 913 916 915 918 917 921 924 919 923 922 920 929 930 928 927
 925 926 932 931 935 936 933 934 938 937 940 939 942 941 944
 943 946 945 948 947 951 952 949 950 954 953 956 955 959 960
 957 958 962 961 963 965 964 969 968 967 966 971 970 973 972
 975 974 977 976 980 981 978 979 983 982 986 987 984 985 989
 988 991 990 993 992 995 994 997 996 999 998 1001 1000 1003 1002
 1005 1004 1007 1006 1009 1008 1011 1010 1013 1012 1015 1014 1017 1016 1019
 1018 1021 1020 1023 1022 1025 1024 1027 1026 1029 1028 1034 1032 1031 1035
 1030 1033 1039 1038 1037 1036 1041 1040 1045 1044 1043 1042 1047 1046 1049
 1048 1051 1050 1053 1052 1057 1056 1055 1054 1059 1058 1061 1060 1063 1062
 1065 1064 1067 1066 1070 1071 1068 1069 1073 1072 1076 1077 1074 1075 1079
 1078 1080 1082 1081 1083 1084 1085 1091 1088 1087 1090 1089 1086 1093 1092
 1096 1097 1094 1095 1103 1102 1101 1100 1099 1098 1107 1106 1105 1104 1109
 1108 1113 1112 1111 1110 1115 1114 1118 1119 1116 1117 1121 1120 1123 1122
 1127 1126 1125 1124 1129 1128 1133 1132 1131 1130 1136 1138 1134 1139 1135
 1137 1144 1142 1141 1145 1140 1143 1150 1149 1151 1147 1146 1148 1155 1157
 1156 1152 1154 1153 1159 1158 1162 1161 1160 1165 1164 1163 1167 1166 1169
 1168 1171 1170 1173 1172 1177 1176 1175 1174 1179 1178 1181 1180 1182 1183
 1185 1184 1187 1186 1191 1190 1189 1188 1193 1192 1197 1196 1195 1194 1199
 1198 1202 1201 1200 1205 1206 1203 1204 1208 1207 1211 1214 1209 1213 1212
 1210 1216 1215 1218 1217 1220 1219 1221 1223 1222 1224 1227 1229 1225 1230
 1226 1228 1232 1231 1235 1236 1233 1234 1238 1237 1240 1239 1241 1243 1242
 1245 1244 1249 1248 1247 1246 1251 1250 1253 1252 1254 1255 1257 1256 1262
 1263 1261 1260 1258 1259 1264 1266 1265 1268 1267 1270 1269 1271 1272 1274
 1273 1275 1276 1279 1278 1277 1282 1281 1280 1283 1285 1284 1287 1286 1289
 1288 1291 1290 1293 1292 1295 1294 1297 1296 1298 1300 1299 1301
0 2 1 5 6 3 4 10 9 8 7 12 11 14
 13 18 17 16 15 20 19 23 24 21 22 29 30 28 27
 25 26 32 31 36 35 34 33 42 39 38 41 40 37 44
 43 47 48 45 46 50 49 53 54 51 52 57 58 55 56
 60 59 66 65 64 63 62 61 70 69 68 67 72 71 74
 73 78 77 76 75 83 84 82 81 79 80 86 85 89 90
 87 88 95 94 96 92 91 93 98 97 102 101 100 99 104
 103 106 105 108 107 111 112 109 110 114 113 119 117 116 120
 115 118 122 121 125 126 123 124 128 127 131 132 129 130 134
 133 137 138 135 136 140 139 144 143 142 141 147 146 145 149
 148 150 156 154 155 152 153 151 161 159 158 162 157 160 168
 166 167 164 165 163 170 169 174 173 172 171 179 180 178 177
 175 176 184 186 185 181 183 182 191 192 190 189 187 188 195
 196 193 194 198 197 204 203 202 201 200 199 205 207 206 209
 208 210 213 216 211 215 214 212 219 220 217 218 222 221 225
 228 223 227 226 224 234 233 232 231 230 229 236 235 240 239
 238 237 243 244 241 242 246 245 250 252 251 247 249 248 255
 257 253 258 254 256 261 264 259 263 262 260 267 270 265 269
 268 266 272 271 274 273 276 275 278 277 279 281 280 282 288
 287 286 285 284 283 292 291 290 289 294 293 300 299 298 297
 296 295 302 301 306 305 304 303 309 310 307 308 312 311 318
 316 317 314 315 313 324 322 323 320 321 319 326 325 330 329
 328 327 333 336 331 335 334 332 338 337 341 342 339 340 345
 346 343 344 348 347 353 351 350 354 349 352 359 357 356 360
 355 358 363 362 361 366 365 364 370 369 368 367 372 371 378
 377 376 375 374 373 381 382 379 380 384 383 386 385 388 387
 390 389 392 391 395 396 393 394 400 402 401 397 399 398 404
 403 407 408 405 406 410 409 414 413 412 411 420 417 416 419
 418 415 426 424 425 422 423 421 431 432 430 429 427 428 436
 438 437 433 435 434 441 440 439 444 443 442 446 445 449 450
 447 448 451 454 457 452 456 455 453 463 461 462 459 460 458
 466 465 464 468 467 469 473 475 474 470 472 471 476 477 478
 480 479 482 481 484 483 488 487 486 485 490 489 494 493 492
 491 496 495 498 497 500 499 502 501 504 503 507 508 505 506
 513 511 510 514 509 512 516 515 519 520 517 518 525 523 522
 526 521 524 528 527 530 529 532 531 536 535 534 533 538 537
 540 539 542 541 544 543 546 545 547 550 549 548 554 553 552
 551 556 555 559 562 557 561 560 558 566 568 567 563 565 564
 571 572 569 570 574 573 576 575 578 577 580 579 582 581 584
 583 586 585 591 592 590 589 587 588 597 595 594 598 593 596
 600 599 602 601 604 603 608 610 609 605 607 606 616 613 612
 615 614 611 618 617 619 620 622 621 623 625 624 628 627 626
 629 631 630 632 634 633 635 637 636 640 639 638 642 641 645
 644 643 646 648 647 649 650 651 656 654 653 657 652 655 662
 660 659 663 658 661 669 666 665 668 667 664 673 674 675 670
 671 672 678 680 676 681 677 679 687 686 685 684 683 682 691
 690 689 688 693 692 697 699 698 694 696 695 704 702 701 705
 700 703 710 711 709 708 706 707 714 717 712 716 715 713 722
 723 721 720 718 719 728 727 729 725 724 726 733 734 735 730
 731 732 740 741 739 738 736 737 745 747 746 742 744 743 753
 751 752 749 750 748 759 757 758 755 756 754 764 763 765 761
 760 762 771 768 767 770 769 766 776 774 773 777 772 775 782
 783 781 780 778 779 788 789 787 786 784 785 794 793 795 791
 790 792 796 798 797 799 801 800 806 807 805 804 802 803 812
 810 809 813 808 811 819 817 818 815 816 814 824 825 823 822
 820 821 828 831 826 830 829 827 836 835 837 833 832 834 839
 838 842 843 840 841 846 849 844 848 847 845 852 853 850 851
 855 854 857 856 858 860 859 864 863 862 861 869 870 868 867
 865 866 875 873 872 876 871 874 881 882 880 879 877 878 884
 883 885 886 888 887 894 891 890 893 892 889 898 900 899 895
 897 896 903 905 901 906 902 904 912 909 908 911 910 907 917
 916 918 914 913 915 922 921 920 919 924 923 930 927 926 929
 928 925 935 934 936 932 931 933 940 942 941 937 939 938 946
 948 947 943 945 944 953 954 952 951 949 950 958 959 960 955
 956 957 961 963 962 969 968 967 966 965 964 972 975 970 974
 973 971 978 979 976 977 981 980 986 985 987 983 982 984 991
 992 993 988 989 990 999 996 995 998 997 994 1004 1002 1001 1005
 1000 1003 1010 1008 1007 1011 1006 1009 1015 1017 1016 1012 1014 1013 1021
 1022 1023 1018 1019 1020 1027 1028 1029 1024 1025 1026 1032 1035 1030 1034
 1033 1031 1037 1036 1040 1041 1038 1039 1046 1045 1047 1043 1042 1044 1053
 1050 1049 1052 1051 1048 1056 1058 1054 1059 1055 1057 1064 1062 1061 1065
 1060 1063 1071 1070 1069 1068 1067 1066 1076 1075 1077 1073 1072 1074 1080
 1079 1078 1083 1082 1081 1084 1085 1088 1090 1086 1091 1087 1089 1094 1095
 1092 1093 1097 1096 1102 1100 1099 1103 1098 1101 1106 1108 1104 1109 1105
 1107 1112 1114 1110 1115 1111 1113 1117 1116 1121 1120 1119 1118 1126 1124
 1123 1127 1122 1125 1132 1130 1129 1133 1128 1131 1135 1134 1137 1136 1139
 1138 1142 1145 1140 1144 1143 1141 1149 1151 1150 1146 1148 1147 1154 1156
 1152 1157 1153 1155 1159 1158 1161 1160 1162 1163 1165 1164 1171 1168 1167
 1170 1169 1166 1174 1175 1172 1173 1177 1176 1179 1178 1182 1181 1180 1185
 1184 1183 1188 1189 1186 1187 1191 1190 1195 1197 1196 1192 1194 1193 1199
 1198 1200 1202 1201 1207 1208 1206 1205 1203 1204 1212 1211 1210 1209 1214
 1213 1216 1215 1218 1217 1219 1221 1220 1224 1223 1222 1226 1225 1230 1229
 1228 1227 1236 1233 1232 1235 1234 1231 1238 1237 1240 1239 1242 1241 1243
 1249 1247 1248 1245 1246 1244 1251 1250 1254 1253 1252 1257 1256 1255 1260
 1262 1258 1263 1259 1261 1264 1266 1265 1268 1267 1271 1270 1269 1274 1273
 1272 1275 1276 1277 1279 1278 1280 1282 1281 1283 1288 1287 1289 1285 1284
 1286 1293 1295 1294 1290 1292 1291 1296 1298 1297 1299 1301 1300
0 17 84 8 114 56 2 32 71 79 60 4 7 5
 33 110 70 13 55 46 121 120 140 127 21 73 66 95 30
 86 54 109 69 35 12 15 81 144 41 119 126 132 104 118
 23 48 139 128 122 77 51 134 102 28 88 80 113 1 9
 16 58 138 94 97 25 75 64 68 111 82 11 18 34 91
 85 52 74 61 26 6 31 59 83 72 10 53 133 90 76
 27 99 92 78 29 136 98 63 101 49 137 87 62 93 141
 115 40 130 124 103 3 67 14 57 112 36 117 24 105 37
 47 123 106 116 45 22 42 125 131 107 38 43 19 142 65
 100 96 135 50 89 143 39 129 108 44 20 148 149 146 145
 150 147 152 157 161 159 154 158 160 156 162 151 153 155 413
 243 372 382 344 259 227 215 181 331 429 310 359 192 397 258
 330 297 357 222 300 257 172 398 303 312 177 431 223 334 380
 412 261 371 346 241 251 249 365 267 282 265 320 394 388 233
 247 270 356 254 173 402 295 221 184 430 333 214 226 308 174
 328 399 358 190 220 443 340 236 210 235 342 248 366 232 234
 268 281 406 193 318 420 167 272 202 444 209 237 341 203 182
 305 179 211 428 307 353 194 315 166 416 450 240 200 442 201
 208 339 384 286 289 409 367 244 322 396 387 337 199 239 419
 352 447 316 276 404 354 449 403 418 275 314 309 213 186 432
 304 175 327 256 298 188 400 355 187 296 217 325 169 255 287
 343 245 411 290 260 438 378 277 436 423 206 335 178 225 306
 311 427 401 171 329 360 218 189 231 252 229 269 364 280 349
 417 164 448 196 317 283 293 262 348 369 379 336 180 228 185
 212 301 374 426 435 204 338 238 446 273 197 163 351 405 441
 391 361 324 385 393 407 274 168 445 350 198 433 278 425 434
 207 373 424 205 279 422 375 376 224 302 176 183 216 332 410
 383 242 370 285 292 165 313 408 415 271 195 345 284 414 246
 264 291 395 386 363 439 392 319 299 170 253 191 219 326 362
 321 390 389 323 440 421 377 437 266 250 230 347 288 368 381
 263 294 452 534 533 536 535 451 478 472 512 529 577 510 473
 600 544 487 481 608 558 532 517 461 460 575 518 538 537 454
 630 604 601 540 467 490 560 480 610 466 609 625 551 555 550
 502 546 613 628 493 506 522 636 521 612 556 501 554 548 545
 462 576 520 531 459 519 511 514 474 470 530 578 547 615 549
 614 497 498 632 619 515 458 471 509 476 457 477 456 453 455
 464 606 479 624 607 561 526 491 503 504 494 524 507 496 505
 627 635 495 539 489 631 468 602 603 581 586 589 598 587 594
 591 595 585 596 582 590 513 475 516 463 639 620 572 565 593
 588 567 570 563 569 564 583 641 574 568 642 573 571 566 584
 557 484 559 623 483 465 485 469 488 541 629 542 492 523 626
 508 637 525 640 527 622 634 579 618 486 543 599 553 611 500
 482 605 562 638 528 621 499 552 616 633 617 580 597 592 649
 645 643 647 648 650 644 646 651 776 709 727 652 763 659 759
 747 662 760 728 653 683 668 716 679 766 737 789 734 778 753
 694 670 684 664 717 677 791 693 681 715 771 667 741 686 676
 714 767 792 689 738 782 748 785 731 673 697 780 752 730 784
 720 701 657 726 774 756 711 742 669 685 680 713 793 692 733
 750 788 781 721 702 772 708 725 660 656 761 735 786 699 672
 719 704 790 688 666 736 687 769 757 744 762 663 710 775 718
 674 696 705 779 749 706 661 765 777 746 755 743 754 658 764
 654 724 740 770 682 665 691 794 745 758 655 729 707 773 703
 722 671 751 783 698 695 700 675 723 787 732 690 795 739 768
 712 678 1004 951 1012 810 1051 940 890 987 972 990 835 1056 1030
 1033 815 1038 801 962 938 941 812 1080 884 1050 981 967 1018 855
 1043 845 953 1001 887 1016 856 1013 1010 911 997 920 804 1062 844
 852 935 965 1046 881 1077 960 1066 822 843 874 824 1069 916 840
 930 872 902 1026 827 899 988 868 893 973 982 945 862 924 1007
 907 994 1042 846 877 850 968 931 917 926 875 1076 955 838 1031
 814 1039 1029 831 905 861 946 1009 803 909 1064 863 947 912 1008
 999 923 1003 950 886 858 1005 954 1057 837 896 870 989 889 978
 1022 932 879 853 964 865 983 898 836 1055 971 934 1019 969 851
 880 976 1072 958 913 839 927 871 816 1037 818 1036 961 799 897
 867 986 974 991 892 904 1024 901 829 1083 797 1044 847 882 1020
 933 977 1052 809 937 820 1068 842 914 925 873 948 859 995 919
 1063 806 821 1070 1075 915 956 928 802 1065 922 944 996 860 1060
 807 908 1011 943 864 832 1058 895 869 975 985 906 903 798 1081
 1027 830 894 992 834 1059 900 866 826 1025 828 1028 796 1082 1073
 959 929 918 1067 825 888 857 1014 1017 1002 949 1079 1053 813 1048
 885 811 1049 1078 883 808 942 939 957 841 876 1074 823 1071 800
 963 1034 1032 1040 817 998 910 1006 921 1061 805 970 984 891 993
 833 1054 966 854 849 1021 1045 980 848 1047 1023 878 979 936 1041
 819 1035 1000 952 1015 1126 1128 1108 1173 1174 1252 1201 1146 1178 1240
 1121 1120 1157 1154 1249 1244 1181 1270 1142 1140 1090 1183 1257 1230 1206
 1208 1137 1144 1247 1134 1180 1271 1094 1095 1197 1194 1251 1199 1131 1130
 1084 1133 1129 1275 1123 1127 1264 1124 1125 1085 1223 1114 1243 1212 1209
 1111 1222 1113 1213 1101 1241 1099 1255 1205 1227 1204 1185 1087 1198 1193
 1093 1250 1196 1092 1232 1168 1272 1265 1165 1220 1267 1161 1186 1263 1258
 1187 1216 1158 1256 1184 1225 1089 1226 1091 1192 1097 1110 1211 1098 1177
 1107 1147 1218 1238 1236 1234 1169 1166 1118 1155 1179 1119 1152 1239 1117
 1153 1086 1203 1228 1148 1200 1106 1253 1104 1150 1245 1135 1143 1269 1182
 1136 1167 1233 1190 1259 1274 1164 1266 1145 1246 1139 1202 1105 1254 1175
 1149 1172 1261 1188 1189 1159 1260 1215 1191 1262 1096 1195 1138 1248 1141
 1242 1224 1214 1100 1103 1115 1116 1156 1088 1229 1207 1176 1151 1109 1170
 1231 1217 1237 1235 1171 1132 1219 1162 1273 1163 1210 1112 1102 1268 1160
 1221 1122 1280 1279 1283 1278 1282 1276 1281 1277 1294 1292 1290 1293 1287
 1285 1286 1289 1291 1295 1284 1288 1301 1300 1296 1298 1297 1299
0 107 52 7 10 108 54 130 68 97 98 69 132 118
 27 28 56 120 58 6 125 75 123 4 78 82 81 88 42
 90 37 112 24 62 22 65 110 143 134 142 36 133 33 117
 60 25 59 116 29 100 72 71 101 128 127 83 39 38 86
 79 85 73 126 124 3 74 5 96 93 47 14 13 45 11
 106 51 105 53 12 138 35 34 141 144 136 139 135 32 140
 137 31 57 55 30 119 26 115 44 94 17 16 43 92 102
 70 67 131 129 99 2 77 76 121 122 1 84 89 80 41
 40 87 103 50 49 104 8 9 15 46 95 48 18 91 64
 113 20 19 114 63 111 23 66 61 109 21 150 161 157 146
 151 156 159 158 162 148 149 160 155 154 147 153 152 145 399
 376 401 170 375 169 411 247 294 293 250 414 350 238 239 167
 165 351 417 200 318 203 416 313 370 367 234 381 379 229 358
 422 424 217 219 360 326 435 191 437 325 187 262 263 365 297
 279 298 420 415 202 315 201 317 266 245 246 283 288 270 276
 444 442 274 275 273 183 185 394 212 216 396 174 373 171 378
 398 402 178 177 388 310 387 308 319 427 324 431 305 304 364
 259 260 261 366 264 334 361 363 335 336 332 175 385 386 179
 312 311 253 254 207 255 206 257 282 348 347 440 227 226 307
 309 390 176 180 389 323 428 302 301 321 432 280 281 344 343
 345 346 337 445 195 193 446 338 354 236 235 166 164 352 328
 192 434 329 188 438 448 198 341 339 450 197 368 384 232 231
 369 383 405 407 404 209 403 208 425 356 220 218 357 423 228
 441 439 225 223 224 173 377 397 172 400 374 267 285 241 243
 286 265 210 408 406 333 331 362 395 393 213 181 211 184 291
 252 248 409 290 410 392 215 182 186 391 214 353 168 163 237
 240 349 199 314 419 316 204 418 249 289 251 292 412 413 295
 278 299 296 277 300 306 430 429 322 303 320 433 330 436 190
 327 189 268 242 287 269 244 284 449 340 342 196 194 447 380
 233 382 230 371 372 443 272 271 205 258 256 355 426 421 359
 221 222 465 489 600 540 599 490 539 503 507 504 636 505 637
 582 581 476 451 583 584 500 499 497 498 550 548 629 469 623
 590 593 453 589 457 597 567 574 534 535 565 573 621 512 513
 509 622 514 617 517 515 618 516 519 475 640 472 474 638 471
 546 616 614 545 611 615 628 494 495 496 626 491 577 528 530
 529 527 578 552 553 555 556 522 523 560 605 479 608 480 561
 564 570 572 533 536 568 460 632 462 619 518 520 580 576 532
 531 575 579 588 595 456 594 592 455 483 609 484 558 607 562
 482 557 559 610 606 481 525 521 551 554 524 526 630 631 466
 464 468 467 544 601 543 602 488 485 541 604 487 486 603 542
 566 569 538 563 537 571 596 591 452 587 598 454 463 461 458
 459 634 633 627 492 493 613 612 547 585 477 586 510 511 620
 641 642 478 508 506 635 473 470 639 549 501 502 625 624 648
 647 646 645 644 643 650 649 651 676 711 722 678 718 707 693
 656 731 692 734 652 660 674 740 659 671 736 688 735 732 657
 655 691 686 756 753 758 748 683 769 761 770 763 696 698 677
 719 706 710 723 680 729 786 787 794 726 790 783 669 747 779
 743 664 757 682 687 755 752 750 668 745 782 742 667 778 751
 749 754 684 685 759 773 712 714 703 705 774 708 679 681 720
 721 709 653 689 690 654 733 730 675 741 737 662 672 658 694
 765 697 768 767 762 760 771 764 695 699 766 793 727 791 789
 785 725 788 728 792 784 724 795 744 780 666 746 665 781 673
 738 670 739 661 663 702 701 716 772 776 715 777 704 775 717
 713 700 970 961 972 930 886 925 977 979 854 831 855 827 964
 1027 1018 969 1021 1024 949 957 960 871 953 875 996 995 923 938
 942 924 866 1058 817 870 1055 815 1073 1003 1075 843 841 1005 804
 859 860 1053 1048 805 985 982 801 986 983 800 814 1054 869 865
 1056 819 1007 1079 1008 826 850 978 976 828 852 952 958 951 955
 872 873 1061 813 948 811 944 1062 990 1030 993 1032 889 894 1047
 796 1044 907 885 912 1069 823 1016 822 1068 1014 1004 1076 1072 842
 1000 840 1035 892 991 893 988 1031 1045 797 1042 1043 798 1046 1078
 1011 1080 1006 1010 1009 901 933 879 936 880 903 911 884 910 908
 883 909 992 1033 1034 890 891 989 931 902 905 881 935 877 1019
 1028 1025 968 1022 965 1063 1065 808 943 946 812 945 1060 947 810
 809 1064 914 858 916 835 1041 1039 833 898 895 917 857 915 856
 913 918 867 1057 816 818 1059 868 926 928 929 887 888 927 1071
 1013 1017 824 820 1066 932 882 906 934 878 904 1050 802 864 1049
 861 806 1083 846 845 1081 849 844 921 937 940 997 920 998 837
 1036 1037 897 899 834 832 1038 1040 900 896 836 1070 821 1012 1015
 825 1067 1074 1002 838 839 1077 1001 971 962 975 974 963 973 830
 981 851 829 980 853 876 956 954 959 874 950 1020 967 1026 1023
 1029 966 939 922 941 919 999 994 863 803 807 1051 1052 862 1082
 848 847 799 987 984 1253 1184 1169 1233 1129 1130 1170 1232 1110 1241
 1111 1114 1242 1112 1178 1266 1179 1240 1239 1265 1259 1187 1127 1189 1262
 1125 1272 1154 1153 1152 1274 1156 1269 1246 1249 1244 1271 1248 1230 1203
 1090 1207 1087 1227 1149 1177 1105 1176 1108 1146 1251 1268 1198 1267 1199
 1250 1160 1192 1196 1194 1195 1161 1260 1123 1191 1190 1124 1258 1182 1180
 1140 1145 1141 1142 1255 1257 1223 1214 1213 1245 1247 1270 1107 1174 1148
 1109 1172 1150 1186 1261 1122 1126 1188 1263 1136 1137 1162 1193 1197 1217
 1218 1275 1089 1204 1229 1228 1091 1208 1222 1209 1224 1211 1212 1210 1103
 1101 1158 1159 1264 1231 1236 1132 1171 1166 1128 1119 1164 1116 1165 1117
 1120 1183 1185 1202 1201 1115 1243 1113 1163 1118 1121 1133 1167 1234 1131
 1235 1168 1151 1175 1104 1173 1147 1106 1254 1252 1134 1135 1155 1273 1157
 1220 1097 1096 1093 1221 1095 1100 1099 1085 1215 1216 1238 1237 1084 1088
 1205 1206 1225 1226 1086 1256 1138 1139 1098 1102 1219 1094 1092 1143 1144
 1181 1200 1283 1282 1281 1280 1279 1278 1277 1276 1295 1297 1291 1294 1292
 1298 1287 1300 1301 1289 1285 1286 1284 1299 1288 1290 1296 1293
0 63 7 32 136 22 106 135 96 119 56 17 144 74
 34 140 82 121 85 70 105 117 50 100 55 95 14 67 86
 132 41 57 39 20 88 112 28 19 71 66 73 131 4 42
 36 3 137 87 125 45 133 35 15 116 27 72 94 47 83
 97 37 108 98 129 58 9 29 43 13 53 76 5 107 110
 103 141 52 33 61 1 62 113 130 101 124 77 111 102 123
 24 68 75 2 84 142 38 138 93 6 49 10 48 122 143
 26 59 44 91 31 54 69 128 30 118 12 80 46 90 99
 127 16 134 114 23 139 51 8 18 126 104 78 92 11 120
 89 21 65 79 60 109 115 81 40 64 25 155 162 148 159
 145 154 158 150 147 160 161 151 153 149 156 146 157 152 381
 347 230 250 343 290 362 186 175 390 216 332 255 329 187 422
 218 205 433 219 172 357 191 373 212 393 180 324 303 312 233
 262 264 270 284 369 288 379 249 368 267 293 301 322 336 247
 261 412 423 221 169 438 402 325 211 228 440 305 323 185 378
 171 400 256 401 206 236 167 318 342 195 415 231 414 367 289
 280 345 210 403 317 349 418 235 194 273 446 442 200 315 304
 319 363 432 430 333 444 165 353 271 166 237 202 164 350 417
 407 209 286 348 283 268 244 281 224 388 176 404 337 447 199
 313 408 239 163 405 272 420 198 338 274 204 310 179 307 227
 441 385 190 279 376 174 299 326 426 254 258 435 330 356 229
 246 413 372 269 291 328 277 173 399 436 295 178 183 427 302
 386 392 297 278 358 359 425 220 285 366 383 234 260 245 339
 448 193 208 406 196 346 371 251 282 409 384 223 214 431 320
 394 226 296 217 421 238 354 275 352 168 203 341 419 445 334
 309 177 391 361 213 197 351 201 314 449 240 189 257 207 360
 222 434 192 424 375 355 327 397 335 181 331 396 387 311 364
 410 252 292 294 263 276 450 340 416 443 316 287 248 241 380
 411 232 428 395 225 306 182 439 398 298 300 437 188 377 389
 184 308 215 429 321 253 170 374 344 243 266 265 382 370 242
 365 259 491 546 551 548 556 615 497 540 630 486 599 629 485
 640 470 474 461 633 460 558 480 625 623 608 557 616 500 504
 509 577 473 622 471 527 579 634 518 516 575 463 570 567 642
 478 566 536 596 455 476 592 582 597 451 565 534 572 569 583
 484 482 465 605 561 464 541 489 468 469 600 544 533 573 535
 563 564 571 483 559 479 606 604 490 507 525 495 522 628 637
 515 531 580 458 462 617 452 585 595 581 589 454 594 598 591
 456 457 590 528 638 513 475 530 511 505 627 508 524 494 523
 526 493 496 503 635 521 602 539 609 560 488 542 612 545 626
 492 502 550 553 611 554 547 498 501 613 549 555 552 499 614
 459 517 532 632 576 619 514 639 529 472 620 578 477 588 586
 453 587 593 467 487 601 610 562 466 510 512 621 537 574 641
 520 618 519 603 543 631 568 538 584 624 607 481 506 636 646
 647 650 645 649 644 648 643 651 677 664 659 709 673 782 683
 679 724 754 787 723 703 671 791 717 662 728 725 708 722 751
 682 794 766 668 784 780 727 763 692 680 654 718 764 696 742
 711 740 672 719 665 779 705 776 652 666 688 661 755 732 675
 693 684 767 792 729 698 745 783 741 686 733 750 660 656 699
 762 786 744 669 793 685 713 772 694 761 753 676 738 658 743
 781 721 795 678 710 785 757 748 775 663 736 790 702 788 655
 697 731 707 681 771 730 770 691 720 706 765 667 715 747 653
 735 704 778 734 777 746 689 714 674 749 690 739 657 756 726
 774 789 716 737 670 759 752 760 701 712 768 695 700 769 687
 758 773 959 929 951 1062 911 809 896 1036 799 889 982 988 894
 1059 962 1033 971 865 859 919 938 908 807 884 903 877 830 968
 1021 854 1014 857 958 1066 913 874 943 1011 810 940 923 1008 980
 882 902 1044 1045 827 856 1001 1077 843 916 840 822 960 858 918
 950 1067 1026 1046 965 987 1039 890 1031 983 836 921 910 995 885
 1053 806 1018 845 905 848 936 1029 1072 871 1002 956 1070 1017 1041
 973 899 850 846 831 1049 942 946 998 803 1061 997 1010 1079 811
 922 1065 1068 842 954 1003 872 824 972 835 1040 963 900 834 1023
 1047 964 1022 1027 798 868 898 893 1038 1030 1055 976 977 829 1083
 851 847 825 1073 838 953 955 1016 1056 990 891 833 818 1037 993
 970 975 1058 1035 819 880 906 1019 1081 849 966 1028 1082 969 881
 934 844 805 1006 1051 1074 1071 821 1005 886 928 1007 862 860 802
 1080 1050 952 1015 914 917 820 875 883 808 948 947 1063 912 920
 804 864 1060 812 941 1034 817 897 991 869 832 978 932 1043 855
 797 901 870 1057 984 1054 801 815 1020 933 878 979 1025 828 1069
 930 927 839 1004 1012 926 1076 841 823 1013 887 813 863 999 924
 1048 945 939 1064 1009 1078 996 944 888 873 925 949 957 876 895
 985 989 837 800 1032 937 861 909 1052 994 907 816 961 992 866
 892 974 852 935 981 904 967 1024 826 796 1042 879 931 853 986
 867 814 915 1075 1000 1145 1210 1165 1240 1157 1156 1116 1265 1151 1176
 1200 1201 1148 1108 1186 1260 1124 1127 1261 1187 1268 1192 1097 1160 1251
 1094 1190 1123 1085 1259 1263 1216 1091 1230 1184 1183 1203 1086 1242 1103
 1212 1099 1222 1114 1269 1135 1140 1137 1180 1244 1133 1234 1130 1170 1236
 1171 1231 1275 1131 1232 1217 1168 1096 1193 1267 1198 1195 1220 1207 1226
 1255 1229 1087 1256 1113 1241 1252 1147 1174 1205 1228 1185 1139 1246 1144
 1134 1270 1142 1219 1162 1250 1199 1095 1196 1090 1206 1218 1169 1132 1272
 1155 1152 1111 1223 1098 1100 1115 1211 1104 1253 1177 1149 1254 1107 1172
 1105 1197 1161 1194 1119 1163 1239 1273 1154 1178 1125 1262 1264 1188 1159
 1191 1214 1224 1271 1247 1175 1202 1109 1158 1258 1126 1117 1266 1153 1118
 1274 1179 1138 1141 1245 1181 1136 1249 1143 1182 1227 1204 1122 1215 1189
 1166 1238 1084 1167 1233 1129 1146 1173 1093 1092 1221 1164 1121 1120 1101
 1112 1243 1209 1213 1102 1110 1089 1225 1150 1106 1237 1235 1128 1088 1208
 1257 1248 1278 1282 1280 1276 1279 1277 1283 1281 1288 1295 1301 1296 1294
 1290 1293 1287 1284 1286 1298 1299 1285 1292 1300 1291 1289 1297
1 173 10 13 179 277 366 53 298 641 274 105 275 104
 310 510 49 388 271 189 401 56 485 613 375 364 278 172 7
 175 14 61 285 517 346 129 204 534 229 252 579 34 249 427
 479 324 506 183 69 451 465 79 468 467 83 133 184 429 88
 471 593 462 44 563 94 380 239 437 100 166 242 126 587 320
 137 474 42 482 318 370 576 29 573 26 337 115 214 577 562
 195 116 414 40 315 595 256 89 127 345 515 287 23 454 0
 639 523 637 522 636 282 219 362 110 217 112 498 19 142 356
 457 395 606 425 139 500 63 200 225 187 95 615 73 235 243
 599 123 102 418 163 489 228 611 75 46 240 149 150 148 147
 145 146 161 162 159 160 158 157 156 155 153 154 151 152 199
 66 344 286 131 519 297 642 273 106 276 51 387 272 103 308
 50 511 119 117 193 215 578 558 258 594 317 87 411 41 128
 284 343 21 452 516 238 382 566 92 43 460 349 540 4 340
 542 570 290 582 359 421 292 141 549 363 476 221 361 222 134
 597 430 181 90 475 355 144 426 289 581 291 404 316 265 253
 70 321 20 453 143 497 357 393 610 203 64 423 140 499 241
 419 600 168 125 99 403 323 314 67 255 267 590 211 197 434
 36 232 82 525 640 555 464 306 389 496 513 617 109 280 374
 450 260 192 96 384 486 45 447 259 400 564 302 553 206 625
 208 630 351 28 569 544 371 327 623 526 635 305 524 304 601
 120 433 97 561 216 212 560 98 436 118 602 547 443 177 169
 178 170 383 93 377 264 188 448 621 545 18 176 626 441 490
 78 224 48 237 616 628 546 622 439 15 180 381 567 458 531
 461 262 550 220 114 494 514 309 634 12 633 11 478 365 507
 503 530 470 182 484 504 529 186 473 483 505 551 84 554 80
 469 205 463 565 459 263 379 532 410 413 583 85 138 38 196
 417 31 533 603 557 32 604 559 416 194 536 456 202 360 293
 348 422 378 585 398 446 60 55 233 165 588 537 420 250 396
 605 331 65 132 22 386 108 295 300 107 385 254 72 405 269
 596 432 2 58 376 612 190 399 488 313 322 37 135 481 472
 6 353 539 342 541 572 164 244 124 101 591 435 619 492 493
 580 35 234 248 251 535 185 431 480 319 508 68 556 81 521
 638 303 466 91 74 223 191 236 614 438 33 589 231 198 213
 209 207 624 631 552 301 47 449 261 568 487 397 30 25 574
 338 367 575 227 76 246 121 266 408 335 336 392 607 501 528
 632 620 17 8 16 9 390 495 509 111 281 618 330 350 27
 571 543 372 332 609 391 502 527 334 136 39 86 584 409 412
 279 444 477 171 442 174 440 627 520 283 518 288 77 226 122
 245 270 406 130 24 62 394 333 608 415 592 538 247 230 167
 294 347 201 358 424 455 445 57 59 586 402 373 428 257 71
 598 407 268 113 548 218 512 307 491 352 3 325 296 52 311
 369 339 328 54 312 299 368 329 341 326 354 5 629 210 645
 644 643 646 648 647 649 650 651 1296 660 1026 659 885 1029 858
 654 906 653 1299 904 910 997 998 721 720 911 1285 837 791 897
 1069 848 847 1287 793 834 899 1068 984 701 855 768 694 1077 767
 702 697 854 987 1074 862 687 915 792 860 900 933 683 1071 665
 898 864 1083 1040 745 856 1051 656 825 779 1063 688 1059 945 1288
 782 845 690 734 733 1028 707 706 1035 954 661 994 907 989 674
 714 740 786 836 790 803 913 1044 962 1297 658 1030 830 1005 1019
 680 1293 1020 892 967 1034 774 1004 949 939 761 905 1016 1300 887
 727 811 1055 820 1046 880 751 806 743 757 812 1053 724 818 1006
 1075 741 695 974 717 1076 766 1009 769 700 957 993 676 670 980
 874 1291 1002 776 831 1082 1036 1037 675 715 971 977 838 843 1079
 762 938 765 799 942 952 937 800 1027 708 884 679 991 965 909
 719 921 901 657 810 1015 1050 1017 1007 956 739 996 718 923 781
 785 833 748 822 1289 1292 872 982 851 1018 889 804 752 805 750
 788 784 772 827 1001 681 723 988 908 968 920 1294 1021 873 894
 986 853 877 1054 926 948 930 865 964 890 919 983 705 958 754
 798 817 961 826 828 1062 664 928 935 946 868 976 871 850 698
 840 972 883 1024 951 709 940 801 925 927 1056 944 869 881 922
 969 955 703 985 891 835 780 789 823 753 1286 1008 995 959 924
 738 722 839 975 716 979 672 841 1049 655 903 1012 809 1013 970
 696 852 875 842 978 886 729 726 814 796 819 878 1043 866 684
 934 914 815 759 797 916 1045 882 685 932 870 943 1061 931 669
 929 867 895 1066 936 686 666 861 730 849 1284 689 778 731 1058
 879 1042 802 749 824 859 863 795 896 682 918 742 1038 652 1052
 857 1081 1057 821 1065 947 691 783 829 963 1298 662 1003 1032 832
 794 917 1047 807 787 902 1301 888 725 813 1014 747 808 728 816
 1048 755 1025 950 1031 663 711 710 999 992 912 736 671 712 763
 773 953 941 1000 1033 713 699 1073 973 737 1010 966 677 1023 893
 1022 1290 1011 960 1072 704 771 770 846 735 693 668 1060 1070 758
 744 1041 777 764 1078 1237 1238 1107 1150 1147 1115 1226 1145 1165 1274
 1194 1092 1117 1122 1253 1139 1103 1138 1184 1101 1210 1108 1205 1142 1173
 1244 1149 1209 1241 1144 1114 1271 1219 1273 1155 1120 1157 1119 1195 1260
 1154 1186 1190 1118 1259 1197 1235 1093 1128 1166 1134 1185 1183 1135 1283
 1200 1243 1172 1223 1174 1214 1213 1208 1229 1278 1182 1104 1088 1263 1167
 1221 1189 1156 1161 1240 1215 1124 1123 1163 1232 1282 1130 1152 1191 1192
 1121 1188 1258 1269 1242 1143 1146 1111 1212 1084 1085 1090 1203 1245 1100
 1137 1201 1196 1094 1164 1272 1116 1126 1132 1234 1095 1262 1171 1193 1159
 1267 1254 1255 1102 1086 1279 1204 1180 1228 1106 1151 1141 1113 1109 1225
 1148 1251 1217 1266 1198 1233 1281 1129 1247 1207 1087 1230 1110 1112 1181
 1270 1227 1261 1168 1153 1160 1187 1220 1276 1275 1218 1250 1091 1089 1277
 1249 1206 1105 1211 1175 1140 1199 1265 1257 1252 1098 1202 1136 1099 1236
 1162 1169 1231 1280 1170 1264 1268 1158 1216 1239 1224 1176 1246 1131 1097
 1127 1178 1179 1177 1222 1248 1096 1125 1133 1256 678 1295 990 673 981
 876 692 732 844 1067 1064 667 746 1039 756 760 1080 775
