0 17 3 28 27 10 11 5 24 22 14 13 12 15
 21 19 26 4 31 6 25 7 16 1 2 18 30 23 8
 20 9 29 36 35 56 53 61 46 62 55 43 41 50 49
 52 57 58 34 51 39 37 54 32 60 45 40 38 48 42
 33 59 44 47 447 370 454 455 443 159 297 452 445 457 392
 444 451 131 456 448 438 215 449 458 189 440 453 446 439 96
 450 345 442 243 441 383 259 958 658 341 314 696 394 146 909
 90 175 625 995 278 559 494 784 1001 573 194 609 817 529 962
 1000 939 725 851 799 810 473 333 806 98 227 563 811 805 678
 604 202 740 807 693 649 67 814 728 717 809 812 360 246 530
 782 155 808 813 508 842 221 924 288 885 663 751 647 930 992
 309 776 130 254 198 183 735 477 869 498 539 363 612 797 569
 68 120 326 544 762 294 378 388 375 379 377 128 384 319 158
 344 373 374 386 380 369 372 389 381 376 94 391 385 382 390
 66 387 371 923 490 181 737 514 803 935 185 874 541 645 607
 561 829 265 915 91 685 292 852 794 324 722 147 413 766 623
 821 848 578 598 235 798 793 92 742 486 436 681 646 965 338
 283 757 959 182 718 356 932 502 778 97 144 193 618 926 465
 1008 834 660 148 117 400 299 771 174 359 432 211 891 608 329
 882 587 1011 906 263 738 571 620 635 986 427 925 661 576 893
 535 107 195 788 855 169 690 731 709 556 393 922 900 516 493
 269 337 839 220 77 405 666 913 832 99 639 307 822 143 698
 417 200 1013 904 997 549 755 844 282 875 154 507 350 249 88
 255 795 914 602 770 741 190 312 823 691 1007 791 414 517 1009
 540 560 343 644 883 176 624 141 865 78 671 636 210 733 238
 342 918 764 310 1018 860 688 684 89 348 758 567 503 280 472
 152 619 166 420 745 187 961 551 305 322 720 527 1020 72 838
 920 284 125 702 491 109 985 461 824 633 622 792 70 167 659
 669 665 303 667 138 396 670 506 485 247 277 664 662 525 327
 668 614 196 545 298 772 655 172 500 857 711 674 919 364 113
 399 944 884 941 206 982 902 266 584 126 820 871 484 605 787
 311 534 912 248 332 402 285 552 575 911 515 763 590 203 177
 76 682 482 990 888 395 858 692 271 565 179 641 960 601 257
 351 815 230 1019 963 712 896 1005 972 480 304 621 854 145 430
 887 908 710 225 331 638 903 110 180 719 1017 954 847 773 315
 1021 403 435 726 1016 362 260 496 595 749 819 466 151 239 723
 713 831 640 943 656 313 677 580 428 616 950 752 849 899 973
 705 412 988 468 264 127 835 582 291 205 687 736 476 85 258
 553 759 134 105 368 164 836 218 928 783 593 577 512 683 240
 469 1006 929 521 122 1023 336 231 80 907 999 487 191 252 862
 418 274 910 955 599 934 846 889 398 523 347 927 232 63 841
 267 296 306 316 318 302 212 317 95 301 300 65 308 295 156
 592 699 753 747 715 804 531 404 262 653 550 150 1010 581 830
 273 630 71 1014 321 1022 708 603 201 881 969 845 978 825 157
 651 532 864 859 489 863 861 761 325 509 74 586 856 100 421
 251 769 826 996 948 213 75 886 197 850 956 634 475 423 697
 689 328 672 695 564 222 467 353 168 397 694 425 424 426 433
 416 188 437 434 242 422 431 419 320 429 219 872 111 703 501
 868 970 79 137 800 543 354 600 732 488 330 170 734 730 729
 548 727 142 629 162 250 474 981 880 949 281 574 93 591 520
 775 84 901 233 339 1015 261 579 114 873 481 724 499 504 866
 171 124 637 86 116 253 204 537 895 931 686 293 611 748 237
 497 977 938 610 119 367 756 657 877 208 615 780 588 139 492
 165 897 979 676 744 349 270 921 953 643 976 161 409 837 287
 987 524 898 980 652 112 947 974 358 767 933 256 276 966 937
 613 743 478 840 993 642 975 108 223 936 538 102 186 234 279
 410 870 555 631 149 566 750 754 470 528 701 224 355 632 163
 407 867 1002 894 184 511 554 73 650 153 789 716 774 673 816
 746 460 827 236 596 505 675 680 879 463 878 547 216 192 572
 876 226 945 707 129 495 964 244 209 721 140 1012 228 104 479
 967 519 542 892 136 968 406 536 785 779 346 245 905 275 654
 983 483 459 289 101 818 64 833 83 562 998 1003 526 843 946
 700 917 286 272 268 290 69 991 118 401 357 790 704 471 160
 207 739 546 606 890 786 802 781 627 334 971 115 135 178 361
 916 828 411 352 796 133 589 214 942 557 648 81 777 335 957
 518 217 229 989 760 173 340 123 106 103 121 617 533 558 994
 940 570 801 585 408 626 365 706 82 1004 513 241 366 199 952
 628 568 853 984 323 768 679 522 87 594 132 462 583 464 714
 510 951 765 415 597 1024 1025 1029 1049 1041 1055 1051 1048 1028 1040
 1054 1046 1043 1035 1032 1039 1044 1042 1038 1034 1027 1052 1031 1050 1037
 1033 1026 1045 1056 1036 1053 1047 1030 1057 1061 1082 1077 1081 1085 1069
 1064 1088 1058 1076 1066 1078 1059 1080 1060 1072 1071 1087 1074 1084 1079
 1083 1067 1068 1062 1063 1073 1070 1065 1086 1075 1089 1090 1112 1095 1115
 1107 1121 1117 1114 1094 1106 1119 1109 1091 1098 1104 1092 1110 1108 1103
 1100 1093 1116 1097 1105 1102 1099 1120 1111 1101 1118 1096 1113 1572 1458
 1554 1570 1561 1560 1481 1216 1558 1555 1556 1565 1559 1567 1275 1571 1552
 1564 1332 1563 1557 1191 1304 1562 1244 1553 1568 1551 1566 1550 1569 1176
 1181 1179 1159 1164 1182 1162 1156 1161 1177 1166 1163 1157 1165 1169 1154
 1183 1173 1153 1175 1167 1172 1178 1155 1160 1180 1171 1174 1158 1168 1170
 1185 1727 1896 2023 1817 1410 1487 1265 1871 1772 2022 2097 1222 1591 1387
 1681 1133 2014 1665 1451 1338 1733 1375 1756 2105 1538 1280 1638 1932 1961
 1326 1497 1826 1684 1212 1224 1581 1976 2068 1419 1792 1669 1734 1620 1132
 1769 1292 2047 1370 1355 1436 2078 1860 1255 1406 1898 1942 2095 1636 1464
 1479 1473 1459 1359 1470 1462 1472 1466 1480 1478 1463 1460 1276 1465 1218
 1468 1469 1384 1471 1434 1126 1467 1474 1476 1475 1457 1461 1477 1904 1995
 1760 1350 2112 1662 1288 1583 1940 1678 1954 1522 1429 1704 1639 1496 2055
 1220 1974 1368 1135 1256 1780 1798 1711 1732 1454 1393 1840 1543 1148 1841
 1799 1354 1382 1968 1941 2062 1418 1240 1290 1877 2098 1736 1404 1579 1670
 1640 1511 1781 1998 1259 1208 1599 1861 1702 1605 1526 1855 2001 1975 1749
 2070 2071 1888 1379 1145 1515 1831 1797 1492 1984 1193 2076 1776 2074 1383
 1656 1994 2072 1297 2073 1236 2075 1210 1838 1516 1327 1845 1407 1258 2027
 1573 1548 1788 1680 1420 1329 1800 1778 1823 1725 1959 1810 1242 1982 2008
 1285 1937 1766 1653 1858 1808 1854 1253 1228 1510 1977 1979 2067 1357 1890
 1574 1488 1602 2032 1295 1922 2009 1811 1723 1540 1731 1124 1765 1440 1615
 1851 1609 1884 1992 1929 1322 1588 2006 1294 2024 1396 1705 1679 1205 1628
 1997 1716 1232 1512 1495 1137 1657 2025 1358 1743 1730 2019 1211 1238 1606
 1283 2063 1869 1150 1646 1430 1260 1933 1720 1911 1664 1943 1390 2043 1791
 1376 2082 1834 2030 1217 1774 1385 2111 1661 1872 1709 1901 2109 1614 1152
 1577 1503 2110 2021 2108 1634 1690 1950 2113 1300 1989 1372 1847 1677 1771
 1281 1254 1200 1339 1596 1853 1844 1849 1130 1392 1846 1850 1848 1693 1784
 1852 1533 1796 1365 1738 1957 1682 1829 1456 1424 1223 1202 1299 2037 1717
 1377 1663 1695 1314 1336 1785 1946 1247 1768 1626 1523 1649 1595 1399 1439
 1633 1938 1374 1421 1652 2017 1876 2005 1498 1894 1315 1809 1801 1549 1206
 1757 1287 1214 1790 1506 1147 1833 1654 1508 1782 1856 1903 1198 1686 1963
 1412 1715 1273 2013 2103 1988 1945 1597 1586 2090 1323 1544 1969 1490 1708
 1400 1625 1887 2058 1985 1422 1257 2099 1296 1189 1139 1931 1230 1302 2035
 1438 1967 2004 1576 1960 1818 1759 1353 1604 1325 2065 1787 1423 1509 1907
 1442 1691 1983 1925 1836 1279 1667 1484 1215 1897 1143 1643 1535 1346 1921
 1724 1948 1187 2050 1885 1613 1366 1744 2092 2034 1981 1291 1793 1146 1398
 1673 1622 1298 2003 1764 1313 1363 2086 2084 2083 1197 1611 1947 1986 1489
 2085 1806 2087 2088 1698 1993 2011 1866 1753 1828 1427 1777 1235 2031 1190
 1912 1900 1453 1269 1545 2044 1683 1719 1783 1805 1729 1144 1413 2045 1645
 1226 1389 1827 1710 1608 1882 1500 1951 1186 1267 1449 1520 1402 1426 2101
 1891 1748 1899 2054 2051 1448 1575 1493 1521 1916 1999 1630 1319 1252 1647
 1773 1241 1504 1125 1739 2046 1928 1403 1600 1277 1621 1789 2081 1913 1328
 1199 1251 1316 2059 1598 1417 1207 1949 1231 1317 1532 1892 1391 2039 2080
 1494 1648 1687 1525 1821 1917 1955 1245 1880 1432 1865 1507 1136 2042 1835
 1589 1666 1263 1712 1203 1369 1803 1348 2010 1746 1234 1779 1699 1689 1528
 1411 1278 1914 2012 2077 1578 1906 1371 1934 1617 1437 1674 1349 1542 2069
 1745 1213 1804 2061 1700 1282 2066 2064 1893 1527 1593 1770 1722 1819 1529
 1991 1692 1629 1584 1188 1953 1266 1324 2104 1499 1425 1301 1415 1431 1433
 1409 1428 1416 1274 1414 1603 2056 1966 1825 1707 1761 1909 1307 1619 1881
 1502 1644 1616 2053 1837 1923 1444 1318 1910 1701 2089 1386 1262 1122 1501
 1842 1196 1927 1820 1668 1812 1965 1590 1261 2094 1237 1863 1990 1585 1824
 1714 2015 2016 1741 1378 2018 1452 1321 1623 1286 1878 1870 1874 1879 1192
 1875 1873 1340 1868 1747 1485 1441 1397 1123 1939 2038 1334 1786 1618 1201
 1149 1320 1514 1794 1952 1195 1344 1862 1935 1221 1902 1388 1905 1272 1775
 1696 1580 1131 1341 2100 1655 1151 1381 1767 1843 1978 1311 2102 1524 1547
 1519 1886 1592 1631 1750 1142 1672 1832 1713 2107 1450 1752 1343 1362 1930
 1651 1944 1367 1703 1517 1973 2040 2026 2041 1676 1624 1486 1268 1762 1737
 1726 2060 1924 1219 1920 1447 1537 1918 1582 1361 1697 1735 1919 1310 1342
 1742 1815 1813 1814 1129 1284 1659 1601 1816 1536 1351 1435 2052 1936 2028
 1758 1541 1980 1694 1754 1857 1246 1364 1394 1802 1632 1405 1675 2033 1889
 1751 1264 1194 1138 1594 1337 2002 1859 1250 1627 1830 1883 2036 1962 1330
 1987 1443 1822 1895 1204 1518 1305 1546 2048 1233 1140 1807 2000 1839 1671
 2007 1491 1908 1706 1483 1637 1610 2091 1658 1134 1971 1401 1972 1970 1229
 1227 1356 1915 1446 1333 1335 1345 1331 1352 1347 1408 2093 1306 1239 1309
 1531 1795 1128 1293 1445 2079 1688 1513 1926 1958 1755 1728 1956 1539 1360
 1607 1867 1225 1312 1395 1534 1864 1482 1243 1249 1184 1248 1271 1270 2049
 1141 1964 2020 1660 1685 1996 1587 1718 2029 2106 1740 1505 1289 1209 1530
 2096 1308 1612 1380 1642 1641 1650 1635 1127 1763 1373 1303 1455 2057 1721
0 1 2 3 4 5 6 7 8 9 10 11 12 13
 14 15 16 17 18 19 20 21 22 23 24 25 26 27 28
 29 30 31 63 129 124 139 131 130 134 135 144 138 132 146
 147 133 145 150 137 128 153 141 140 142 152 127 148 125 136
 149 143 126 151 32 80 92 85 72 73 89 84 83 67 68
 76 93 74 87 91 82 64 88 79 71 70 66 90 77 81
 69 86 78 65 75 155 161 159 162 163 167 168 166 160 154
 179 181 176 158 157 182 180 164 156 172 173 183 177 174 170
 165 169 175 171 178 34 57 61 55 49 33 37 36 42 45
 38 39 58 48 41 35 52 51 53 60 40 46 43 44 56
 59 47 62 54 50 103 94 112 108 107 96 102 95 97 98
 111 119 101 99 100 120 118 122 113 114 117 121 106 116 123
 104 110 105 109 115 976 837 611 832 885 243 850 512 537 373
 778 679 591 881 694 966 975 714 752 339 765 317 576 896 872
 920 496 620 524 553 936 458 916 459 573 960 434 299 697 682
 360 621 324 756 646 910 405 603 864 827 985 663 709 823 835
 723 280 878 549 189 534 633 750 957 645 839 909 419 814 485
 600 406 971 1010 351 954 315 718 1007 329 849 569 857 287 283
 273 275 272 271 269 279 270 289 293 292 274 240 285 286 268
 288 281 282 267 284 276 291 290 278 277 1022 911 915 443 364
 221 560 409 488 652 430 564 381 610 987 703 898 980 474 341
 934 260 948 205 997 713 883 822 504 541 226 676 963 631 380
 263 939 563 585 489 901 1014 727 917 393 203 762 313 998 746
 801 441 745 506 529 544 994 258 991 423 374 717 707 596 790
 400 224 629 819 889 298 684 852 1009 922 590 438 532 514 193
 354 779 472 958 1002 840 328 306 669 834 903 869 581 429 983
 597 927 414 449 338 508 542 471 695 999 674 359 579 612 923
 720 230 255 653 495 301 856 995 950 743 391 667 625 521 1015
 251 982 921 989 353 706 782 748 940 598 387 304 868 635 858
 220 1021 499 841 370 455 448 345 452 297 447 454 451 444 440
 392 457 446 442 456 445 439 453 450 215 217 551 731 648 945
 643 882 930 672 580 704 808 396 376 754 312 867 833 619 1000
 935 908 511 602 574 708 253 699 800 302 333 582 1023 736 967
 664 408 210 816 984 436 884 518 509 517 322 515 347 513 394
 502 516 481 191 507 372 505 510 503 501 520 519 417 531 540
 212 526 525 536 530 348 528 522 371 535 244 533 527 192 539
 538 523 323 395 561 349 554 552 555 558 242 559 460 546 213
 545 547 557 556 548 550 300 543 644 331 305 789 813 592 990
 265 863 848 962 218 483 877 206 981 951 401 468 386 490 775
 772 332 776 738 780 774 369 196 567 675 777 773 357 389 428
 627 254 649 482 231 726 796 659 702 906 900 307 186 402 942
 744 938 871 979 897 477 211 225 859 996 724 416 953 599 732
 361 689 327 807 245 739 432 711 924 719 799 847 824 959 464
 562 248 228 1017 462 601 904 725 303 407 855 795 973 764 749
 606 810 914 918 235 494 893 735 415 974 382 826 761 467 905
 399 593 325 943 757 195 970 875 223 802 365 949 815 698 690
 630 688 693 696 691 198 397 692 222 687 486 888 806 607 309
 469 961 424 356 484 236 854 636 993 319 201 783 929 355 261
 638 404 1012 846 239 624 651 604 336 753 955 965 461 628 1005
 968 666 492 811 587 634 755 992 928 413 614 346 343 828 426
 658 246 809 202 728 473 740 227 678 812 805 1006 671 340 925
 657 204 1003 861 879 817 798 891 584 595 589 583 586 594 194
 375 588 793 425 715 791 792 787 786 794 565 358 784 785 781
 788 655 605 907 770 639 487 344 683 972 842 759 701 632 470
 751 660 737 758 566 252 686 497 769 895 362 887 931 321 237
 641 977 670 233 747 1013 873 1016 187 476 383 238 865 185 933
 249 379 437 804 851 964 894 722 640 571 264 190 843 366 956
 710 654 410 266 433 622 880 767 978 570 232 836 937 475 431
 385 946 616 208 830 1019 681 892 575 241 768 860 197 465 320
 500 188 1020 820 700 363 1004 771 876 665 845 818 207 618 310
 988 609 334 944 384 650 673 608 797 480 250 229 295 932 1018
 661 296 216 337 662 941 209 421 368 403 637 763 1011 390 742
 716 466 821 912 838 314 479 214 866 615 330 427 919 613 677
 902 463 870 969 316 685 412 578 1001 626 259 729 853 247 377
 642 219 705 572 326 844 730 199 493 734 947 680 256 803 656
 668 200 184 825 862 617 311 577 420 388 498 234 1008 308 899
 422 568 352 741 712 350 411 623 318 342 398 478 952 378 766
 890 733 760 262 986 367 257 926 721 829 335 418 831 647 913
 874 886 435 294 491 1024 1026 1025 1048 1055 1035 1043 1036 1049 1046
 1042 1029 1031 1050 1047 1052 1045 1054 1034 1030 1056 1040 1033 1038 1027
 1032 1037 1053 1039 1051 1041 1028 1044 1057 1058 1059 1060 1061 1062 1063
 1064 1065 1066 1067 1068 1069 1070 1071 1072 1073 1074 1075 1076 1077 1078
 1079 1080 1081 1082 1083 1084 1085 1086 1087 1088 1089 1092 1095 1090 1114
 1121 1091 1109 1101 1115 1112 1108 1097 1105 1113 1116 1102 1111 1119 1100
 1096 1120 1106 1099 1103 1093 1098 1104 1118 1117 1107 1110 1094 1222 1153
 1213 1217 1219 1220 1215 1236 1224 1226 1218 1237 1235 1239 1234 1241 1227
 1221 1242 1231 1225 1229 1214 1223 1228 1233 1240 1230 1238 1232 1216 1123
 1243 1245 1246 1249 1262 1254 1264 1257 1261 1244 1258 1256 1266 1250 1184
 1269 1251 1270 1252 1253 1265 1271 1263 1255 1267 1260 1248 1259 1247 1268
 1168 1315 2066 2112 1455 1492 1685 1951 1654 1621 1973 2035 1863 1550 1289
 1805 1339 1547 1603 2010 1830 1949 1731 1695 1670 2087 1396 2043 1420 1124
 1144 1128 1152 1125 1132 1126 1127 1139 1122 1145 1130 1142 1131 1138 1146
 1143 1149 1141 1151 1147 1136 1134 1129 1133 1150 1135 1148 1137 1140 1154
 1163 1155 1156 1182 1180 1157 1167 1170 1172 1173 1159 1177 1165 1161 1164
 1181 1179 1162 1158 1176 1160 1174 1166 1178 1183 1169 1171 1175 1775 1965
 2108 1443 1625 1497 2080 1913 2086 1846 1332 2019 2075 2055 1546 1701 1476
 1198 1877 1673 1742 1399 2097 1647 1862 1811 1689 2024 1415 1327 1320 1317
 1323 1319 1318 1314 1313 1316 1326 1322 1325 1308 1307 1185 1309 1303 1306
 1305 1302 1324 1311 1304 1321 1312 1310 1301 1770 1456 1481 1387 1282 2064
 1527 1504 1374 1686 2061 1200 1700 1904 2068 1828 1887 1893 1724 1593 1880
 2065 2063 2067 2069 1745 2062 1804 1780 1774 1442 1598 1485 1461 1618 1530
 1778 1771 1772 1574 1776 1779 1710 1556 1416 1674 1336 1773 1390 1777 1506
 1769 1782 1657 1781 1444 1565 1409 1953 1331 1906 1716 1376 1942 1855 1698
 1687 1945 1210 1457 1793 1293 2011 1610 1964 1871 1640 1587 1824 1865 1801
 1385 1561 1950 1634 1577 2110 1300 1372 2030 1727 2109 1212 1901 1709 1989
 1661 1503 2021 1614 1808 1690 1730 1872 2111 2113 1447 1453 1451 1448 1439
 1438 1449 1445 1358 1275 1383 1441 1450 1434 1437 1440 1446 1436 1454 1435
 1452 1188 1329 1397 1666 1845 1537 1361 1921 1820 1799 1899 1920 1582 1919
 1923 1924 1832 1925 1869 1922 1735 1288 1697 1717 1681 1918 1330 1498 1486
 1488 1360 1483 1502 1484 1501 1491 1490 1189 1499 1500 1496 1495 1277 1482
 1493 1494 1489 1487 1425 1335 1787 1378 1699 2001 2000 1903 1998 2005 2002
 2004 1812 1911 1639 1996 1860 1800 1926 1979 2003 1997 1999 1817 1334 2042
 1705 1363 1939 1797 1596 2032 2050 2038 1460 1786 2077 1823 1928 2017 2098
 1912 1645 1286 1201 1842 1891 1197 1723 1632 1894 1579 1679 1371 1822 2031
 1831 1948 1410 1886 1982 2036 1384 1789 1987 2016 1962 1933 1916 1648 1629
 1367 2078 1935 1413 1967 1554 1696 2034 1467 1879 1711 2020 2089 1405 2102
 1929 1914 2018 1859 1347 2059 1878 1533 1636 1359 1941 1732 2070 1910 1202
 1803 1813 1791 1667 2090 2101 1401 2028 2088 1992 1427 1617 1631 1615 1362
 1626 1628 1193 1633 1627 1630 1276 1619 1623 1620 1573 1624 1616 1552 1622
 1412 1944 1597 2039 1983 1517 1404 1837 1703 1744 1682 1545 1664 1295 1572
 1825 2041 2040 1722 2026 1192 1743 1818 1381 1937 1896 2013 1424 1848 2056
 1646 1870 1458 1607 1792 2009 1208 1798 1857 1291 1373 1938 1994 1853 2045
 1555 1821 1479 1644 1868 1943 1190 1337 1394 1959 1298 1429 2054 1984 1850
 1807 1207 1580 1477 1393 1507 1340 1287 1968 1642 2052 1529 1836 1957 1885
 1422 1370 1584 1975 2091 2049 2012 1389 1478 2008 1932 1858 1970 1652 1551
 1346 1960 1806 1418 2079 2074 1430 1206 1600 1915 1905 1475 1861 1788 1966
 1829 1963 1839 1292 1655 1643 1353 1954 1752 1749 1748 1751 1750 1747 1754
 1753 1756 1755 1763 1765 1762 1767 1768 1759 1757 1766 1758 1764 1760 1761
 1379 1328 1365 1366 1375 1357 1272 1368 1377 1364 1369 1356 1382 1380 1940
 1796 1890 1538 1505 1737 1566 1936 1606 1668 1398 1833 1873 1784 1532 1671
 1464 1520 1408 2022 1604 1355 1199 1726 1694 1428 2071 2072 1297 1515 1605
 2076 2073 1888 1526 1656 1902 1463 1680 1557 1540 1406 1649 2100 1867 1343
 1739 1204 1559 1471 1794 2082 2058 1706 1641 1978 1741 1969 1961 1548 2025
 1851 1459 1281 1852 1662 1854 1693 1844 1847 1677 1849 1392 1991 1672 1720
 1592 1519 1736 1296 1196 1892 1407 2053 1827 1683 1473 1665 1403 1431 1795
 2006 1976 2029 1290 1595 1583 1348 1946 1958 2085 1988 1708 1562 1344 1816
 2014 1785 1549 1864 1345 1553 2106 1659 2083 2044 1465 1907 1421 1819 1510
 1341 1734 1388 1900 2007 2037 1602 1516 1544 1279 1590 1733 1571 2033 1480
 1468 1466 1462 1474 1469 1470 1472 1521 2094 1541 1589 1947 2103 1719 1570
 2047 1576 1790 1658 1675 1531 1783 1599 1391 1684 1635 1395 1881 1930 1560
 1205 1411 1191 1985 1386 1746 1995 2081 1707 1882 1688 1725 1841 1569 1740
 1402 1273 1738 1578 1702 1840 1721 2057 2060 1194 2105 1712 1875 1993 1838
 1522 2093 2092 1563 1638 1692 1952 2096 1567 1884 1423 2027 1856 1613 1977
 1676 1955 1518 1524 1511 1525 1509 1508 1513 1523 1514 1512 1874 1908 1718
 1669 1203 1400 1715 1660 1889 2051 1568 1542 1591 1283 1585 1426 1802 2099
 1299 1843 1653 1990 1611 1876 1417 1558 1534 1917 1581 1195 1564 1909 1536
 1637 1651 1650 1528 1211 1898 1678 2107 1934 2104 1714 1535 2015 1704 1866
 1691 1285 1663 1971 1835 1594 1972 1338 1354 1350 1333 1349 1186 1351 1342
 1352 1601 1809 1810 1815 1729 1284 1814 1539 1575 1728 1278 1956 1834 1897
 2095 1883 1280 1209 1612 1586 1608 1713 1981 1980 1927 2084 1986 1294 1543
 2023 1826 1609 1588 1931 2048 1974 1895 2046 1274 1419 1414 1432 1187 1433
1 0 3 2 24 13 30 21 25 16 22 14 19 5
 11 26 9 29 20 12 18 7 10 31 4 8 15 28 27
 17 6 23 32 154 155 165 159 161 162 163 160 168 183 178
 176 156 180 157 173 182 166 181 179 171 175 158 174 170 169
 164 177 172 167 63 64 65 66 67 68 69 70 71 72 73
 74 75 76 77 78 79 80 81 82 83 84 85 86 87 88
 89 90 91 92 93 124 130 131 134 135 151 138 153 144 129
 140 141 147 127 150 128 145 149 133 126 137 132 143 148 125
 139 136 152 142 146 94 118 113 107 109 103 95 96 115 112
 97 98 120 114 100 119 104 105 122 116 102 110 123 106 117
 111 108 99 121 101 33 34 45 47 55 36 40 37 38 39
 59 35 50 62 41 58 57 53 61 48 56 54 44 60 43
 52 46 51 49 42 236 237 229 225 233 215 226 217 212 213
 219 224 234 220 222 231 216 214 238 232 230 223 235 218 227
 228 239 221 192 193 201 189 200 191 207 194 197 211 198 205
 195 187 190 208 209 186 204 199 203 188 196 206 184 185 202
 210 293 728 542 458 532 945 997 981 691 475 780 310 963 781
 932 1003 868 365 830 638 658 668 852 926 705 724 377 281 279
 290 271 270 275 291 283 272 286 280 288 268 277 267 289 274
 292 287 276 285 278 282 269 273 284 240 716 761 865 441 500
 620 561 1006 388 637 903 687 995 938 396 789 251 570 1019 656
 337 749 473 682 750 595 722 363 506 540 850 786 814 390 692
 1011 755 908 978 893 437 729 1015 314 657 864 999 973 627 479
 828 443 586 504 522 559 802 873 632 486 913 700 407 386 783
 891 679 720 435 321 884 257 1007 842 567 855 445 534 517 553
 1018 1013 782 266 712 626 696 411 680 848 430 892 357 744 302
 498 327 607 447 764 511 549 308 689 762 584 771 768 767 770
 629 765 766 356 617 760 763 381 468 661 702 769 1012 528 727
 898 944 937 483 699 650 472 609 907 988 614 384 971 738 575
 881 362 673 334 454 452 456 297 455 345 449 370 457 392 453
 444 451 450 439 448 438 442 440 446 243 512 552 942 732 633
 990 608 831 690 412 894 583 987 425 316 874 249 1001 886 681
 343 563 508 803 422 880 793 353 933 983 665 992 962 826 824
 758 979 723 642 389 905 298 516 515 514 347 509 322 519 481
 505 518 394 459 520 503 502 501 372 510 507 513 530 348 541
 537 539 538 533 417 531 521 529 244 527 371 536 535 524 526
 525 323 523 242 560 550 547 551 545 556 395 544 546 460 373
 555 554 548 558 557 349 543 300 821 480 698 703 965 368 643
 624 311 834 1023 896 989 433 663 957 949 879 950 596 741 470
 399 862 346 635 909 678 654 985 922 843 918 319 581 984 899
 998 912 977 972 966 847 725 964 391 465 426 615 910 861 731
 429 610 677 408 895 1020 299 832 805 701 569 721 379 342 648
 404 695 927 352 463 792 587 941 303 259 853 726 967 497 568
 931 693 920 733 628 825 424 796 924 707 590 737 313 338 260
 844 1008 413 777 576 812 489 686 817 261 970 736 911 688 436
 772 851 787 616 589 360 382 478 317 994 1010 951 666 305 672
 397 467 248 328 645 697 630 380 694 564 423 355 623 414 565
 845 264 904 653 860 976 820 919 378 773 936 790 294 888 974
 954 361 625 320 496 265 605 640 418 241 335 813 613 462 647
 946 815 670 655 432 785 939 582 809 914 387 776 935 801 900
 315 318 928 835 878 948 330 872 774 494 859 409 295 398 410
 393 405 406 402 401 415 403 400 674 713 757 808 745 662 960
 829 250 253 376 358 794 739 325 676 791 309 715 788 634 485
 784 811 651 940 923 956 838 747 350 482 1009 622 996 991 775
 742 986 795 664 730 326 735 959 667 897 1021 710 562 889 837
 493 649 492 885 344 779 258 466 621 952 571 752 915 823 800
 867 953 901 367 593 659 704 883 604 383 961 324 675 262 639
 887 369 925 958 877 759 708 612 585 980 339 296 921 839 256
 876 968 943 756 351 474 1000 869 858 753 579 484 434 906 846
 364 827 477 854 717 822 969 359 385 333 469 618 573 818 419
 598 748 841 982 304 706 499 882 427 331 588 611 671 600 354
 743 836 975 934 594 711 646 866 592 798 652 856 263 631 751
 1022 1016 644 254 487 917 746 714 421 307 740 797 636 461 871
 420 245 734 1004 754 578 580 685 833 840 719 1014 799 577 857
 816 778 849 491 252 606 566 603 641 870 890 669 431 602 341
 718 916 709 601 332 495 863 247 902 488 597 591 810 471 428
 574 464 807 490 1002 683 306 806 246 599 340 875 476 993 255
 947 1017 301 366 660 804 684 329 416 375 955 336 930 1005 374
 312 619 819 929 572 1024 1026 1025 1048 1055 1035 1043 1036 1049 1046
 1042 1029 1031 1050 1047 1052 1045 1054 1034 1030 1056 1040 1033 1038 1027
 1032 1037 1053 1039 1051 1041 1028 1044 1057 1058 1059 1060 1061 1062 1063
 1064 1065 1066 1067 1068 1069 1070 1071 1072 1073 1074 1075 1076 1077 1078
 1079 1080 1081 1082 1083 1084 1085 1086 1087 1088 1089 1123 1461 1153 1282
 1577 1361 1597 1752 1749 1750 1753 1747 1756 1763 1765 1755 1762 1767 1754
 1636 1768 1759 1751 1757 1332 1748 1758 1766 1764 1760 1761 1413 1128 1090
 1144 1152 1132 1139 1122 1145 1142 1138 1126 1146 1143 1149 1141 1151 1131
 1127 1147 1136 1130 1134 1124 1129 1133 1140 1150 1135 1148 1137 1125 1092
 1184 1247 1244 1248 1253 1252 1255 1256 1258 1246 1261 1257 1267 1251 1243
 1270 1250 1269 1254 1262 1271 1265 1268 1264 1266 1259 1249 1260 1245 1263
 1154 1598 1770 1774 1773 1776 1506 1618 1574 1769 1771 1780 1772 1530 1775
 1485 1336 1556 1778 1777 1779 1442 1710 1674 1390 1782 1657 1781 1416 1214
 1213 1222 1217 1216 1219 1218 1221 1220 1215 1236 1225 1224 1227 1226 1237
 1235 1239 1234 1241 1242 1231 1229 1223 1228 1240 1230 1238 1232 1233 1168
 1156 1182 1163 1155 1157 1180 1170 1167 1159 1158 1172 1160 1161 1165 1162
 1179 1181 1164 1173 1183 1177 1175 1178 1166 1176 1171 1169 1174 1289 1291
 1300 1286 1288 1295 1293 1287 1298 1292 1093 1290 1297 1296 1275 1279 1276
 1272 1283 1273 1281 1278 1299 1277 1285 1284 1280 1294 1274 2110 1517 1962
 2077 1587 1836 1915 1806 1890 2072 1826 2053 1726 1733 1359 1785 1569 1706
 1405 1639 2051 2100 1539 2015 1866 1810 1414 2066 2067 1527 1504 1114 1593
 1481 1387 1200 1700 1828 1374 1686 1887 1893 2061 1904 2068 1745 2064 1804
 2069 2062 1456 2065 1724 2063 1880 2035 2112 1949 1315 1805 1095 1951 1550
 1603 1973 1863 1654 1492 1830 1731 1547 1420 1695 1339 1455 1670 2010 1685
 1621 2087 1396 2043 1818 1537 1424 1607 1335 1944 1743 1208 1937 1896 1439
 1617 2056 1381 1458 1792 2080 1848 2059 2009 1798 1646 1319 2013 1857 1870
 1661 1503 1614 2113 1121 1327 2108 1212 2109 1730 2030 1372 1989 1690 1901
 1385 1561 2111 1950 1872 1709 1727 1808 2021 1634 1832 1519 1608 2041 1698
 1393 1938 2079 1205 1546 1656 1728 2007 1471 1650 1675 1908 2090 2027 1860
 1990 1375 1351 1666 1397 1582 1565 1091 1820 1921 1869 1922 1919 1845 1920
 1925 1918 1447 1923 1799 1899 1717 1625 1681 1735 1697 1924 1334 1592 1788
 2012 1199 1737 2029 1715 1897 2033 1917 1368 2057 2093 2099 2023 1647 1859
 1971 1980 2083 1876 1410 1331 1507 1190 1505 1515 1520 1523 1516 1524 1521
 1522 1508 1511 1302 1525 1435 1509 1513 1514 1510 1512 1518 1579 1330 1894
 1679 1197 1822 1831 1723 1886 2031 2036 1384 1789 1323 1632 1987 2016 1933
 1916 1648 1443 1371 1948 1982 1363 1596 1823 2042 1817 1705 1201 1939 2050
 1797 1842 1425 2032 1891 2038 1460 1786 1928 2017 1317 2098 1912 1645 1586
 1192 1580 1584 1094 1583 1526 1575 1590 1459 1578 1576 1591 1573 1305 1589
 1588 1581 1585 1482 1333 1610 1600 1551 1096 1185 1606 1595 1605 1604 1364
 1602 1601 1599 1386 1436 1613 1594 1612 1611 1609 1411 1687 2054 1394 1191
 1936 2006 1379 1883 1889 2037 1476 1790 2014 1874 2089 1909 1691 1540 2085
 1433 1906 1109 1825 1837 1320 1664 1983 1682 1722 1703 1572 1404 1497 1545
 2039 1448 2026 1744 2040 1367 1716 1444 1210 1942 1855 1824 1409 2011 1945
 1640 1801 1457 1953 1793 1964 1376 1871 1865 1965 1207 1449 1984 2052 1885
 1529 1850 1477 1642 1807 1968 1378 1340 1615 1957 2086 1422 1631 1994 1821
 1868 1373 2078 1479 1438 1787 1337 1913 1943 1644 1853 1555 1318 1959 2045
 1429 1206 1935 2074 1829 1839 1488 1655 1475 1963 1905 1861 1966 1643 1533
 1353 1954 1313 1430 1445 1975 1418 1370 1878 1314 1932 1478 1858 1486 1970
 2091 2008 2049 1846 1389 1652 1346 1960 1101 1115 1098 1099 1112 1097 1100
 1108 1105 1102 1113 1116 1111 1119 1120 1106 1103 1118 1104 1117 1107 1110
 1193 1186 1194 1196 1188 1187 1198 1189 1203 1202 1204 1195 1211 1209 1833
 1873 1316 1566 1699 1483 1538 1626 1941 1398 1668 1940 1796 1795 1559 1403
 1473 2000 1665 1976 1910 1348 1360 1308 1683 1431 1888 1326 2075 2001 2070
 2073 2076 2071 1554 1383 1827 1462 1693 1531 1552 1660 1637 1311 1819 1338
 1713 1369 1532 1434 1783 1841 1840 1306 1638 1843 1714 1835 1834 1560 1838
 1884 1467 1742 2081 1400 2060 1680 1988 1956 1704 1972 1659 1892 1407 1736
 1498 1453 1720 2055 1366 1991 1672 1325 1902 1694 1464 1408 1671 1428 1784
 1628 2022 1502 2019 1732 1967 1355 1882 1881 1622 1844 1678 1534 1341 1809
 1623 1309 1563 1856 1342 1528 1898 1392 1489 1895 1474 2046 1423 1867 2003
 1344 1719 1635 2107 1450 1630 1803 1998 1571 1701 2034 1307 1544 1491 1470
 1466 1468 1463 1465 1472 1480 1469 2002 2092 1567 2102 2084 2105 1734 1543
 2048 1711 1619 1391 1440 1557 1794 1791 1658 1702 1388 1663 1958 2095 1548
 1358 1427 1362 1995 1667 1725 1985 1852 1688 1946 1707 1746 2082 1303 1718
 1669 1673 1721 1879 1684 2058 1738 1499 1854 1365 2103 1729 1802 1986 2025
 2004 1500 2094 1549 1641 1676 1955 1977 1541 1851 1421 1454 1864 2101 2096
 1692 1952 1999 2005 1911 1996 1800 1812 1926 1903 1979 1997 1620 1446 1740
 1402 1377 1662 1484 1406 1627 1324 1542 1568 2020 1877 2018 1432 1875 1496
 2097 1978 1651 1452 2088 1487 1419 1535 1562 1490 1914 1356 1536 1624 1564
 1649 1653 1437 1553 1382 2106 1708 1900 2104 1934 1741 1558 1321 1677 1312
 1616 1862 1395 1493 1969 1401 1849 1343 1350 1354 1347 1352 1328 1329 1345
 1349 1813 1816 1310 1814 1712 1811 1815 1304 1696 1441 1399 1847 1961 1501
 1930 1633 1689 1380 2028 1629 1451 1739 1927 1494 1981 1947 1993 2024 1570
 1495 1322 1992 1929 1974 2047 1931 2044 1907 1415 1417 1301 1426 1357 1412
5 13 30 6 10 0 3 17 11 23 4 8 28 1
 25 20 31 7 26 27 15 29 24 9 22 14 18 19 12
 21 2 16 32 129 270 393 392 394 97 395 411 397 414 409
 404 406 187 405 214 396 398 295 402 401 410 412 400 408 407
 415 413 399 403 63 64 65 66 67 68 69 70 71 72 73
 74 75 76 77 78 79 80 81 82 83 84 85 86 87 88
 89 90 91 92 93 272 481 444 38 242 798 630 340 306 154
 861 671 361 580 204 987 621 817 1003 772 714 607 914 891 979
 657 707 925 879 1006 275 495 674 950 471 33 508 449 391 255
 162 542 653 936 695 338 612 911 579 743 995 832 301 720 359
 667 230 923 856 999 103 271 766 765 468 447 381 511 134 549
 769 764 762 770 689 356 617 768 584 201 771 763 629 661 760
 767 225 761 308 702 346 844 675 46 806 370 257 503 524 551
 1004 901 725 330 687 924 668 173 428 949 108 955 941 618 575
 592 315 1011 537 546 48 445 261 514 895 947 755 329 305 1014
 841 180 365 433 922 851 150 652 578 996 605 636 586 659 988
 749 273 483 98 438 371 488 416 493 486 498 492 489 499 485
 487 133 494 190 497 482 496 216 491 299 490 484 500 289 278
 280 34 155 94 240 284 124 287 290 268 288 269 282 281 292
 274 286 285 276 279 267 277 293 283 291 477 51 649 451 377
 263 558 146 633 603 331 222 102 1009 182 703 665 594 581 943
 931 210 855 729 721 466 678 378 507 523 684 676 673 681 672
 221 197 304 683 419 679 682 352 644 139 685 101 677 686 680
 462 457 184 520 531 555 862 816 336 691 833 940 169 874 790
 148 437 106 847 712 958 226 572 610 646 473 189 244 459 460
 476 464 472 298 321 461 467 160 479 465 480 469 474 470 463
 475 478 132 36 35 37 39 49 41 50 61 56 53 52 62
 44 47 45 58 57 43 54 40 55 60 42 59 246 530 807
 333 811 813 728 693 809 782 805 717 202 808 563 812 810 227
 740 604 814 360 243 440 439 450 453 446 96 215 443 159 455
 131 441 297 456 442 458 448 452 345 454 372 373 379 344 388
 375 383 319 380 158 385 387 128 376 369 386 389 374 294 390
 382 384 95 259 241 265 253 248 254 245 251 264 262 250 247
 256 125 260 258 249 252 266 509 518 191 513 516 519 322 130
 501 515 161 517 504 217 510 505 512 502 506 347 528 529 323
 192 538 539 535 521 522 417 348 534 536 532 527 533 212 525
 526 541 540 135 556 547 550 213 544 560 163 545 193 553 552
 559 349 543 561 300 554 548 557 917 430 697 789 921 920 829
 708 918 906 366 818 878 208 919 641 232 142 107 312 849 744
 172 802 236 1008 670 722 754 651 209 611 311 831 1019 867 752
 735 800 915 954 303 435 234 823 115 848 622 367 593 140 953
 775 842 973 170 207 1022 926 110 609 827 860 750 942 666 747
 176 100 875 1015 302 739 660 235 966 803 734 819 577 830 779
 337 699 368 710 801 296 742 591 231 136 948 902 871 119 723
 237 635 177 863 711 971 310 627 149 200 935 588 105 328 326
 126 186 325 341 320 334 343 327 335 332 324 339 342 198 692
 168 696 353 688 423 698 138 690 564 694 645 797 885 183 309
 869 992 751 120 569 776 647 663 363 930 114 783 886 427 916
 972 147 318 589 658 880 196 1021 991 422 317 937 840 828 820
 639 599 909 982 986 634 434 961 650 143 583 976 970 628 759
 239 625 706 598 989 590 220 858 883 868 748 178 181 166 175
 165 157 156 179 171 164 167 174 113 1016 846 614 709 980 890
 643 826 793 425 715 791 792 787 786 794 565 358 784 785 781
 788 944 985 700 99 968 600 648 585 638 938 426 188 418 429
 424 432 420 431 421 436 998 351 111 573 640 733 934 1002 606
 981 865 780 623 732 568 642 595 145 354 882 899 977 964 912
 984 731 224 615 910 185 876 774 362 608 582 1010 229 962 946
 1017 316 152 884 756 900 624 104 350 662 951 825 965 597 758
 704 956 656 877 959 357 631 845 872 574 122 724 939 834 757
 857 701 716 1005 907 993 778 117 894 898 892 218 897 896 893
 835 859 195 655 908 928 963 571 888 903 736 843 141 838 952
 116 601 718 562 570 576 567 566 228 151 199 121 620 1000 904
 1020 713 314 933 932 821 669 137 730 804 881 355 206 626 313
 795 983 853 219 654 203 127 864 913 613 602 205 870 967 364
 873 969 741 852 905 837 866 637 957 799 960 746 664 719 616
 975 974 745 836 994 118 777 824 737 945 839 796 738 109 238
 753 1013 727 705 889 978 144 233 1012 815 153 927 1018 822 112
 194 887 123 1023 587 307 850 211 997 990 223 632 773 854 1001
 596 929 726 619 1007 1024 1029 1035 1030 1033 1025 1027 1040 1050 1028
 1051 1026 1045 1049 1054 1056 1031 1047 1053 1048 1052 1036 1055 1041 1043
 1037 1032 1034 1044 1042 1038 1046 1039 1057 1058 1059 1060 1061 1062 1063
 1064 1065 1066 1067 1068 1069 1070 1071 1072 1073 1074 1075 1076 1077 1078
 1079 1080 1081 1082 1083 1084 1085 1086 1087 1088 1089 1126 1246 1219 1277
 1482 1156 1330 1488 1485 1409 1489 1484 1492 1496 1502 1189 1486 1499 1501
 1481 1500 1483 1385 1495 1497 1360 1487 1490 1491 1493 1494 1498 1141 1132
 1127 1130 1090 1124 1136 1146 1125 1148 1123 1145 1151 1147 1128 1143 1150
 1144 1149 1122 1152 1137 1139 1133 1129 1135 1131 1140 1138 1134 1142 1218
 1276 1459 1095 1185 1462 1434 1458 1464 1466 1461 1468 1473 1475 1477 1476
 1480 1479 1470 1471 1463 1469 1472 1460 1457 1478 1474 1359 1465 1467 1384
 1288 1157 1638 1856 1844 1105 1507 1810 1593 1304 1351 1986 1690 1914 2019
 1749 1448 1419 1941 1718 2091 2060 1948 1743 1907 1403 1966 1801 2032 1220
 1221 1234 1225 1224 1153 1092 1213 1214 1231 1237 1217 1216 1240 1238 1236
 1241 1242 1222 1235 1239 1215 1232 1228 1223 1227 1233 1226 1229 1230 1625
 1361 1845 1091 1582 1598 1315 1697 1681 1832 1820 1447 1397 1869 1799 1919
 1899 1922 1920 1921 1537 1666 1923 1735 1717 1565 1918 1924 1925 1290 1294
 1285 1281 1154 1093 1297 1280 1279 1275 1295 1289 1293 1274 1292 1298 1184
 1283 1272 1299 1286 1284 1273 1282 1300 1278 1287 1291 1296 1616 1331 1628
 1193 1573 1617 1633 1630 1623 1362 1552 1412 1624 1622 1249 1627 1620 1615
 1629 1387 1619 1632 1621 1626 1634 1618 1631 1641 1365 1096 1302 1647 1574
 1636 1639 1650 1642 1637 1437 1644 1640 1528 1649 1646 1553 1653 1654 1648
 1643 1635 1194 1652 1651 1388 1645 1993 1864 1854 1180 1115 1244 1310 1581
 1606 1329 1709 2064 1756 1829 1842 1417 1886 1716 2041 1988 2046 1740 1787
 1539 1671 1970 1870 1847 1183 1112 1601 1320 1354 1674 2107 1535 1445 1821
 1836 1432 1738 1255 1568 2075 1908 2101 1789 1209 1904 2089 1939 1808 2043
 1099 1435 1595 1312 1859 1691 1862 1562 1371 1819 1201 1534 1861 1772 1858
 1751 1860 1663 1732 1865 1863 1867 1857 1395 1866 1159 1410 1596 1339 1850
 1693 1677 1855 1849 1846 1852 1392 1662 1254 1200 1853 1848 1533 1784 1561
 1796 1851 1771 1177 1160 1155 1176 1163 1158 1173 1161 1181 1162 1182 1164
 1174 1171 1172 1175 1165 1179 1166 1168 1167 1178 1170 1169 1109 1094 1111
 1101 1098 1106 1116 1097 1100 1117 1118 1102 1119 1120 1113 1103 1114 1121
 1107 1110 1108 1104 1519 1517 1506 1505 1190 1521 1524 1511 1510 1520 1515
 1525 1513 1523 1504 1522 1503 1512 1508 1518 1516 1509 1514 1575 1597 1342
 1943 2034 1824 1841 1451 1420 1391 2084 1263 2009 1379 2100 1934 1668 1905
 1875 1804 1742 2109 1710 2044 1590 1608 1311 1345 1696 1968 2030 2013 1658
 2082 1731 1453 1416 1895 1947 1268 1964 2104 1398 2006 1932 1802 1880 1305
 1333 1526 1585 1592 1588 1580 1579 1363 1247 1589 1591 1576 1587 1586 1578
 1583 1550 1584 1577 1192 1613 1411 1436 1527 1248 1603 1614 1386 1612 1599
 1611 1607 1364 1605 1551 1610 1609 1604 1602 1594 1600 1318 1301 1306 1326
 1321 1317 1323 1314 1309 1313 1243 1324 1316 1303 1319 1308 1327 1322 1307
 1325 1350 1334 1338 1186 1335 1341 1328 1337 1349 1340 1355 1344 1332 1348
 1343 1336 1353 1352 1346 1347 1695 1956 1721 1558 2079 1822 1750 1446 1426
 1887 1781 1264 1813 1542 1786 1900 1380 1872 2024 1389 1704 1707 1440 1694
 1702 1698 1251 1700 1708 1705 1699 1703 1706 1692 1701 1196 1414 1688 1439
 1678 1655 1554 1250 1680 1685 1682 1689 1679 1686 1675 1684 1687 1676 1683
 1366 1548 2018 1985 1830 1783 1752 1373 1267 1203 1933 1989 1657 2069 2090
 2026 1815 2037 1902 1896 1995 1827 1560 1427 1883 2098 1266 1901 1762 1396
 1779 1377 1794 1546 1207 2065 2040 1814 2012 1805 1199 1661 1424 1715 1897
 2083 1776 1368 2099 2029 1788 2057 2093 1737 2023 1917 1876 2033 1971 1980
 2077 1837 1456 1422 1884 1892 1877 1755 1963 1791 1739 1977 1665 1798 1714
 1452 2014 1669 1378 1759 1402 2015 1778 2017 2016 1741 1990 1454 1961 1782
 1257 2005 1211 1571 2028 1545 1748 1909 2045 1407 1882 1191 2080 2002 1667
 1746 1725 1946 2078 2081 1418 1253 1393 1660 1826 1531 1828 1823 1730 1825
 1369 1713 1834 1252 1839 1831 1843 1394 1770 1840 1833 1838 1532 1370 1835
 1188 1245 1443 1383 1450 1442 1438 1455 1444 1449 1358 1441 1187 1431 1423
 1413 1425 1421 1415 1429 1357 1428 1433 1430 1885 1256 1382 2087 1672 2027
 1962 1544 1765 1775 1950 1929 1572 1888 1809 1733 1773 1868 1372 1664 1881
 1890 1889 1898 1774 1894 1893 1563 1728 1753 1891 1259 1670 1736 1727 1998
 1404 1543 2062 1208 1400 1806 2088 2003 1976 2086 1197 2085 2022 1764 1269
 1258 1261 1262 1260 1265 1270 1271 2001 2103 2047 1879 2036 2094 1570 1719
 1541 2020 2051 2031 2052 1406 2049 1202 2050 1529 2063 2111 1816 1564 1206
 1972 1878 2072 1975 2070 2076 2074 1656 1994 2071 1984 2073 1797 1874 1777
 1566 2097 1210 2102 1555 1978 1381 1767 1949 2067 2092 1952 1912 1780 1969
 1996 1768 2105 2106 2066 1959 1712 1195 2048 1375 1720 1795 2112 2059 1356
 1957 1729 1979 2000 1903 2004 1997 1926 1812 1911 1999 1800 1569 2011 2010
 1538 2008 2007 1747 1557 1785 1790 1793 1792 1711 1198 1935 2056 1916 1763
 1673 2058 1724 1873 1803 1758 1556 1937 1212 1766 1530 2096 1930 1726 2095
 2061 1745 1374 2068 1408 1549 1807 1376 1928 1987 1940 1942 1936 1938 2113
 2110 2108 2021 1760 2025 1992 1205 2039 1906 1944 1367 1744 1983 1973 2042
 1722 1953 1958 1951 1960 1955 1399 1954 1769 1817 1659 1811 1818 1559 1754
 1536 1915 1913 1871 1910 1405 1723 1204 1974 1761 1931 2038 2035 1965 1734
 1757 1540 1401 1967 1927 1567 1981 1982 1390 2055 1547 2054 1945 1991 2053
32 63 80 64 65 67 66 68 69 93 70 76 71 72
 74 79 75 90 77 83 87 73 84 88 92 89 82 78 91
 86 85 81 0 34 33 48 37 36 39 38 42 62 40 54
 51 61 49 55 35 46 52 44 50 57 43 47 60 53 59
 58 56 45 41 1 3 4 6 5 7 8 10 12 13 21
 14 16 11 18 27 15 2 31 26 19 22 30 29 20 23
 25 17 28 24 9 103 96 95 98 97 100 99 104 115 94
 101 106 105 108 107 110 109 120 113 112 119 102 117 116 122
 114 111 123 118 121 154 171 156 157 180 155 159 161 160 172
 163 162 164 165 167 173 166 176 170 174 183 182 175 181 177
 169 158 168 178 179 124 129 126 127 150 130 132 131 135 134
 136 137 140 138 151 149 142 125 133 139 143 146 141 148 152
 153 128 147 145 144 603 324 299 360 434 459 823 458 553 524
 573 621 663 827 723 709 646 756 405 682 835 864 985 960 936
 916 697 910 213 212 227 217 228 215 219 218 233 229 239 232
 225 224 237 214 216 221 238 236 223 220 235 234 231 226 230
 222 781 359 417 512 460 568 398 662 798 704 491 727 760 280
 677 795 797 801 802 799 692 382 804 716 800 803 796 325 309
 358 782 425 472 783 565 376 634 485 784 703 253 676 785 789
 788 787 739 786 791 792 790 715 794 793 329 333 320 322 321
 186 323 326 335 327 334 319 330 342 331 268 336 332 343 337
 341 328 338 339 340 305 296 298 297 300 185 267 301 303 315
 294 306 308 311 295 304 302 310 313 316 317 318 314 307 312
 365 347 354 345 349 348 351 350 361 362 346 356 355 368 269
 241 187 352 353 364 363 344 367 366 357 433 514 546 445 537
 586 578 275 605 636 659 749 755 261 851 841 947 922 988 1014
 895 652 996 508 473 447 530 563 604 246 813 728 678 805 693
 807 202 811 717 649 814 809 740 808 810 806 812 426 242 419
 418 421 420 432 435 436 271 416 431 429 428 437 427 422 369
 188 423 424 430 503 502 501 504 505 506 511 372 520 394 516
 481 507 513 509 510 517 515 518 519 191 189 244 462 461 464
 463 477 467 466 470 475 468 480 272 393 479 469 478 465 476
 474 471 449 569 635 820 277 819 705 729 761 821 250 815 816
 817 825 694 824 818 650 822 440 439 438 441 442 443 450 392
 452 453 444 243 451 370 455 448 454 456 457 446 542 544 543
 193 545 547 548 549 559 395 550 551 558 552 557 556 373 555
 554 560 561 521 523 522 525 371 526 527 528 531 532 534 192
 539 538 536 535 533 529 540 541 582 396 595 274 584 596 245
 482 585 593 588 194 587 590 591 594 375 589 583 592 562 580
 566 570 374 574 572 579 575 576 581 571 577 564 567 618 614
 615 616 617 624 184 397 377 626 623 619 625 627 620 622 628
 598 599 600 601 597 608 611 195 612 607 602 609 606 610 613
 632 640 637 629 643 276 483 378 631 639 638 630 642 641 633
 741 923 200 968 942 408 499 857 390 888 877 1003 917 948 696
 379 661 660 247 196 667 671 670 664 669 668 666 665 831 706
 730 834 281 254 401 832 718 833 203 830 828 829 826 713 1016
 726 930 770 260 403 496 847 658 210 773 1021 707 702 701 279
 249 487 673 700 710 199 708 712 711 687 872 291 263 407 680
 853 991 900 915 198 972 958 689 251 400 488 674 732 731 734
 733 736 735 766 989 286 411 644 856 986 899 913 1019 1010 1012
 380 762 763 765 771 764 381 201 768 769 767 252 489 750 751
 754 752 737 759 757 758 691 753 965 698 879 950 1018 957 896
 949 1023 240 270 273 278 282 287 285 284 283 290 288 289 293
 292 255 266 256 248 259 264 257 258 265 262 402 414 404 412
 410 413 406 415 399 409 492 493 494 498 486 484 490 500 190
 497 495 686 197 684 685 683 672 679 681 675 204 846 850 849
 845 844 384 852 848 840 839 836 695 843 838 837 383 842 719
 860 858 742 651 855 861 854 859 863 862 205 883 902 894 907
 1004 1017 912 714 994 935 952 890 654 891 774 887 885 886 865
 889 881 882 880 653 884 876 878 969 911 867 389 778 984 1015
 744 721 903 866 901 905 904 1020 868 987 962 211 893 871 745
 1008 722 209 656 981 993 975 944 386 645 927 928 929 924 925
 926 690 992 943 961 973 874 208 982 998 995 971 1002 648 932
 921 990 1005 385 657 779 775 1013 875 964 956 983 954 777 725
 967 207 933 909 1006 953 772 976 959 647 892 974 940 724 934
 970 920 966 979 980 977 978 918 937 955 897 206 743 908 387
 738 945 720 931 919 873 939 391 999 938 997 1001 1000 941 655
 869 946 963 1009 914 1007 747 1022 748 951 388 898 688 870 776
 746 906 699 1011 780 1024 1025 1026 1027 1028 1029 1030 1031 1032 1033
 1034 1035 1036 1037 1038 1039 1040 1041 1042 1043 1044 1045 1046 1047 1048
 1049 1050 1051 1052 1053 1054 1055 1056 1058 1057 1065 1061 1060 1063 1062
 1085 1059 1072 1068 1067 1070 1069 1075 1066 1078 1081 1071 1079 1083 1073
 1076 1088 1074 1087 1077 1086 1064 1084 1082 1080 1089 1090 1132 1123 1124
 1125 1126 1127 1128 1129 1130 1131 1122 1133 1134 1135 1146 1136 1137 1138
 1139 1140 1141 1142 1143 1144 1145 1149 1148 1150 1151 1147 1152 1101 1092
 1093 1094 1095 1096 1097 1098 1099 1100 1091 1102 1103 1104 1106 1107 1108
 1109 1110 1111 1112 1113 1114 1115 1105 1120 1117 1116 1118 1119 1121 1153
 1154 1155 1156 1157 1158 1159 1160 1161 1162 1163 1164 1165 1166 1167 1168
 1169 1170 1171 1172 1173 1174 1175 1176 1177 1178 1179 1180 1181 1182 1183
 1243 1276 1339 1421 1583 1508 1488 1667 1448 1605 1641 1564 1736 1698 1785
 1926 1770 1857 1889 1927 1931 1929 1821 1932 1928 1930 1933 1934 1872 1282
 1332 1752 1413 1577 1461 1361 1597 1636 1747 1748 1750 1751 1753 1754 1755
 1757 1758 1759 1760 1761 1762 1763 1749 1756 1764 1765 1766 1767 1768 1184
 1246 1247 1244 1245 1249 1248 1251 1250 1254 1262 1252 1264 1257 1256 1261
 1260 1259 1258 1253 1268 1255 1271 1267 1266 1263 1270 1269 1265 1309 1303
 1301 1305 1185 1302 1304 1307 1308 1306 1213 1324 1310 1312 1319 1314 1315
 1316 1321 1317 1318 1323 1322 1320 1325 1326 1313 1311 1327 1274 1277 1273
 1278 1275 1281 1279 1280 1272 1284 1299 1285 1298 1287 1288 1289 1291 1292
 1286 1295 1290 1294 1293 1283 1296 1297 1300 1336 1333 1331 1330 1214 1329
 1335 1334 1328 1353 1349 1186 1346 1342 1341 1352 1345 1344 1340 1351 1354
 1338 1355 1347 1343 1337 1348 1350 1536 1423 1588 1476 1513 1219 1386 1439
 1627 1638 1720 2041 1812 1974 1850 1865 1808 1905 2066 1967 1987 1981 2012
 2070 2095 2098 2104 1526 1457 1503 1362 1527 1528 1529 1541 1531 1532 1530
 1533 1534 1543 1537 1538 1539 1548 1540 1535 1544 1545 1546 1542 1547 1549
 1410 1409 1412 1411 1216 1415 1414 1431 1432 1422 1426 1428 1187 1418 1357
 1425 1424 1419 1433 1420 1430 1429 1416 1417 1427 1459 1482 1573 1574 1550
 1363 1576 1575 1589 1587 1579 1580 1581 1582 1192 1584 1590 1586 1585 1592
 1591 1578 1593 1384 1460 1434 1458 1218 1468 1466 1465 1464 1463 1471 1462
 1470 1469 1467 1480 1474 1473 1479 1359 1478 1477 1475 1472 1504 1435 1505
 1506 1521 1507 1518 1190 1510 1511 1516 1515 1509 1514 1512 1524 1517 1519
 1520 1522 1523 1525 1385 1481 1483 1484 1486 1189 1493 1489 1490 1495 1360
 1494 1492 1491 1497 1487 1498 1499 1485 1500 1501 1496 1502 1383 1387 1388
 1389 1393 1391 1392 1394 1395 1402 1356 1397 1398 1399 1401 1390 1406 1396
 1403 1404 1405 1407 1400 1408 1438 1615 1594 1635 1656 1655 1672 1658 1669
 1659 1662 1661 1663 1665 1195 1666 1668 1670 1660 1673 1657 1671 1664 1436
 1437 1441 1440 1217 1455 1444 1445 1446 1447 1188 1449 1452 1451 1443 1358
 1442 1450 1454 1453 1456 1552 1616 1617 1220 1625 1619 1631 1621 1630 1623
 1624 1193 1626 1618 1629 1628 1632 1622 1633 1620 1634 1551 1595 1596 1607
 1599 1613 1601 1611 1603 1604 1598 1606 1364 1609 1608 1602 1600 1610 1612
 1614 1553 1221 1653 1365 1647 1648 1194 1652 1644 1643 1646 1645 1639 1640
 1651 1654 1649 1642 1637 1650 1555 1554 1570 1557 1559 1568 1561 1560 1562
 1572 1563 1565 1191 1566 1558 1567 1571 1556 1569 1719 1711 1712 1714 1718
 1716 1710 1717 1722 1713 1721 1715 1724 1723 1725 1726 1727 1732 1729 1731
 1739 1734 1728 1735 1197 1737 1745 1733 1738 1744 1741 1743 1742 1746 1740
 1730 1680 1675 1676 1683 1677 1685 1679 1681 1678 1674 1366 1684 1682 1687
 1686 1688 1689 1690 1696 1692 1709 1693 1691 1701 1695 1697 1196 1699 1702
 1694 1708 1704 1706 1705 1703 1700 1707 1222 1223 1236 1224 1225 1215 1226
 1227 1228 1237 1229 1230 1231 1232 1233 1234 1235 1238 1239 1240 1241 1242
 1813 1200 1837 1861 1879 1901 1890 2001 2094 2014 2103 2036 2047 1947 1784
 1783 1198 1792 1788 1787 1793 1791 1790 1786 1789 1795 1794 1833 1896 1912
 1922 1971 1982 2096 2037 2062 2002 2086 2091 1372 1814 1811 1810 1368 1769
 1809 1816 1815 1818 1817 1856 1919 1206 1942 2059 2016 2026 2024 1991 2065
 1868 2105 1855 1845 1796 1847 1849 1846 1771 1851 1853 1854 1852 1848 1844
 1843 1832 1836 1834 1842 1835 1370 1838 1841 1839 1840 1831 1819 1201 1863
 1860 1859 1772 1866 1858 1867 1371 1862 1864 1829 1899 1891 1916 1212 1940
 2101 1977 1999 2051 2054 1773 2063 1952 1985 2028 2025 2008 1945 2068 2076
 1202 1775 1870 1902 1904 1906 1907 1797 1903 1900 1869 1898 1774 1892 1897
 1893 1373 1894 1895 1914 1910 1909 1917 1798 1915 1908 1913 1871 1911 1923
 1820 1921 1920 1799 1918 1925 1924 1199 1203 1208 1205 1209 1204 1207 1210
 1211 1938 1941 1939 1935 1937 1873 1936 1822 1966 2042 1886 1995 1782 2011
 2102 2113 1953 1881 1951 1959 1958 1961 1960 1955 1954 1957 1956 1965 2045
 2031 1962 1943 1375 1970 1972 1968 1800 1969 1983 1369 1984 1986 1875 1988
 1980 1979 1377 1801 1973 1975 1882 1976 1376 1978 2112 2018 1827 2006 2022
 2074 1946 2029 2023 2033 1876 2057 1776 1805 2083 2093 2099 1992 2034 1885
 2050 2092 1948 1378 2017 1778 2019 1824 2013 1990 2015 2027 2030 1993 1997
 1826 1884 1825 2020 1883 1996 2021 1964 2056 1998 2007 2038 1780 1803 2035
 2040 2039 1367 1944 2048 2046 1963 2044 1781 2043 2052 2009 1877 2049 2055
 1878 2053 2032 2000 2060 1823 2058 2069 1804 1880 2067 1828 1374 2064 1887
 2061 1379 2073 2075 2071 1994 2072 1888 2080 2079 2078 2077 2082 2081 2003
 2087 2088 1806 2084 2085 2090 2089 1807 2010 2004 1777 1380 1802 2100 1381
 2005 2097 1874 1949 1779 1382 1830 2107 2106 2110 2111 2108 2109 1989 1950
