0 26 22 4 2 29 5 11 12 25 15 31 7 21
 13 14 19 3 16 28 18 10 17 27 1 24 9 6 20
 23 30 8 32 33 34 41 52 38 56 45 57 37 54 61
 43 64 59 48 58 62 53 55 51 42 60 63 35 47 40
 39 50 49 44 36 46 66 88 85 77 67 73 95 91 76
 87 70 81 86 80 93 65 75 84 74 83 79 72 82 78
 71 89 68 90 69 94 92 118 105 124 125 106 110 102 117
 115 126 123 114 101 116 104 98 122 99 113 108 111 100 119
 121 96 120 97 103 109 107 112 291 260 448 541 724 651 742
 373 513 380 470 165 627 189 923 980 831 938 604 852 941 415
 479 339 859 1049 320 560 769 1034 437 266 534 500 866 813 385
 975 323 592 1020 135 559 204 872 844 710 754 480 621 958 361
 607 1043 293 550 237 408 471 351 949 987 889 537 364 1056 877
 802 672 1016 177 930 274 503 707 1039 996 631 153 1031 307 797
 961 1008 553 450 662 564 761 458 316 593 261 1030 597 427 434
 185 525 684 540 660 737 509 974 767 832 982 574 387 787 192
 372 140 1013 483 219 983 789 879 751 318 882 138 883 236 669
 461 497 881 623 533 390 801 551 704 649 716 884 366 880 857
 834 606 885 168 271 141 921 903 360 312 664 554 297 388 477
 451 908 561 850 798 721 668 785 191 823 929 694 765 184 406
 528 1002 277 558 309 518 419 962 466 166 766 847 926 197 1035
 911 584 756 843 618 146 384 544 609 349 429 238 896 253 254
 247 264 127 262 249 272 248 258 245 252 255 270 157 265 251
 269 267 246 268 259 250 257 256 263 358 308 715 336 386 568
 549 821 730 825 501 957 446 700 426 918 203 682 531 170 629
 276 611 490 155 732 645 283 853 529 169 542 468 692 711 585
 233 775 993 410 193 357 905 1050 314 396 504 342 1051 873 997
 829 807 303 402 757 768 858 145 839 1005 241 571 552 1025 1045
 626 174 794 655 299 1053 960 457 728 643 686 539 1018 709 345
 819 1028 519 431 990 369 213 147 182 455 799 790 677 910 723
 869 395 977 792 837 818 284 524 152 959 433 714 228 991 485
 208 701 667 330 1022 565 183 417 462 608 635 640 634 646 596
 454 641 633 521 644 648 382 638 647 642 637 132 636 227 162
 639 282 1027 776 770 1017 811 290 164 939 473 400 965 582 1010
 670 495 187 439 334 563 968 685 425 914 861 523 557 740 418
 624 491 808 759 963 590 981 935 158 745 398 460 188 955 654
 893 588 810 205 222 739 809 845 375 772 514 691 783 678 279
 130 909 399 161 816 856 729 944 973 632 899 275 374 200 486
 840 887 795 543 128 502 438 1041 830 603 1038 1021 175 870 842
 1023 510 301 630 900 890 463 1003 656 242 376 149 747 377 735
 285 658 950 920 487 449 771 526 198 556 154 619 391 352 413
 311 181 764 381 717 409 133 945 863 782 506 214 827 749 536
 931 475 239 359 812 713 666 820 815 353 786 702 822 315 507
 218 814 136 760 817 780 555 594 895 148 989 465 354 1042 527
 615 328 414 674 1055 934 676 131 699 683 548 496 995 171 210
 951 422 347 907 876 383 970 134 430 363 616 562 744 734 600
 738 733 736 731 231 698 286 741 743 835 207 532 675 587 971
 288 444 1009 371 833 476 321 338 915 432 156 326 773 335 979
 209 1000 389 663 748 474 226 403 163 572 322 964 394 143 948
 722 232 442 793 804 173 530 294 976 871 978 356 416 498 932
 706 940 313 333 891 1033 464 447 281 796 688 578 917 897 179
 725 617 298 902 860 221 478 1036 327 467 752 986 150 573 874
 928 612 186 838 243 906 1040 580 137 199 779 828 570 484 680
 984 653 1037 888 332 172 849 777 925 240 967 966 566 947 340
 933 280 583 579 591 577 576 589 452 595 306 225 586 581 659
 216 344 628 1048 404 445 379 1044 289 517 362 985 946 215 350
 892 1026 614 160 405 705 304 836 397 864 650 599 875 515 296
 1004 927 679 665 508 924 610 196 868 393 998 412 482 886 992
 411 428 142 937 220 273 472 746 622 516 602 459 781 774 784
 505 778 176 206 755 803 302 690 1054 370 824 898 1047 613 718
 1046 492 365 598 806 441 936 343 901 287 800 217 310 969 994
 546 194 841 453 854 904 346 1012 913 788 167 712 916 538 337
 999 763 681 129 202 211 201 212 195 190 1011 673 919 689 420
 1052 867 671 317 753 956 605 440 972 423 325 144 988 1019 278
 894 708 657 223 953 1001 456 758 942 319 848 229 922 421 878
 401 235 1032 443 324 652 697 1024 862 569 952 295 348 826 511
 855 435 851 234 547 703 846 512 180 912 696 300 178 1014 493
 1029 762 499 661 750 139 392 567 469 1007 720 520 436 424 341
 292 151 494 727 488 522 224 244 230 575 368 407 791 620 943
 535 329 601 805 481 545 331 489 719 726 378 1015 625 355 305
 367 159 693 695 1006 865 687 954 1057 1071 1076 1082 1059 1064 1083
 1074 1067 1070 1085 1073 1080 1060 1088 1081 1065 1079 1077 1069 1058 1062
 1078 1061 1087 1084 1072 1066 1068 1086 1063 1075 1089 1090 1104 1116 1114
 1098 1096 1106 1100 1108 1097 1115 1099 1112 1093 1120 1113 1111 1109 1102
 1091 1095 1110 1094 1118 1121 1101 1105 1103 1092 1119 1107 1117 1122 1131
 1130 1149 1150 1139 1135 1145 1126 1138 1129 1143 1147 1136 1127 1142 1141
 1128 1144 1152 1132 1134 1151 1137 1124 1148 1133 1140 1146 1125 1123 1280
 1549 2083 1772 1720 1913 1990 2006 2075 1636 1310 1569 2031 1235 2105 1600
 1931 2086 1398 1350 2076 1473 1582 2047 1419 1982 1496 1682 1752 1264 1211
 1196 1197 1185 1210 1191 1204 1207 1195 1193 1202 1213 1190 1189 1194 1184
 1183 1212 1201 1203 1209 1198 1206 1208 1188 1187 1192 1205 1200 1199 1186
 1862 2003 1989 1814 1578 1639 1969 2090 1777 1343 1730 1424 1705 1372 1536
 1871 1455 1481 1524 1552 1389 1961 1950 1157 1615 1671 1244 1915 1739 1504
 1759 1876 1964 1813 1387 1731 1620 1751 2085 1229 1562 1844 1718 1355 1588
 1603 1787 1452 1304 2077 1291 1415 1346 1491 1675 1169 1696 1535 1947 1653
 1301 1795 2096 1641 2081 1721 1828 1585 1676 1958 2108 2039 1698 1474 1245
 1531 2065 1842 1707 1526 1164 2021 1334 1433 1228 1846 1896 1629 1321 1422
 1686 1500 1823 1912 2030 1624 1476 1735 1891 1679 1858 1879 1571 1780 1215
 1386 2004 1287 1506 1659 2057 1453 1256 1177 1635 1785 1217 1738 1171 1283
 1330 1655 1685 1963 1612 1734 1434 1606 2053 2068 1914 1840 1375 2046 1574
 1564 2013 1965 1392 1265 2060 1782 2066 1643 1945 1695 2034 1861 1319 2112
 1328 1502 1743 2052 1911 1838 1822 1672 1625 1935 1241 2092 1472 2061 1426
 1260 1576 1401 1909 1533 1996 1237 1550 1800 1411 1380 1764 1681 1732 2107
 1522 1818 1487 1897 1697 1297 1657 1253 1775 1884 1742 1162 1437 1955 1803
 1748 1845 1510 1232 1295 2101 1160 1933 1259 1609 1725 1397 2023 1360 1445
 1907 1779 1584 1414 2095 1997 1561 1479 1529 1781 1299 2044 1621 1900 2102
 1242 1545 1271 1825 1669 1461 2109 1640 1741 1984 1946 2025 1410 1555 1873
 1352 1501 2049 1694 1314 1986 1388 1418 2010 1293 1348 1824 1442 2084 1998
 1877 1527 1364 1856 1272 1692 1568 1978 1627 1471 1161 1761 1577 1369 1258
 2022 1987 1756 1403 1702 1660 1503 1274 1613 1716 1158 1789 1316 1736 1226
 1507 1448 1462 1553 1740 2089 1810 1805 1804 1488 1802 1580 1811 1339 1807
 1596 1767 1416 1276 1252 1806 1809 1808 1557 1467 1812 1667 1222 2018 1337
 1966 1525 1977 2027 1798 1243 2087 1903 1863 1649 1704 1459 1454 1263 1957
 1482 1852 1154 1616 1894 2037 1975 1412 1262 1349 1548 1722 1981 2091 1218
 1837 1604 1326 1470 1717 1365 1446 1153 1512 1868 1402 1634 2019 2093 1567
 1941 1289 1918 1155 1841 1712 1460 1677 1737 1630 2043 1377 1342 1599 1906
 1441 1650 1784 1953 1257 1465 1622 1968 1883 2016 2059 1991 1278 1354 1715
 1690 1371 1325 1440 1994 1962 1586 1869 1796 1173 2100 1699 1435 1665 1379
 1477 1886 1315 1345 1594 1517 1922 1546 1251 1159 1267 1450 1384 1904 1664
 2080 1478 1409 1300 1623 1518 1598 1292 1492 1225 1872 1749 1771 2036 1899
 1774 2054 2056 1839 1746 2017 1980 1942 2001 1499 2055 1530 1394 2028 1322
 1680 1373 1644 1489 1425 1849 1220 1776 1255 2051 1566 1456 1383 1466 1618
 1542 1885 2026 1602 1747 1928 1882 1233 1632 1993 2094 1165 1544 1302 1575
 1614 1290 1395 1700 1427 1948 1332 1760 1485 1646 1597 1860 2042 1835 2069
 1312 1238 2045 1570 1786 2074 1937 2038 2032 1430 1905 1967 1273 2002 2071
 1303 1826 1719 1934 1275 1167 1563 1515 1541 1601 1573 1892 1628 2111 1335
 1925 1246 1223 1703 1917 2106 1591 1279 2048 1405 1765 1864 1619 2097 1939
 1778 1483 1239 1270 1429 1898 1688 1540 1298 1468 2009 1608 1733 1960 1539
 1305 1266 1404 1791 1376 1511 1294 1486 1463 1995 1216 1637 1848 1923 2063
 1408 1559 1689 1678 1713 1390 1367 1543 1240 2113 1178 1484 1320 1956 1282
 1607 1351 1726 1908 1745 1880 1831 2103 1590 1432 1323 1400 1538 1551 2024
 1296 1284 1464 1797 1757 1356 1976 1901 1344 1683 1638 1581 1327 1396 1674
 1174 1801 1663 1617 1706 1556 1277 2029 2110 1691 1509 1874 1938 2072 1439
 1605 1866 1936 2035 1399 2078 1268 1583 1799 2067 1547 2014 2070 1363 1654
 2011 1887 1420 1181 1318 1382 1954 2088 1878 1979 1709 1368 1381 1324 1341
 1595 1670 1920 1790 1176 1944 1658 1930 1236 1768 1827 2000 1865 1498 2015
 2073 1927 1611 1592 1875 1407 1714 1317 1361 1792 1247 1853 1940 1971 1762
 1438 1830 1755 1357 1652 1999 1168 1924 1493 1572 1972 1820 1943 2098 1234
 1281 1929 1983 2005 1593 2104 1843 1366 1833 1391 1288 1754 1836 1534 1647
 1834 1832 1340 1417 1558 1821 1753 1816 1514 1819 1436 1817 1815 1829 1710
 1610 1336 1708 1711 1311 1250 1554 1358 1156 1723 1475 1249 1308 1444 1859
 1490 1248 1521 1385 1656 1893 1457 1729 1370 1378 1359 1362 1374 1693 2007
 1959 1331 1727 1673 1857 1769 1763 1480 1508 2041 1668 1497 2082 1783 2062
 1645 1881 1428 1347 2064 1750 1633 1505 1261 1537 1338 1227 1353 1163 1443
 1495 1230 1528 1413 1988 1992 1895 1565 1458 1254 1179 1532 2033 1728 2040
 1648 1851 1684 1744 1519 1269 1166 1560 1224 2012 1724 1423 1516 1626 1307
 1587 1221 1172 1890 1973 1854 1889 1758 2058 1306 1850 1175 1794 1469 1949
 1513 1520 1523 1666 1867 1285 1180 1919 1701 1855 1985 1974 1916 1406 1447
 1393 1773 1333 1182 1952 1888 2079 1642 1313 2008 1431 1579 1766 1910 1231
 1651 1219 2099 1589 1451 1932 1421 1661 1770 1494 1788 1631 1309 1214 1926
 1793 1970 1286 1687 1662 1870 1902 2020 1951 1449 1847 1329 2050 1921 1170
0 5 8 24 3 23 2 10 18 4 29 30 12 20
 1 26 6 14 16 13 27 22 7 17 31 19 11 25 15
 21 28 9 32 33 38 41 56 36 55 35 63 50 52 59
 37 45 34 57 39 46 48 42 58 54 40 49 60 43 64
 62 44 53 47 61 51 65 70 91 75 78 68 66 89 85
 81 71 67 95 79 90 84 82 86 72 83 88 93 73 94
 80 92 77 69 74 87 76 134 887 644 672 343 184 623 770
 960 925 250 752 559 988 876 586 780 1024 535 864 409 209 314
 428 539 276 244 831 684 818 398 151 140 136 141 137 138 145
 147 148 128 133 127 96 152 142 149 132 131 144 135 153 155
 156 150 143 129 139 146 154 130 593 318 907 890 646 472 967
 511 747 407 994 665 688 474 279 808 904 103 797 202 848 766
 973 972 247 980 531 338 233 445 360 158 375 371 363 373 370
 300 369 374 367 355 220 353 356 365 362 364 357 361 99 359
 376 366 354 368 358 372 246 377 297 820 621 736 687 1051 106
 578 940 843 418 344 267 801 913 160 658 825 548 708 569 205
 537 227 320 443 901 599 662 812 971 772 530 897 615 391 852
 439 102 241 265 508 681 600 170 283 869 800 782 216 332 403
 639 716 958 324 252 461 543 325 725 803 873 735 1027 769 1025
 975 243 414 631 389 910 183 693 122 331 970 962 992 492 783
 1026 463 180 740 867 903 598 200 713 1054 533 566 619 504 490
 546 118 999 322 347 421 799 384 248 779 235 986 674 653 816
 715 893 694 108 412 1055 334 1050 1005 380 505 488 458 175 648
 979 230 945 948 671 1012 208 430 791 922 923 921 261 475 762
 776 225 920 550 635 915 917 916 417 836 522 847 392 346 918
 919 169 624 111 1042 280 929 171 976 1006 870 386 518 521 431
 741 627 605 112 348 909 404 1000 192 837 711 480 796 269 405
 1022 515 625 743 1053 947 602 178 432 478 120 726 969 316 399
 645 538 826 872 214 273 793 704 906 773 124 304 990 1034 473
 489 571 587 978 272 1030 1033 630 714 733 390 689 239 647 408
 935 1056 168 1044 1001 381 618 434 487 513 678 577 875 701 237
 822 996 249 695 286 213 126 900 934 547 201 942 379 425 930
 839 255 501 696 575 607 176 222 540 1007 329 1037 532 856 634
 827 319 477 641 452 670 892 534 415 565 110 888 835 682 886
 387 894 717 895 891 342 734 896 889 846 315 271 798 554 721
 785 451 561 312 191 528 664 406 388 850 908 765 437 668 823
 468 1017 553 393 174 995 963 519 866 438 339 419 649 573 494
 851 946 288 737 667 229 956 555 469 581 336 1040 936 165 123
 194 761 722 293 523 609 301 685 718 757 933 442 497 702 228
 186 317 266 395 993 107 298 1021 476 949 337 982 784 807 697
 879 874 217 590 556 1046 424 121 927 912 987 1043 262 677 572
 495 965 977 500 968 164 309 105 914 400 939 290 811 861 187
 582 264 1010 563 303 691 529 753 719 657 709 351 632 441 731
 574 203 289 115 167 809 256 1047 541 821 1041 182 595 323 771
 974 422 954 989 952 902 794 858 655 1002 997 1045 829 626 597
 728 402 768 299 448 552 457 330 854 745 857 659 795 536 998
 1052 1008 125 705 819 613 739 833 296 815 308 616 114 172 966
 416 467 340 964 777 675 849 240 481 274 937 456 1029 311 981
 413 724 679 109 185 215 335 636 911 703 663 564 196 763 744
 268 592 898 278 444 692 479 603 219 113 860 97 496 516 509
 507 510 503 512 502 506 514 499 517 498 756 880 983 562 440
 610 462 545 199 327 764 275 723 585 781 656 1004 838 177 608
 985 190 863 464 410 291 245 232 258 617 758 749 633 751 746
 525 750 754 755 748 650 642 471 955 1036 1013 223 931 284 629
 396 853 207 720 460 788 1011 1003 576 493 596 959 676 257 651
 455 162 614 652 661 542 660 654 104 383 302 401 941 953 350
 834 730 429 774 218 622 775 1009 394 236 845 1014 195 157 328
 790 961 601 841 1031 486 242 738 580 119 932 254 1049 352 865
 204 727 583 882 454 294 307 527 706 427 292 520 212 830 732
 549 161 957 1039 884 224 991 926 814 905 686 589 567 805 767
 1019 345 604 466 640 828 259 855 666 712 193 885 321 281 594
 450 263 669 485 944 643 802 924 943 465 928 742 341 295 198
 101 637 544 447 899 234 570 804 862 579 117 628 881 238 306
 397 423 1016 984 188 253 426 698 690 470 173 206 700 787 760
 226 588 878 484 411 1038 349 326 270 1028 950 260 378 483 313
 817 673 707 560 221 871 558 813 842 449 1018 638 606 98 435
 524 491 786 305 832 100 1023 211 210 189 197 551 287 446 810
 710 231 482 877 729 385 453 1020 251 310 620 611 526 680 116
 938 951 699 436 806 166 1015 1032 778 824 163 868 159 612 883
 1048 859 557 179 382 683 792 568 181 282 789 759 285 420 333
 433 840 1035 584 459 591 277 844 1057 1058 1066 1079 1064 1063 1059
 1067 1073 1069 1077 1084 1062 1085 1060 1074 1083 1078 1087 1082 1080 1068
 1070 1061 1088 1081 1075 1072 1071 1076 1065 1086 1089 1090 1101 1109 1120
 1100 1113 1099 1118 1108 1095 1107 1097 1110 1119 1103 1114 1104 1102 1115
 1093 1094 1091 1106 1117 1098 1105 1092 1096 1111 1112 1116 1121 1137 1145
 1123 1132 1146 1150 1138 1130 1148 1151 1129 1140 1131 1142 1133 1139 1126
 1141 1127 1144 1124 1128 1122 1135 1143 1134 1125 1149 1136 1152 1147 1632
 1771 1512 1685 1286 1358 1779 1780 1767 1193 1781 1773 1778 1782 1737 1770
 1776 1769 1774 1783 1775 1777 1251 1433 1415 1768 1338 1704 1579 1772 1216
 1514 1992 1887 1862 1808 1540 1845 1905 1271 1944 2057 1398 1337 1308 1153
 1840 2036 1953 1553 2094 1703 1471 2100 2024 1792 1876 1661 1356 1572 1593
 1215 1240 1227 1241 1226 1214 1243 1229 1218 1222 1220 1231 1235 1228 1232
 1242 1233 1217 1183 1224 1221 1223 1234 1219 1225 1239 1237 1238 1236 1230
 1557 1982 1859 1939 1831 1578 1210 1922 1292 1399 1729 1319 1176 2071 1689
 1681 1354 1870 1846 1501 2054 1710 1616 1544 1823 1458 1360 2046 2079 1646
 2003 1598 1908 1865 1796 1918 1868 1731 1463 1545 1976 1391 1487 1693 1445
 1263 2088 1312 1206 1161 1889 1431 1678 1280 1766 1991 1370 1427 2078 1923
 1801 1849 1762 1348 1750 2096 1204 1654 1950 1600 1839 1643 2093 1483 1716
 2044 2104 1523 1450 1907 1696 1261 1891 2060 1759 1400 1803 1478 1996 1895
 1946 1928 2007 1279 1454 1597 1418 1167 1665 1723 1906 1316 1190 2083 1565
 1357 1714 1499 1268 1344 2051 1855 1179 1258 1971 1191 1283 1898 1444 1880
 2026 1577 2108 1328 1732 1318 1424 1631 2049 2015 1539 1505 1653 1832 1888
 1784 1476 1978 1257 1507 1984 1638 1977 1983 1847 1742 1199 1275 1494 1791
 1937 1584 1980 1981 1435 1807 1695 1711 1871 1834 1979 1347 1655 1515 1748
 1713 1534 1327 1562 1197 1493 1814 1622 1640 1289 1245 1720 1163 1583 1917
 1673 1477 1960 2028 2008 1349 1998 2061 1753 1951 1371 1500 1520 1420 1963
 1942 1350 1580 1250 1531 1302 1160 1623 2074 1462 1699 2033 1669 2020 1797
 1211 1649 1764 2097 1858 1856 1560 1195 1329 1864 1861 1367 1491 1785 1740
 1285 1688 1863 1253 1857 1866 1633 1650 1706 1599 1860 1867 1419 1556 1296
 1442 1683 1931 1522 1890 1744 1664 1385 1326 1620 1425 2106 1497 1987 1852
 1377 1461 1340 1914 1198 2095 2086 1818 2021 1254 1314 1926 1837 1353 1546
 1718 1186 1278 1671 1570 1181 1948 1854 1694 1359 1612 1456 1658 2004 2000
 1332 1496 1521 1200 1447 1697 1423 2002 1634 2001 1745 1848 2005 1651 1869
 1835 1585 1985 1793 1295 1964 1170 1368 1207 1411 1961 1645 1795 1684 1351
 1304 1405 1459 1733 1434 1288 1677 1273 1820 1611 1882 1715 2042 1582 2035
 1934 1346 1878 1379 1322 1912 1920 1614 1736 1955 2025 1270 1958 1466 1591
 1809 1503 1743 1652 1988 1414 1943 1264 1441 1469 1394 1811 1555 1637 1853
 1178 2099 1675 1363 1508 1899 1281 1904 1902 1708 1900 1896 1901 1343 1690
 1903 1897 1786 1485 1738 1756 1516 1196 1601 1833 1361 2063 2110 1590 1401
 2059 1267 1177 1408 1587 1790 1886 1537 1472 2031 1705 1760 2058 2018 1443
 2056 1393 1375 1311 1156 1836 1877 2076 1670 1422 1997 1541 1484 1252 1644
 1492 1805 1741 1927 1933 1559 1255 1509 1692 1930 1291 1345 1935 1707 1883
 1932 1925 1369 1929 1812 1574 1687 1962 1376 1390 1429 1725 1464 1313 1821
 1157 1448 2030 1844 1641 1618 1247 1352 2062 1680 1995 1921 1392 1307 1721
 2040 1180 1746 1465 1589 1841 1816 1259 1432 1569 1717 2080 1739 1990 2043
 1378 1449 1605 2085 1970 1911 1575 2013 1495 1571 1334 1892 1924 1298 1727
 1842 1402 1303 1561 1165 1595 1203 1475 1789 1815 1874 2034 1530 1635 1810
 1758 1162 1735 1407 1826 1712 1627 1438 2027 1566 1536 1660 1341 1373 2109
 1262 2065 1656 1430 2047 1830 1761 1201 2012 1588 1749 1564 2072 1799 2112
 2087 1386 1734 1510 1481 1175 1825 1380 2039 1974 1755 1967 1913 2048 1610
 1426 1851 1451 1169 1388 1506 1185 1482 1642 2089 1881 1719 1672 1416 1474
 2098 1602 2022 2050 2068 2111 1260 1969 1366 2105 1884 2101 1573 1208 2011
 1498 1893 1724 1558 1306 2052 1752 1592 1266 1639 1517 1470 1999 1613 1543
 2084 1730 1550 1972 2064 1940 1532 1213 1965 1824 1648 1383 1389 1395 1276
 1404 1382 1396 1406 1397 1387 1403 1384 1381 1439 1294 1668 2069 1333 1765
 1956 2077 1822 1187 1568 1915 2053 1409 1184 1317 2103 1164 1457 1757 1248
 1843 1372 1490 2017 1936 1533 1630 1192 1594 1728 1726 1364 1511 1722 1647
 1576 1321 1155 1787 1269 1804 1700 1608 2091 1625 1436 1535 1158 1879 1626
 1663 1339 1919 1747 1949 1212 1310 1323 1320 1301 1315 1300 1309 1305 1325
 1244 1324 1171 1331 1194 2010 1679 1954 1297 2081 1794 1488 1621 1894 1502
 1666 1986 2037 1336 1802 2067 1526 1159 1154 1174 1182 1166 1172 1168 1173
 1952 2014 1875 1806 1480 2113 1629 2009 1330 1548 1504 2092 1659 2082 1968
 2090 1691 1205 1788 1282 1813 1709 1674 1751 1800 1702 1524 1188 1342 1667
 1850 1265 1975 2006 1959 1440 1596 1552 1525 1941 1453 1873 1284 1549 1455
 1916 1910 2070 1586 1798 1829 1293 1437 1624 2066 1817 2019 1355 1518 1885
 1538 1473 1581 1628 1335 1486 1676 1682 1362 1249 1413 1754 1994 1256 1827
 2038 1513 1617 1412 2041 1657 1189 1615 2023 1527 1945 1452 1567 1277 2075
 1528 1604 1428 1272 1763 1698 1202 1973 1819 1872 2045 1686 1619 1274 1909
 1468 2107 1479 2102 1828 1947 1607 1957 1290 2032 1938 2016 1489 1467 1460
 1410 1446 1542 1365 1966 1299 1246 1519 1529 1606 1374 1547 2029 1417 1636
 1609 1662 1838 1421 1603 1993 1701 1551 2073 1209 2055 1563 1989 1554 1287
1 0 31 12 21 13 10 29 18 16 6 27 3 5
 19 28 9 26 8 14 25 4 24 30 22 20 17 11 15
 7 23 2 32 33 34 35 36 37 38 39 40 41 42 43
 44 45 46 47 48 49 50 51 52 53 54 55 56 57 58
 59 60 61 62 63 64 96 165 175 169 173 157 182 159 172
 160 184 186 174 167 177 168 180 163 179 178 170 158 171 183
 161 181 176 166 162 185 164 65 187 195 193 194 212 201 200
 207 211 216 210 203 198 202 206 196 204 197 208 188 191 189
 190 205 199 214 192 213 209 215 149 143 142 156 148 150 139
 145 153 152 144 140 133 138 151 129 128 137 134 154 155 131
 127 132 141 136 135 146 147 130 70 86 72 74 89 93 82
 95 66 92 78 80 68 85 87 73 69 77 67 91 79 84
 83 81 90 71 88 75 94 76 97 116 118 119 117 123 99
 100 98 112 114 109 121 103 102 110 108 113 120 111 104 115
 125 107 105 101 124 122 126 106 370 860 764 569 629 593 679
 507 1050 310 838 1031 912 657 757 352 277 872 416 915 378 883
 806 714 740 249 596 833 870 1041 1023 792 242 554 510 709 866
 603 283 568 301 630 656 724 1038 1003 463 842 890 525 770 900
 1021 830 962 376 804 776 710 1042 233 496 611 869 353 1035 255
 718 888 768 841 631 694 405 938 669 963 341 991 428 326 588
 737 981 257 397 430 483 498 619 774 906 821 226 534 649 802
 956 678 570 1026 719 681 1034 374 349 454 425 848 297 442 964
 530 539 871 501 926 976 978 394 722 977 373 624 294 974 975
 973 658 561 835 793 322 468 948 232 281 836 701 500 421 865
 957 467 910 450 829 387 712 936 594 688 885 217 765 605 339
 321 486 272 666 237 971 769 1055 808 466 749 858 721 364 1013
 628 567 696 578 704 336 867 608 302 819 1033 638 422 744 725
 506 290 985 767 929 967 1001 609 753 1022 680 831 235 663 893
 527 944 357 401 443 878 324 1032 916 296 670 303 1016 953 558
 752 863 1029 625 686 856 533 653 327 423 1051 817 476 763 742
 919 362 552 517 847 323 969 566 732 784 949 931 937 682 263
 882 747 383 360 350 840 479 582 791 610 515 875 446 706 927
 470 771 1004 895 304 903 1027 375 982 632 945 1020 599 756 1028
 650 864 278 542 305 556 356 332 549 548 543 553 404 224 540
 544 251 551 555 541 550 474 546 452 545 547 796 986 907 583
 921 266 961 419 557 1012 329 853 639 440 311 697 623 777 899
 330 508 513 497 504 509 518 516 519 503 502 514 511 451 505
 250 512 499 528 433 1052 859 346 728 894 783 581 456 390 256
 220 316 729 815 646 979 958 943 828 392 726 1017 565 471 523
 1000 746 613 972 298 675 1030 843 661 222 367 932 243 743 913
 491 839 683 1039 254 651 372 673 716 396 411 473 279 641 586
 886 1007 655 687 877 306 787 667 922 536 340 437 741 980 389
 221 258 288 488 1018 772 1040 874 825 400 532 660 612 711 928
 920 717 573 676 798 312 494 604 1019 441 693 616 259 230 345
 876 640 592 773 417 855 987 377 621 994 292 429 691 745 606
 832 589 647 939 315 223 414 319 462 601 705 908 438 617 368
 914 911 671 868 654 289 909 391 535 794 879 996 355 1015 940
 393 684 477 779 813 252 275 642 365 1014 240 1054 607 645 284
 318 823 386 337 810 260 403 579 992 562 571 1045 1005 457 997
 1025 807 1002 299 1053 960 241 626 448 597 402 672 585 465 904
 384 1036 824 434 412 786 845 492 231 952 993 984 781 811 447
 219 371 805 407 286 380 267 480 634 662 307 1056 274 537 797
 707 1008 761 930 564 458 889 754 620 801 935 983 472 248 348
 698 818 520 778 648 1046 942 788 313 968 273 766 239 735 382
 849 723 762 827 708 873 572 892 445 795 398 1006 309 947 720
 751 637 862 812 577 363 270 415 674 244 933 347 354 884 227
 600 469 287 264 591 917 755 1011 453 325 809 905 951 923 531
 988 664 439 887 385 560 218 881 826 435 495 358 253 395 692
 280 245 331 234 814 636 475 659 618 424 699 934 861 464 238
 837 369 614 857 285 785 265 918 816 418 563 482 1043 1037 954
 538 268 970 990 484 748 850 308 522 685 695 361 690 229 598
 689 236 427 844 891 449 644 524 622 852 1044 998 333 478 643
 408 782 460 595 834 880 789 366 461 291 677 703 1049 800 576
 420 489 959 822 351 459 965 851 758 432 898 1009 314 359 575
 946 739 526 271 293 328 950 1010 409 803 455 901 379 587 344
 342 343 334 338 335 574 627 300 487 790 760 406 521 665 854
 999 902 295 727 759 668 1024 700 733 925 989 584 410 736 262
 481 731 820 615 780 955 966 846 529 388 713 702 431 580 633
 652 490 269 413 247 995 734 317 485 493 436 590 228 426 399
 320 282 750 897 261 602 635 246 276 896 924 730 799 1048 1047
 941 225 444 559 738 715 381 775 1057 1058 1059 1060 1061 1062 1063
 1064 1065 1066 1067 1068 1069 1070 1071 1072 1073 1074 1075 1076 1077 1078
 1079 1080 1081 1082 1083 1084 1085 1086 1087 1088 1089 1091 1090 1121 1105
 1107 1116 1115 1119 1114 1117 1103 1110 1111 1100 1118 1093 1112 1094 1120
 1113 1101 1102 1106 1109 1098 1096 1095 1099 1104 1097 1108 1092 1183 1258
 1264 1246 1259 1256 1270 1247 1267 1248 1244 1260 1265 1273 1254 1271 1269
 1272 1266 1252 1257 1253 1250 1245 1255 1263 1261 1249 1251 1262 1268 1216
 1218 1225 1230 1223 1235 1219 1222 1242 1232 1233 1238 1221 1226 1217 1239
 1228 1229 1214 1215 1237 1243 1224 1220 1234 1241 1227 1236 1240 1231 1122
 1209 1207 1202 1203 1189 1188 1208 1213 1198 1210 1211 1205 1212 1199 1192
 1197 1204 1206 1186 1187 1200 1195 1201 1185 1190 1184 1193 1194 1196 1191
 1171 1172 1153 1167 1154 1159 1176 1165 1160 1157 1175 1155 1166 1179 1169
 1170 1156 1182 1162 1163 1177 1158 1180 1173 1164 1168 1181 1178 1161 1174
 1132 1145 1125 1129 1131 1149 1144 1150 1141 1143 1136 1146 1127 1142 1123
 1126 1133 1148 1151 1147 1124 1134 1140 1130 1152 1138 1128 1137 1139 1135
 2095 1692 1787 1952 1956 1632 1498 2042 1858 1533 2037 1746 1334 1758 1705
 1373 1682 1979 1626 1722 1468 2104 1393 1900 1518 1327 1954 1797 1504 2084
 1910 1360 2040 1505 2094 2061 2045 1648 1975 1698 1967 1635 1429 1889 1947
 2110 1456 1994 1336 1987 1879 1809 1765 1299 1986 2069 1941 1419 1557 1921
 1286 2049 1322 1356 1575 1702 2098 1723 1406 1842 1649 1742 1896 1509 2002
 1535 1673 1612 1790 2113 2012 1752 1337 1443 1605 1390 1305 1810 1714 2055
 1963 1656 1615 2021 2106 1638 2005 1849 1510 1289 1538 1476 1817 1501 1415
 2107 1861 2031 1949 1684 1606 1940 1565 1657 1811 1836 1359 1424 1870 1296
 2030 2032 2027 2034 1703 2028 2029 1517 1993 2033 1451 1490 1342 2064 1748
 2092 1528 1435 1884 1851 1778 1378 1899 2076 1620 1331 1760 1729 1677 1654
 1391 1855 1489 1585 2109 1316 2053 1467 1920 1571 1894 1411 1874 2022 1829
 1936 1672 1614 1918 1357 1711 1734 1902 1907 1650 1767 1964 1404 1951 1458
 2108 1754 1320 1644 1453 1596 2059 1552 1709 2074 1525 2010 1497 1431 1294
 1974 2089 2036 1631 1795 1854 1873 1375 1996 1689 1917 1589 1844 1660 1985
 1718 2017 1583 1886 1681 1426 1405 1642 1847 1738 1929 1770 2044 1466 1280
 1995 1688 1377 2014 1827 1302 1307 2020 1559 2068 1347 1372 1653 2080 1548
 1953 1877 2066 1401 1298 1728 1619 1923 1828 2001 1831 1464 1667 1563 1410
 1700 2048 2054 1991 1283 1915 1349 1843 2067 1374 1850 2024 1641 1973 2086
 1881 1751 1764 1806 1513 2007 1594 1602 1461 1593 1597 1604 1600 1332 1591
 1507 1598 1599 1608 1527 1595 1386 1592 1603 1601 1590 1607 1433 2057 1627
 2077 1338 1906 2081 1834 2026 1749 1903 2046 1486 1930 1427 1818 1864 1701
 1480 1569 1558 1566 1553 1550 1564 1459 1554 1560 1561 1556 1568 1551 1567
 1555 1358 1384 1570 1562 1744 2050 1880 1351 1969 1441 1366 1976 2056 2101
 1520 1418 2087 2011 2105 1640 2111 1292 1573 1955 1868 1960 1472 1279 1972
 2078 1315 1727 2065 1369 1832 1624 1541 1491 1939 1457 1737 1666 1961 1311
 1344 1448 1762 1982 1511 1423 1925 1365 1387 1678 2072 1482 1845 2039 2073
 1999 1800 1646 1526 2088 1875 1945 1841 1440 1350 1966 1763 2058 1422 1658
 1890 1988 1488 1290 1957 1383 1911 1815 2103 1500 1478 1888 1785 1275 2075
 1726 1707 2000 2093 1313 1897 1529 1588 1339 1398 2085 1288 2090 1695 2016
 1462 1725 1444 1867 1801 1362 2008 2004 1914 1484 1761 1959 1885 1293 1341
 1743 1710 1694 1636 1519 1421 1802 1789 1962 1958 1445 1916 1755 1645 1493
 1768 2082 1937 1345 1724 1609 2060 1285 1824 1408 1580 1848 1545 1355 1893
 1455 1736 1946 1863 1287 1933 1420 1719 1651 1675 1546 1326 1821 1449 1739
 1990 1495 2063 2043 1878 2018 1796 1924 1837 1414 1942 1812 2013 1892 1970
 2009 1691 1872 1276 1866 1731 1352 1927 1944 1891 1822 1473 1775 1301 1901
 2070 1665 1713 1730 2025 2006 1981 1547 1926 1992 1325 1361 1388 1780 1860
 1838 1686 2023 1376 1586 2091 2102 1766 1794 2015 1747 1846 1998 1503 1522
 1438 1989 1524 1639 1871 1578 1950 1389 1777 1814 2003 1862 1671 1343 1536
 1481 1661 1825 1492 1750 1371 1539 1413 2112 1997 1474 1425 2071 2083 1282
 1968 1813 1380 1840 1757 1587 2052 1788 1712 1629 2096 1392 1833 1786 1475
 1436 1669 2100 1515 1773 1324 1611 1544 1938 1977 1412 1721 1487 1905 1690
 1317 1679 1793 1782 1753 1434 2099 1346 1699 1913 1416 1297 1798 1446 1581
 2041 1887 1576 1447 1932 1922 1304 1685 1948 1898 1717 1534 1735 1479 1442
 1971 1432 1333 1909 1521 1776 1655 1807 1791 1983 1494 1584 1980 1908 1759
 1978 1984 1439 1741 1882 1643 1385 1330 1779 2097 1792 1670 1756 1318 1912
 1382 1835 1452 1277 1514 1300 1628 1278 1683 1733 1720 1630 1647 1732 1364
 1450 2062 1674 1314 1859 1613 1783 1919 1633 1542 1469 1312 1616 1883 1934
 1291 1931 1805 1652 1928 1935 1483 1328 1323 1680 1830 1769 1532 1808 1402
 1321 1499 1477 1853 1826 1664 1696 1523 1348 1839 1716 1370 1804 1549 1715
 1784 1465 1622 1354 1781 1502 1823 1708 1485 1774 2051 1506 1367 1437 1816
 1540 1803 1579 1396 1399 1400 1394 1381 1395 1403 1397 2047 1471 1284 2079
 1662 1306 1904 1281 1772 1496 1310 1582 2035 1530 1335 1610 2019 1865 1430
 1531 1363 1617 1572 1676 1460 1745 1309 1965 1771 1407 1637 1516 1537 1508
 1329 1799 1856 1659 1663 1463 1693 1417 1574 1634 2038 1512 1577 1740 1857
 1303 1704 1543 1621 1668 1470 1706 1819 1409 1697 1308 1274 1869 1943 1340
 1895 1876 1618 1820 1687 1295 1623 1368 1379 1454 1428 1319 1625 1852 1353
0 1 2 3 4 5 6 7 8 9 10 11 12 13
 14 15 16 17 18 19 20 21 22 23 24 25 26 27 28
 29 30 31 32 34 33 60 45 53 42 63 61 50 38 58
 48 36 51 62 44 57 41 46 64 37 56 59 54 49 43
 55 35 40 47 39 52 96 118 107 101 125 126 123 115 112
 124 105 122 110 121 113 120 97 116 98 111 114 104 109 119
 106 100 108 117 99 102 103 65 81 83 93 90 68 94 95
 86 75 89 67 91 87 77 84 73 79 85 72 82 92 66
 88 80 78 76 71 74 69 70 149 143 142 156 148 150 139
 145 153 152 144 140 133 138 151 129 128 137 134 154 155 131
 127 132 141 136 135 146 147 130 215 207 208 213 216 193 188
 200 189 191 199 205 212 197 198 196 209 202 210 203 204 206
 195 187 194 192 190 211 201 214 180 163 165 183 166 182 162
 181 179 172 170 171 167 164 185 174 176 177 168 178 158 159
 173 175 184 169 160 186 157 161 660 424 891 828 919 738 850
 935 882 1004 487 910 584 374 611 683 1005 782 939 1007 537 442
 278 250 338 1006 753 645 643 494 299 425 820 240 772 1013 784
 756 594 899 868 330 359 831 690 435 950 533 741 307 715 392
 561 469 841 542 916 1020 526 509 731 239 757 460 664 432 367
 1024 819 344 962 575 897 598 479 308 802 884 796 722 934 984
 247 969 692 827 972 556 816 908 266 292 421 481 778 372 963
 579 970 328 971 960 609 513 657 968 889 792 736 880 883 316
 423 258 595 990 636 384 517 467 428 241 651 1012 837 696 548
 286 355 1021 1010 632 803 862 564 601 855 1019 345 773 821 927
 259 394 1031 1052 767 592 876 466 283 616 886 640 417 312 604
 230 693 497 441 777 1026 1049 687 524 936 334 987 586 661 709
 413 549 974 268 493 360 856 755 812 888 518 999 993 445 988
 1030 913 952 829 553 562 857 681 596 389 711 724 677 371 875
 589 933 309 759 329 218 248 477 804 337 484 587 917 282 1047
 599 262 705 761 798 867 842 377 238 530 519 402 746 461 980
 629 559 522 978 1018 785 981 485 646 866 896 280 447 1015 965
 1050 600 366 336 826 270 938 707 1045 546 571 893 585 426 865
 291 1008 310 959 499 429 456 654 227 793 555 776 752 603 393
 246 713 806 376 892 483 662 902 567 975 914 929 590 789 676
 276 634 997 945 320 775 729 610 335 399 444 991 894 451 851
 382 774 275 675 751 624 443 1025 699 264 797 810 727 237 568
 630 647 1034 272 689 1042 1033 473 1051 343 390 1056 733 907 408
 714 489 304 824 1048 450 852 269 409 986 351 606 1027 502 538
 577 964 474 942 732 1011 288 849 569 900 314 920 673 779 951
 229 476 386 430 760 419 506 622 364 1053 255 331 412 904 290
 434 465 352 786 492 373 649 565 672 845 319 516 231 1036 721
 885 915 368 1055 708 685 1009 996 591 992 529 781 890 742 1022
 449 539 958 348 847 510 795 333 909 989 879 370 750 680 245
 1017 244 457 540 686 605 1041 339 836 666 486 688 957 321 701
 712 217 387 500 765 281 858 653 700 735 906 903 898 607 581
 811 527 508 416 901 905 642 411 702 232 1029 619 648 381 655
 543 261 954 301 375 1037 825 342 723 805 532 667 658 682 947
 1028 436 1032 471 618 388 961 414 659 495 554 267 745 833 995
 739 998 613 296 697 415 854 956 536 967 515 791 277 573 551
 853 668 325 1023 222 719 977 265 627 748 817 716 446 839 743
 976 641 528 491 243 1039 396 254 279 985 422 588 437 832 937
 918 663 794 363 973 941 1054 780 251 356 525 514 490 378 311
 582 771 625 234 948 253 454 602 955 924 507 873 730 324 488
 766 635 295 534 438 861 815 1044 293 349 427 698 496 994 921
 943 535 674 397 877 983 800 305 744 1040 285 249 357 940 925
 557 695 468 302 220 407 840 260 762 717 944 966 652 341 982
 747 830 271 440 922 1016 608 979 633 1002 576 223 523 560 734
 725 353 395 410 665 923 878 799 350 1003 1014 478 458 439 257
 931 928 932 930 790 926 418 365 813 860 639 326 1046 225 327
 294 614 369 1001 398 323 626 219 498 475 521 946 459 289 671
 256 578 678 501 670 597 679 669 552 306 637 228 1038 1000 405
 504 615 273 431 764 221 580 808 843 859 788 823 874 358 870
 505 872 869 871 420 297 224 383 763 470 235 822 769 572 809
 834 512 895 703 783 1043 263 583 406 1035 691 787 726 656 631
 482 318 710 287 313 570 463 835 728 322 300 315 317 303 768
 391 503 749 740 452 846 448 455 838 814 298 758 563 385 403
 638 332 520 623 401 807 718 621 511 720 400 912 887 848 863
 226 233 242 236 480 620 347 574 340 252 864 462 844 644 453
 354 274 346 628 737 284 531 379 566 704 684 404 361 706 545
 541 953 612 694 911 754 818 650 544 949 801 472 881 433 558
 380 464 547 362 593 770 617 550 1057 1058 1059 1060 1061 1062 1063
 1064 1065 1066 1067 1068 1069 1070 1071 1072 1073 1074 1075 1076 1077 1078
 1079 1080 1081 1082 1083 1084 1085 1086 1087 1088 1089 1122 1183 1213 1207
 1196 1202 1203 1206 1189 1205 1208 1210 1198 1190 1211 1185 1209 1212 1204
 1199 1193 1192 1184 1197 1188 1187 1186 1195 1194 1201 1200 1191 1090 1148
 1132 1128 1145 1144 1125 1130 1129 1133 1124 1131 1141 1149 1140 1150 1143
 1151 1136 1134 1146 1138 1127 1126 1142 1152 1123 1135 1137 1139 1147 1220
 1241 1214 1242 1235 1223 1222 1219 1230 1224 1243 1217 1234 1237 1238 1215
 1229 1228 1225 1239 1226 1233 1232 1216 1221 1218 1236 1227 1231 1240 1091
 1112 1105 1116 1115 1114 1098 1103 1121 1111 1110 1118 1117 1094 1113 1102
 1109 1120 1119 1095 1096 1108 1099 1097 1093 1100 1106 1101 1104 1107 1092
 1155 1168 1176 1164 1178 1160 1153 1177 1159 1158 1162 1171 1173 1180 1170
 1169 1161 1181 1175 1174 1165 1157 1179 1166 1167 1172 1182 1154 1156 1163
 1264 1259 1270 1267 1260 1273 1256 1271 1265 1269 1266 1257 1250 1255 1261
 1245 1248 1258 1272 1268 1244 1252 1254 1247 1263 1253 1246 1251 1262 1249
 2024 1444 1657 1854 1916 1767 1969 1493 1866 1528 2102 1877 1796 2073 1417
 1995 1510 1759 1616 1736 1330 1750 1402 1368 2113 1306 1765 1648 2045 1975
 1947 2110 1299 2061 1967 1505 1504 1797 2084 1456 2094 1809 1336 1994 1910
 1360 1698 1889 1429 1879 1987 1635 1954 2040 1606 1500 1294 1706 1643 2011
 1775 1890 1316 1958 1414 1457 1747 1364 1396 1913 1784 1983 1562 1805 1985
 1545 1671 1618 1662 1518 1922 1844 1733 1700 1892 1388 1319 1640 1422 1874
 1341 1799 1623 1587 1297 1807 1745 1923 1682 1499 1546 1470 1514 2038 1704
 1965 1560 1836 2033 1451 1986 2030 2034 1787 1359 2031 1811 1703 2028 1993
 1940 1490 1342 1565 1424 1870 1517 2029 1296 1949 1684 2032 2027 1525 1914
 1563 1533 1695 2050 1999 1338 2085 1868 1288 1484 2090 2016 1725 1362 1801
 1398 1867 1597 2004 1761 1322 1886 1462 2008 1911 2048 1707 2055 1744 1815
 1957 1553 1627 1888 1529 1275 1726 1897 2093 1785 1632 2000 1383 1588 1478
 2103 2075 1313 1339 1689 1631 1974 1795 1431 1497 2064 1917 2074 1709 1941
 2059 1375 1873 1596 1552 1952 2036 2089 1589 1453 2010 1996 1752 1513 2002
 1418 1872 1988 2053 1666 1554 1395 1813 1887 1281 1741 1774 1950 1463 1613
 1373 1329 2079 1607 1818 1310 1309 1997 1935 2057 1981 1290 1789 1970 1482
 1376 1746 1568 1400 1353 1732 1621 1849 1753 1869 1582 1407 1628 2092 1283
 1443 1894 1881 2067 1410 2007 1751 2086 1991 1764 1973 2095 1806 1850 1843
 2054 1349 1374 1641 1660 1915 1724 2111 1473 1440 1489 1906 1839 1939 1794
 1984 1380 1865 1346 1409 1852 1397 1670 2100 1516 1814 2014 1685 2068 1614
 1763 1778 1604 2097 1982 2063 2065 1895 1524 1680 1883 1716 1827 1367 1452
 1477 1838 1822 1945 1672 1743 2112 1472 1426 1861 2052 2003 2066 1625 1876
 1576 1782 1328 1502 1896 2022 1884 2056 2101 1498 1573 2105 1292 1880 1351
 2087 1718 1520 1921 1366 1810 1602 1976 1441 1526 1899 1885 1459 1449 2025
 1992 1325 1730 1749 1926 2006 1361 1547 1860 1332 1702 1780 1681 1959 1301
 2009 1691 1891 1834 1731 1713 1927 2070 1276 1665 1944 1548 1901 1352 1758
 1851 1658 1488 1955 2058 1966 1566 1350 1593 1841 1875 2077 2088 1714 1800
 2049 1583 1646 1372 1936 1404 1571 1829 2108 2069 1458 1918 1650 1711 1754
 1734 1411 1964 1907 1320 1902 1357 1951 1644 1391 1378 2076 1331 1435 1760
 1467 1729 1692 1855 1654 1677 1920 1585 1748 1620 2109 1961 1960 1755 1963
 1550 1421 1445 1802 1962 1710 1636 1653 1519 1356 1694 1956 1293 1812 2042
 1772 1757 1494 1928 1594 1437 1370 1515 1340 1717 1637 1295 1535 1481 1522
 1693 1722 2041 1740 1663 1291 1708 1428 1793 1574 1538 1300 1819 1279 2043
 1837 2018 2026 1739 1942 1495 1334 2013 1990 1575 1878 1645 1924 1605 2080
 1344 1448 2017 1387 1858 1511 2039 1925 2072 1762 1558 1461 1286 1311 1845
 1365 1678 1423 1727 1972 1832 1347 1541 1369 2078 1315 1624 1390 1737 1491
 1569 1438 1998 1953 1503 1766 2037 2091 1591 1846 2098 2015 2023 1586 1893
 1686 2035 2046 1804 1980 1652 2044 1381 1769 1590 1556 1857 1673 1898 1543
 1355 1798 1823 1905 2104 1521 1542 1664 1564 2020 1277 1712 1968 1840 1788
 2071 1642 1598 2083 2082 2021 1561 1282 1425 1416 1523 1399 1931 1485 1471
 1363 1674 1603 1285 1779 1323 1617 1531 2019 1584 1610 1630 1430 1492 1442
 1321 1335 1651 1358 1828 1530 1581 1608 1446 1842 1629 2106 1661 1699 2099
 1946 1847 1555 1697 1934 2012 1318 1433 1919 1343 1408 1549 1278 1465 1690
 1912 1715 1622 1354 1371 1781 1791 1638 1655 1742 1937 1977 1871 1978 1979
 1908 1507 1683 1929 2051 1557 1394 1468 1773 2081 1659 1592 1904 1304 1971
 1403 1496 1701 1474 1817 1326 1667 1735 1439 1337 1647 1721 1720 1728 1723
 1696 1379 1669 1308 1856 1280 1512 1948 1803 1539 1460 1303 1626 1930 1932
 1933 1833 1509 1578 1345 1559 1348 1384 1324 1486 2047 1777 1537 1634 1393
 1317 1289 1480 1506 1816 1413 1450 2096 1483 1600 1427 2060 1639 1534 1432
 1649 1479 1333 1909 1776 1570 1825 1420 1786 1770 1882 1853 1864 1609 1826
 1274 1633 1771 1406 1392 1401 1385 1389 1405 1382 1386 1830 1475 1820 1377
 1790 1327 1756 1738 1768 1835 1302 1831 1989 1434 1679 1412 1938 1599 1487
 1544 1436 1611 1508 1668 1469 2005 1307 2107 1579 1464 1580 1601 1532 1572
 1688 1656 1859 1792 1287 1466 1455 1705 1675 1808 1501 1783 1943 1863 1862
 1312 1415 1536 1619 1676 1476 1419 1821 1527 1447 1314 1540 2001 1577 1824
 1903 1567 1612 1284 1454 1848 1615 1900 2062 1687 1719 1305 1551 1595 1298
