n96
1,2,3,4,5,6,7,8;
0,9,10,11,12,13,14,15;
0,9,16,17,18,19,20,21;
0,10,16,22,23,24,25,26;
0,11,17,22,27,28,29,30;
0,12,18,23,27,31,32,33;
0,13,19,24,28,31,34,35;
0,14,20,25,29,32,34,36;
0,15,21,26,30,33,35,36;
1,2,37,38,39,40,41,42;
1,3,37,46,51,55,58,59;
1,4,38,46,54,60,63,65;
1,5,39,50,55,60,68,71;
1,6,40,45,51,54,69,71;
1,7,41,45,50,59,64,65;
1,8,42,58,63,64,68,69;
2,3,37,45,50,54,60,62;
2,4,38,45,55,59,71,72;
2,5,39,51,54,59,65,66;
2,6,40,46,50,55,65,67;
2,7,41,46,51,60,71,73;
2,8,42,62,66,67,72,73;
3,4,40,41,43,44,45,46;
3,5,38,40,48,53,54,55;
3,6,39,41,48,49,50,51;
3,7,38,39,43,57,59,60;
3,8,44,49,53,57,58,62;
4,5,37,41,48,59,60,61;
4,6,37,39,43,54,55,56;
4,7,39,40,48,65,71,74;
4,8,44,56,61,63,72,74;
5,6,38,41,43,65,70,71;
5,7,37,40,43,50,51,52;
5,8,52,53,61,66,68,70;
6,7,37,38,45,46,47,48;
6,8,47,49,56,67,69,70;
7,8,47,52,57,64,73,74;
9,10,16,27,28,32,34,75;
9,11,17,23,25,31,34,76;
9,12,18,24,25,28,29,77;
9,13,19,22,23,29,32,78;
9,14,20,22,24,27,31,79;
9,15,21,75,76,77,78,79;
22,25,28,31,32,80,81,82;
22,26,30,78,79,80,83,84;
13,14,16,17,22,34,81,83;
10,11,19,20,22,34,82,84;
34,35,36,75,76,83,84,85;
23,24,27,29,34,81,82,85;
24,26,35,77,79,85,86,87;
12,14,16,19,24,32,82,86;
10,13,18,20,24,32,81,87;
32,33,36,75,78,80,86,87;
23,26,33,76,78,85,88,89;
11,13,16,18,23,28,82,88;
10,12,17,19,23,28,81,89;
28,30,35,75,77,80,88,89;
25,26,36,76,77,80,90,91;
10,15,26,75,84,87,89,90;
10,14,17,18,25,27,82,90;
11,12,16,20,25,27,81,91;
27,30,33,75,79,85,90,91;
16,21,26,75,83,86,88,91;
11,15,30,76,84,88,91,92;
14,15,36,79,83,86,90,92;
11,14,18,19,29,31,81,92;
18,21,33,77,87,88,90,92;
19,21,35,78,84,86,89,92;
12,15,33,77,86,89,91,93;
13,15,35,78,83,87,88,93;
31,33,35,76,79,80,92,93;
12,13,17,20,29,31,82,93;
17,21,30,76,83,89,90,93;
20,21,36,79,84,87,91,93;
29,30,36,77,78,85,92,93;
37,42,47,52,56,58,61,62;
38,42,47,53,57,63,70,72;
39,42,49,56,57,66,68,74;
40,42,44,52,53,67,69,74;
41,42,44,49,61,64,70,73;
43,44,52,56,57,70,94,95;
43,45,48,51,55,60,65,94;
43,46,48,50,54,59,71,95;
44,45,47,62,64,69,72,94;
44,46,47,58,63,67,73,95;
47,48,49,53,61,74,94,95;
49,50,52,62,64,67,68,95;
49,51,52,58,66,69,73,94;
53,54,56,62,63,66,69,95;
53,55,56,58,67,68,72,94;
57,58,59,61,64,66,72,95;
57,60,61,62,63,68,73,94;
63,64,65,66,67,70,74,94;
68,69,70,71,72,73,74,95;
80,81,83,85,87,89,91,92;
80,82,84,85,86,88,90,93.
