n128
1,2,3,4,5,6,7,8;
0,9,10,11,12,13,14,15;
0,9,16,17,18,19,20,21;
0,10,16,22,23,24,25,26;
0,11,17,22,27,28,29,30;
0,12,18,23,27,31,32,33;
0,13,19,24,28,31,34,35;
0,14,20,25,29,32,34,36;
0,15,21,26,30,33,35,36;
1,2,37,38,39,40,41,42;
1,3,37,43,49,55,67,68;
1,4,38,43,50,56,71,72;
1,5,39,44,49,56,74,81;
1,6,40,44,50,55,76,79;
1,7,41,61,67,71,79,81;
1,8,42,61,68,72,74,76;
2,3,37,44,50,56,69,70;
2,4,38,44,49,55,73,80;
2,5,39,43,50,55,77,78;
2,6,40,43,49,56,75,82;
2,7,41,62,69,73,75,77;
2,8,42,62,70,78,80,82;
3,4,39,40,55,56,59,60;
3,5,38,40,49,50,51,52;
3,6,38,39,43,44,45,46;
3,7,45,51,57,59,67,69;
3,8,46,52,57,60,68,70;
4,5,37,40,43,44,47,48;
4,6,37,39,49,50,53,54;
4,7,47,53,58,59,71,73;
4,8,48,54,58,60,72,80;
5,6,37,38,55,56,63,64;
5,7,47,51,63,65,77,81;
5,8,48,52,64,65,74,78;
6,7,45,53,63,66,75,79;
6,8,46,54,64,66,76,82;
7,8,57,58,61,62,65,66;
9,10,16,27,28,31,91,92;
9,11,17,23,24,31,93,94;
9,12,18,22,24,28,96,97;
9,13,19,22,23,27,99,100;
9,14,20,91,93,96,99,101;
9,15,21,92,94,97,100,101;
10,11,18,19,24,27,83,84;
12,13,16,17,24,27,85,86;
24,25,34,83,85,93,96,98;
24,26,35,84,86,94,97,98;
27,29,32,83,85,91,99,102;
27,30,33,84,86,92,100,102;
10,12,17,19,23,28,104,105;
11,13,16,18,23,28,110,111;
23,25,32,93,99,104,110,112;
23,26,33,94,100,105,111,112;
28,29,34,91,96,104,110,113;
28,30,35,92,97,105,111,113;
10,13,17,18,22,31,87,88;
11,12,16,19,22,31,89,90;
25,26,36,98,103,106,112,114;
29,30,36,102,103,107,113,115;
22,25,29,87,89,96,99,103;
22,26,30,88,90,97,100,103;
14,15,36,101,106,108,115,116;
20,21,36,101,107,109,114,117;
31,32,34,87,89,91,93,95;
31,33,35,88,90,92,94,95;
32,33,36,95,102,108,112,117;
34,35,36,95,98,109,113,116;
10,14,25,83,87,91,104,106;
10,15,26,84,88,92,105,106;
16,20,25,85,89,91,110,114;
16,21,26,86,90,92,111,114;
11,14,29,83,89,93,110,115;
11,15,30,84,90,94,111,115;
17,20,29,85,87,93,104,107;
12,15,33,86,90,97,105,108;
19,20,34,83,89,99,104,109;
13,15,35,86,88,100,111,116;
18,20,32,83,87,96,110,117;
18,21,33,84,88,97,111,117;
13,14,34,85,87,99,110,116;
17,21,30,86,88,94,105,107;
12,14,32,85,89,96,104,108;
19,21,35,84,90,100,105,109;
43,45,47,67,71,75,77,118;
43,46,48,68,72,78,82,118;
44,45,47,69,73,79,81,119;
44,46,48,70,74,76,80,119;
55,59,63,67,73,77,79,120;
55,60,64,68,76,78,80,120;
56,59,63,69,71,75,81,121;
56,60,64,70,72,74,82,121;
37,41,47,53,63,67,69,122;
37,42,48,54,64,68,70,122;
38,41,45,51,63,71,73,123;
38,42,46,52,64,72,80,123;
63,64,65,66,120,121,122,123;
39,41,45,53,59,77,81,124;
39,42,46,54,60,74,78,124;
45,46,57,66,118,119,123,124;
40,41,47,51,59,75,79,125;
40,42,48,52,60,76,82,125;
41,42,61,62,122,123,124,125;
47,48,58,65,118,119,122,125;
57,58,59,60,120,121,124,125;
49,51,53,67,73,75,81,126;
49,52,54,68,74,80,82,126;
57,61,67,68,118,120,122,126;
58,62,73,80,119,120,123,126;
61,65,74,81,119,121,124,126;
62,66,75,82,118,121,125,126;
50,51,53,69,71,77,79,127;
50,52,54,70,72,76,78,127;
51,52,57,65,123,125,126,127;
53,54,58,66,122,124,126,127;
57,62,69,70,119,121,122,127;
58,61,71,72,118,121,123,127;
61,66,76,79,119,120,125,127;
62,65,77,78,118,120,124,127;
83,84,98,102,106,109,115,117;
85,86,98,102,107,108,114,116;
87,88,95,103,106,107,116,117;
89,90,95,103,108,109,114,115;
91,92,95,101,102,106,113,114;
93,94,95,98,101,107,112,115;
96,97,98,101,103,108,113,117;
99,100,101,102,103,109,112,116;
104,105,106,107,108,109,112,113;
110,111,112,113,114,115,116,117.
