n144
1,2,3,4,5,6,7,8;
0,9,10,11,12,13,14,15;
0,9,16,17,18,19,20,21;
0,10,16,22,23,24,25,26;
0,11,17,22,27,28,29,30;
0,12,18,23,27,31,32,33;
0,13,19,24,28,31,34,35;
0,14,20,25,29,32,34,36;
0,15,21,26,30,33,35,36;
1,2,37,38,39,40,41,42;
1,3,37,47,57,60,62,64;
1,4,38,43,47,50,51,52;
1,5,39,43,58,61,63,64;
1,6,40,50,55,56,57,58;
1,7,41,51,55,59,60,61;
1,8,42,52,56,59,62,63;
2,3,38,50,57,70,72,74;
2,4,37,43,64,71,73,74;
2,5,40,44,57,64,66,67;
2,6,39,43,44,50,53,54;
2,7,41,53,66,69,70,71;
2,8,42,54,67,69,72,73;
3,4,44,50,58,64,81,82;
3,5,37,38,43,44,45,46;
3,6,43,47,58,74,75,76;
3,7,45,60,70,75,81,83;
3,8,46,62,72,76,82,83;
4,5,38,40,58,74,77,78;
4,6,37,40,44,47,48,49;
4,7,48,51,71,77,81,84;
4,8,49,52,73,78,82,84;
5,6,37,39,57,74,79,80;
5,7,45,61,66,68,77,79;
5,8,46,63,67,68,78,80;
6,7,48,53,55,65,75,79;
6,8,49,54,56,65,76,80;
7,8,59,65,68,69,83,84;
9,10,17,23,28,31,85,86;
9,11,16,23,27,87,98,99;
9,12,19,31,87,88,91,92;
9,13,18,27,28,88,95,96;
9,14,20,85,91,95,97,98;
9,15,21,86,92,96,97,99;
11,12,17,19,23,24,89,90;
18,19,22,23,28,87,105,106;
23,25,32,85,89,98,105,107;
23,26,33,86,90,99,106,107;
10,11,24,28,87,88,93,94;
28,29,34,85,93,95,103,105;
28,30,35,86,94,96,103,106;
11,13,16,19,22,88,101,102;
11,14,29,89,93,98,100,101;
11,15,30,90,94,99,100,102;
19,20,34,89,91,101,104,105;
19,21,35,90,92,102,104,106;
13,14,34,95,101,108,109,111;
13,15,35,96,102,108,110,112;
10,13,16,18,31,87,109,110;
12,13,22,24,27,87,111,112;
14,15,36,97,100,108,113,114;
10,14,25,85,93,109,113,115;
12,14,32,89,91,111,114,115;
10,15,26,86,94,110,113,116;
12,15,33,90,92,112,114,116;
10,12,17,18,22,88,115,116;
34,35,36,103,104,108,120,121;
18,20,32,95,105,109,115,117;
18,21,33,96,106,110,116,117;
32,33,36,107,114,117,121,122;
20,21,36,97,104,117,119,123;
16,20,25,98,101,109,119,124;
17,20,29,85,89,115,123,124;
16,21,26,99,102,110,119,125;
17,21,30,86,90,116,123,125;
16,17,24,27,31,88,124,125;
24,25,34,89,93,111,120,124;
24,26,35,90,94,112,120,125;
27,29,32,95,98,111,122,124;
27,30,33,96,99,112,122,125;
31,32,34,85,91,109,121,124;
31,33,35,86,92,110,121,125;
22,25,29,101,105,111,115,118;
22,26,30,102,106,112,116,118;
25,26,36,107,113,118,119,120;
29,30,36,100,103,118,122,123;
37,41,45,48,60,71,79,126;
37,42,46,49,62,73,80,126;
38,39,44,47,57,58,127,128;
39,40,47,50,64,74,129,130;
43,45,51,53,61,71,75,131;
43,46,52,54,63,73,76,131;
39,41,53,61,79,127,129,132;
39,42,54,63,80,128,130,132;
47,48,51,60,75,127,129,133;
47,49,52,62,76,128,130,133;
40,41,48,55,66,77,129,134;
40,42,49,56,67,78,130,134;
41,42,59,69,126,132,134,135;
38,41,45,51,70,77,127,135;
38,42,46,52,72,78,128,135;
51,52,59,84,131,133,135,136;
50,51,53,55,70,81,129,136;
50,52,54,56,72,82,130,136;
48,49,65,84,126,133,134,137;
53,54,65,69,131,132,136,137;
44,45,48,53,66,81,127,137;
44,46,49,54,67,82,128,137;
45,46,68,83,126,131,135,137;
55,56,59,65,134,136,138,139;
55,57,60,66,70,79,127,138;
56,57,62,67,72,80,128,138;
55,58,61,75,77,81,127,139;
56,58,63,76,78,82,128,139;
59,60,62,83,126,133,138,140;
59,61,63,68,131,132,139,140;
60,61,64,66,71,81,129,140;
62,63,64,67,73,82,130,140;
66,67,68,69,134,137,138,140;
81,82,83,84,136,137,139,140;
69,70,72,83,135,136,138,141;
65,75,76,83,131,133,139,141;
65,68,79,80,126,132,138,141;
68,77,78,84,134,135,139,141;
69,71,73,84,126,131,140,141;
70,71,74,75,77,79,129,141;
72,73,74,76,78,80,130,141;
85,86,97,103,107,113,121,123;
87,91,93,98,105,109,111,142;
87,92,94,99,106,110,112,142;
88,91,93,95,101,115,124,143;
88,92,94,96,102,116,125,143;
89,90,100,104,107,114,120,123;
91,92,97,104,114,121,142,143;
93,94,100,103,113,120,142,143;
95,96,97,103,108,117,122,143;
97,98,99,100,107,119,122,142;
100,101,102,104,108,118,119,143;
103,104,105,106,107,117,118,142;
108,109,110,113,117,119,121,142;
108,111,112,114,118,120,122,142;
113,114,115,116,117,118,123,143;
119,120,121,122,123,124,125,143;
127,128,132,133,135,137,138,139;
129,130,132,133,134,136,140,141.
