n128
1,2,4,8,16,32,64,127;
0,3,5,9,17,33,65,126;
3,0,6,10,18,34,66,125;
2,1,7,11,19,35,67,124;
5,6,0,12,20,36,68,123;
4,7,1,13,21,37,69,122;
7,4,2,14,22,38,70,121;
6,5,3,15,23,39,71,120;
9,10,12,0,24,40,72,119;
8,11,13,1,25,41,73,118;
11,8,14,2,26,42,74,117;
10,9,15,3,27,43,75,116;
13,14,8,4,28,44,76,115;
12,15,9,5,29,45,77,114;
15,12,10,6,30,46,78,113;
14,13,11,7,31,47,79,112;
17,18,20,24,0,48,80,111;
16,19,21,25,1,49,81,110;
19,16,22,26,2,50,82,109;
18,17,23,27,3,51,83,108;
21,22,16,28,4,52,84,107;
20,23,17,29,5,53,85,106;
23,20,18,30,6,54,86,105;
22,21,19,31,7,55,87,104;
25,26,28,16,8,56,88,103;
24,27,29,17,9,57,89,102;
27,24,30,18,10,58,90,101;
26,25,31,19,11,59,91,100;
29,30,24,20,12,60,92,99;
28,31,25,21,13,61,93,98;
31,28,26,22,14,62,94,97;
30,29,27,23,15,63,95,96;
33,34,36,40,48,0,96,95;
32,35,37,41,49,1,97,94;
35,32,38,42,50,2,98,93;
34,33,39,43,51,3,99,92;
37,38,32,44,52,4,100,91;
36,39,33,45,53,5,101,90;
39,36,34,46,54,6,102,89;
38,37,35,47,55,7,103,88;
41,42,44,32,56,8,104,87;
40,43,45,33,57,9,105,86;
43,40,46,34,58,10,106,85;
42,41,47,35,59,11,107,84;
45,46,40,36,60,12,108,83;
44,47,41,37,61,13,109,82;
47,44,42,38,62,14,110,81;
46,45,43,39,63,15,111,80;
49,50,52,56,32,16,112,79;
48,51,53,57,33,17,113,78;
51,48,54,58,34,18,114,77;
50,49,55,59,35,19,115,76;
53,54,48,60,36,20,116,75;
52,55,49,61,37,21,117,74;
55,52,50,62,38,22,118,73;
54,53,51,63,39,23,119,72;
57,58,60,48,40,24,120,71;
56,59,61,49,41,25,121,70;
59,56,62,50,42,26,122,69;
58,57,63,51,43,27,123,68;
61,62,56,52,44,28,124,67;
60,63,57,53,45,29,125,66;
63,60,58,54,46,30,126,65;
62,61,59,55,47,31,127,64;
65,66,68,72,80,96,0,63;
64,67,69,73,81,97,1,62;
67,64,70,74,82,98,2,61;
66,65,71,75,83,99,3,60;
69,70,64,76,84,100,4,59;
68,71,65,77,85,101,5,58;
71,68,66,78,86,102,6,57;
70,69,67,79,87,103,7,56;
73,74,76,64,88,104,8,55;
72,75,77,65,89,105,9,54;
75,72,78,66,90,106,10,53;
74,73,79,67,91,107,11,52;
77,78,72,68,92,108,12,51;
76,79,73,69,93,109,13,50;
79,76,74,70,94,110,14,49;
78,77,75,71,95,111,15,48;
81,82,84,88,64,112,16,47;
80,83,85,89,65,113,17,46;
83,80,86,90,66,114,18,45;
82,81,87,91,67,115,19,44;
85,86,80,92,68,116,20,43;
84,87,81,93,69,117,21,42;
87,84,82,94,70,118,22,41;
86,85,83,95,71,119,23,40;
89,90,92,80,72,120,24,39;
88,91,93,81,73,121,25,38;
91,88,94,82,74,122,26,37;
90,89,95,83,75,123,27,36;
93,94,88,84,76,124,28,35;
92,95,89,85,77,125,29,34;
95,92,90,86,78,126,30,33;
94,93,91,87,79,127,31,32;
97,98,100,104,112,64,32,31;
96,99,101,105,113,65,33,30;
99,96,102,106,114,66,34,29;
98,97,103,107,115,67,35,28;
101,102,96,108,116,68,36,27;
100,103,97,109,117,69,37,26;
103,100,98,110,118,70,38,25;
102,101,99,111,119,71,39,24;
105,106,108,96,120,72,40,23;
104,107,109,97,121,73,41,22;
107,104,110,98,122,74,42,21;
106,105,111,99,123,75,43,20;
109,110,104,100,124,76,44,19;
108,111,105,101,125,77,45,18;
111,108,106,102,126,78,46,17;
110,109,107,103,127,79,47,16;
113,114,116,120,96,80,48,15;
112,115,117,121,97,81,49,14;
115,112,118,122,98,82,50,13;
114,113,119,123,99,83,51,12;
117,118,112,124,100,84,52,11;
116,119,113,125,101,85,53,10;
119,116,114,126,102,86,54,9;
118,117,115,127,103,87,55,8;
121,122,124,112,104,88,56,7;
120,123,125,113,105,89,57,6;
123,120,126,114,106,90,58,5;
122,121,127,115,107,91,59,4;
125,126,120,116,108,92,60,3;
124,127,121,117,109,93,61,2;
127,124,122,118,110,94,62,1;
126,125,123,119,111,95,63,0.
