n128
1,2,3,4,5,6,7,8;
0,9,10,11,12,13,14,15;
0,9,16,17,18,19,20,21;
0,10,16,22,23,24,25,26;
0,11,17,22,27,28,29,30;
0,12,18,23,27,31,32,33;
0,13,19,24,28,31,34,35;
0,14,20,25,29,32,34,36;
0,15,21,26,30,33,35,36;
1,2,37,38,39,40,41,42;
1,3,37,43,44,45,46,47;
1,4,38,43,48,49,50,51;
1,5,39,44,48,53,55,56;
1,6,40,45,49,54,55,57;
1,7,41,46,50,52,53,54;
1,8,42,47,51,52,56,57;
2,3,38,43,65,69,71,72;
2,4,37,43,58,59,60,61;
2,5,39,60,62,65,66,67;
2,6,40,61,66,68,69,70;
2,7,41,58,62,70,71,73;
2,8,42,59,67,68,72,73;
3,4,37,38,63,80,81,82;
3,5,44,65,76,77,80,83;
3,6,45,69,77,78,81,84;
3,7,46,63,72,73,76,78;
3,8,47,71,73,82,83,84;
4,5,48,58,62,79,82,83;
4,6,49,61,64,79,81,85;
4,7,51,52,60,62,63,64;
4,8,50,52,59,80,83,85;
5,6,55,67,68,76,78,79;
5,7,53,58,60,74,77,78;
5,8,56,66,68,74,80,82;
6,7,54,64,70,75,76,77;
6,8,57,66,67,75,84,85;
7,8,50,51,71,72,74,75;
9,10,17,22,98,99,100,101;
9,11,16,22,87,91,92,93;
9,12,18,91,97,99,102,103;
9,13,19,92,100,103,104,105;
9,14,20,93,98,102,104,106;
9,15,21,87,97,101,105,106;
10,11,16,17,89,95,107,108;
10,12,23,100,103,107,109,110;
10,13,24,99,103,108,111,112;
10,14,25,89,98,109,111,113;
10,15,26,95,101,110,112,113;
11,12,27,86,91,94,107,114;
11,13,28,86,92,96,108,115;
11,14,30,36,89,93,114,115;
11,15,29,36,87,94,95,96;
14,15,29,30,106,113,116,117;
12,14,32,102,109,114,116,118;
13,14,34,104,111,115,117,118;
12,13,31,86,99,100,116,117;
12,15,33,94,97,110,117,118;
13,15,35,96,105,112,116,118;
17,20,27,32,98,107,109,119;
17,21,30,89,100,105,109,116;
17,18,29,32,96,99,108,116;
17,19,28,95,96,101,105,119;
18,20,27,29,94,97,106,120;
22,25,29,87,97,99,111,117;
28,29,34,95,108,111,113,120;
16,18,23,90,92,103,108,120;
18,19,33,35,91,92,94,96;
18,21,31,35,90,102,106,116;
19,21,31,33,88,100,101,110;
16,19,24,88,91,103,107,119;
19,20,34,94,95,104,107,110;
16,20,26,36,93,95,119,120;
16,21,25,36,87,88,89,90;
20,21,25,26,97,102,109,110;
32,33,36,88,96,115,118,119;
34,35,36,90,94,114,118,120;
23,25,31,34,90,110,113,117;
23,24,32,34,107,108,114,115;
24,25,31,32,88,98,99,102;
27,28,31,86,98,101,106,113;
22,23,30,33,92,100,115,117;
22,24,28,93,98,111,115,119;
22,26,27,33,91,97,101,119;
23,26,27,30,109,113,114,120;
24,26,35,91,93,102,112,114;
28,30,35,92,93,105,106,120;
48,49,55,79,121,122,123,124;
38,42,51,63,72,121,122,125;
68,69,72,74,78,121,123,126;
43,46,50,59,72,123,124,125;
65,67,72,75,76,122,124,126;
38,39,48,66,69,82,84,121;
38,40,49,65,66,80,85,122;
38,41,50,71,81,84,85,125;
48,51,56,62,66,70,75,122;
43,47,51,61,64,70,71,125;
49,51,57,60,61,66,74,121;
39,42,56,62,63,73,82,127;
37,41,46,58,78,79,81,123;
37,39,45,55,60,63,78,121;
37,40,44,55,59,68,80,123;
37,42,47,61,68,79,82,121;
39,41,53,67,73,78,84,126;
39,40,44,45,65,69,126,127;
40,41,54,70,122,123,125,126;
40,42,57,59,61,85,125,127;
41,42,52,62,67,79,85,122;
43,44,48,58,69,70,77,123;
43,45,49,60,64,65,77,124;
44,46,53,58,59,73,83,127;
44,47,56,68,70,73,76,126;
45,46,54,63,64,81,125,127;
45,47,57,84,121,124,125,126;
46,47,52,64,76,79,83,124;
48,50,53,75,77,83,84,124;
49,50,54,74,77,80,81,123;
52,53,55,57,59,60,67,124;
52,54,55,56,63,76,80,122;
53,54,56,57,74,75,126,127;
58,61,69,71,74,81,82,127;
62,64,65,71,75,83,85,127;
86,87,88,91,96,99,101,112;
86,87,90,92,94,104,106,117;
86,88,89,98,100,104,107,115;
86,89,90,108,112,113,114,116;
87,89,93,95,104,105,111,112;
88,90,102,103,104,110,112,118;
97,103,105,109,111,118,119,120.
