0 1 2 3 4 5 6 7 8 9 10 11 12 13 14 15 16
 17 18 19 20 21 22 23 24 25 26 27
0 28 29 30 31 32 33 34 35 36 37 38 39 40 41 42 43
 44 45 46 47 48 49 50 51 52 53 54
0 55 56 57 58 59 60 61 62 63 64 65 66 67 68 69 70
 71 72 73 74 75 76 77 78 79 80 81
0 82 83 84 85 86 87 88 89 90 91 92 93 94 95 96 97
 98 99 100 101 102 103 104 105 106 107 108
0 109 110 111 112 113 114 115 116 117 118 119 120 121 122 123 124
 125 126 127 128 129 130 131 132 133 134 135
0 136 137 138 139 140 141 142 143 144 145 146 147 148 149 150 151
 152 153 154 155 156 157 158 159 160 161 162
0 163 164 165 166 167 168 169 170 171 172 173 174 175 176 177 178
 179 180 181 182 183 184 185 186 187 188 189
0 190 191 192 193 194 195 196 197 198 199 200 201 202 203 204 205
 206 207 208 209 210 211 212 213 214 215 216
0 217 218 219 220 221 222 223 224 225 226 227 228 229 230 231 232
 233 234 235 236 237 238 239 240 241 242 243
0 244 245 246 247 248 249 250 251 252 253 254 255 256 257 258 259
 260 261 262 263 264 265 266 267 268 269 270
0 271 272 273 274 275 276 277 278 279 280 281 282 283 284 285 286
 287 288 289 290 291 292 293 294 295 296 297
0 298 299 300 301 302 303 304 305 306 307 308 309 310 311 312 313
 314 315 316 317 318 319 320 321 322 323 324
0 325 326 327 328 329 330 331 332 333 334 335 336 337 338 339 340
 341 342 343 344 345 346 347 348 349 350 351
0 352 353 354 355 356 357 358 359 360 361 362 363 364 365 366 367
 368 369 370 371 372 373 374 375 376 377 378
0 379 380 381 382 383 384 385 386 387 388 389 390 391 392 393 394
 395 396 397 398 399 400 401 402 403 404 405
0 406 407 408 409 410 411 412 413 414 415 416 417 418 419 420 421
 422 423 424 425 426 427 428 429 430 431 432
0 433 434 435 436 437 438 439 440 441 442 443 444 445 446 447 448
 449 450 451 452 453 454 455 456 457 458 459
0 460 461 462 463 464 465 466 467 468 469 470 471 472 473 474 475
 476 477 478 479 480 481 482 483 484 485 486
0 487 488 489 490 491 492 493 494 495 496 497 498 499 500 501 502
 503 504 505 506 507 508 509 510 511 512 513
0 514 515 516 517 518 519 520 521 522 523 524 525 526 527 528 529
 530 531 532 533 534 535 536 537 538 539 540
0 541 542 543 544 545 546 547 548 549 550 551 552 553 554 555 556
 557 558 559 560 561 562 563 564 565 566 567
0 568 569 570 571 572 573 574 575 576 577 578 579 580 581 582 583
 584 585 586 587 588 589 590 591 592 593 594
0 595 596 597 598 599 600 601 602 603 604 605 606 607 608 609 610
 611 612 613 614 615 616 617 618 619 620 621
0 622 623 624 625 626 627 628 629 630 631 632 633 634 635 636 637
 638 639 640 641 642 643 644 645 646 647 648
0 649 650 651 652 653 654 655 656 657 658 659 660 661 662 663 664
 665 666 667 668 669 670 671 672 673 674 675
0 676 677 678 679 680 681 682 683 684 685 686 687 688 689 690 691
 692 693 694 695 696 697 698 699 700 701 702
0 703 704 705 706 707 708 709 710 711 712 713 714 715 716 717 718
 719 720 721 722 723 724 725 726 727 728 729
0 730 731 732 733 734 735 736 737 738 739 740 741 742 743 744 745
 746 747 748 749 750 751 752 753 754 755 756
1 28 55 82 109 136 163 190 217 244 271 298 325 352 379 406 433
 460 487 514 541 568 595 622 649 676 703 730
1 29 56 83 110 137 164 191 218 245 272 299 326 353 380 407 434
 461 488 515 542 569 596 623 650 677 704 731
1 30 57 84 111 138 165 192 219 246 273 300 327 354 381 408 435
 462 489 516 543 570 597 624 651 678 705 732
1 31 58 85 112 139 166 193 220 247 274 301 328 355 382 409 436
 463 490 517 544 571 598 625 652 679 706 733
1 32 59 86 113 140 167 194 221 248 275 302 329 356 383 410 437
 464 491 518 545 572 599 626 653 680 707 734
1 33 60 87 114 141 168 195 222 249 276 303 330 357 384 411 438
 465 492 519 546 573 600 627 654 681 708 735
1 34 61 88 115 142 169 196 223 250 277 304 331 358 385 412 439
 466 493 520 547 574 601 628 655 682 709 736
1 35 62 89 116 143 170 197 224 251 278 305 332 359 386 413 440
 467 494 521 548 575 602 629 656 683 710 737
1 36 63 90 117 144 171 198 225 252 279 306 333 360 387 414 441
 468 495 522 549 576 603 630 657 684 711 738
1 37 64 91 118 145 172 199 226 253 280 307 334 361 388 415 442
 469 496 523 550 577 604 631 658 685 712 739
1 38 65 92 119 146 173 200 227 254 281 308 335 362 389 416 443
 470 497 524 551 578 605 632 659 686 713 740
1 39 66 93 120 147 174 201 228 255 282 309 336 363 390 417 444
 471 498 525 552 579 606 633 660 687 714 741
1 40 67 94 121 148 175 202 229 256 283 310 337 364 391 418 445
 472 499 526 553 580 607 634 661 688 715 742
1 41 68 95 122 149 176 203 230 257 284 311 338 365 392 419 446
 473 500 527 554 581 608 635 662 689 716 743
1 42 69 96 123 150 177 204 231 258 285 312 339 366 393 420 447
 474 501 528 555 582 609 636 663 690 717 744
1 43 70 97 124 151 178 205 232 259 286 313 340 367 394 421 448
 475 502 529 556 583 610 637 664 691 718 745
1 44 71 98 125 152 179 206 233 260 287 314 341 368 395 422 449
 476 503 530 557 584 611 638 665 692 719 746
1 45 72 99 126 153 180 207 234 261 288 315 342 369 396 423 450
 477 504 531 558 585 612 639 666 693 720 747
1 46 73 100 127 154 181 208 235 262 289 316 343 370 397 424 451
 478 505 532 559 586 613 640 667 694 721 748
1 47 74 101 128 155 182 209 236 263 290 317 344 371 398 425 452
 479 506 533 560 587 614 641 668 695 722 749
1 48 75 102 129 156 183 210 237 264 291 318 345 372 399 426 453
 480 507 534 561 588 615 642 669 696 723 750
1 49 76 103 130 157 184 211 238 265 292 319 346 373 400 427 454
 481 508 535 562 589 616 643 670 697 724 751
1 50 77 104 131 158 185 212 239 266 293 320 347 374 401 428 455
 482 509 536 563 590 617 644 671 698 725 752
1 51 78 105 132 159 186 213 240 267 294 321 348 375 402 429 456
 483 510 537 564 591 618 645 672 699 726 753
1 52 79 106 133 160 187 214 241 268 295 322 349 376 403 430 457
 484 511 538 565 592 619 646 673 700 727 754
1 53 80 107 134 161 188 215 242 269 296 323 350 377 404 431 458
 485 512 539 566 593 620 647 674 701 728 755
1 54 81 108 135 162 189 216 243 270 297 324 351 378 405 432 459
 486 513 540 567 594 621 648 675 702 729 756
2 28 64 100 110 146 182 192 228 264 292 301 337 374 383 419 456
 465 501 529 565 574 611 647 656 693 729 738
2 29 65 101 111 147 183 190 226 262 293 302 338 375 384 420 454
 463 499 530 566 575 612 648 657 691 727 736
2 30 66 102 109 145 181 191 227 263 294 303 339 373 382 418 455
 464 500 531 567 576 610 646 655 692 728 737
2 31 67 103 113 149 185 195 231 267 295 304 340 377 386 422 459
 468 504 523 559 568 605 641 650 687 723 732
2 32 68 104 114 150 186 193 229 265 296 305 341 378 387 423 457
 466 502 524 560 569 606 642 651 685 721 730
2 33 69 105 112 148 184 194 230 266 297 306 342 376 385 421 458
 467 503 525 561 570 604 640 649 686 722 731
2 34 70 106 116 152 188 198 234 270 289 298 334 371 380 416 453
 462 498 526 562 571 608 644 653 690 726 735
2 35 71 107 117 153 189 196 232 268 290 299 335 372 381 417 451
 460 496 527 563 572 609 645 654 688 724 733
2 36 72 108 115 151 187 197 233 269 291 300 336 370 379 415 452
 461 497 528 564 573 607 643 652 689 725 734
2 37 73 82 119 155 164 201 237 246 274 310 346 356 392 428 438
 474 510 538 547 583 620 629 665 702 711 747
2 38 74 83 120 156 165 199 235 244 275 311 347 357 393 429 436
 472 508 539 548 584 621 630 666 700 709 745
2 39 75 84 118 154 163 200 236 245 276 312 348 355 391 427 437
 473 509 540 549 585 619 628 664 701 710 746
2 40 76 85 122 158 167 204 240 249 277 313 349 359 395 431 441
 477 513 532 541 577 614 623 659 696 705 741
2 41 77 86 123 159 168 202 238 247 278 314 350 360 396 432 439
 475 511 533 542 578 615 624 660 694 703 739
2 42 78 87 121 157 166 203 239 248 279 315 351 358 394 430 440
 476 512 534 543 579 613 622 658 695 704 740
2 43 79 88 125 161 170 207 243 252 271 307 343 353 389 425 435
 471 507 535 544 580 617 626 662 699 708 744
2 44 80 89 126 162 171 205 241 250 272 308 344 354 390 426 433
 469 505 536 545 581 618 627 663 697 706 742
2 45 81 90 124 160 169 206 242 251 273 309 345 352 388 424 434
 470 506 537 546 582 616 625 661 698 707 743
2 46 55 91 128 137 173 210 219 255 283 319 328 365 401 410 447
 483 492 520 556 592 602 638 674 684 720 756
2 47 56 92 129 138 174 208 217 253 284 320 329 366 402 411 445
 481 490 521 557 593 603 639 675 682 718 754
2 48 57 93 127 136 172 209 218 254 285 321 330 364 400 409 446
 482 491 522 558 594 601 637 673 683 719 755
2 49 58 94 131 140 176 213 222 258 286 322 331 368 404 413 450
 486 495 514 550 586 596 632 668 678 714 750
2 50 59 95 132 141 177 211 220 256 287 323 332 369 405 414 448
 484 493 515 551 587 597 633 669 676 712 748
2 51 60 96 130 139 175 212 221 257 288 324 333 367 403 412 449
 485 494 516 552 588 595 631 667 677 713 749
2 52 61 97 134 143 179 216 225 261 280 316 325 362 398 407 444
 480 489 517 553 589 599 635 671 681 717 753
2 53 62 98 135 144 180 214 223 259 281 317 326 363 399 408 442
 478 487 518 554 590 600 636 672 679 715 751
2 54 63 99 133 142 178 215 224 260 282 318 327 361 397 406 443
 479 488 519 555 591 598 634 670 680 716 752
3 28 73 91 125 143 188 213 231 249 288 306 351 373 391 409 434
 479 497 536 554 572 597 642 660 691 709 754
3 29 74 92 126 144 189 211 229 247 286 304 349 374 392 410 435
 480 498 537 555 573 595 640 658 692 710 755
3 30 75 93 124 142 187 212 230 248 287 305 350 375 393 411 433
 478 496 535 553 571 596 641 659 693 711 756
3 31 76 94 119 137 182 216 234 252 282 300 345 376 394 412 437
 482 500 539 557 575 600 645 663 685 703 748
3 32 77 95 120 138 183 214 232 250 280 298 343 377 395 413 438
 483 501 540 558 576 598 643 661 686 704 749
3 33 78 96 118 136 181 215 233 251 281 299 344 378 396 414 436
 481 499 538 556 574 599 644 662 687 705 750
3 34 79 97 122 140 185 210 228 246 285 303 348 370 388 406 440
 485 503 533 551 569 603 648 666 688 706 751
3 35 80 98 123 141 186 208 226 244 283 301 346 371 389 407 441
 486 504 534 552 570 601 646 664 689 707 752
3 36 81 99 121 139 184 209 227 245 284 302 347 372 390 408 439
 484 502 532 550 568 602 647 665 690 708 753
3 37 55 100 134 152 170 195 240 258 297 315 333 355 400 418 443
 461 506 518 563 581 606 624 669 700 718 736
3 38 56 101 135 153 171 193 238 256 295 313 331 356 401 419 444
 462 507 519 564 582 604 622 667 701 719 737
3 39 57 102 133 151 169 194 239 257 296 314 332 357 402 420 442
 460 505 517 562 580 605 623 668 702 720 738
3 40 58 103 128 146 164 198 243 261 291 309 327 358 403 421 446
 464 509 521 566 584 609 627 672 694 712 730
3 41 59 104 129 147 165 196 241 259 289 307 325 359 404 422 447
 465 510 522 567 585 607 625 670 695 713 731
3 42 60 105 127 145 163 197 242 260 290 308 326 360 405 423 445
 463 508 520 565 583 608 626 671 696 714 732
3 43 61 106 131 149 167 192 237 255 294 312 330 352 397 415 449
 467 512 515 560 578 612 630 675 697 715 733
3 44 62 107 132 150 168 190 235 253 292 310 328 353 398 416 450
 468 513 516 561 579 610 628 673 698 716 734
3 45 63 108 130 148 166 191 236 254 293 311 329 354 399 417 448
 466 511 514 559 577 611 629 674 699 717 735
3 46 64 82 116 161 179 204 222 267 279 324 342 364 382 427 452
 470 488 527 545 590 615 633 651 682 727 745
3 47 65 83 117 162 180 202 220 265 277 322 340 365 383 428 453
 471 489 528 546 591 613 631 649 683 728 746
3 48 66 84 115 160 178 203 221 266 278 323 341 366 384 429 451
 469 487 526 544 589 614 632 650 684 729 747
3 49 67 85 110 155 173 207 225 270 273 318 336 367 385 430 455
 473 491 530 548 593 618 636 654 676 721 739
3 50 68 86 111 156 174 205 223 268 271 316 334 368 386 431 456
 474 492 531 549 594 616 634 652 677 722 740
3 51 69 87 109 154 172 206 224 269 272 317 335 369 387 432 454
 472 490 529 547 592 617 635 653 678 723 741
3 52 70 88 113 158 176 201 219 264 276 321 339 361 379 424 458
 476 494 524 542 587 621 639 657 679 724 742
3 53 71 89 114 159 177 199 217 262 274 319 337 362 380 425 459
 477 495 525 543 588 619 637 655 680 725 743
3 54 72 90 112 157 175 200 218 263 275 320 338 363 381 426 457
 475 493 523 541 586 620 638 656 681 726 744
4 28 58 88 118 148 178 208 238 268 296 317 347 359 380 410 449
 470 500 528 558 579 618 648 669 681 711 732
4 29 59 89 119 149 179 209 239 269 297 318 348 360 381 411 450
 471 501 526 556 577 616 646 667 679 709 730
4 30 60 90 120 150 180 210 240 270 295 316 346 358 379 409 448
 469 499 527 557 578 617 647 668 680 710 731
4 31 61 82 121 151 172 211 241 262 290 320 350 353 383 413 443
 473 503 531 552 582 621 642 672 684 705 735
4 32 62 83 122 152 173 212 242 263 291 321 351 354 384 414 444
 474 504 529 550 580 619 640 670 682 703 733
4 33 63 84 123 153 174 213 243 264 289 319 349 352 382 412 442
 472 502 530 551 581 620 641 671 683 704 734
4 34 55 85 124 145 175 214 235 265 293 323 344 356 386 407 446
 476 497 525 555 585 615 645 675 678 708 738
4 35 56 86 125 146 176 215 236 266 294 324 345 357 387 408 447
 477 498 523 553 583 613 643 673 676 706 736
4 36 57 87 126 147 177 216 237 267 292 322 343 355 385 406 445
 475 496 524 554 584 614 644 674 677 707 737
4 37 67 97 127 157 187 190 220 250 278 299 329 368 389 419 458
 479 509 537 567 588 600 630 651 690 720 741
4 38 68 98 128 158 188 191 221 251 279 300 330 369 390 420 459
 480 510 535 565 586 598 628 649 688 718 739
4 39 69 99 129 159 189 192 222 252 277 298 328 367 388 418 457
 478 508 536 566 587 599 629 650 689 719 740
4 40 70 91 130 160 181 193 223 244 272 302 332 362 392 422 452
 482 512 540 561 591 603 624 654 693 714 744
4 41 71 92 131 161 182 194 224 245 273 303 333 363 393 423 453
 483 513 538 559 589 601 622 652 691 712 742
4 42 72 93 132 162 183 195 225 246 271 301 331 361 391 421 451
 481 511 539 560 590 602 623 653 692 713 743
4 43 64 94 133 154 184 196 217 247 275 305 326 365 395 416 455
 485 506 534 564 594 597 627 657 687 717 747
4 44 65 95 134 155 185 197 218 248 276 306 327 366 396 417 456
 486 507 532 562 592 595 625 655 685 715 745
4 45 66 96 135 156 186 198 219 249 274 304 325 364 394 415 454
 484 505 533 563 593 596 626 656 686 716 746
4 46 76 106 109 139 169 199 229 259 287 308 338 377 398 428 440
 461 491 519 549 570 609 639 660 699 729 750
4 47 77 107 110 140 170 200 230 260 288 309 339 378 399 429 441
 462 492 517 547 568 607 637 658 697 727 748
4 48 78 108 111 141 171 201 231 261 286 307 337 376 397 427 439
 460 490 518 548 569 608 638 659 698 728 749
4 49 79 100 112 142 163 202 232 253 281 311 341 371 401 431 434
 464 494 522 543 573 612 633 663 702 723 753
4 50 80 101 113 143 164 203 233 254 282 312 342 372 402 432 435
 465 495 520 541 571 610 631 661 700 721 751
4 51 81 102 114 144 165 204 234 255 280 310 340 370 400 430 433
 463 493 521 542 572 611 632 662 701 722 752
4 52 73 103 115 136 166 205 226 256 284 314 335 374 404 425 437
 467 488 516 546 576 606 636 666 696 726 756
4 53 74 104 116 137 167 206 227 257 285 315 336 375 405 426 438
 468 489 514 544 574 604 634 664 694 724 754
4 54 75 105 117 138 168 207 228 258 283 313 334 373 403 424 436
 466 487 515 545 575 605 635 665 695 725 755
5 28 67 106 114 153 183 197 227 266 286 316 328 363 402 414 446
 485 488 535 547 577 621 624 663 695 707 746
5 29 68 107 112 151 181 198 228 267 287 317 329 361 400 412 447
 486 489 536 548 578 619 622 661 696 708 747
5 30 69 108 113 152 182 196 226 265 288 318 330 362 401 413 445
 484 487 537 549 579 620 623 662 694 706 745
5 31 70 100 117 147 186 191 230 269 280 319 331 366 405 408 449
 479 491 538 541 580 615 627 666 698 710 740
5 32 71 101 115 145 184 192 231 270 281 320 332 364 403 406 450
 480 492 539 542 581 613 625 664 699 711 741
5 33 72 102 116 146 185 190 229 268 282 321 333 365 404 407 448
 478 490 540 543 582 614 626 665 697 709 739
5 34 64 103 111 150 189 194 233 263 283 322 325 369 399 411 443
 482 494 532 544 583 618 630 660 701 704 743
5 35 65 104 109 148 187 195 234 264 284 323 326 367 397 409 444
 483 495 533 545 584 616 628 658 702 705 744
5 36 66 105 110 149 188 193 232 262 285 324 327 368 398 410 442
 481 493 534 546 585 617 629 659 700 703 742
5 37 76 88 123 162 165 206 236 248 295 298 337 372 384 423 455
 467 497 517 556 586 603 633 672 677 716 755
5 38 77 89 121 160 163 207 237 249 296 299 338 370 382 421 456
 468 498 518 557 587 601 631 670 678 717 756
5 39 78 90 122 161 164 205 235 247 297 300 339 371 383 422 454
 466 496 519 558 588 602 632 671 676 715 754
5 40 79 82 126 156 168 200 239 251 289 301 340 375 387 417 458
 461 500 520 550 589 597 636 675 680 719 749
5 41 80 83 124 154 166 201 240 252 290 302 341 373 385 415 459
 462 501 521 551 590 595 634 673 681 720 750
5 42 81 84 125 155 167 199 238 250 291 303 342 374 386 416 457
 460 499 522 552 591 596 635 674 679 718 748
5 43 73 85 120 159 171 203 242 245 292 304 334 378 381 420 452
 464 503 514 553 592 600 639 669 683 713 752
5 44 74 86 118 157 169 204 243 246 293 305 335 376 379 418 453
 465 504 515 554 593 598 637 667 684 714 753
5 45 75 87 119 158 170 202 241 244 294 306 336 377 380 419 451
 463 502 516 555 594 599 638 668 682 712 751
5 46 58 97 132 144 174 215 218 257 277 307 346 354 393 432 437
 476 506 526 565 568 612 642 654 686 725 737
5 47 59 98 130 142 172 216 219 258 278 308 347 352 391 430 438
 477 507 527 566 569 610 640 652 687 726 738
5 48 60 99 131 143 173 214 217 256 279 309 348 353 392 431 436
 475 505 528 567 570 611 641 653 685 724 736
5 49 61 91 135 138 177 209 221 260 271 310 349 357 396 426 440
 470 509 529 559 571 606 645 657 689 728 731
5 50 62 92 133 136 175 210 222 261 272 311 350 355 394 424 441
 471 510 530 560 572 604 643 655 690 729 732
5 51 63 93 134 137 176 208 220 259 273 312 351 356 395 425 439
 469 508 531 561 573 605 644 656 688 727 730
5 52 55 94 129 141 180 212 224 254 274 313 343 360 390 429 434
 473 512 523 562 574 609 648 651 692 722 734
5 53 56 95 127 139 178 213 225 255 275 314 344 358 388 427 435
 474 513 524 563 575 607 646 649 693 723 735
5 54 57 96 128 140 179 211 223 253 276 315 345 359 389 428 433
 472 511 525 564 576 608 647 650 691 721 733
6 28 76 97 126 138 186 212 233 245 290 311 332 358 397 418 447
 468 507 525 546 594 620 632 653 679 727 739
6 29 77 98 124 136 184 213 234 246 291 312 333 359 398 419 445
 466 505 523 544 592 621 633 654 680 728 740
6 30 78 99 125 137 185 211 232 244 289 310 331 360 399 420 446
 467 506 524 545 593 619 631 652 681 729 741
6 31 79 91 120 141 189 215 227 248 293 314 326 352 400 421 450
 462 510 528 549 588 614 635 656 682 721 742
6 32 80 92 118 139 187 216 228 249 294 315 327 353 401 422 448
 460 508 526 547 586 615 636 657 683 722 743
6 33 81 93 119 140 188 214 226 247 292 313 325 354 402 423 449
 461 509 527 548 587 613 634 655 684 723 744
6 34 73 94 123 144 183 209 230 251 296 308 329 355 403 415 444
 465 513 531 543 591 617 638 650 676 724 745
6 35 74 95 121 142 181 210 231 252 297 309 330 356 404 416 442
 463 511 529 541 589 618 639 651 677 725 746
6 36 75 96 122 143 182 208 229 250 295 307 328 357 405 417 443
 464 512 530 542 590 616 637 649 678 726 747
6 37 58 106 135 147 168 194 242 254 272 320 341 367 379 427 456
 477 489 534 555 576 602 641 662 688 709 748
6 38 59 107 133 145 166 195 243 255 273 321 342 368 380 428 454
 475 487 532 553 574 603 642 663 689 710 749
6 39 60 108 134 146 167 193 241 253 271 319 340 369 381 429 455
 476 488 533 554 575 601 640 661 690 711 750
6 40 61 100 129 150 171 197 236 257 275 323 335 361 382 430 459
 471 492 537 558 570 596 644 665 691 703 751
6 41 62 101 127 148 169 198 237 258 276 324 336 362 383 431 457
 469 490 535 556 568 597 645 666 692 704 752
6 42 63 102 128 149 170 196 235 256 274 322 334 363 384 432 458
 470 491 536 557 569 595 643 664 693 705 753
6 43 55 103 132 153 165 191 239 260 278 317 338 364 385 424 453
 474 495 540 552 573 599 647 659 685 706 754
6 44 56 104 130 151 163 192 240 261 279 318 339 365 386 425 451
 472 493 538 550 571 600 648 660 686 707 755
6 45 57 105 131 152 164 190 238 259 277 316 337 366 387 426 452
 473 494 539 551 572 598 646 658 687 708 756
6 46 67 88 117 156 177 203 224 263 281 302 350 376 388 409 438
 486 498 516 564 585 611 623 671 697 718 730
6 47 68 89 115 154 175 204 225 264 282 303 351 377 389 410 436
 484 496 514 562 583 612 624 672 698 719 731
6 48 69 90 116 155 176 202 223 262 280 301 349 378 390 411 437
 485 497 515 563 584 610 622 670 699 720 732
6 49 70 82 111 159 180 206 218 266 284 305 344 370 391 412 441
 480 501 519 567 579 605 626 674 700 712 733
6 50 71 83 109 157 178 207 219 267 285 306 345 371 392 413 439
 478 499 517 565 577 606 627 675 701 713 734
6 51 72 84 110 158 179 205 217 265 283 304 343 372 393 414 440
 479 500 518 566 578 604 625 673 702 714 735
6 52 64 85 114 162 174 200 221 269 287 299 347 373 394 406 435
 483 504 522 561 582 608 629 668 694 715 736
6 53 65 86 112 160 172 201 222 270 288 300 348 374 395 407 433
 481 502 520 559 580 609 630 669 695 716 737
6 54 66 87 113 161 173 199 220 268 286 298 346 375 396 408 434
 482 503 521 560 581 607 628 667 696 717 738
7 28 61 85 133 157 181 202 226 259 291 324 348 369 393 417 438
 462 495 524 557 581 602 626 650 698 722 755
7 29 62 86 134 158 182 203 227 260 289 322 346 367 391 415 436
 460 493 525 558 582 603 627 651 699 723 756
7 30 63 87 135 159 183 204 228 261 290 323 347 368 392 416 437
 461 494 523 556 580 601 625 649 697 721 754
7 31 55 88 127 160 184 205 229 253 294 318 351 363 396 420 441
 465 489 527 551 584 596 629 653 701 725 749
7 32 56 89 128 161 185 206 230 254 292 316 349 361 394 418 439
 463 487 528 552 585 597 630 654 702 726 750
7 33 57 90 129 162 186 207 231 255 293 317 350 362 395 419 440
 464 488 526 550 583 595 628 652 700 724 748
7 34 58 82 130 154 187 199 232 256 297 321 345 366 390 423 435
 468 492 530 554 578 599 623 656 695 728 752
7 35 59 83 131 155 188 200 233 257 295 319 343 364 388 421 433
 466 490 531 555 579 600 624 657 696 729 753
7 36 60 84 132 156 189 201 234 258 296 320 344 365 389 422 434
 467 491 529 553 577 598 622 655 694 727 751
7 37 70 94 115 139 163 211 235 268 273 306 330 378 402 426 447
 471 504 533 566 590 611 635 659 680 704 737
7 38 71 95 116 140 164 212 236 269 271 304 328 376 400 424 445
 469 502 534 567 591 612 636 660 681 705 738
7 39 72 96 117 141 165 213 237 270 272 305 329 377 401 425 446
 470 503 532 565 589 610 634 658 679 703 736
7 40 64 97 109 142 166 214 238 262 276 300 333 372 405 429 450
 474 498 536 560 593 605 638 662 683 707 731
7 41 65 98 110 143 167 215 239 263 274 298 331 370 403 427 448
 472 496 537 561 594 606 639 663 684 708 732
7 42 66 99 111 144 168 216 240 264 275 299 332 371 404 428 449
 473 497 535 559 592 604 637 661 682 706 730
7 43 67 91 112 136 169 208 241 265 279 303 327 375 399 432 444
 477 501 539 563 587 608 632 665 677 710 734
7 44 68 92 113 137 170 209 242 266 277 301 325 373 397 430 442
 475 499 540 564 588 609 633 666 678 711 735
7 45 69 93 114 138 171 210 243 267 278 302 326 374 398 431 443
 476 500 538 562 586 607 631 664 676 709 733
7 46 79 103 124 148 172 193 217 250 282 315 339 360 384 408 456
 480 513 515 548 572 620 644 668 689 713 746
7 47 80 104 125 149 173 194 218 251 280 313 337 358 382 406 454
 478 511 516 549 573 621 645 669 690 714 747
7 48 81 105 126 150 174 195 219 252 281 314 338 359 383 407 455
 479 512 514 547 571 619 643 667 688 712 745
7 49 73 106 118 151 175 196 220 244 285 309 342 354 387 411 459
 483 507 518 542 575 614 647 671 692 716 740
7 50 74 107 119 152 176 197 221 245 283 307 340 352 385 409 457
 481 505 519 543 576 615 648 672 693 717 741
7 51 75 108 120 153 177 198 222 246 284 308 341 353 386 410 458
 482 506 517 541 574 613 646 670 691 715 739
7 52 76 100 121 145 178 190 223 247 288 312 336 357 381 414 453
 486 510 521 545 569 617 641 674 686 719 743
7 53 77 101 122 146 179 191 224 248 286 310 334 355 379 412 451
 484 508 522 546 570 618 642 675 687 720 744
7 54 78 102 123 147 180 192 225 249 287 311 335 356 380 413 452
 485 509 520 544 568 616 640 673 685 718 742
8 28 70 103 119 161 167 210 225 258 293 299 341 357 390 432 445
 478 493 531 564 570 619 625 658 683 716 749
8 29 71 104 120 162 168 208 223 256 294 300 342 355 388 430 446
 479 494 529 562 568 620 626 659 684 717 750
8 30 72 105 118 160 166 209 224 257 292 298 340 356 389 431 447
 480 495 530 563 569 621 627 660 682 715 748
8 31 64 106 122 155 170 213 219 261 296 302 335 360 393 426 448
 481 487 525 567 573 613 628 661 677 719 752
8 32 65 107 123 156 171 211 217 259 297 303 336 358 391 424 449
 482 488 523 565 571 614 629 662 678 720 753
8 33 66 108 121 154 169 212 218 260 295 301 334 359 392 425 450
 483 489 524 566 572 615 630 663 676 718 751
8 34 67 100 125 158 164 216 222 255 290 305 338 354 396 429 442
 484 490 528 561 576 616 622 664 680 713 755
8 35 68 101 126 159 165 214 220 253 291 306 339 352 394 427 443
 485 491 526 559 574 617 623 665 681 714 756
8 36 69 102 124 157 163 215 221 254 289 304 337 353 395 428 444
 486 492 527 560 575 618 624 666 679 712 754
8 37 79 85 128 143 176 192 234 267 275 308 350 366 399 414 454
 460 502 540 546 579 601 634 667 692 725 731
8 38 80 86 129 144 177 190 232 265 276 309 351 364 397 412 455
 461 503 538 544 577 602 635 668 693 726 732
8 39 81 87 127 142 175 191 233 266 274 307 349 365 398 413 456
 462 504 539 545 578 603 636 669 691 724 730
8 40 73 88 131 137 179 195 228 270 278 311 344 369 402 408 457
 463 496 534 549 582 595 637 670 686 728 734
8 41 74 89 132 138 180 193 226 268 279 312 345 367 400 406 458
 464 497 532 547 580 596 638 671 687 729 735
8 42 75 90 130 136 178 194 227 269 277 310 343 368 401 407 459
 465 498 533 548 581 597 639 672 685 727 733
8 43 76 82 134 140 173 198 231 264 272 314 347 363 405 411 451
 466 499 537 543 585 598 631 673 689 722 737
8 44 77 83 135 141 174 196 229 262 273 315 348 361 403 409 452
 467 500 535 541 583 599 632 674 690 723 738
8 45 78 84 133 139 172 197 230 263 271 313 346 362 404 410 453
 468 501 536 542 584 600 633 675 688 721 736
8 46 61 94 110 152 185 201 243 249 284 317 332 375 381 423 436
 469 511 522 555 588 610 643 649 701 707 740
8 47 62 95 111 153 186 199 241 247 285 318 333 373 379 421 437
 470 512 520 553 586 611 644 650 702 708 741
8 48 63 96 109 151 184 200 242 248 283 316 331 374 380 422 438
 471 513 521 554 587 612 645 651 700 706 739
8 49 55 97 113 146 188 204 237 252 287 320 326 378 384 417 439
 472 505 516 558 591 604 646 652 695 710 743
8 50 56 98 114 147 189 202 235 250 288 321 327 376 382 415 440
 473 506 514 556 589 605 647 653 696 711 744
8 51 57 99 112 145 187 203 236 251 286 319 325 377 383 416 441
 474 507 515 557 590 606 648 654 694 709 742
8 52 58 91 116 149 182 207 240 246 281 323 329 372 387 420 433
 475 508 519 552 594 607 640 655 698 704 746
8 53 59 92 117 150 183 205 238 244 282 324 330 370 385 418 434
 476 509 517 550 592 608 641 656 699 705 747
8 54 60 93 115 148 181 206 239 245 280 322 328 371 386 419 435
 477 510 518 551 593 609 642 657 697 703 745
9 28 79 94 135 150 165 203 218 269 294 309 333 362 386 428 439
 481 496 530 545 587 598 640 664 696 720 735
9 29 80 95 133 148 163 204 219 270 292 307 331 363 387 429 440
 482 497 531 546 588 599 641 665 694 718 733
9 30 81 96 134 149 164 202 217 268 293 308 332 361 385 427 441
 483 498 529 544 586 600 642 666 695 719 734
9 31 73 97 129 153 168 206 221 263 297 312 327 365 380 431 433
 484 499 524 548 590 601 643 658 699 714 738
9 32 74 98 127 151 166 207 222 264 295 310 325 366 381 432 434
 485 500 525 549 591 602 644 659 697 712 736
9 33 75 99 128 152 167 205 220 262 296 311 326 364 379 430 435
 486 501 523 547 589 603 645 660 698 713 737
9 34 76 91 132 147 171 200 224 266 291 315 330 368 383 425 436
 478 502 527 542 593 595 646 661 702 717 732
9 35 77 92 130 145 169 201 225 267 289 313 328 369 384 426 437
 479 503 528 543 594 596 647 662 700 715 730
9 36 78 93 131 146 170 199 223 265 290 314 329 367 382 424 438
 480 504 526 541 592 597 648 663 701 716 731
9 37 61 103 117 159 174 212 227 251 276 318 342 371 395 410 448
 463 505 539 554 569 607 622 673 678 729 744
9 38 62 104 115 157 172 213 228 252 274 316 340 372 396 411 449
 464 506 540 555 570 608 623 674 676 727 742
9 39 63 105 116 158 173 211 226 250 275 317 341 370 394 409 450
 465 507 538 553 568 609 624 675 677 728 743
9 40 55 106 111 162 177 215 230 245 279 321 336 374 389 413 442
 466 508 533 557 572 610 625 667 681 723 747
9 41 56 107 109 160 175 216 231 246 277 319 334 375 390 414 443
 467 509 534 558 573 611 626 668 679 721 745
9 42 57 108 110 161 176 214 229 244 278 320 335 373 388 412 444
 468 510 532 556 571 612 627 669 680 722 746
9 43 58 100 114 156 180 209 233 248 273 324 339 377 392 407 445
 460 511 536 551 575 604 628 670 684 726 741
9 44 59 101 112 154 178 210 234 249 271 322 337 378 393 408 446
 461 512 537 552 576 605 629 671 682 724 739
9 45 60 102 113 155 179 208 232 247 272 323 338 376 391 406 447
 462 513 535 550 574 606 630 672 683 725 740
9 46 70 85 126 141 183 194 236 260 285 300 351 353 404 419 457
 472 487 521 563 578 616 631 655 687 711 753
9 47 71 86 124 139 181 195 237 261 283 298 349 354 405 420 458
 473 488 522 564 579 617 632 656 685 709 751
9 48 72 87 125 140 182 193 235 259 284 299 350 352 403 418 459
 474 489 520 562 577 618 633 657 686 710 752
9 49 64 88 120 144 186 197 239 254 288 303 345 356 398 422 451
 475 490 515 566 581 619 634 649 690 705 756
9 50 65 89 118 142 184 198 240 255 286 301 343 357 399 423 452
 476 491 516 567 582 620 635 650 688 703 754
9 51 66 90 119 143 185 196 238 253 287 302 344 355 397 421 453
 477 492 514 565 580 621 636 651 689 704 755
9 52 67 82 123 138 189 191 242 257 282 306 348 359 401 416 454
 469 493 518 560 584 613 637 652 693 708 750
9 53 68 83 121 136 187 192 243 258 280 304 346 360 402 417 455
 470 494 519 561 585 614 638 653 691 706 748
9 54 69 84 122 137 188 190 241 256 281 305 347 358 400 415 456
 471 495 517 559 583 615 639 654 692 707 749
10 28 56 84 112 140 168 196 224 252 280 308 336 364 392 420 448
 476 504 532 560 588 616 644 672 700 728 756
10 29 57 82 113 141 166 197 225 250 281 309 334 365 393 418 449
 477 502 533 561 586 617 645 670 701 729 754
10 30 55 83 114 139 167 198 223 251 282 307 335 366 391 419 450
 475 503 534 559 587 618 643 671 702 727 755
10 31 59 87 115 143 171 190 218 246 283 311 339 367 395 423 442
 470 498 535 563 591 619 647 675 694 722 750
10 32 60 85 116 144 169 191 219 244 284 312 337 368 396 421 443
 471 496 536 564 589 620 648 673 695 723 748
10 33 58 86 117 142 170 192 217 245 285 310 338 369 394 422 444
 469 497 537 562 590 621 646 674 696 721 749
10 34 62 90 109 137 165 193 221 249 286 314 342 361 389 417 445
 473 501 538 566 594 613 641 669 697 725 753
10 35 63 88 110 138 163 194 222 247 287 315 340 362 390 415 446
 474 499 539 567 592 614 642 667 698 726 751
10 36 61 89 111 136 164 195 220 248 288 313 341 363 388 416 447
 472 500 540 565 593 615 640 668 699 724 752
10 37 65 93 121 149 177 205 233 261 289 317 345 373 401 429 457
 485 513 514 542 570 598 626 654 682 710 738
10 38 66 91 122 150 175 206 234 259 290 318 343 374 402 427 458
 486 511 515 543 568 599 627 652 683 711 736
10 39 64 92 123 148 176 207 232 260 291 316 344 375 400 428 459
 484 512 516 541 569 600 625 653 684 709 737
10 40 68 96 124 152 180 199 227 255 292 320 348 376 404 432 451
 479 507 517 545 573 601 629 657 676 704 732
10 41 69 94 125 153 178 200 228 253 293 321 346 377 405 430 452
 480 505 518 546 571 602 630 655 677 705 730
10 42 67 95 126 151 179 201 226 254 294 319 347 378 403 431 453
 478 506 519 544 572 603 628 656 678 703 731
10 43 71 99 118 146 174 202 230 258 295 323 351 370 398 426 454
 482 510 520 548 576 595 623 651 679 707 735
10 44 72 97 119 147 172 203 231 256 296 324 349 371 399 424 455
 483 508 521 549 574 596 624 649 680 708 733
10 45 70 98 120 145 173 204 229 257 297 322 350 372 397 425 456
 481 509 522 547 575 597 622 650 681 706 734
10 46 74 102 130 158 186 214 242 270 271 299 327 355 383 411 439
 467 495 523 551 579 607 635 663 691 719 747
10 47 75 100 131 159 184 215 243 268 272 300 325 356 384 409 440
 468 493 524 552 577 608 636 661 692 720 745
10 48 73 101 132 157 185 216 241 269 273 298 326 357 382 410 441
 466 494 525 550 578 609 634 662 693 718 746
10 49 77 105 133 161 189 208 236 264 274 302 330 358 386 414 433
 461 489 526 554 582 610 638 666 685 713 741
10 50 78 103 134 162 187 209 237 262 275 303 328 359 387 412 434
 462 487 527 555 580 611 639 664 686 714 739
10 51 76 104 135 160 188 210 235 263 276 301 329 360 385 413 435
 460 488 528 553 581 612 637 665 687 712 740
10 52 80 108 127 155 183 211 239 267 277 305 333 352 380 408 436
 464 492 529 557 585 604 632 660 688 716 744
10 53 81 106 128 156 181 212 240 265 278 306 331 353 381 406 437
 465 490 530 558 583 605 633 658 689 717 742
10 54 79 107 129 154 182 213 238 266 279 304 332 354 379 407 438
 463 491 531 556 584 606 631 659 690 715 743
11 28 65 102 122 159 166 216 223 260 283 320 330 377 387 421 435
 469 506 538 548 585 596 633 667 690 724 734
11 29 66 100 123 157 167 214 224 261 284 321 328 378 385 422 433
 470 507 539 549 583 597 631 668 688 725 735
11 30 64 101 121 158 168 215 225 259 285 319 329 376 386 423 434
 471 505 540 547 584 595 632 669 689 726 733
11 31 68 105 125 162 169 210 217 254 286 323 333 371 381 415 438
 472 509 532 542 579 599 636 670 693 727 737
11 32 69 103 126 160 170 208 218 255 287 324 331 372 379 416 436
 473 510 533 543 577 600 634 671 691 728 738
11 33 67 104 124 161 171 209 219 253 288 322 332 370 380 417 437
 474 508 534 541 578 598 635 672 692 729 736
11 34 71 108 119 156 163 213 220 257 280 317 327 374 384 418 441
 475 512 535 545 582 602 639 673 687 721 731
11 35 72 106 120 154 164 211 221 258 281 318 325 375 382 419 439
 476 513 536 546 580 603 637 674 685 722 732
11 36 70 107 118 155 165 212 222 256 282 316 326 373 383 420 440
 477 511 537 544 581 601 638 675 686 723 730
11 37 74 84 131 141 175 198 232 269 292 302 339 359 396 430 444
 478 488 520 557 594 605 642 649 699 706 743
11 38 75 82 132 139 176 196 233 270 293 303 337 360 394 431 442
 479 489 521 558 592 606 640 650 697 707 744
11 39 73 83 130 140 177 197 234 268 294 301 338 358 395 432 443
 480 487 522 556 593 604 641 651 698 708 742
11 40 77 87 134 144 178 192 226 263 295 305 342 353 390 424 447
 481 491 514 551 588 608 645 652 702 709 746
11 41 78 85 135 142 179 190 227 264 296 306 340 354 388 425 445
 482 492 515 552 586 609 643 653 700 710 747
11 42 76 86 133 143 180 191 228 262 297 304 341 352 389 426 446
 483 490 516 550 587 607 644 654 701 711 745
11 43 80 90 128 138 172 195 229 266 289 299 336 356 393 427 450
 484 494 517 554 591 611 648 655 696 703 740
11 44 81 88 129 136 173 193 230 267 290 300 334 357 391 428 448
 485 495 518 555 589 612 646 656 694 704 741
11 45 79 89 127 137 174 194 231 265 291 298 335 355 392 429 449
 486 493 519 553 590 610 647 657 695 705 739
11 46 56 93 113 150 184 207 241 251 274 311 348 368 405 412 453
 460 497 529 566 576 614 624 658 681 715 752
11 47 57 91 114 148 185 205 242 252 275 312 346 369 403 413 451
 461 498 530 567 574 615 622 659 679 716 753
11 48 55 92 112 149 186 206 243 250 276 310 347 367 404 414 452
 462 496 531 565 575 613 623 660 680 717 751
11 49 59 96 116 153 187 201 235 245 277 314 351 362 399 406 456
 463 500 523 560 570 617 627 661 684 718 755
11 50 60 94 117 151 188 199 236 246 278 315 349 363 397 407 454
 464 501 524 561 568 618 625 662 682 719 756
11 51 58 95 115 152 189 200 237 244 279 313 350 361 398 408 455
 465 499 525 559 569 616 626 663 683 720 754
11 52 62 99 110 147 181 204 238 248 271 308 345 365 402 409 459
 466 503 526 563 573 620 630 664 678 712 749
11 53 63 97 111 145 182 202 239 249 272 309 343 366 400 410 457
 467 504 527 564 571 621 628 665 676 713 750
11 54 61 98 109 146 183 203 240 247 273 307 344 364 401 411 458
 468 502 528 562 572 619 629 666 677 714 748
12 28 74 93 111 154 173 191 237 253 277 323 342 360 403 422 440
 486 502 517 563 582 600 643 662 680 726 742
12 29 75 91 109 155 174 192 235 254 278 324 340 358 404 423 441
 484 503 518 564 580 598 644 663 681 724 743
12 30 73 92 110 156 172 190 236 255 279 322 341 359 405 421 439
 485 504 519 562 581 599 645 661 679 725 744
12 31 77 96 114 157 176 194 240 256 271 317 336 354 397 416 434
 480 496 520 566 585 603 646 665 683 729 745
12 32 78 94 112 158 177 195 238 257 272 318 334 352 398 417 435
 478 497 521 567 583 601 647 666 684 727 746
12 33 76 95 113 159 175 193 239 258 273 316 335 353 399 415 433
 479 498 522 565 584 602 648 664 682 728 747
12 34 80 99 117 160 179 197 243 259 274 320 339 357 400 419 437
 483 499 514 560 579 597 640 659 677 723 739
12 35 81 97 115 161 180 198 241 260 275 321 337 355 401 420 438
 481 500 515 561 577 595 641 660 678 721 740
12 36 79 98 116 162 178 196 242 261 276 319 338 356 402 418 436
 482 501 516 559 578 596 642 658 676 722 741
12 37 56 102 120 136 182 200 219 262 286 305 351 369 385 431 449
 468 511 526 545 591 609 625 671 689 708 751
12 38 57 100 118 137 183 201 217 263 287 306 349 367 386 432 450
 466 512 527 546 589 607 626 672 690 706 752
12 39 55 101 119 138 181 199 218 264 288 304 350 368 387 430 448
 467 513 528 544 590 608 627 670 688 707 753
12 40 59 105 123 139 185 203 222 265 280 299 345 363 379 425 443
 462 505 529 548 594 612 628 674 692 711 754
12 41 60 103 121 140 186 204 220 266 281 300 343 361 380 426 444
 460 506 530 549 592 610 629 675 693 709 755
12 42 58 104 122 141 184 202 221 267 282 298 344 362 381 424 442
 461 507 531 547 593 611 630 673 691 710 756
12 43 62 108 126 142 188 206 225 268 283 302 348 366 382 428 446
 465 508 523 542 588 606 622 668 686 705 748
12 44 63 106 124 143 189 207 223 269 284 303 346 364 383 429 447
 463 509 524 543 586 604 623 669 687 703 749
12 45 61 107 125 144 187 205 224 270 285 301 347 365 384 427 445
 464 510 525 541 587 605 624 667 685 704 750
12 46 65 84 129 145 164 209 228 244 295 314 333 378 394 413 458
 477 493 535 554 573 618 634 653 698 717 733
12 47 66 82 127 146 165 210 226 245 296 315 331 376 395 414 459
 475 494 536 555 571 616 635 654 699 715 734
12 48 64 83 128 147 163 208 227 246 297 313 332 377 396 412 457
 476 495 537 553 572 617 636 652 697 716 735
12 49 68 87 132 148 167 212 231 247 289 308 327 372 388 407 452
 471 487 538 557 576 621 637 656 701 720 736
12 50 69 85 130 149 168 213 229 248 290 309 325 370 389 408 453
 469 488 539 558 574 619 638 657 702 718 737
12 51 67 86 131 150 166 211 230 249 291 307 326 371 390 406 451
 470 489 540 556 575 620 639 655 700 719 738
12 52 71 90 135 151 170 215 234 250 292 311 330 375 391 410 455
 474 490 532 551 570 615 631 650 695 714 730
12 53 72 88 133 152 171 216 232 251 293 312 328 373 392 411 456
 472 491 533 552 568 613 632 651 696 712 731
12 54 70 89 134 153 169 214 233 252 294 310 329 374 393 409 454
 473 492 534 550 569 614 633 649 694 713 732
13 28 59 90 121 152 174 214 236 267 272 303 331 365 396 415 458
 480 508 516 544 575 609 637 659 702 721 752
13 29 60 88 122 153 172 215 237 265 273 301 332 366 394 416 459
 478 509 514 545 576 607 638 660 700 722 753
13 30 58 89 123 151 173 216 235 266 271 302 333 364 395 417 457
 479 510 515 546 574 608 639 658 701 723 751
13 31 62 84 124 146 177 208 239 270 275 306 325 368 390 418 452
 483 511 519 547 569 612 631 662 696 724 755
13 32 63 82 125 147 175 209 240 268 276 304 326 369 388 419 453
 481 512 517 548 570 610 632 663 694 725 756
13 33 61 83 126 145 176 210 238 269 274 305 327 367 389 420 451
 482 513 518 549 568 611 633 661 695 726 754
13 34 56 87 118 149 180 211 242 264 278 300 328 362 393 421 455
 486 505 522 541 572 606 634 665 699 727 749
13 35 57 85 119 150 178 212 243 262 279 298 329 363 391 422 456
 484 506 520 542 573 604 635 666 697 728 750
13 36 55 86 120 148 179 213 241 263 277 299 330 361 392 423 454
 485 507 521 543 571 605 636 664 698 729 748
13 37 68 99 130 161 183 196 218 249 281 312 340 374 405 424 440
 462 490 525 553 584 618 646 668 684 703 734
13 38 69 97 131 162 181 197 219 247 282 310 341 375 403 425 441
 460 491 523 554 585 616 647 669 682 704 735
13 39 67 98 132 160 182 198 217 248 280 311 342 373 404 426 439
 461 492 524 555 583 617 648 667 683 705 733
13 40 71 93 133 155 186 190 221 252 284 315 334 377 399 427 434
 465 493 528 556 578 621 640 671 678 706 737
13 41 72 91 134 156 184 191 222 250 285 313 335 378 397 428 435
 463 494 526 557 579 619 641 672 676 707 738
13 42 70 92 135 154 185 192 220 251 283 314 336 376 398 429 433
 464 495 527 558 577 620 642 670 677 708 736
13 43 65 96 127 158 189 193 224 246 287 309 337 371 402 430 437
 468 487 531 550 581 615 643 674 681 709 731
13 44 66 94 128 159 187 194 225 244 288 307 338 372 400 431 438
 466 488 529 551 582 613 644 675 679 710 732
13 45 64 95 129 157 188 195 223 245 286 308 339 370 401 432 436
 467 489 530 552 580 614 645 673 680 711 730
13 46 77 108 112 143 165 205 227 258 290 321 349 356 387 406 449
 471 499 534 562 593 600 628 650 693 712 743
13 47 78 106 113 144 163 206 228 256 291 319 350 357 385 407 450
 469 500 532 563 594 598 629 651 691 713 744
13 48 76 107 114 142 164 207 226 257 289 320 351 355 386 408 448
 470 501 533 564 592 599 630 649 692 714 742
13 49 80 102 115 137 168 199 230 261 293 324 343 359 381 409 443
 474 502 537 565 587 603 622 653 687 715 746
13 50 81 100 116 138 166 200 231 259 294 322 344 360 379 410 444
 472 503 535 566 588 601 623 654 685 716 747
13 51 79 101 117 136 167 201 229 260 292 323 345 358 380 411 442
 473 504 536 567 586 602 624 652 686 717 745
13 52 74 105 109 140 171 202 233 255 296 318 346 353 384 412 446
 477 496 540 559 590 597 625 656 690 718 740
13 53 75 103 110 141 169 203 234 253 297 316 347 354 382 413 447
 475 497 538 560 591 595 626 657 688 719 741
13 54 73 104 111 139 170 204 232 254 295 317 348 352 383 414 445
 476 498 539 561 589 596 627 655 689 720 739
14 28 68 108 123 160 164 215 219 256 275 315 343 367 398 411 453
 463 503 522 550 590 605 645 655 697 710 741
14 29 69 106 121 161 165 216 217 257 276 313 344 368 399 409 451
 464 504 520 551 591 606 643 656 698 711 739
14 30 67 107 122 162 163 214 218 258 274 314 345 369 397 410 452
 465 502 521 552 589 604 644 657 699 709 740
14 31 71 102 126 154 167 209 222 259 278 309 346 361 401 414 456
 466 497 516 553 593 608 648 649 700 704 744
14 32 72 100 124 155 168 210 220 260 279 307 347 362 402 412 454
 467 498 514 554 594 609 646 650 701 705 742
14 33 70 101 125 156 166 208 221 261 277 308 348 363 400 413 455
 468 496 515 555 592 607 647 651 702 703 743
14 34 65 105 120 157 170 212 225 253 272 312 349 364 404 408 459
 460 500 519 556 587 611 642 652 694 707 747
14 35 66 103 118 158 171 213 223 254 273 310 350 365 405 406 457
 461 501 517 557 588 612 640 653 695 708 745
14 36 64 104 119 159 169 211 224 255 271 311 351 366 403 407 458
 462 499 518 558 586 610 641 654 696 706 746
14 37 77 90 132 142 173 197 228 265 284 324 325 376 380 420 435
 472 512 531 559 572 614 627 664 679 719 750
14 38 78 88 130 143 174 198 226 266 285 322 326 377 381 418 433
 473 513 529 560 573 615 625 665 680 720 748
14 39 76 89 131 144 172 196 227 267 283 323 327 378 379 419 434
 474 511 530 561 571 613 626 666 681 718 749
14 40 80 84 135 136 176 191 231 268 287 318 328 370 383 423 438
 475 506 525 562 575 617 630 658 682 713 753
14 41 81 82 133 137 177 192 229 269 288 316 329 371 384 421 436
 476 507 523 563 576 618 628 659 683 714 751
14 42 79 83 134 138 175 190 230 270 286 317 330 372 382 422 437
 477 505 524 564 574 616 629 660 684 712 752
14 43 74 87 129 139 179 194 234 262 281 321 331 373 386 417 441
 469 509 528 565 569 620 624 661 676 716 756
14 44 75 85 127 140 180 195 232 263 282 319 332 374 387 415 439
 470 510 526 566 570 621 622 662 677 717 754
14 45 73 86 128 141 178 193 233 264 280 320 333 375 385 416 440
 471 508 527 567 568 619 623 663 678 715 755
14 46 59 99 114 151 182 206 237 247 293 306 334 358 389 429 444
 481 494 540 541 581 596 636 673 688 728 732
14 47 60 97 112 152 183 207 235 248 294 304 335 359 390 427 442
 482 495 538 542 582 597 634 674 689 729 730
14 48 58 98 113 153 181 205 236 249 292 305 336 360 388 428 443
 483 493 539 543 580 595 635 675 690 727 731
14 49 62 93 117 145 185 200 240 250 296 300 337 352 392 432 447
 484 488 534 544 584 599 639 667 691 722 735
14 50 63 91 115 146 186 201 238 251 297 298 338 353 393 430 445
 485 489 532 545 585 600 637 668 692 723 733
14 51 61 92 116 147 184 199 239 252 295 299 339 354 391 431 446
 486 487 533 546 583 598 638 669 693 721 734
14 52 56 96 111 148 188 203 243 244 290 303 340 355 395 426 450
 478 491 537 547 578 602 633 670 685 725 738
14 53 57 94 109 149 189 204 241 245 291 301 341 356 396 424 448
 479 492 535 548 579 603 631 671 686 726 736
14 54 55 95 110 150 187 202 242 246 289 302 342 357 394 425 449
 480 490 536 549 577 601 632 672 687 724 737
15 28 77 99 116 156 175 195 241 254 287 300 346 366 385 425 442
 464 513 537 556 569 613 635 657 701 714 733
15 29 78 97 117 154 176 193 242 255 288 298 347 364 386 426 443
 465 511 535 557 570 614 636 655 702 712 734
15 30 76 98 115 155 177 194 243 253 286 299 348 365 387 424 444
 463 512 536 558 568 615 634 656 700 713 735
15 31 80 93 110 159 178 198 235 257 281 303 349 369 379 428 445
 467 507 540 550 572 616 638 651 695 717 736
15 32 81 91 111 157 179 196 236 258 282 301 350 367 380 429 446
 468 505 538 551 573 617 639 649 696 715 737
15 33 79 92 109 158 180 197 237 256 280 302 351 368 381 427 447
 466 506 539 552 571 618 637 650 694 716 738
15 34 74 96 113 162 172 192 238 260 284 306 343 363 382 431 448
 461 510 534 553 575 619 632 654 698 720 730
15 35 75 94 114 160 173 190 239 261 285 304 344 361 383 432 449
 462 508 532 554 576 620 633 652 699 718 731
15 36 73 95 112 161 174 191 240 259 283 305 345 362 384 430 450
 460 509 533 555 574 621 631 653 697 719 732
15 37 59 108 125 138 184 204 223 263 296 309 328 375 394 407 451
 473 495 519 565 578 595 644 666 683 723 742
15 38 60 106 126 136 185 202 224 264 297 307 329 373 395 408 452
 474 493 517 566 579 596 645 664 684 721 743
15 39 58 107 124 137 186 203 225 262 295 308 330 374 396 406 453
 472 494 518 567 577 597 643 665 682 722 744
15 40 62 102 119 141 187 207 217 266 290 312 331 378 388 410 454
 476 489 522 559 581 598 647 660 677 726 745
15 41 63 100 120 139 188 205 218 267 291 310 332 376 389 411 455
 477 487 520 560 582 599 648 658 678 724 746
15 42 61 101 118 140 189 206 219 265 289 311 333 377 390 409 456
 475 488 521 561 580 600 646 659 676 725 747
15 43 56 105 122 144 181 201 220 269 293 315 325 372 391 413 457
 470 492 516 562 584 601 641 663 680 729 739
15 44 57 103 123 142 182 199 221 270 294 313 326 370 392 414 458
 471 490 514 563 585 602 642 661 681 727 740
15 45 55 104 121 143 183 200 222 268 292 314 327 371 393 412 459
 469 491 515 564 583 603 640 662 679 728 741
15 46 68 90 134 147 166 213 232 245 278 318 337 357 403 416 433
 482 504 528 547 587 604 626 675 692 705 751
15 47 69 88 135 145 167 211 233 246 279 316 338 355 404 417 434
 483 502 526 548 588 605 627 673 693 703 752
15 48 67 89 133 146 168 212 234 244 277 317 339 356 405 415 435
 481 503 527 549 586 606 625 674 691 704 753
15 49 71 84 128 150 169 216 226 248 272 321 340 360 397 419 436
 485 498 531 541 590 607 629 669 686 708 754
15 50 72 82 129 148 170 214 227 249 273 319 341 358 398 420 437
 486 496 529 542 591 608 630 667 687 706 755
15 51 70 83 127 149 171 215 228 247 271 320 342 359 399 418 438
 484 497 530 543 589 609 628 668 685 707 756
15 52 65 87 131 153 163 210 229 251 275 324 334 354 400 422 439
 479 501 525 544 593 610 623 672 689 711 748
15 53 66 85 132 151 164 208 230 252 276 322 335 352 401 423 440
 480 499 523 545 594 611 624 670 690 709 749
15 54 64 86 130 152 165 209 231 250 274 323 336 353 402 421 441
 478 500 524 546 592 612 622 671 688 710 750
16 28 62 87 128 162 184 201 232 257 273 304 329 370 404 429 443
 477 499 515 549 571 615 646 671 685 719 744
16 29 63 85 129 160 185 199 233 258 271 305 330 371 405 427 444
 475 500 516 547 572 613 647 672 686 720 742
16 30 61 86 127 161 186 200 234 256 272 306 328 372 403 428 442
 476 501 514 548 573 614 648 670 687 718 743
16 31 56 90 131 156 187 204 226 260 276 298 332 373 398 432 446
 471 502 518 543 574 618 640 674 688 713 747
16 32 57 88 132 154 188 202 227 261 274 299 333 374 399 430 447
 469 503 519 541 575 616 641 675 689 714 745
16 33 55 89 130 155 189 203 228 259 275 300 331 375 397 431 445
 470 504 517 542 576 617 642 673 690 712 746
16 34 59 84 134 159 181 207 229 254 279 301 326 376 401 426 449
 474 496 521 546 568 621 643 668 691 716 741
16 35 60 82 135 157 182 205 230 255 277 302 327 377 402 424 450
 472 497 522 544 569 619 644 669 692 717 739
16 36 58 83 133 158 183 206 231 253 278 303 325 378 400 425 448
 473 498 520 545 570 620 645 667 693 715 740
16 37 71 96 110 144 166 210 241 266 282 313 338 352 386 411 452
 486 508 524 558 580 597 628 653 694 728 753
16 38 72 94 111 142 167 208 242 267 280 314 339 353 387 409 453
 484 509 525 556 581 595 629 654 695 729 751
16 39 70 95 109 143 168 209 243 265 281 315 337 354 385 410 451
 485 510 523 557 582 596 630 652 696 727 752
16 40 65 99 113 138 169 213 235 269 285 307 341 355 380 414 455
 480 511 527 552 583 600 622 656 697 722 756
16 41 66 97 114 136 170 211 236 270 283 308 342 356 381 412 456
 478 512 528 550 584 598 623 657 698 723 754
16 42 64 98 112 137 171 212 237 268 284 309 340 357 379 413 454
 479 513 526 551 585 599 624 655 699 721 755
16 43 68 93 116 141 163 216 238 263 288 310 335 358 383 408 458
 483 505 530 555 577 603 625 650 700 725 750
16 44 69 91 117 139 164 214 239 264 286 311 336 359 384 406 459
 481 506 531 553 578 601 626 651 701 726 748
16 45 67 92 115 140 165 215 240 262 287 312 334 360 382 407 457
 482 507 529 554 579 602 627 649 702 724 749
16 46 80 105 119 153 175 192 223 248 291 322 347 361 395 420 434
 468 490 533 567 589 606 637 662 676 710 735
16 47 81 103 120 151 176 190 224 249 289 323 348 362 396 418 435
 466 491 534 565 590 604 638 663 677 711 733
16 48 79 104 118 152 177 191 225 247 290 324 346 363 394 419 433
 467 492 532 566 591 605 639 661 678 709 734
16 49 74 108 122 147 178 195 217 251 294 316 350 364 389 423 437
 462 493 536 561 592 609 631 665 679 704 738
16 50 75 106 123 145 179 193 218 252 292 317 351 365 390 421 438
 460 494 537 559 593 607 632 666 680 705 736
16 51 73 107 121 146 180 194 219 250 293 318 349 366 388 422 436
 461 495 535 560 594 608 633 664 681 703 737
16 52 77 102 125 150 172 198 220 245 297 319 344 367 392 417 440
 465 487 539 564 586 612 634 659 682 707 732
16 53 78 100 126 148 173 196 221 246 295 320 345 368 393 415 441
 463 488 540 562 587 610 635 660 683 708 730
16 54 76 101 124 149 174 197 222 244 296 321 343 369 391 416 439
 464 489 538 563 588 611 636 658 684 706 731
17 28 71 105 130 137 180 205 239 246 276 307 350 378 382 416 444
 484 491 521 555 586 614 630 661 689 723 736
17 29 72 103 131 138 178 206 240 244 274 308 351 376 383 417 442
 485 492 522 553 587 615 628 662 690 721 737
17 30 70 104 132 136 179 207 238 245 275 309 349 377 384 415 443
 486 490 520 554 588 613 629 663 688 722 738
17 31 65 108 133 140 174 199 242 249 279 310 344 372 385 419 447
 478 494 515 558 589 617 624 664 692 726 730
17 32 66 106 134 141 172 200 243 247 277 311 345 370 386 420 445
 479 495 516 556 590 618 622 665 693 724 731
17 33 64 107 135 139 173 201 241 248 278 312 343 371 387 418 446
 480 493 514 557 591 616 623 666 691 725 732
17 34 68 102 127 143 177 202 236 252 273 313 347 375 379 422 450
 481 488 518 552 592 620 627 658 686 729 733
17 35 69 100 128 144 175 203 237 250 271 314 348 373 380 423 448
 482 489 519 550 593 621 625 659 687 727 734
17 36 67 101 129 142 176 204 235 251 272 315 346 374 381 421 449
 483 487 517 551 594 619 626 660 685 728 735
17 37 80 87 112 146 189 214 221 255 285 316 332 360 391 425 453
 466 500 530 564 568 596 639 670 698 705 745
17 38 81 85 113 147 187 215 222 253 283 317 333 358 392 426 451
 467 501 531 562 569 597 637 671 699 703 746
17 39 79 86 114 145 188 216 220 254 284 318 331 359 393 424 452
 468 499 529 563 570 595 638 672 697 704 747
17 40 74 90 115 149 183 208 224 258 288 319 326 354 394 428 456
 460 503 524 567 571 599 633 673 701 708 739
17 41 75 88 116 150 181 209 225 256 286 320 327 352 395 429 454
 461 504 525 565 572 600 631 674 702 706 740
17 42 73 89 117 148 182 210 223 257 287 321 325 353 396 427 455
 462 502 523 566 573 598 632 675 700 707 741
17 43 77 84 109 152 186 211 218 261 282 322 329 357 388 431 459
 463 497 527 561 574 602 636 667 695 711 742
17 44 78 82 110 153 184 212 219 259 280 323 330 355 389 432 457
 464 498 528 559 575 603 634 668 696 709 743
17 45 76 83 111 151 185 213 217 260 281 324 328 356 390 430 458
 465 496 526 560 576 601 635 669 694 710 744
17 46 62 96 121 155 171 196 230 264 294 298 341 369 400 407 435
 475 509 539 546 577 605 648 652 680 714 754
17 47 63 94 122 156 169 197 231 262 292 299 342 367 401 408 433
 476 510 540 544 578 606 646 653 681 712 755
17 48 61 95 123 154 170 198 229 263 293 300 340 368 402 406 434
 477 508 538 545 579 604 647 654 679 713 756
17 49 56 99 124 158 165 190 233 267 297 301 335 363 403 410 438
 469 512 533 549 580 608 642 655 683 717 748
17 50 57 97 125 159 163 191 234 265 295 302 336 361 404 411 436
 470 513 534 547 581 609 640 656 684 715 749
17 51 55 98 126 157 164 192 232 266 296 303 334 362 405 409 437
 471 511 532 548 582 607 641 657 682 716 750
17 52 59 93 118 161 168 193 227 270 291 304 338 366 397 413 441
 472 506 536 543 583 611 645 649 677 720 751
17 53 60 91 119 162 166 194 228 268 289 305 339 364 398 414 439
 473 507 537 541 584 612 643 650 678 718 752
17 54 58 92 120 160 167 195 226 269 290 306 337 365 399 412 440
 474 505 535 542 585 610 644 651 676 719 753
18 28 80 96 120 142 185 209 234 247 279 319 335 368 384 424 457
 473 489 518 561 583 607 623 675 699 712 737
18 29 81 94 118 143 186 210 232 248 277 320 336 369 382 425 458
 474 487 519 559 584 608 624 673 697 713 738
18 30 79 95 119 144 184 208 233 249 278 321 334 367 383 426 459
 472 488 517 560 585 609 622 674 698 714 736
18 31 74 99 123 136 188 212 228 250 273 322 338 362 387 427 451
 476 492 521 564 577 610 626 669 702 715 731
18 32 75 97 121 137 189 213 226 251 271 323 339 363 385 428 452
 477 490 522 562 578 611 627 667 700 716 732
18 33 73 98 122 138 187 211 227 252 272 324 337 361 386 429 453
 475 491 520 563 579 612 625 668 701 717 730
18 34 77 93 126 139 182 215 231 244 276 316 341 365 381 430 454
 470 495 515 567 580 604 629 672 696 718 734
18 35 78 91 124 140 183 216 229 245 274 317 342 366 379 431 455
 471 493 516 565 581 605 630 670 694 719 735
18 36 76 92 125 141 181 214 230 246 275 318 340 364 380 432 456
 469 494 514 566 582 606 628 671 695 720 733
18 37 62 105 129 151 167 191 243 256 288 301 344 377 393 406 439
 482 498 527 543 592 616 632 657 681 721 746
18 38 63 103 127 152 168 192 241 257 286 302 345 378 391 407 440
 483 496 528 541 593 617 633 655 679 722 747
18 39 61 104 128 153 166 190 242 258 287 303 343 376 392 408 441
 481 497 526 542 594 618 631 656 680 723 745
18 40 56 108 132 145 170 194 237 259 282 304 347 371 396 409 433
 485 501 530 546 586 619 635 651 684 724 740
18 41 57 106 130 146 171 195 235 260 280 305 348 372 394 410 434
 486 499 531 544 587 620 636 649 682 725 741
18 42 55 107 131 147 169 193 236 261 281 306 346 370 395 411 435
 484 500 529 545 588 621 634 650 683 726 739
18 43 59 102 135 148 164 197 240 253 285 298 350 374 390 412 436
 479 504 524 549 589 613 638 654 678 727 743
18 44 60 100 133 149 165 198 238 254 283 299 351 375 388 413 437
 480 502 525 547 590 614 639 652 676 728 744
18 45 58 101 134 150 163 196 239 255 284 300 349 373 389 414 438
 478 503 523 548 591 615 637 653 677 729 742
18 46 71 87 111 160 176 200 225 265 297 310 326 359 402 415 448
 464 507 536 552 574 598 641 666 690 703 755
18 47 72 85 109 161 177 201 223 266 295 311 327 360 400 416 449
 465 505 537 550 575 599 642 664 688 704 756
18 48 70 86 110 162 175 199 224 267 296 312 325 358 401 417 450
 463 506 535 551 576 600 640 665 689 705 754
18 49 65 90 114 154 179 203 219 268 291 313 329 353 405 418 442
 467 510 539 555 568 601 644 660 693 706 749
18 50 66 88 112 155 180 204 217 269 289 314 330 354 403 419 443
 468 508 540 553 569 602 645 658 691 707 750
18 51 64 89 113 156 178 202 218 270 290 315 328 352 404 420 444
 466 509 538 554 570 603 643 659 692 708 748
18 52 68 84 117 157 173 206 222 262 294 307 332 356 399 421 445
 461 513 533 558 571 595 647 663 687 709 752
18 53 69 82 115 158 174 207 220 263 292 308 333 357 397 422 446
 462 511 534 556 572 596 648 661 685 710 753
18 54 67 83 116 159 172 205 221 264 293 309 331 355 398 423 447
 460 512 532 557 573 597 646 662 686 711 751
19 28 57 83 115 144 170 193 222 248 289 318 344 376 405 431 454
 483 509 523 552 578 610 639 665 688 717 743
19 29 55 84 116 142 171 194 220 249 290 316 345 377 403 432 455
 481 510 524 550 579 611 637 666 689 715 744
19 30 56 82 117 143 169 195 221 247 291 317 343 378 404 430 456
 482 508 525 551 577 612 638 664 690 716 742
19 31 60 86 109 138 164 196 225 251 292 321 347 370 399 425 457
 486 512 526 555 581 604 633 659 691 720 746
19 32 58 87 110 136 165 197 223 252 293 319 348 371 397 426 458
 484 513 527 553 582 605 631 660 692 718 747
19 33 59 85 111 137 163 198 224 250 294 320 346 372 398 424 459
 485 511 528 554 580 606 632 658 693 719 745
19 34 63 89 112 141 167 190 219 245 295 324 350 373 402 428 451
 480 506 529 558 584 607 636 662 685 714 740
19 35 61 90 113 139 168 191 217 246 296 322 351 374 400 429 452
 478 507 530 556 585 608 634 663 686 712 741
19 36 62 88 114 140 166 192 218 244 297 323 349 375 401 427 453
 479 505 531 557 583 609 635 661 687 713 739
19 37 66 92 124 153 179 202 231 257 271 300 326 358 387 413 436
 465 491 532 561 587 619 648 674 697 726 752
19 38 64 93 125 151 180 203 229 258 272 298 327 359 385 414 437
 463 492 533 559 588 620 646 675 698 724 753
19 39 65 91 126 152 178 204 230 256 273 299 325 360 386 412 438
 464 490 534 560 586 621 647 673 699 725 751
19 40 69 95 118 147 173 205 234 260 274 303 329 352 381 407 439
 468 494 535 564 590 613 642 668 700 729 755
19 41 67 96 119 145 174 206 232 261 275 301 330 353 379 408 440
 466 495 536 562 591 614 640 669 701 727 756
19 42 68 94 120 146 172 207 233 259 276 302 328 354 380 406 441
 467 493 537 563 589 615 641 667 702 728 754
19 43 72 98 121 150 176 199 228 254 277 306 332 355 384 410 433
 462 488 538 567 593 616 645 671 694 723 749
19 44 70 99 122 148 177 200 226 255 278 304 333 356 382 411 434
 460 489 539 565 594 617 643 672 695 721 750
19 45 71 97 123 149 175 201 227 253 279 305 331 357 383 409 435
 461 487 540 566 592 618 644 670 696 722 748
19 46 75 101 133 162 188 211 240 266 280 309 335 367 396 422 445
 474 500 514 543 569 601 630 656 679 708 734
19 47 73 102 134 160 189 212 238 267 281 307 336 368 394 423 446
 472 501 515 541 570 602 628 657 680 706 735
19 48 74 100 135 161 187 213 239 265 282 308 334 369 395 421 447
 473 499 516 542 568 603 629 655 681 707 733
19 49 78 104 127 156 182 214 243 269 283 312 338 361 390 416 448
 477 503 517 546 572 595 624 650 682 711 737
19 50 76 105 128 154 183 215 241 270 284 310 339 362 388 417 449
 475 504 518 544 573 596 622 651 683 709 738
19 51 77 103 129 155 181 216 242 268 285 311 337 363 389 415 450
 476 502 519 545 571 597 623 649 684 710 736
19 52 81 107 130 159 185 208 237 263 286 315 341 364 393 419 442
 471 497 520 549 575 598 627 653 676 705 731
19 53 79 108 131 157 186 209 235 264 287 313 342 365 391 420 443
 469 498 521 547 576 599 625 654 677 703 732
19 54 80 106 132 158 184 210 236 262 288 314 340 366 392 418 444
 470 496 522 548 574 600 626 652 678 704 730
20 28 66 101 131 139 177 207 242 250 297 305 340 361 399 407 437
 472 510 527 562 573 603 638 673 694 705 740
20 29 64 102 132 140 175 205 243 251 295 306 341 362 397 408 438
 473 508 528 563 571 601 639 674 695 703 741
20 30 65 100 130 141 176 206 241 252 296 304 342 363 398 406 436
 474 509 526 564 572 602 637 675 696 704 739
20 31 69 104 134 142 180 201 236 244 291 299 334 364 402 410 440
 475 513 530 565 576 597 632 667 697 708 743
20 32 67 105 135 143 178 199 237 245 289 300 335 365 400 411 441
 476 511 531 566 574 595 633 668 698 706 744
20 33 68 103 133 144 179 200 235 246 290 298 336 366 401 409 439
 477 512 529 567 575 596 631 669 699 707 742
20 34 72 107 128 136 174 204 239 247 294 302 337 367 405 413 434
 469 507 524 559 570 600 635 670 700 711 746
20 35 70 108 129 137 172 202 240 248 292 303 338 368 403 414 435
 470 505 525 560 568 598 636 671 701 709 747
20 36 71 106 127 138 173 203 238 249 293 301 339 369 404 412 433
 471 506 523 561 569 599 634 672 702 710 745
20 37 75 83 113 148 186 216 224 259 279 314 349 370 381 416 446
 481 492 536 544 582 612 647 655 676 714 749
20 38 73 84 114 149 184 214 225 260 277 315 350 371 379 417 447
 482 490 537 545 580 610 648 656 677 712 750
20 39 74 82 112 150 185 215 223 261 278 313 351 372 380 415 445
 483 491 535 546 581 611 646 657 678 713 748
20 40 78 86 116 151 189 210 218 253 273 308 343 373 384 419 449
 484 495 539 547 585 606 641 649 679 717 752
20 41 76 87 117 152 187 208 219 254 271 309 344 374 382 420 450
 485 493 540 548 583 604 642 650 680 715 753
20 42 77 85 115 153 188 209 217 255 272 307 345 375 383 418 448
 486 494 538 549 584 605 640 651 681 716 751
20 43 81 89 110 145 183 213 221 256 276 311 346 376 387 422 443
 478 489 533 541 579 609 644 652 682 720 755
20 44 79 90 111 146 181 211 222 257 274 312 347 377 385 423 444
 479 487 534 542 577 607 645 653 683 718 756
20 45 80 88 109 147 182 212 220 258 275 310 348 378 386 421 442
 480 488 532 543 578 608 643 654 684 719 754
20 46 57 92 122 157 168 198 233 268 288 323 331 352 390 425 455
 463 501 518 553 591 621 629 664 685 723 731
20 47 55 93 123 158 166 196 234 269 286 324 332 353 388 426 456
 464 499 519 554 589 619 630 665 686 721 732
20 48 56 91 121 159 167 197 232 270 287 322 333 354 389 424 454
 465 500 517 555 590 620 628 666 687 722 730
20 49 60 95 125 160 171 192 227 262 282 317 325 355 393 428 458
 466 504 521 556 594 615 623 658 688 726 734
20 50 58 96 126 161 169 190 228 263 280 318 326 356 391 429 459
 467 502 522 557 592 613 624 659 689 724 735
20 51 59 94 124 162 170 191 226 264 281 316 327 357 392 427 457
 468 503 520 558 593 614 622 660 690 725 733
20 52 63 98 119 154 165 195 230 265 285 320 328 358 396 431 452
 460 498 515 550 588 618 626 661 691 729 737
20 53 61 99 120 155 163 193 231 266 283 321 329 359 394 432 453
 461 496 516 551 586 616 627 662 692 727 738
20 54 62 97 118 156 164 194 229 267 284 319 330 360 395 430 451
 462 497 514 552 587 617 625 663 693 728 736
21 28 75 92 134 151 171 204 221 265 274 321 338 371 388 408 450
 467 511 520 567 584 617 634 654 687 704 748
21 29 73 93 135 152 169 202 222 266 275 319 339 372 389 406 448
 468 512 521 565 585 618 635 652 685 705 749
21 30 74 91 133 153 170 203 220 267 276 320 337 370 390 407 449
 466 513 522 566 583 616 636 653 686 703 750
21 31 78 95 128 145 165 207 224 268 277 324 341 374 391 411 444
 461 505 514 561 578 620 637 657 690 707 751
21 32 76 96 129 146 163 205 225 269 278 322 342 375 392 409 442
 462 506 515 559 579 621 638 655 688 708 752
21 33 77 94 127 147 164 206 223 270 279 323 340 373 393 410 443
 460 507 516 560 577 619 639 656 689 706 753
21 34 81 98 131 148 168 201 218 262 271 318 335 377 394 414 447
 464 508 517 564 581 614 631 651 693 710 754
21 35 79 99 132 149 166 199 219 263 272 316 336 378 395 412 445
 465 509 518 562 582 615 632 649 691 711 755
21 36 80 97 130 150 167 200 217 264 273 317 334 376 396 413 446
 463 510 519 563 580 613 633 650 692 709 756
21 37 57 101 116 160 180 213 230 247 283 303 347 353 397 417 459
 476 493 529 549 593 599 643 663 696 713 730
21 38 55 102 117 161 178 211 231 248 284 301 348 354 398 415 457
 477 494 530 547 594 600 644 661 694 714 731
21 39 56 100 115 162 179 212 229 249 285 302 346 352 399 416 458
 475 495 531 548 592 598 645 662 695 712 732
21 40 60 104 110 154 174 216 233 250 286 306 350 356 400 420 453
 470 487 523 543 587 602 646 666 699 716 733
21 41 58 105 111 155 172 214 234 251 287 304 351 357 401 418 451
 471 488 524 541 588 603 647 664 697 717 734
21 42 59 103 109 156 173 215 232 252 288 305 349 355 402 419 452
 469 489 525 542 586 601 648 665 698 715 735
21 43 63 107 113 157 177 210 227 244 280 300 344 359 403 423 456
 473 490 526 546 590 596 640 660 702 719 736
21 44 61 108 114 158 175 208 228 245 281 298 345 360 404 421 454
 474 491 527 544 591 597 641 658 700 720 737
21 45 62 106 112 159 176 209 226 246 282 299 343 358 405 422 455
 472 492 528 545 589 595 642 659 701 718 738
21 46 66 83 125 142 189 195 239 256 292 312 329 362 379 426 441
 485 502 538 558 575 608 625 672 678 722 739
21 47 64 84 126 143 187 193 240 257 293 310 330 363 380 424 439
 486 503 539 556 576 609 626 670 676 723 740
21 48 65 82 124 144 188 194 238 258 294 311 328 361 381 425 440
 484 504 540 557 574 607 627 671 677 721 741
21 49 69 86 119 136 183 198 242 259 295 315 332 365 382 429 435
 479 496 532 552 569 611 628 675 681 725 742
21 50 67 87 120 137 181 196 243 260 296 313 333 366 383 427 433
 480 497 533 550 570 612 629 673 679 726 743
21 51 68 85 118 138 182 197 241 261 297 314 331 364 384 428 434
 478 498 534 551 568 610 630 674 680 724 744
21 52 72 89 122 139 186 192 236 253 289 309 326 368 385 432 438
 482 499 535 555 572 605 622 669 684 728 745
21 53 70 90 123 140 184 190 237 254 290 307 327 369 386 430 436
 483 500 536 553 573 606 623 667 682 729 746
21 54 71 88 121 141 185 191 235 255 291 308 325 367 387 431 437
 481 501 537 554 571 604 624 668 683 727 747
22 28 60 89 124 147 176 211 243 263 285 314 334 372 401 430 441
 461 490 539 559 591 599 628 651 686 715 747
22 29 58 90 125 145 177 212 241 264 283 315 335 370 402 431 439
 462 491 540 560 589 600 629 649 687 716 745
22 30 59 88 126 146 175 213 242 262 284 313 336 371 400 432 440
 460 492 538 561 590 598 630 650 685 717 746
22 31 63 83 118 150 179 214 237 266 288 308 337 375 404 424 435
 464 493 533 562 594 602 622 654 689 718 741
22 32 61 84 119 148 180 215 235 267 286 309 338 373 405 425 433
 465 494 534 563 592 603 623 652 690 719 739
22 33 62 82 120 149 178 216 236 265 287 307 339 374 403 426 434
 463 495 532 564 593 601 624 653 688 720 740
22 34 57 86 121 153 173 208 240 269 282 311 340 378 398 427 438
 467 487 536 565 588 596 625 657 692 712 744
22 35 55 87 122 151 174 209 238 270 280 312 341 376 399 428 436
 468 488 537 566 586 597 626 655 693 713 742
22 36 56 85 123 152 172 210 239 268 281 310 342 377 397 429 437
 466 489 535 567 587 595 627 656 691 714 743
22 37 69 98 133 156 185 193 225 245 294 323 343 354 383 412 450
 470 499 521 541 573 608 637 660 695 724 756
22 38 67 99 134 154 186 194 223 246 292 324 344 352 384 413 448
 471 500 522 542 571 609 638 658 696 725 754
22 39 68 97 135 155 184 195 224 244 293 322 345 353 382 414 449
 469 501 520 543 572 607 639 659 694 726 755
22 40 72 92 127 159 188 196 219 248 297 317 346 357 386 406 444
 473 502 515 544 576 611 631 663 698 727 750
22 41 70 93 128 157 189 197 217 249 295 318 347 355 387 407 442
 474 503 516 545 574 612 632 661 699 728 748
22 42 71 91 129 158 187 198 218 247 296 316 348 356 385 408 443
 472 504 514 546 575 610 633 662 697 729 749
22 43 66 95 130 162 182 190 222 251 291 320 349 360 380 409 447
 476 496 518 547 570 605 634 666 701 721 753
22 44 64 96 131 160 183 191 220 252 289 321 350 358 381 410 445
 477 497 519 548 568 606 635 664 702 722 751
22 45 65 94 132 161 181 192 221 250 290 319 351 359 379 411 446
 475 498 517 549 569 604 636 665 700 723 752
22 46 78 107 115 138 167 202 234 254 276 305 325 363 392 421 459
 479 508 530 550 582 617 646 669 677 706 738
22 47 76 108 116 136 168 203 232 255 274 306 326 361 393 422 457
 480 509 531 551 580 618 647 667 678 707 736
22 48 77 106 117 137 166 204 233 253 275 304 327 362 391 423 458
 478 510 529 552 581 616 648 668 676 708 737
22 49 81 101 109 141 170 205 228 257 279 299 328 366 395 415 453
 482 511 524 553 585 620 640 672 680 709 732
22 50 79 102 110 139 171 206 226 258 277 300 329 364 396 416 451
 483 512 525 554 583 621 641 670 681 710 730
22 51 80 100 111 140 169 207 227 256 278 298 330 365 394 417 452
 481 513 523 555 584 619 642 671 679 711 731
22 52 75 104 112 144 164 199 231 260 273 302 331 369 389 418 456
 485 505 527 556 579 614 643 675 683 703 735
22 53 73 105 113 142 165 200 229 261 271 303 332 367 390 419 454
 486 506 528 557 577 615 644 673 684 704 733
22 54 74 103 114 143 163 201 230 259 272 301 333 368 388 420 455
 484 507 526 558 578 613 645 674 682 705 734
23 28 69 107 127 141 179 199 240 251 284 322 327 356 394 426 455
 466 498 540 542 580 612 641 652 684 713 751
23 29 67 108 128 139 180 200 238 252 285 323 325 357 395 424 456
 467 496 538 543 581 610 642 653 682 714 752
23 30 68 106 129 140 178 201 239 250 283 324 326 355 396 425 454
 468 497 539 541 582 611 640 654 683 712 753
23 31 72 101 130 144 173 202 243 245 287 316 330 359 388 429 458
 460 501 534 545 583 606 644 655 678 716 754
23 32 70 102 131 142 174 203 241 246 288 317 328 360 389 427 459
 461 499 532 546 584 604 645 656 676 717 755
23 33 71 100 132 143 172 204 242 244 286 318 329 358 390 428 457
 462 500 533 544 585 605 643 657 677 715 756
23 34 66 104 133 138 176 205 237 248 281 319 333 353 391 432 452
 463 504 537 548 577 609 647 649 681 719 748
23 35 64 105 134 136 177 206 235 249 282 320 331 354 392 430 453
 464 502 535 549 578 607 648 650 679 720 749
23 36 65 103 135 137 175 207 236 247 280 321 332 352 393 431 451
 465 503 536 547 579 608 646 651 680 718 750
23 37 78 89 109 150 188 208 222 260 293 304 336 365 403 408 437
 475 507 522 551 589 621 623 661 693 722 733
23 38 76 90 110 148 189 209 220 261 294 305 334 366 404 406 438
 476 505 520 552 590 619 624 662 691 723 734
23 39 77 88 111 149 187 210 221 259 292 306 335 364 405 407 436
 477 506 521 550 591 620 622 663 692 721 735
23 40 81 83 112 153 182 211 225 254 296 298 339 368 397 411 440
 469 510 516 554 592 615 626 664 687 725 736
23 41 79 84 113 151 183 212 223 255 297 299 337 369 398 409 441
 470 508 514 555 593 613 627 665 685 726 737
23 42 80 82 114 152 181 213 224 253 295 300 338 367 399 410 439
 471 509 515 553 594 614 625 666 686 724 738
23 43 75 86 115 147 185 214 219 257 290 301 342 362 400 414 434
 472 513 519 557 586 618 629 658 690 728 730
23 44 73 87 116 145 186 215 217 258 291 302 340 363 401 412 435
 473 511 517 558 587 616 630 659 688 729 731
23 45 74 85 117 146 184 216 218 256 289 303 341 361 402 413 433
 474 512 518 556 588 617 628 660 689 727 732
23 46 60 98 118 159 170 190 231 269 275 313 345 374 385 417 446
 484 489 531 560 571 603 632 670 702 704 742
23 47 58 99 119 157 171 191 229 270 276 314 343 375 386 415 447
 485 487 529 561 572 601 633 671 700 705 743
23 48 59 97 120 158 169 192 230 268 274 315 344 373 387 416 445
 486 488 530 559 573 602 631 672 701 703 744
23 49 63 92 121 162 164 193 234 263 278 307 348 377 379 420 449
 478 492 525 563 574 597 635 673 696 707 745
23 50 61 93 122 160 165 194 232 264 279 308 346 378 380 418 450
 479 490 523 564 575 595 636 674 694 708 746
23 51 62 91 123 161 163 195 233 262 277 309 347 376 381 419 448
 480 491 524 562 576 596 634 675 695 706 747
23 52 57 95 124 156 167 196 228 266 272 310 351 371 382 423 443
 481 495 528 566 568 600 638 667 699 710 739
23 53 55 96 125 154 168 197 226 267 273 311 349 372 383 421 444
 482 493 526 567 569 598 639 668 697 711 740
23 54 56 94 126 155 166 198 227 265 271 312 350 370 384 422 442
 483 494 527 565 570 599 637 669 698 709 741
24 28 78 98 129 149 169 200 220 270 282 302 349 353 400 423 451
 474 494 533 553 576 604 627 674 678 725 745
24 29 76 99 127 150 170 201 221 268 280 303 350 354 401 421 452
 472 495 534 554 574 605 625 675 676 726 746
24 30 77 97 128 148 171 199 222 269 281 301 351 352 402 422 453
 473 493 532 555 575 606 626 673 677 724 747
24 31 81 92 132 152 163 203 223 264 285 305 343 356 403 417 454
 477 488 536 556 570 607 630 668 681 728 739
24 32 79 93 130 153 164 204 224 262 283 306 344 357 404 415 455
 475 489 537 557 568 608 628 669 679 729 740
24 33 80 91 131 151 165 202 225 263 284 304 345 355 405 416 456
 476 487 535 558 569 609 629 667 680 727 741
24 34 75 95 135 146 166 206 217 267 288 299 346 359 397 420 457
 471 491 539 550 573 610 624 671 684 722 742
24 35 73 96 133 147 167 207 218 265 286 300 347 360 398 418 458
 469 492 540 551 571 611 622 672 682 723 743
24 36 74 94 134 145 168 205 219 266 287 298 348 358 399 419 459
 470 490 538 552 572 612 623 670 683 721 744
24 37 60 107 111 158 178 209 229 252 291 311 331 362 382 432 433
 483 503 515 562 585 613 636 656 687 707 754
24 38 58 108 109 159 179 210 230 250 289 312 332 363 383 430 434
 481 504 516 563 583 614 634 657 685 708 755
24 39 59 106 110 157 180 208 231 251 290 310 333 361 384 431 435
 482 502 514 564 584 615 635 655 686 706 756
24 40 63 101 114 161 172 212 232 246 294 314 325 365 385 426 436
 486 497 518 565 579 616 639 650 690 710 748
24 41 61 102 112 162 173 213 233 244 292 315 326 366 386 424 437
 484 498 519 566 577 617 637 651 688 711 749
24 42 62 100 113 160 174 211 234 245 293 313 327 364 387 425 438
 485 496 517 567 578 618 638 649 689 709 750
24 43 57 104 117 155 175 215 226 249 297 308 328 368 379 429 439
 480 500 521 559 582 619 633 653 693 704 751
24 44 55 105 115 156 176 216 227 247 295 309 329 369 380 427 440
 478 501 522 560 580 620 631 654 691 705 752
24 45 56 103 116 154 177 214 228 248 296 307 330 367 381 428 441
 479 499 520 561 581 621 632 652 692 703 753
24 46 69 89 120 140 187 191 238 261 273 320 340 371 391 414 442
 465 512 524 544 594 595 645 665 696 716 736
24 47 67 90 118 141 188 192 239 259 271 321 341 372 392 412 443
 463 513 525 545 592 596 643 666 694 717 737
24 48 68 88 119 139 189 190 240 260 272 319 342 370 393 413 444
 464 511 523 546 593 597 644 664 695 715 738
24 49 72 83 123 143 181 194 241 255 276 323 334 374 394 408 445
 468 506 527 547 588 598 648 659 699 719 730
24 50 70 84 121 144 182 195 242 253 274 324 335 375 395 406 446
 466 507 528 548 586 599 646 660 697 720 731
24 51 71 82 122 142 183 193 243 254 275 322 336 373 396 407 447
 467 505 526 549 587 600 647 658 698 718 732
24 52 66 86 126 137 184 197 235 258 279 317 337 377 388 411 448
 462 509 530 541 591 601 642 662 702 713 733
24 53 64 87 124 138 185 198 236 256 277 318 338 378 389 409 449
 460 510 531 542 589 602 640 663 700 714 734
24 54 65 85 125 136 186 196 237 257 278 316 339 376 390 410 450
 461 508 529 543 590 603 641 661 701 712 735
25 28 63 86 132 155 187 206 229 255 281 313 339 355 381 413 459
 482 505 534 566 589 608 631 666 682 708 731
25 29 61 87 130 156 188 207 230 253 282 314 337 356 379 414 457
 483 506 532 567 590 609 632 664 683 706 732
25 30 62 85 131 154 189 205 231 254 280 315 338 357 380 412 458
 481 507 533 565 591 607 633 665 684 707 730
25 31 57 89 135 158 181 200 232 258 284 307 342 358 384 407 453
 485 508 537 560 592 611 634 660 676 711 734
25 32 55 90 133 159 182 201 233 256 285 308 340 359 382 408 451
 486 509 535 561 593 612 635 658 677 709 735
25 33 56 88 134 157 183 199 234 257 283 309 341 360 383 406 452
 484 510 536 559 594 610 636 659 678 710 733
25 34 60 83 129 161 184 203 226 261 287 310 336 352 387 410 456
 479 511 540 563 586 605 637 663 679 705 737
25 35 58 84 127 162 185 204 227 259 288 311 334 353 385 411 454
 480 512 538 564 587 606 638 661 680 703 738
25 36 59 82 128 160 186 202 228 260 286 312 335 354 386 409 455
 478 513 539 562 588 604 639 662 681 704 736
25 37 72 95 114 137 169 215 238 264 290 322 348 364 390 422 441
 464 487 516 548 571 617 640 675 691 717 740
25 38 70 96 112 138 170 216 239 262 291 323 346 365 388 423 439
 465 488 514 549 572 618 641 673 692 715 741
25 39 71 94 113 136 171 214 240 263 289 324 347 366 389 421 440
 463 489 515 547 573 616 642 674 693 716 739
25 40 66 98 117 140 163 209 241 267 293 316 351 367 393 416 435
 467 490 519 542 574 620 643 669 685 720 743
25 41 64 99 115 141 164 210 242 265 294 317 349 368 391 417 433
 468 491 517 543 575 621 644 667 686 718 744
25 42 65 97 116 139 165 208 243 266 292 318 350 369 392 415 434
 466 492 518 541 576 619 645 668 687 719 742
25 43 69 92 111 143 166 212 235 270 296 319 345 361 396 419 438
 461 493 522 545 568 614 646 672 688 714 746
25 44 67 93 109 144 167 213 236 268 297 320 343 362 394 420 436
 462 494 520 546 569 615 647 670 689 712 747
25 45 68 91 110 142 168 211 237 269 295 321 344 363 395 418 437
 460 495 521 544 570 613 648 671 690 713 745
25 46 81 104 123 146 178 197 220 246 272 304 330 373 399 431 450
 473 496 525 557 580 599 622 657 700 726 749
25 47 79 105 121 147 179 198 221 244 273 305 328 374 397 432 448
 474 497 523 558 581 600 623 655 701 724 750
25 48 80 103 122 145 180 196 222 245 271 306 329 375 398 430 449
 472 498 524 556 582 598 624 656 702 725 748
25 49 75 107 126 149 172 191 223 249 275 298 333 376 402 425 444
 476 499 528 551 583 602 625 651 694 729 752
25 50 73 108 124 150 173 192 224 247 276 299 331 377 400 426 442
 477 500 526 552 584 603 626 649 695 727 753
25 51 74 106 125 148 174 190 225 248 274 300 332 378 401 424 443
 475 501 527 550 585 601 627 650 696 728 751
25 52 78 101 120 152 175 194 217 252 278 301 327 370 405 428 447
 470 502 531 554 577 596 628 654 697 723 755
25 53 76 102 118 153 176 195 218 250 279 302 325 371 403 429 445
 471 503 529 555 578 597 629 652 698 721 756
25 54 77 100 119 151 177 193 219 251 277 303 326 372 404 427 446
 469 504 530 553 579 595 630 653 699 722 754
26 28 72 104 113 145 189 198 230 262 278 310 345 354 395 427 436
 471 512 519 551 592 601 636 668 677 718 753
26 29 70 105 114 146 187 196 231 263 279 311 343 352 396 428 437
 469 513 517 552 593 602 634 669 678 719 751
26 30 71 103 112 147 188 197 229 264 277 312 344 353 394 429 438
 470 511 518 550 594 603 635 667 676 720 752
26 31 66 107 116 148 183 192 233 265 272 313 348 357 389 430 439
 474 506 522 554 586 595 639 671 680 712 756
26 32 64 108 117 149 181 190 234 266 273 314 346 355 390 431 440
 472 507 520 555 587 596 637 672 681 713 754
26 33 65 106 115 150 182 191 232 267 271 315 347 356 388 432 441
 473 505 521 553 588 597 638 670 679 714 755
26 34 69 101 110 151 186 195 227 268 275 307 351 360 392 424 433
 477 509 516 557 589 598 633 674 683 715 750
26 35 67 102 111 152 184 193 228 269 276 308 349 358 393 425 434
 475 510 514 558 590 599 631 675 684 716 748
26 36 68 100 109 153 185 194 226 270 274 309 350 359 391 426 435
 476 508 515 556 591 600 632 673 682 717 749
26 37 81 86 122 154 171 207 239 244 287 319 327 363 404 409 445
 480 494 528 560 574 610 645 650 686 727 735
26 38 79 87 123 155 169 205 240 245 288 320 325 361 405 410 446
 478 495 526 561 575 611 643 651 687 728 733
26 39 80 85 121 156 170 206 238 246 286 321 326 362 403 411 447
 479 493 527 559 576 612 644 649 685 729 734
26 40 75 89 125 157 165 201 242 247 281 322 330 366 398 412 448
 483 488 531 563 568 604 648 653 689 721 738
26 41 73 90 126 158 163 199 243 248 282 323 328 364 399 413 449
 481 489 529 564 569 605 646 654 690 722 736
26 42 74 88 124 159 164 200 241 249 280 324 329 365 397 414 450
 482 487 530 562 570 606 647 652 688 723 737
26 43 78 83 119 160 168 204 236 250 284 316 333 369 401 406 442
 486 491 525 566 571 607 642 656 692 724 732
26 44 76 84 120 161 166 202 237 251 285 317 331 367 402 407 443
 484 492 523 567 572 608 640 657 693 725 730
26 45 77 82 118 162 167 203 235 252 283 318 332 368 400 408 444
 485 490 524 565 573 609 641 655 691 726 731
26 46 63 95 131 136 180 216 221 253 296 301 336 372 386 418 454
 462 503 537 542 583 619 627 659 695 709 744
26 47 61 96 132 137 178 214 222 254 297 302 334 370 387 419 455
 460 504 535 543 584 620 625 660 696 710 742
26 48 62 94 130 138 179 215 220 255 295 303 335 371 385 420 456
 461 502 536 541 585 621 626 658 694 711 743
26 49 57 98 134 139 174 210 224 256 290 304 339 375 380 421 457
 465 497 540 545 577 613 630 662 698 703 747
26 50 55 99 135 140 172 208 225 257 291 305 337 373 381 422 458
 463 498 538 546 578 614 628 663 699 704 745
26 51 56 97 133 141 173 209 223 258 289 306 338 374 379 423 459
 464 496 539 544 579 615 629 661 697 705 746
26 52 60 92 128 142 177 213 218 259 293 298 342 378 383 415 451
 468 500 534 548 580 616 624 665 701 706 741
26 53 58 93 129 143 175 211 219 260 294 299 340 376 384 416 452
 466 501 532 549 581 617 622 666 702 707 739
26 54 59 91 127 144 176 212 217 261 292 300 341 377 382 417 453
 467 499 533 547 582 618 623 664 700 708 740
27 28 81 95 117 158 172 194 235 261 295 312 326 375 389 412 452
 475 492 526 543 593 606 629 670 692 706 750
27 29 79 96 115 159 173 195 236 259 296 310 327 373 390 413 453
 476 490 527 541 594 604 630 671 693 707 748
27 30 80 94 116 157 174 193 237 260 297 311 325 374 388 414 451
 477 491 528 542 592 605 628 672 691 708 749
27 31 75 98 111 161 175 197 238 255 289 315 329 378 392 406 455
 469 495 529 546 587 609 623 673 686 709 753
27 32 73 99 109 162 176 198 239 253 290 313 330 376 393 407 456
 470 493 530 544 588 607 624 674 687 710 751
27 33 74 97 110 160 177 196 240 254 291 314 328 377 391 408 454
 471 494 531 545 586 608 622 675 685 711 752
27 34 78 92 114 155 178 191 241 258 292 309 332 372 395 409 458
 472 489 523 549 590 612 626 667 689 703 756
27 35 76 93 112 156 179 192 242 256 293 307 333 370 396 410 459
 473 487 524 547 591 610 627 668 690 704 754
27 36 77 91 113 154 180 190 243 257 294 308 331 371 394 411 457
 474 488 525 548 589 611 625 669 688 705 755
27 37 63 104 126 140 181 203 217 270 277 321 335 357 398 421 434
 484 501 535 552 575 615 638 652 701 715 732
27 38 61 105 124 141 182 204 218 268 278 319 336 355 399 422 435
 485 499 536 550 576 613 639 653 702 716 730
27 39 62 103 125 139 183 202 219 269 279 320 334 356 397 423 433
 486 500 537 551 574 614 637 654 700 717 731
27 40 57 107 120 143 184 206 220 264 271 324 338 360 401 415 437
 478 504 538 555 569 618 632 655 695 718 735
27 41 55 108 118 144 185 207 221 262 272 322 339 358 402 416 438
 479 502 539 553 570 616 633 656 696 719 733
27 42 56 106 119 142 186 205 222 263 273 323 337 359 400 417 436
 480 503 540 554 568 617 631 657 694 720 734
27 43 60 101 123 137 187 200 223 267 274 318 341 354 404 418 440
 481 498 532 558 572 621 635 649 698 712 738
27 44 58 102 121 138 188 201 224 265 275 316 342 352 405 419 441
 482 496 533 556 573 619 636 650 699 713 736
27 45 59 100 122 136 189 199 225 266 276 317 340 353 403 420 439
 483 497 534 557 571 620 634 651 697 714 737
27 46 72 86 135 149 163 212 226 252 286 303 344 366 380 430 443
 466 510 517 561 584 597 647 661 683 724 741
27 47 70 87 133 150 164 213 227 250 287 301 345 364 381 431 444
 467 508 518 559 585 595 648 662 684 725 739
27 48 71 85 134 148 165 211 228 251 288 302 343 365 379 432 442
 468 509 519 560 583 596 646 663 682 726 740
27 49 66 89 129 152 166 215 229 246 280 306 347 369 383 424 446
 460 513 520 564 578 600 641 664 677 727 744
27 50 64 90 127 153 167 216 230 244 281 304 348 367 384 425 447
 461 511 521 562 579 598 642 665 678 728 742
27 51 65 88 128 151 168 214 231 245 282 305 346 368 382 426 445
 462 512 522 563 577 599 640 666 676 729 743
27 52 69 83 132 146 169 209 232 249 283 300 350 363 386 427 449
 463 507 514 567 581 603 644 658 680 721 747
27 53 67 84 130 147 170 210 233 247 284 298 351 361 387 428 450
 464 505 515 565 582 601 645 659 681 722 745
27 54 68 82 131 145 171 208 234 248 285 299 349 362 385 429 448
 465 506 516 566 580 602 643 660 679 723 746
