0 49 62 95 113 139 186 206 218 259 289 320 339 377 381 417 441
 466 506 523 558 592 595 632 654 696 715 742
25 48 61 94 112 138 185 205 217 258 288 319 338 377 380 416 440
 465 505 522 557 591 594 631 653 695 714 741
24 47 60 93 111 137 184 204 216 257 287 318 337 377 379 415 439
 464 504 521 556 590 619 630 652 694 713 740
23 46 59 92 110 136 183 203 241 256 286 317 336 377 378 414 438
 463 503 520 555 589 618 629 651 693 712 739
22 45 58 91 109 135 182 202 240 255 285 316 335 377 403 413 437
 462 502 519 554 588 617 628 650 692 711 738
21 44 57 90 108 160 181 201 239 254 284 315 334 377 402 412 436
 461 501 518 553 587 616 627 649 691 710 737
20 43 56 89 133 159 180 200 238 253 283 314 333 377 401 411 435
 460 500 517 552 586 615 626 648 690 709 736
19 42 55 88 132 158 179 199 237 252 282 313 332 377 400 410 434
 459 499 516 551 585 614 625 673 689 708 735
18 41 54 87 131 157 178 198 236 251 281 312 331 377 399 409 433
 484 498 515 550 584 613 624 672 688 707 734
17 40 79 86 130 156 177 197 235 250 280 311 330 377 398 408 432
 483 497 514 549 583 612 623 671 687 706 733
16 39 78 85 129 155 176 196 234 249 279 310 329 377 397 407 457
 482 496 513 548 582 611 622 670 686 705 732
15 38 77 84 128 154 175 195 233 248 278 309 328 377 396 406 456
 481 495 538 547 581 610 621 669 685 704 731
14 37 76 83 127 153 174 194 232 247 277 308 327 377 395 405 455
 480 494 537 546 580 609 646 668 684 703 730
13 36 75 82 126 152 173 193 231 246 276 307 326 377 394 430 454
 479 493 536 545 579 608 645 667 683 702 729
12 35 74 81 125 151 172 192 230 245 275 306 325 377 393 429 453
 478 492 535 544 578 607 644 666 682 727 754
11 34 73 106 124 150 171 191 229 244 274 305 324 377 392 428 452
 477 491 534 543 577 606 643 665 681 726 753
10 33 72 105 123 149 170 190 228 243 273 304 349 377 391 427 451
 476 490 533 542 576 605 642 664 680 725 752
9 32 71 104 122 148 169 189 227 268 272 303 348 377 390 426 450
 475 489 532 541 575 604 641 663 679 724 751
8 31 70 103 121 147 168 214 226 267 271 302 347 377 389 425 449
 474 488 531 540 574 603 640 662 678 723 750
7 30 69 102 120 146 167 213 225 266 270 301 346 377 388 424 448
 473 487 530 565 573 602 639 661 677 722 749
6 29 68 101 119 145 166 212 224 265 295 300 345 377 387 423 447
 472 486 529 564 572 601 638 660 676 721 748
5 28 67 100 118 144 165 211 223 264 294 299 344 377 386 422 446
 471 511 528 563 571 600 637 659 675 720 747
4 27 66 99 117 143 164 210 222 263 293 298 343 377 385 421 445
 470 510 527 562 570 599 636 658 700 719 746
3 52 65 98 116 142 163 209 221 262 292 297 342 377 384 420 444
 469 509 526 561 569 598 635 657 699 718 745
2 51 64 97 115 141 162 208 220 261 291 322 341 377 383 419 443
 468 508 525 560 568 597 634 656 698 717 744
1 50 63 96 114 140 187 207 219 260 290 321 340 377 382 418 442
 467 507 524 559 567 596 633 655 697 716 743
351 352 353 354 355 356 357 358 359 360 361 362 363 364 365 366 367
 368 369 370 371 372 373 374 375 376 377 756
22 35 68 86 112 159 179 191 232 262 293 312 350 354 390 414 439
 479 496 531 565 568 605 627 669 675 715 743
21 34 67 85 111 158 178 190 231 261 292 311 350 353 389 413 438
 478 495 530 564 567 604 626 668 700 714 742
20 44 66 84 118 157 167 189 220 250 285 310 350 352 384 429 455
 477 507 529 542 592 603 629 667 689 713 741
19 32 65 83 109 156 176 214 229 259 290 309 350 351 387 411 436
 476 493 528 562 591 602 624 666 698 712 740
18 42 61 82 108 155 175 197 228 245 289 308 350 376 383 415 435
 475 510 534 563 573 598 638 662 697 711 739
17 30 77 81 127 147 169 200 217 257 286 307 350 375 382 423 434
 484 491 526 560 576 600 636 670 696 710 738
16 51 62 93 130 153 173 192 225 256 295 302 350 374 380 422 433
 469 490 527 559 588 614 621 663 681 709 737
15 28 70 104 120 152 172 198 240 247 291 305 350 373 385 407 432
 472 505 524 558 587 619 635 651 680 708 736
14 27 60 100 123 136 187 209 224 255 274 306 350 372 401 412 450
 481 488 523 557 583 597 645 661 686 707 735
13 52 59 103 129 150 170 208 223 253 284 303 350 371 381 405 456
 470 487 522 556 585 596 644 660 692 706 734
12 37 71 105 128 141 164 207 221 252 283 301 350 370 399 430 440
 474 486 520 554 590 595 643 659 691 705 733
11 46 63 101 132 148 168 206 239 251 275 304 350 369 379 408 454
 473 502 525 561 571 594 646 658 690 704 732
10 49 56 102 126 138 171 212 235 267 281 313 350 368 378 419 444
 467 511 519 553 582 599 641 652 682 703 731
9 48 55 99 125 146 166 204 219 249 280 299 350 367 403 427 452
 466 509 518 552 581 618 640 656 688 702 730
8 47 54 98 124 145 165 203 218 248 279 298 350 366 402 426 451
 465 508 517 551 580 617 639 655 687 727 729
7 31 79 97 131 144 180 202 233 263 272 297 350 365 397 416 442
 464 494 516 555 579 616 642 654 676 726 754
6 45 78 96 122 143 163 201 216 246 277 322 350 364 400 424 449
 463 506 515 549 578 615 637 653 685 725 753
5 29 74 95 121 142 162 210 241 258 276 321 350 363 396 428 448
 462 497 521 550 586 611 625 649 684 724 752
4 43 64 94 114 160 182 213 230 244 273 320 350 362 395 410 447
 471 504 513 547 589 613 623 657 683 723 751
3 38 75 106 117 140 186 205 238 243 282 315 350 361 393 409 446
 482 503 514 546 575 601 634 650 694 722 750
2 41 57 91 133 139 185 211 227 260 278 318 350 360 398 420 445
 459 492 537 545 574 606 622 664 693 721 749
1 40 73 87 110 149 174 196 237 268 287 319 350 359 388 425 437
 468 501 536 544 570 610 632 648 699 720 748
0 39 72 90 116 137 183 195 236 266 271 316 350 358 394 418 443
 483 500 535 543 572 609 631 673 679 719 747
25 50 58 92 115 154 177 194 234 265 270 314 350 357 386 417 453
 461 499 533 541 577 608 630 672 678 718 746
24 33 76 88 119 135 181 193 226 264 288 317 350 356 392 421 441
 460 489 538 548 584 607 633 671 677 717 745
23 36 69 89 113 151 184 199 222 254 294 300 350 355 391 406 457
 480 498 532 540 569 612 628 665 695 716 744
324 325 326 327 328 329 330 331 332 333 334 335 336 337 338 339 340
 341 342 343 344 345 346 347 348 349 350 756
8 41 59 85 132 152 164 205 235 266 285 323 327 363 387 412 452
 469 504 538 541 578 600 642 648 697 715 744
7 40 74 84 116 141 176 198 239 265 274 323 326 362 403 415 451
 460 503 537 540 585 599 637 663 696 714 743
6 39 57 83 130 150 162 203 233 264 283 323 325 361 385 410 450
 467 502 536 565 576 598 640 672 695 713 742
5 47 56 82 114 149 179 202 234 247 295 323 324 360 389 424 456
 466 498 535 561 575 597 636 671 691 712 741
4 50 76 81 128 148 186 199 231 250 281 323 349 359 397 422 448
 465 488 518 543 568 615 635 660 693 711 740
3 36 54 102 123 159 185 208 230 268 280 323 335 358 396 407 449
 464 499 529 562 571 595 633 668 681 710 739
2 35 79 105 126 158 174 204 229 248 271 323 346 357 381 421 446
 463 507 532 550 587 594 638 657 686 709 738
1 31 68 106 125 138 183 213 228 259 279 323 342 356 386 405 445
 481 497 515 560 590 604 628 667 690 708 737
0 33 77 103 124 144 182 197 227 258 277 323 345 355 379 430 444
 461 496 530 559 570 618 634 666 689 707 736
25 38 71 101 109 143 181 196 225 257 276 323 347 354 378 429 442
 471 508 534 558 569 609 626 664 688 706 735
24 45 75 104 118 142 171 214 232 256 275 323 343 353 382 406 447
 459 500 533 557 573 616 632 656 687 705 734
23 30 78 87 121 160 180 194 224 262 291 323 344 352 393 427 441
 475 493 527 551 567 606 631 652 692 704 733
22 29 73 99 120 140 178 193 223 254 273 323 341 351 401 426 440
 483 492 526 555 592 614 630 662 685 703 732
21 28 72 98 119 139 177 192 222 253 272 323 340 376 400 425 439
 482 491 525 554 591 613 629 661 684 702 731
20 27 61 97 129 154 163 211 226 252 287 323 339 375 390 428 438
 473 490 524 553 572 612 624 650 683 727 730
19 52 70 96 117 137 175 190 220 251 270 323 338 374 398 423 437
 480 489 523 552 589 611 627 659 682 726 729
18 34 69 95 127 136 166 189 221 260 282 323 337 373 402 411 443
 479 511 522 548 588 610 623 658 678 725 754
17 37 63 94 115 135 173 212 218 263 294 323 336 372 384 409 435
 478 501 531 556 581 602 622 673 680 724 753
16 49 67 89 110 146 172 195 217 255 293 323 348 371 383 420 436
 477 486 516 549 584 608 646 655 694 723 752
15 48 66 92 113 145 187 191 216 261 284 323 333 370 394 408 433
 476 494 519 563 574 607 625 670 699 722 751
14 44 55 93 112 151 170 200 241 246 292 323 329 369 399 418 432
 468 510 528 547 577 617 641 654 677 721 750
13 46 64 90 111 157 169 210 240 245 290 323 332 368 392 417 457
 474 509 517 546 583 605 621 653 676 720 749
12 51 58 88 122 156 168 209 238 244 289 323 334 367 391 416 455
 484 495 521 545 582 596 639 651 675 719 748
11 32 62 91 131 155 184 201 219 243 288 323 330 366 395 419 434
 472 487 520 544 586 603 645 669 700 718 747
10 43 65 100 108 147 167 207 237 249 278 323 331 365 380 414 454
 462 506 514 564 580 619 644 665 679 717 746
9 42 60 86 133 153 165 206 236 267 286 323 328 364 388 413 453
 470 505 513 542 579 601 643 649 698 716 745
297 298 299 300 301 302 303 304 305 306 307 308 309 310 311 312 313
 314 315 316 317 318 319 320 321 322 323 756
14 32 58 105 125 137 178 208 239 258 296 300 336 360 385 425 442
 477 511 514 551 573 615 621 670 683 715 745
13 31 57 104 124 136 177 207 238 257 296 299 335 359 384 424 441
 476 510 513 550 572 614 646 669 682 714 744
12 30 56 103 117 135 166 206 237 256 296 311 342 358 383 428 457
 465 494 528 541 587 613 645 664 685 713 743
11 29 55 102 122 160 175 205 236 255 296 297 333 357 382 422 439
 474 508 537 548 570 612 644 667 680 712 742
10 28 54 85 121 156 187 201 232 263 296 314 332 356 381 423 443
 473 492 536 547 569 618 643 663 694 711 741
9 27 79 88 118 138 173 191 234 266 296 321 325 355 399 420 451
 472 506 525 546 589 610 626 662 692 710 740
8 48 65 106 127 157 172 202 222 252 296 320 328 354 379 419 450
 483 501 533 545 567 611 637 660 677 709 739
7 51 76 86 123 145 163 210 227 251 296 309 344 353 378 418 435
 482 504 522 544 592 608 640 665 691 708 738
6 52 72 97 132 155 171 200 231 247 296 318 347 352 388 417 440
 462 503 532 562 581 607 623 655 675 707 737
5 49 75 96 116 154 169 199 230 249 296 317 327 351 402 416 433
 468 502 531 542 590 606 638 661 700 706 736
4 47 77 95 115 153 168 211 229 254 296 316 326 376 393 414 432
 467 487 529 552 584 604 642 653 699 705 735
3 50 73 94 133 152 167 203 228 261 296 306 330 375 400 421 436
 466 496 521 540 588 609 641 659 676 704 734
2 33 74 100 113 146 183 196 233 246 296 315 324 374 390 413 447
 484 499 517 556 591 603 635 658 697 703 733
1 45 71 92 112 150 165 195 226 245 296 313 349 373 398 412 455
 464 498 527 564 586 602 634 657 696 702 732
0 44 70 91 111 149 164 194 225 244 296 312 348 372 397 411 454
 463 497 526 563 585 601 633 656 695 727 731
25 43 69 90 130 148 179 193 224 243 296 298 329 371 396 415 444
 478 507 515 554 574 600 632 651 698 726 730
24 42 68 89 109 147 162 192 223 268 296 310 346 370 395 409 452
 461 495 524 561 583 599 631 654 693 725 729
23 41 67 98 108 143 174 214 219 250 296 301 345 369 394 410 456
 460 505 523 560 582 605 630 650 681 724 754
22 40 66 101 131 151 186 204 221 253 296 308 338 368 386 407 438
 459 493 538 559 576 597 639 649 679 723 753
21 35 78 93 114 144 185 189 235 265 296 307 341 367 392 406 437
 470 488 520 558 580 598 624 673 690 722 752
20 38 63 99 110 158 176 197 240 264 296 322 331 366 391 405 448
 469 491 535 557 579 595 627 652 678 721 751
19 39 59 84 119 142 184 213 218 260 296 305 334 365 401 430 453
 475 490 519 549 568 594 636 668 688 720 750
18 36 62 83 129 141 182 212 217 262 296 304 340 364 389 429 446
 481 489 518 555 577 619 625 648 687 719 749
17 34 64 82 128 140 181 198 216 267 296 303 339 363 380 427 445
 480 500 516 565 571 617 629 666 686 718 748
16 37 60 81 120 139 180 190 241 248 296 319 343 362 387 408 449
 479 509 534 553 575 596 628 672 689 717 747
15 46 61 87 126 159 170 209 220 259 296 302 337 361 403 426 434
 471 486 530 543 578 616 622 671 684 716 746
270 271 272 273 274 275 276 277 278 279 280 281 282 283 284 285 286
 287 288 289 290 291 292 293 294 295 296 756
5 31 78 98 110 151 181 212 231 269 273 309 333 358 398 415 450
 484 487 524 546 588 594 643 656 689 715 746
4 30 63 97 130 149 183 191 223 269 285 308 332 357 402 406 449
 482 486 523 545 586 619 641 666 688 714 745
3 48 72 101 108 154 179 198 229 269 277 307 348 356 401 413 448
 474 511 527 544 589 596 622 654 687 713 744
2 28 75 95 111 148 180 209 228 269 270 313 331 355 395 429 440
 470 501 538 549 572 617 640 670 681 712 743
1 27 74 94 132 147 177 208 227 269 295 305 329 354 394 411 446
 480 509 520 542 584 616 639 652 685 711 742
0 52 73 93 131 146 176 207 226 269 294 304 328 353 393 410 445
 479 508 519 541 583 615 638 651 684 710 741
25 45 57 100 120 145 175 206 221 269 293 303 340 352 392 409 434
 468 497 535 540 582 618 642 668 683 709 740
24 50 71 91 129 144 174 205 224 269 292 302 326 351 391 408 443
 477 506 517 565 581 613 636 649 682 708 739
23 49 55 90 128 150 173 213 220 269 288 311 343 376 390 407 442
 476 492 521 561 580 601 637 648 678 707 738
22 46 69 83 122 142 172 190 219 269 278 314 324 375 399 425 441
 465 504 529 563 579 599 634 673 686 706 737
21 29 64 86 126 143 184 202 217 269 289 306 349 374 384 405 452
 473 503 528 551 574 610 633 672 679 705 736
20 51 67 102 125 140 169 201 222 269 271 312 338 373 387 430 451
 462 494 513 556 577 598 632 671 693 704 735
19 34 66 105 114 139 165 197 238 269 287 297 347 372 396 414 457
 472 502 518 560 578 608 631 663 677 703 734
18 44 65 85 123 138 168 199 218 269 286 322 346 371 385 428 437
 471 500 537 559 575 607 630 669 676 702 733
17 43 76 84 117 136 170 204 236 269 272 321 345 370 389 419 436
 469 499 536 558 573 606 628 653 675 727 732
16 35 59 88 121 141 166 211 216 269 290 320 335 369 388 426 435
 461 498 514 557 576 609 635 667 700 726 731
15 41 62 82 124 135 167 196 241 269 283 300 344 368 382 416 453
 483 488 525 562 585 604 627 657 694 725 730
14 40 61 81 119 160 164 195 240 269 282 318 342 367 381 424 433
 467 496 533 555 571 603 626 665 698 724 729
13 39 60 106 118 159 163 194 239 269 281 317 341 366 380 423 432
 466 495 532 554 570 602 625 664 697 723 754
12 32 70 87 133 158 162 193 234 269 280 316 327 365 379 422 447
 481 510 522 553 569 605 629 655 696 722 753
11 37 58 104 116 157 187 192 237 269 279 315 339 364 378 421 456
 464 493 530 552 568 600 623 662 695 721 752
10 36 68 103 115 137 186 200 233 269 275 298 330 363 403 420 455
 463 505 534 548 567 614 624 661 691 720 751
9 33 56 96 109 155 185 203 232 269 291 301 337 362 386 412 454
 478 491 516 550 592 612 621 660 699 719 750
8 42 77 99 113 156 171 189 230 269 276 319 336 361 397 418 439
 460 490 515 564 587 597 646 659 692 718 749
7 38 54 89 112 153 182 214 235 269 284 299 325 360 400 417 438
 475 507 526 543 590 611 645 658 680 717 748
6 47 79 92 127 152 178 210 225 269 274 310 334 359 383 427 444
 459 489 531 547 591 595 644 650 690 716 747
243 244 245 246 247 248 249 250 251 252 253 254 255 256 257 258 259
 260 261 262 263 264 265 266 267 268 269 756
4 51 71 83 124 154 185 204 242 246 282 306 331 371 388 423 457
 460 497 519 561 567 616 629 662 680 715 747
3 35 70 82 122 153 184 195 242 264 281 304 329 370 387 428 442
 459 501 517 560 592 618 623 661 692 714 746
2 49 69 81 129 152 187 202 242 244 280 309 347 369 386 409 451
 475 500 520 564 570 614 627 653 684 713 745
1 39 61 86 121 158 182 192 242 243 274 303 343 368 402 420 454
 484 494 529 558 581 615 630 659 677 712 744
0 47 67 105 120 150 181 200 242 268 278 302 327 367 384 419 453
 482 493 515 557 589 612 625 658 676 711 743
25 46 66 104 119 149 180 199 242 267 277 301 326 366 383 418 452
 481 492 514 556 588 611 624 657 675 710 742
24 37 55 103 123 148 183 198 242 262 276 300 341 365 398 417 436
 467 491 513 563 578 610 639 650 700 709 741
23 44 64 102 117 147 178 197 242 265 275 299 324 364 381 416 450
 479 490 538 554 586 609 622 655 699 708 740
22 43 63 98 118 156 166 196 242 261 271 305 349 363 393 424 434
 470 489 537 553 590 608 621 654 695 707 739
21 42 62 100 115 159 164 214 242 260 279 297 338 362 379 427 448
 477 498 536 546 572 607 641 651 685 706 738
20 41 73 88 114 151 175 194 242 258 272 298 346 361 378 413 443
 476 509 531 549 571 619 645 660 696 705 737
19 40 72 93 113 157 163 193 242 263 286 321 335 360 395 412 446
 465 486 534 565 582 604 644 656 678 704 736
18 32 78 97 112 142 173 203 242 253 270 320 345 359 403 408 445
 474 495 535 542 587 600 633 665 694 703 735
17 38 58 96 111 141 172 191 242 259 295 319 344 358 401 410 444
 473 510 532 548 580 603 642 649 693 702 734
16 48 57 95 109 140 171 208 242 251 294 317 342 357 400 415 455
 472 488 530 547 579 605 636 648 679 727 733
15 36 56 94 116 139 174 189 242 257 293 322 334 356 399 422 438
 462 487 533 551 583 601 640 666 697 726 732
14 52 74 99 108 145 169 205 242 256 287 316 330 355 389 407 441
 471 507 516 545 568 602 643 672 690 725 731
13 34 54 92 133 137 168 213 242 255 291 315 340 354 397 406 440
 469 506 528 544 576 599 638 671 689 724 730
12 33 79 91 132 136 167 212 242 254 290 314 339 353 396 405 439
 468 505 527 543 575 598 637 670 688 723 729
11 50 68 90 110 135 170 211 242 249 289 313 328 352 385 430 449
 480 504 526 550 591 597 626 663 687 722 754
10 31 77 89 130 160 165 210 242 252 288 312 337 351 394 429 437
 466 503 525 541 573 596 635 668 686 721 753
9 30 76 85 131 143 179 209 242 248 284 318 336 376 380 411 447
 483 502 524 540 577 595 634 667 682 720 752
8 29 75 87 128 146 177 201 242 247 292 310 325 375 392 414 435
 464 511 523 559 585 594 628 664 698 719 751
7 28 60 101 127 138 162 207 242 245 285 311 333 374 391 426 456
 463 496 518 562 584 606 632 673 683 718 750
6 27 59 106 126 144 176 206 242 250 273 308 348 373 382 425 433
 478 499 521 552 569 617 631 669 691 717 749
5 45 65 84 125 155 186 190 242 266 283 307 332 372 390 421 432
 461 508 522 555 574 613 646 652 681 716 748
216 217 218 219 220 221 222 223 224 225 226 227 228 229 230 231 232
 233 234 235 236 237 238 239 240 241 242 756
24 44 56 97 127 158 177 215 219 255 279 304 344 361 396 430 433
 470 492 534 540 589 602 635 653 679 715 748
23 43 68 88 126 146 187 215 218 251 287 303 327 360 397 429 432
 474 491 533 562 588 598 634 649 685 714 747
22 37 54 95 125 144 175 215 217 267 290 322 330 359 394 412 447
 482 490 532 561 585 606 626 651 677 713 746
21 41 79 94 120 155 170 215 216 252 276 299 348 358 393 423 455
 481 502 517 559 568 599 632 665 678 712 745
20 40 70 83 123 143 173 215 241 260 275 315 328 357 392 426 444
 466 487 516 564 590 613 631 670 675 711 744
19 29 78 92 124 153 172 215 233 250 271 318 339 356 391 409 454
 471 509 522 554 573 597 641 648 700 710 743
18 38 76 91 121 152 171 215 239 249 273 298 338 355 390 424 453
 464 486 528 560 583 596 629 673 699 709 742
17 32 75 90 119 151 182 215 223 261 278 297 337 354 388 428 451
 463 488 527 552 582 595 646 672 697 708 741
16 36 74 106 122 154 165 215 237 253 285 301 336 353 395 427 443
 467 510 526 558 574 594 627 671 676 707 740
15 39 64 89 131 149 168 215 227 246 270 321 342 352 387 421 439
 478 511 518 557 580 614 643 650 696 706 739
14 34 72 87 117 148 167 215 235 245 295 320 334 351 386 420 449
 460 508 524 556 579 618 625 669 695 705 738
13 33 71 86 116 147 166 215 234 244 294 319 333 376 385 419 448
 459 507 523 555 578 617 624 668 694 704 737
12 48 60 98 115 150 176 215 225 243 293 300 332 375 389 418 437
 475 506 538 550 571 616 623 667 693 703 736
11 31 69 84 114 145 164 215 232 268 292 317 331 374 383 417 446
 483 505 521 553 576 615 622 666 692 702 735
10 30 55 101 113 159 174 215 231 264 274 316 340 373 384 416 445
 461 504 520 549 575 611 621 662 698 727 734
9 50 67 82 112 157 162 215 230 254 277 309 343 372 381 425 434
 469 503 519 548 572 619 639 664 690 726 733
8 28 66 81 133 142 183 215 229 265 289 312 335 371 380 410 442
 468 489 530 546 581 612 645 652 691 725 732
7 27 57 96 110 156 186 215 228 247 288 302 341 370 379 413 457
 479 500 529 551 577 600 644 657 688 724 731
6 42 65 105 111 140 185 215 220 263 284 305 326 369 378 422 441
 484 496 535 541 586 610 628 661 687 723 730
5 51 63 104 108 139 184 215 226 262 286 311 325 368 403 411 440
 477 499 515 547 570 609 642 660 686 722 729
4 45 62 103 132 138 169 215 236 248 291 310 324 367 401 415 438
 476 501 514 565 569 608 633 659 684 721 754
3 49 61 93 109 141 178 215 224 266 272 314 349 366 382 414 456
 480 497 513 545 587 607 640 658 689 720 753
2 52 77 102 118 136 181 215 240 259 283 308 329 365 400 408 452
 465 498 531 544 567 601 630 663 683 719 752
1 47 59 100 130 135 180 215 222 258 282 307 347 364 399 407 436
 473 495 537 543 592 605 638 656 682 718 751
0 46 58 99 129 160 179 215 221 257 281 306 346 363 398 406 435
 472 494 536 542 591 604 637 655 681 717 750
25 35 73 85 128 137 163 215 238 256 280 313 345 362 402 405 450
 462 493 525 563 584 603 636 654 680 716 749
189 190 191 192 193 194 195 196 197 198 199 200 201 202 203 204 205
 206 207 208 209 210 211 212 213 214 215 756
17 29 70 100 131 150 188 192 228 252 277 317 334 369 403 406 443
 465 507 513 562 575 608 626 652 699 715 749
16 28 69 105 117 160 188 203 227 250 276 316 328 368 401 405 434
 464 506 531 561 577 607 624 656 697 714 748
15 27 73 86 109 148 188 212 230 253 292 315 332 367 380 430 441
 463 498 537 560 573 611 642 655 678 713 747
14 33 67 97 128 138 188 189 225 262 275 305 335 366 400 409 457
 483 504 536 552 574 596 638 649 696 712 746
13 51 66 96 127 146 188 214 224 248 273 313 330 365 399 428 439
 461 503 535 558 571 604 622 648 695 711 745
12 50 65 95 126 145 188 213 223 247 272 312 329 364 398 427 438
 460 502 534 557 570 603 621 673 694 710 744
11 49 72 94 125 136 188 197 226 246 284 301 344 363 397 426 437
 459 495 529 546 569 619 636 672 698 709 743
10 48 63 93 124 143 188 211 221 245 270 310 327 362 396 425 436
 484 500 532 555 568 601 645 671 692 708 742
9 31 62 101 120 142 188 195 235 244 287 322 326 361 402 421 435
 480 499 528 554 567 605 644 670 693 707 741
8 34 55 104 110 141 188 209 233 243 294 308 346 360 394 423 453
 462 496 527 553 592 613 633 653 690 706 740
7 52 58 90 121 140 188 204 218 264 293 307 324 359 395 411 433
 481 505 525 564 578 612 641 664 689 705 739
6 32 74 89 129 139 188 207 232 267 282 298 349 358 392 416 432
 469 501 530 563 589 597 630 667 688 704 738
5 43 77 85 119 157 188 206 216 268 291 306 338 357 391 420 442
 479 510 520 543 585 602 640 650 687 703 737
4 42 57 87 118 137 188 205 241 265 290 304 347 356 390 419 456
 478 494 526 549 588 595 639 665 686 702 736
3 41 56 92 130 147 188 190 240 263 289 303 341 355 388 418 447
 477 493 518 548 590 594 637 669 684 727 735
2 40 60 99 122 135 188 199 217 266 279 302 345 354 393 417 454
 476 511 524 547 586 598 629 668 691 726 734
1 46 54 84 115 151 188 202 238 249 288 318 348 353 387 422 444
 470 491 523 565 587 609 625 662 683 725 733
0 38 79 83 114 159 188 201 237 261 286 300 343 352 386 415 452
 474 490 522 545 584 617 635 661 682 724 732
25 37 78 82 113 158 188 200 236 260 285 299 342 351 385 414 451
 473 489 521 544 583 616 634 660 681 723 731
24 36 59 81 112 149 188 210 239 259 271 314 331 376 384 413 450
 472 508 516 559 582 606 623 659 685 722 730
23 35 76 106 111 156 188 198 234 258 283 297 340 375 383 412 449
 471 487 519 542 581 614 632 658 679 721 729
22 44 75 88 133 155 188 208 222 257 274 309 339 374 389 408 448
 467 486 515 541 580 618 631 657 680 720 754
21 47 68 91 123 154 188 196 220 256 281 321 333 373 381 410 440
 475 509 514 540 579 600 646 666 677 719 753
20 39 71 103 108 153 188 191 231 251 280 320 337 372 382 424 446
 468 492 538 551 591 599 628 651 676 718 752
19 45 61 102 116 152 188 194 219 254 295 311 336 371 379 429 445
 482 488 517 550 576 610 643 654 675 717 751
18 30 64 98 132 144 188 193 229 255 278 319 325 370 378 407 455
 466 497 533 556 572 615 627 663 700 716 750
162 163 164 165 166 167 168 169 170 171 172 173 174 175 176 177 178
 179 180 181 182 183 184 185 186 187 188 756
2 43 73 104 123 161 165 201 225 250 290 307 342 376 379 416 438
 480 486 535 548 581 599 625 672 692 715 750
1 32 72 103 118 161 164 204 224 254 289 322 333 375 378 409 453
 479 502 516 547 580 611 635 671 681 714 749
0 41 71 102 121 161 163 199 223 248 288 305 340 374 403 414 436
 478 510 533 546 579 597 623 670 690 713 748
25 40 77 98 117 161 162 213 232 249 284 304 339 373 399 413 435
 477 488 532 545 578 614 633 652 676 712 747
24 29 69 106 116 161 180 211 235 246 286 303 338 372 389 410 455
 476 496 525 544 587 595 621 655 688 711 746
23 37 70 99 114 161 186 196 227 245 274 314 337 371 400 419 433
 462 495 528 565 572 594 642 667 687 710 745
22 52 67 87 119 161 185 210 233 244 279 313 336 370 382 415 432
 473 506 518 542 575 609 645 666 678 709 744
21 36 66 97 109 161 169 194 218 243 283 319 328 369 398 424 447
 469 511 521 543 584 618 644 662 686 708 743
20 35 65 96 115 161 183 193 217 268 282 299 334 368 397 408 456
 472 504 527 540 573 617 643 664 684 707 742
19 33 63 95 133 161 174 192 216 266 281 298 344 367 383 407 450
 474 503 526 564 577 616 628 669 683 706 741
18 51 68 94 113 161 181 195 241 247 280 297 332 366 401 425 454
 470 507 530 541 576 606 637 650 682 705 740
17 47 62 88 112 161 171 190 221 265 285 315 348 365 394 405 457
 471 492 524 550 570 615 640 661 698 704 739
16 31 61 92 111 161 179 189 239 264 278 321 330 364 393 430 452
 468 500 523 562 569 613 639 660 680 703 738
15 30 60 91 110 161 178 214 238 263 277 320 329 363 392 429 451
 467 499 522 561 568 612 638 659 679 702 737
14 45 59 90 131 161 177 191 237 267 276 309 346 362 391 422 440
 466 489 529 560 567 598 622 658 694 727 736
13 28 58 89 108 161 176 212 236 261 275 318 327 361 390 427 449
 465 497 520 559 592 610 636 657 677 726 735
12 27 64 85 130 161 175 200 219 262 271 317 326 360 386 426 448
 464 501 519 558 591 601 646 665 689 725 734
11 42 56 93 129 161 167 198 222 259 273 316 325 359 402 423 442
 463 509 538 557 574 608 634 668 675 724 733
10 50 57 86 127 161 173 209 240 258 287 301 324 358 387 406 446
 475 508 515 552 585 607 629 654 700 723 732
9 39 54 100 132 161 172 197 220 257 292 300 349 357 395 428 445
 460 493 531 555 588 596 632 653 691 722 731
8 49 79 84 122 161 182 207 231 256 270 306 341 356 385 411 434
 482 498 534 556 571 605 631 649 699 721 730
7 48 78 83 128 161 170 206 230 255 295 312 347 355 384 421 443
 459 491 514 553 586 604 630 651 697 720 729
6 46 76 82 120 161 187 205 229 253 294 311 331 354 396 420 437
 461 490 513 551 590 603 641 656 696 719 754
5 38 55 81 126 161 168 208 228 260 293 310 345 353 388 412 441
 483 494 517 554 589 619 624 663 695 718 753
4 34 75 101 125 161 184 203 234 252 272 302 335 352 381 418 444
 484 505 537 563 583 602 627 648 685 717 752
3 44 74 105 124 161 166 202 226 251 291 308 343 351 380 417 439
 481 487 536 549 582 600 626 673 693 716 751
135 136 137 138 139 140 141 142 143 144 145 146 147 148 149 150 151
 152 153 154 155 156 157 158 159 160 161 756
16 46 77 96 134 138 174 198 223 263 280 315 349 352 389 411 453
 459 508 521 554 572 598 645 665 677 715 751
15 45 76 95 134 137 173 197 222 262 279 314 348 351 388 410 452
 484 507 520 553 571 597 644 664 676 714 750
14 31 75 94 134 158 172 196 221 251 286 298 341 376 387 427 456
 461 506 519 543 586 612 633 663 675 713 749
13 43 74 93 134 135 171 195 220 260 277 312 346 375 386 408 450
 482 505 518 551 569 595 642 662 700 712 748
12 34 57 89 134 157 179 194 226 259 276 322 345 374 382 407 451
 470 504 514 555 581 594 641 661 699 711 747
11 41 60 105 134 156 182 193 218 253 295 310 342 373 390 406 448
 468 503 516 563 567 609 640 653 682 710 746
10 40 78 90 134 154 168 205 219 257 272 305 325 372 383 405 447
 479 498 530 562 592 617 625 659 693 709 745
9 29 58 98 134 159 167 190 216 256 288 308 347 371 397 430 446
 467 501 535 547 583 606 624 658 696 708 744
8 38 69 88 134 149 163 212 241 245 291 307 330 370 381 422 445
 477 502 513 552 591 616 630 668 679 707 743
7 37 68 87 134 155 165 189 240 254 271 306 340 369 380 428 444
 476 499 538 545 589 615 636 656 694 706 742
6 36 67 99 134 147 170 191 238 248 270 317 339 368 379 412 442
 475 497 537 544 588 613 635 673 698 705 741
5 52 66 91 134 153 177 213 217 252 274 300 331 367 378 426 449
 478 500 536 548 587 605 634 654 697 704 740
4 35 72 84 134 152 162 214 237 255 294 303 337 366 398 416 441
 473 509 515 559 577 601 626 670 691 703 739
3 33 64 83 134 151 187 211 236 250 293 302 336 365 402 424 440
 472 495 534 541 585 611 632 652 690 702 738
2 32 63 82 134 150 186 210 235 249 292 301 335 364 401 423 439
 471 494 533 540 584 610 631 651 689 727 737
1 44 62 81 134 145 185 209 234 264 273 311 328 363 400 414 443
 474 493 532 556 573 599 646 650 688 726 736
0 30 61 106 134 148 184 208 233 247 290 299 333 362 399 421 437
 469 492 531 564 582 608 629 649 687 725 735
25 47 70 102 134 144 166 207 239 246 289 309 332 361 395 420 438
 483 491 527 542 568 607 628 648 686 724 734
24 28 73 92 134 143 169 206 231 266 282 297 329 360 403 419 435
 481 490 529 550 580 596 627 666 695 723 733
23 27 65 103 134 141 181 192 232 244 285 318 338 359 396 418 434
 466 511 517 549 579 604 638 672 680 722 732
22 42 71 85 134 146 180 203 229 243 275 321 334 358 384 417 433
 480 488 522 560 570 619 637 671 683 721 731
21 51 56 101 134 136 176 199 228 258 278 320 343 357 394 409 432
 464 489 526 565 578 603 643 655 692 720 730
20 50 55 100 134 142 178 202 227 267 284 319 327 356 393 415 457
 463 486 525 558 576 602 623 669 681 719 729
19 49 54 86 134 160 183 204 225 261 283 304 326 355 392 425 455
 462 510 524 557 575 600 622 660 685 718 754
18 39 79 104 134 140 164 200 230 265 287 313 344 354 391 413 436
 465 487 523 561 574 618 621 667 684 717 753
17 48 59 97 134 139 175 201 224 268 281 316 324 353 385 429 454
 460 496 528 546 590 614 639 657 678 716 752
108 109 110 111 112 113 114 115 116 117 118 119 120 121 122 123 124
 125 126 127 128 129 130 131 132 133 134 756
19 50 69 107 111 147 171 196 236 253 288 322 325 362 384 426 432
 481 494 527 545 571 618 638 650 691 715 752
18 49 60 107 119 143 167 208 232 252 271 321 324 361 398 422 457
 461 493 526 544 581 617 642 651 690 714 751
17 42 67 107 122 145 183 194 240 249 274 320 349 360 396 421 440
 479 487 525 559 569 616 624 648 682 713 750
16 45 66 107 108 159 168 193 233 258 292 306 344 359 381 419 451
 480 491 524 541 590 601 623 673 688 712 749
15 35 55 107 133 138 176 210 221 254 272 317 347 358 395 424 454
 477 490 523 556 567 600 634 672 687 711 748
14 38 64 107 129 142 166 192 231 263 283 313 348 357 379 414 437
 476 505 515 540 592 606 639 671 697 710 747
13 44 63 107 131 141 165 190 230 247 282 316 345 356 378 420 452
 475 488 521 565 591 612 632 670 685 709 746
12 43 62 107 110 140 177 189 229 246 281 318 343 355 403 412 456
 473 508 531 563 576 611 631 668 676 708 745
11 47 78 107 117 139 169 214 228 264 280 314 346 354 380 418 455
 478 486 519 555 585 610 635 649 683 707 744
10 41 61 107 128 144 162 204 222 244 286 315 329 353 401 417 449
 472 489 535 551 588 602 646 667 699 706 743
9 40 59 107 127 137 187 212 226 243 278 312 341 352 400 416 448
 471 510 517 561 587 608 628 666 681 705 742
8 39 58 107 126 136 186 211 225 268 277 311 340 351 399 415 447
 470 509 516 560 586 607 627 665 680 704 741
7 46 70 107 125 135 185 200 224 261 276 310 339 376 402 410 446
 469 498 533 549 570 596 643 669 679 703 740
6 37 56 107 124 160 184 209 223 266 275 309 338 375 397 413 445
 468 507 514 558 584 605 625 663 678 702 739
5 36 73 107 132 156 180 195 219 265 284 308 337 374 385 409 444
 474 506 513 557 568 604 629 664 677 727 738
4 29 54 107 109 158 170 207 227 262 287 307 336 373 383 408 453
 466 500 538 546 582 603 637 661 695 726 737
3 32 79 107 121 146 181 206 220 245 279 319 331 372 394 406 438
 467 504 537 554 577 614 636 660 675 725 736
2 48 68 107 120 151 163 197 234 267 285 304 334 371 382 411 441
 464 503 536 543 580 613 621 659 700 724 735
1 51 77 107 116 155 179 205 218 250 270 300 335 370 392 427 450
 463 492 528 553 579 619 626 658 684 723 734
0 31 76 107 118 154 178 203 217 260 295 303 332 369 391 407 439
 462 501 534 552 578 599 645 657 698 722 733
25 30 75 107 123 153 164 202 216 259 294 305 330 368 390 425 443
 460 495 518 550 589 598 644 655 689 721 732
24 34 65 107 130 152 182 201 241 251 293 301 333 367 393 405 442
 465 499 532 542 572 597 622 662 696 720 731
23 28 74 107 115 157 175 191 235 257 273 302 342 366 388 430 436
 459 502 522 564 575 615 633 654 686 719 730
22 27 72 107 114 150 174 199 239 256 291 299 328 365 387 429 435
 484 497 530 548 574 595 641 653 694 718 729
21 52 71 107 113 149 173 198 238 255 290 298 327 364 386 428 434
 483 496 529 547 573 594 640 652 693 717 754
20 33 57 107 112 148 172 213 237 248 289 297 326 363 389 423 433
 482 511 520 562 583 609 630 656 692 716 753
81 82 83 84 85 86 87 88 89 90 91 92 93 94 95 96 97
 98 99 100 101 102 103 104 105 106 107 756
23 42 80 84 120 144 169 209 226 261 295 298 335 357 399 405 454
 467 500 518 544 591 611 623 664 694 715 753
22 41 80 96 129 145 168 200 225 245 294 297 343 356 395 430 450
 466 499 514 543 587 610 629 652 698 714 752
21 40 80 82 132 142 165 207 224 259 293 317 346 355 397 419 449
 484 492 522 552 577 609 621 650 680 713 751
20 52 80 81 124 141 174 206 235 254 288 321 332 354 385 427 447
 464 495 515 563 588 608 622 661 679 712 750
19 37 80 98 130 140 170 195 234 257 291 320 331 353 390 416 452
 463 511 529 540 570 607 645 649 690 711 749
18 33 80 106 115 139 179 204 240 256 292 309 327 352 394 426 442
 473 488 513 549 586 599 644 659 695 710 748
17 36 80 104 114 138 163 203 220 255 289 318 329 351 393 425 448
 461 494 538 564 585 605 643 658 688 709 747
16 38 80 103 113 136 162 202 219 266 287 312 334 376 392 423 440
 478 493 537 542 571 615 641 657 687 708 746
15 34 80 102 112 143 180 192 218 249 290 316 341 375 391 415 446
 459 497 536 541 589 603 646 660 691 707 745
14 35 80 92 118 135 186 201 236 252 273 319 326 374 396 411 445
 475 491 530 561 582 619 640 655 676 706 744
13 32 80 100 110 160 185 199 216 251 285 314 325 373 389 421 444
 483 490 534 560 581 601 639 654 684 705 743
12 31 80 99 109 159 184 198 241 250 284 313 324 372 388 420 443
 482 489 533 559 580 600 638 653 683 704 742
11 30 80 88 108 137 177 210 230 260 283 302 349 371 387 409 438
 481 496 532 558 579 617 637 656 699 703 741
10 29 80 97 133 157 182 196 239 248 282 311 348 370 386 418 441
 480 487 531 557 578 598 636 651 681 702 740
9 28 80 83 116 158 181 213 238 258 281 310 330 369 382 417 437
 479 486 527 556 574 597 642 665 685 727 739
8 27 80 95 119 155 178 194 237 246 280 304 333 368 384 406 436
 471 505 535 565 590 596 634 663 693 726 738
7 39 80 94 111 154 187 193 222 267 275 308 345 367 398 414 434
 477 508 528 550 575 595 635 648 692 725 737
6 50 80 85 117 153 183 208 221 244 278 307 344 366 403 429 439
 476 498 516 553 583 594 632 662 677 724 736
5 46 80 93 128 152 166 191 227 243 279 322 340 365 381 413 455
 460 501 526 562 573 612 631 672 682 723 735
4 49 80 91 127 151 176 190 233 268 276 305 342 364 380 412 435
 474 507 525 551 572 618 630 671 675 722 734
3 51 80 90 126 149 175 189 232 253 274 299 347 363 379 410 453
 465 506 524 555 584 602 628 670 700 721 733
2 47 80 89 125 156 167 205 231 262 277 303 328 362 378 428 433
 472 510 523 554 576 616 633 673 678 720 732
1 48 80 105 131 148 173 214 223 265 286 306 339 361 383 424 432
 462 504 517 548 569 606 627 668 689 719 731
0 45 80 87 123 147 172 212 229 264 272 301 338 360 402 408 457
 470 503 521 547 568 614 626 667 697 718 730
25 44 80 86 122 146 171 211 228 263 271 300 337 359 401 407 456
 469 502 520 546 567 613 625 666 696 717 729
24 43 80 101 121 150 164 197 217 247 270 315 336 358 400 422 451
 468 509 519 545 592 604 624 669 686 716 754
54 55 56 57 58 59 60 61 62 63 64 65 66 67 68 69 70
 71 72 73 74 75 76 77 78 79 80 756
15 53 57 93 117 142 182 199 234 268 271 308 330 372 378 427 440
 473 491 517 564 584 596 637 667 698 715 754
14 53 56 86 132 157 181 214 233 249 270 307 340 371 393 426 443
 472 490 521 563 570 595 628 657 693 714 753
13 53 55 91 115 140 180 197 232 266 295 306 328 370 402 425 438
 471 489 515 562 582 594 635 665 696 713 752
12 53 54 90 127 139 163 196 231 265 294 302 338 369 401 421 452
 467 497 516 542 573 619 634 669 692 712 751
11 53 79 87 113 154 166 190 223 258 293 318 326 368 400 429 450
 469 500 513 560 580 602 633 651 691 711 750
10 53 74 96 112 136 184 194 229 261 279 303 347 367 385 422 435
 483 486 538 561 579 613 632 650 689 710 749
9 53 77 92 129 151 164 193 228 251 290 311 324 366 384 410 449
 462 511 537 558 568 616 631 661 694 709 748
8 53 78 101 111 135 175 208 238 254 286 301 349 365 390 420 433
 466 507 536 557 577 599 623 666 684 708 747
7 53 75 85 109 160 174 191 226 260 289 300 348 364 396 419 432
 465 509 535 556 576 614 629 659 690 707 746
6 53 73 84 108 158 173 211 217 259 291 312 333 363 395 418 457
 464 488 533 554 575 618 639 658 682 706 745
5 53 76 102 133 150 172 189 224 263 287 304 342 362 394 417 434
 463 495 514 559 591 617 627 662 688 705 744
4 53 59 82 123 146 178 192 240 257 288 297 345 361 386 411 455
 468 506 532 553 574 611 643 673 687 704 743
3 53 71 81 131 156 170 213 222 256 285 322 344 360 392 415 454
 461 505 531 552 572 610 625 655 686 703 742
2 53 70 106 130 155 169 212 221 255 284 321 343 359 391 414 453
 460 504 530 551 571 609 624 654 685 702 741
1 53 69 99 119 144 168 201 220 262 283 320 327 358 380 413 456
 459 503 534 550 583 608 641 670 680 727 740
0 53 68 104 128 153 167 210 219 253 282 319 341 357 389 412 451
 484 502 528 549 569 607 622 652 683 726 739
25 53 67 103 114 152 176 209 218 252 281 315 325 356 388 408 439
 480 510 529 555 586 606 621 656 679 725 738
24 53 66 100 126 141 179 203 236 245 280 305 339 355 387 416 437
 482 487 526 547 567 615 646 664 678 724 737
23 53 61 83 125 149 171 207 216 248 292 316 334 354 398 409 448
 470 499 525 548 592 600 645 663 676 723 736
22 53 64 105 116 138 177 206 241 264 277 298 337 353 397 423 436
 475 498 524 545 581 603 644 648 681 722 735
21 53 65 88 124 148 162 195 225 267 273 314 336 352 403 407 446
 479 494 523 544 590 612 636 653 697 721 734
20 53 62 98 122 147 187 204 239 247 276 313 335 351 383 406 445
 478 496 522 543 589 601 642 672 677 720 733
19 53 60 97 121 145 186 198 230 246 278 299 346 376 382 405 444
 477 501 520 541 588 605 626 671 695 719 732
18 53 63 89 120 137 185 202 237 250 274 317 329 375 381 430 447
 476 508 527 546 578 604 640 649 675 718 731
17 53 72 95 110 159 165 205 227 244 275 310 332 374 399 424 442
 481 493 519 540 587 598 630 660 700 717 730
16 53 58 94 118 143 183 200 235 243 272 309 331 373 379 428 441
 474 492 518 565 585 597 638 668 699 716 729
27 28 29 30 31 32 33 34 35 36 37 38 39 40 41 42 43
 44 45 46 47 48 49 50 51 52 53 756
26 30 66 90 115 155 172 207 241 244 281 303 345 351 400 413 446
 464 490 537 557 569 610 640 671 690 715 729
26 29 65 89 114 154 171 206 240 243 280 302 344 376 399 412 445
 463 489 536 556 568 609 639 670 689 714 754
26 28 64 88 113 153 170 205 239 268 279 301 343 375 398 411 444
 462 488 535 555 567 608 638 669 688 713 753
26 27 63 87 112 152 169 204 238 267 278 300 342 374 397 410 443
 461 487 534 554 592 607 637 668 687 712 752
26 52 62 86 111 151 168 203 237 266 277 299 341 373 396 409 442
 460 486 533 553 591 606 636 667 686 711 751
26 51 61 85 110 150 167 202 236 265 276 298 340 372 395 408 441
 459 511 532 552 590 605 635 666 685 710 750
26 50 60 84 109 149 166 201 235 264 275 297 339 371 394 407 440
 484 510 531 551 589 604 634 665 684 709 749
26 49 59 83 108 148 165 200 234 263 274 322 338 370 393 406 439
 483 509 530 550 588 603 633 664 683 708 748
26 48 58 82 133 147 164 199 233 262 273 321 337 369 392 405 438
 482 508 529 549 587 602 632 663 682 707 747
26 47 57 81 132 146 163 198 232 261 272 320 336 368 391 430 437
 481 507 528 548 586 601 631 662 681 706 746
26 46 56 106 131 145 162 197 231 260 271 319 335 367 390 429 436
 480 506 527 547 585 600 630 661 680 705 745
26 45 55 105 130 144 187 196 230 259 270 318 334 366 389 428 435
 479 505 526 546 584 599 629 660 679 704 744
26 44 54 104 129 143 186 195 229 258 295 317 333 365 388 427 434
 478 504 525 545 583 598 628 659 678 703 743
26 43 79 103 128 142 185 194 228 257 294 316 332 364 387 426 433
 477 503 524 544 582 597 627 658 677 702 742
26 42 78 102 127 141 184 193 227 256 293 315 331 363 386 425 432
 476 502 523 543 581 596 626 657 676 727 741
26 41 77 101 126 140 183 192 226 255 292 314 330 362 385 424 457
 475 501 522 542 580 595 625 656 675 726 740
26 40 76 100 125 139 182 191 225 254 291 313 329 361 384 423 456
 474 500 521 541 579 594 624 655 700 725 739
26 39 75 99 124 138 181 190 224 253 290 312 328 360 383 422 455
 473 499 520 540 578 619 623 654 699 724 738
26 38 74 98 123 137 180 189 223 252 289 311 327 359 382 421 454
 472 498 519 565 577 618 622 653 698 723 737
26 37 73 97 122 136 179 214 222 251 288 310 326 358 381 420 453
 471 497 518 564 576 617 621 652 697 722 736
26 36 72 96 121 135 178 213 221 250 287 309 325 357 380 419 452
 470 496 517 563 575 616 646 651 696 721 735
26 35 71 95 120 160 177 212 220 249 286 308 324 356 379 418 451
 469 495 516 562 574 615 645 650 695 720 734
26 34 70 94 119 159 176 211 219 248 285 307 349 355 378 417 450
 468 494 515 561 573 614 644 649 694 719 733
26 33 69 93 118 158 175 210 218 247 284 306 348 354 403 416 449
 467 493 514 560 572 613 643 648 693 718 732
26 32 68 92 117 157 174 209 217 246 283 305 347 353 402 415 448
 466 492 513 559 571 612 642 673 692 717 731
26 31 67 91 116 156 173 208 216 245 282 304 346 352 401 414 447
 465 491 538 558 570 611 641 672 691 716 730
0 1 2 3 4 5 6 7 8 9 10 11 12 13 14 15 16
 17 18 19 20 21 22 23 24 25 26 756
3 39 63 88 128 145 180 214 217 254 276 318 324 373 386 419 437
 463 510 530 542 583 613 644 663 701 715 730
2 38 62 87 127 144 179 213 216 253 275 317 349 372 385 418 436
 462 509 529 541 582 612 643 662 701 714 729
1 33 78 104 126 156 178 191 241 252 278 316 338 371 395 417 435
 469 508 518 540 571 601 636 661 701 713 754
0 36 60 85 125 142 177 211 240 251 273 315 347 370 383 416 434
 460 507 527 565 580 610 641 660 701 712 753
25 32 64 84 124 159 183 212 222 247 287 311 346 369 393 412 433
 459 506 526 548 579 596 640 659 701 711 752
24 31 72 83 133 140 175 209 225 249 285 319 345 368 381 428 432
 478 498 520 551 568 608 637 658 701 710 751
23 29 71 82 118 139 176 208 237 263 270 312 330 367 402 413 444
 481 504 524 543 576 607 646 653 701 709 750
22 34 56 81 121 154 173 207 236 268 284 300 329 366 379 421 455
 471 503 523 549 591 598 642 656 701 708 749
21 50 61 99 130 137 172 206 232 246 294 310 335 365 378 411 451
 474 487 538 560 575 606 625 657 701 707 748
20 30 54 105 119 136 171 205 234 245 293 309 341 364 403 410 454
 480 501 521 559 574 604 635 654 701 706 747
19 48 79 89 123 135 169 203 239 244 292 308 340 363 388 422 456
 479 492 515 558 572 603 634 652 701 705 746
18 28 57 103 122 151 174 210 220 243 295 307 339 362 397 414 452
 483 499 519 557 590 602 626 655 701 704 745
17 27 68 93 116 160 168 202 231 248 290 301 331 361 400 407 453
 477 489 522 563 586 618 632 664 701 703 744
16 52 76 101 115 158 167 201 230 267 289 305 337 360 399 406 450
 476 497 517 555 570 600 631 650 701 702 743
15 51 75 100 114 157 166 200 229 266 288 304 336 359 398 405 449
 475 496 516 554 569 599 630 649 701 727 742
14 46 65 91 113 143 165 204 228 265 291 303 325 358 382 430 448
 482 495 531 553 584 614 623 648 701 726 741
13 49 73 98 112 155 164 198 227 264 286 302 334 357 396 429 447
 473 494 514 552 567 597 628 673 701 725 740
12 45 77 97 111 146 170 199 235 260 274 298 333 356 380 425 446
 472 493 513 561 592 609 627 672 701 724 739
11 44 59 96 120 153 162 196 238 262 272 306 332 355 394 415 445
 465 511 533 564 581 595 624 671 701 723 738
10 42 58 95 131 152 163 195 224 250 283 299 343 354 389 426 457
 468 491 537 556 589 594 633 666 701 722 737
9 47 69 94 108 141 186 194 223 255 271 313 342 353 392 408 442
 484 490 536 562 578 611 629 669 701 721 736
8 37 74 86 117 150 185 193 219 259 281 297 348 352 391 424 438
 461 500 525 547 588 619 638 670 701 720 735
7 43 67 92 132 149 184 192 221 258 280 322 328 351 390 423 441
 467 488 534 546 587 617 622 667 701 719 734
6 35 66 102 110 148 182 190 226 257 279 321 327 376 401 409 443
 466 505 528 545 585 616 621 665 701 718 733
5 41 70 90 109 138 187 197 233 256 282 320 326 375 384 427 439
 470 486 532 544 577 615 639 668 701 717 732
4 40 55 106 129 147 181 189 218 261 277 314 344 374 387 420 440
 464 502 535 550 573 605 645 651 701 716 731
675 676 677 678 679 680 681 682 683 684 685 686 687 688 689 690 691
 692 693 694 695 696 697 698 699 700 701 756
12 36 61 101 118 153 187 190 227 249 291 297 346 359 392 410 436
 483 503 515 556 586 617 636 674 678 715 731
11 52 64 100 109 152 186 189 234 248 286 312 345 358 391 425 435
 467 492 527 549 590 616 625 674 677 714 730
10 34 59 99 116 151 185 214 225 247 289 321 344 357 390 408 434
 481 501 513 554 584 615 634 674 676 713 729
9 38 73 105 115 147 184 210 224 246 285 320 340 356 398 407 433
 465 500 530 553 585 598 646 674 675 712 754
8 46 71 97 114 137 167 192 217 264 284 309 342 355 401 427 432
 479 499 537 550 582 601 632 674 700 711 753
7 45 56 98 113 148 178 211 220 244 282 317 330 354 387 405 453
 474 510 536 559 581 619 631 674 686 710 752
6 30 70 95 112 156 181 199 236 243 287 306 335 353 386 430 456
 477 509 525 555 580 599 622 674 697 709 751
5 35 54 94 130 146 164 209 239 253 277 316 339 352 382 419 457
 476 489 534 564 579 610 630 674 693 708 750
4 28 79 93 110 145 179 208 219 267 283 315 338 351 384 428 454
 475 495 533 548 578 609 628 674 696 707 749
3 27 78 91 120 157 183 207 218 258 275 313 337 376 389 422 452
 460 494 532 547 576 608 627 674 698 706 748
2 31 55 96 108 149 182 206 222 265 281 305 336 375 396 426 455
 469 493 522 565 583 607 626 674 694 705 747
1 42 76 90 124 142 176 200 216 255 280 301 341 374 381 429 438
 472 511 531 545 575 613 642 674 695 704 746
0 50 75 89 132 141 175 204 241 263 279 311 334 373 380 424 450
 471 491 529 544 574 605 624 674 692 703 745
25 49 74 88 131 140 174 203 240 262 278 310 333 372 379 423 449
 470 490 528 543 573 604 623 674 691 702 744
24 39 77 87 122 139 173 202 221 261 273 299 332 371 378 412 448
 480 505 514 562 577 603 638 674 690 727 743
23 47 72 86 129 138 172 201 238 260 276 308 331 370 403 421 447
 468 488 526 541 571 602 621 674 689 726 742
22 51 60 92 128 160 171 197 237 259 272 307 327 369 385 420 446
 478 487 517 540 572 611 633 674 688 725 741
21 33 58 84 127 150 180 205 230 251 271 322 329 368 388 414 445
 466 486 524 563 569 614 645 674 687 724 740
20 32 69 85 126 135 165 198 233 257 295 304 343 367 400 418 440
 461 497 523 546 568 606 644 674 699 723 739
19 43 57 82 125 143 168 212 223 256 274 319 348 366 399 417 443
 464 496 538 542 567 612 635 674 684 722 738
18 48 67 81 117 159 177 196 226 266 290 303 326 365 395 406 444
 463 502 521 551 592 597 643 674 680 721 737
17 41 66 106 123 158 166 195 232 254 270 302 325 364 397 415 441
 462 508 520 561 591 596 641 674 683 720 736
16 40 65 104 133 144 170 194 231 245 288 300 324 363 402 409 439
 473 507 519 560 589 595 640 674 685 719 735
15 44 68 83 121 136 169 193 235 252 294 318 349 362 383 413 442
 482 506 535 552 570 594 639 674 681 718 734
14 29 63 103 111 155 163 213 229 268 293 314 328 361 394 416 451
 459 498 518 558 588 600 629 674 682 717 733
13 37 62 102 119 154 162 191 228 250 292 298 347 360 393 411 437
 484 504 516 557 587 618 637 674 679 716 732
648 649 650 651 652 653 654 655 656 657 658 659 660 661 662 663 664
 665 666 667 668 669 670 671 672 673 674 756
9 34 74 91 126 160 163 200 222 264 270 319 332 365 383 409 456
 476 488 529 559 590 609 647 651 687 715 732
8 33 73 90 125 159 162 199 221 263 295 318 331 364 382 408 455
 475 487 528 558 589 608 647 650 686 714 731
7 32 77 106 114 143 177 190 236 262 294 313 334 363 381 407 454
 468 486 517 557 588 607 647 662 693 713 730
6 31 71 88 123 157 186 197 219 261 293 316 329 362 380 406 453
 473 511 526 556 587 606 647 648 684 712 729
5 30 72 92 122 141 185 196 218 267 292 312 343 361 379 405 436
 472 507 538 552 583 614 647 665 683 711 754
4 48 69 100 121 155 174 195 238 259 275 311 341 360 378 430 439
 469 489 524 542 585 617 647 672 676 710 753
3 28 68 99 132 150 182 194 216 260 286 309 326 359 399 416 457
 478 508 523 553 573 603 647 671 679 709 752
2 27 67 84 131 153 171 193 241 257 289 314 340 358 402 427 437
 474 496 514 561 578 602 647 660 695 708 751
1 37 66 89 111 152 181 211 230 256 272 304 324 357 403 423 448
 483 506 522 551 582 598 647 669 698 707 750
0 51 65 82 117 151 180 191 239 255 287 310 349 356 400 426 447
 467 505 520 550 581 600 647 668 678 706 749
25 42 63 81 116 136 178 201 233 253 291 302 348 355 398 428 446
 466 504 519 562 580 605 647 667 677 705 748
24 49 70 85 115 145 170 189 237 258 290 308 325 354 401 424 445
 484 503 518 554 579 612 647 657 681 704 747
23 39 62 96 133 148 166 205 240 252 284 307 346 353 384 425 451
 464 497 534 547 584 597 647 666 675 703 746
22 47 61 104 113 147 176 213 235 251 283 306 345 352 396 422 443
 463 501 516 546 577 596 647 664 700 702 745
21 46 60 103 112 146 175 212 234 250 282 305 344 351 395 421 442
 462 500 515 545 576 595 647 663 699 727 744
20 45 64 93 127 156 164 203 223 249 281 300 347 376 394 420 441
 481 499 530 544 575 594 647 649 680 726 743
19 44 58 101 110 144 173 210 232 248 280 303 342 375 393 419 440
 460 498 513 543 574 619 647 661 697 725 742
18 43 59 105 109 154 172 209 231 254 279 299 330 374 392 418 449
 459 494 525 565 570 601 647 652 696 724 741
17 35 56 87 108 142 187 208 225 246 288 298 328 373 391 417 452
 482 502 537 555 572 604 647 659 689 723 740
16 41 55 86 119 137 169 207 229 247 273 322 339 372 386 429 444
 465 495 536 540 586 616 647 658 692 722 739
15 40 54 97 118 140 184 206 228 244 276 301 327 371 389 414 450
 461 509 527 548 591 615 647 673 682 721 738
14 50 79 102 124 139 168 198 217 243 285 317 337 370 390 410 435
 470 493 535 564 569 611 647 656 685 720 737
13 38 78 95 130 138 167 204 226 268 274 297 336 369 387 413 434
 480 492 533 563 568 613 647 655 691 719 736
12 29 76 94 129 149 165 214 220 266 278 315 335 368 385 415 433
 479 491 532 549 567 618 647 654 690 718 735
11 36 57 98 128 158 183 202 224 245 277 321 338 367 388 411 432
 471 490 531 541 592 599 647 670 694 717 734
10 52 75 83 120 135 179 192 227 265 271 320 333 366 397 412 438
 477 510 521 560 571 610 647 653 688 716 733
621 622 623 624 625 626 627 628 629 630 631 632 633 634 635 636 637
 638 639 640 641 642 643 644 645 646 647 756
7 47 64 99 133 136 173 195 237 243 292 305 338 356 382 429 449
 461 502 532 563 582 620 624 660 684 715 733
6 51 55 98 131 135 172 194 235 268 290 315 337 355 381 414 448
 481 500 534 542 574 620 636 659 683 714 732
5 50 62 97 123 160 176 193 238 245 271 303 336 354 399 423 452
 459 505 530 549 580 620 628 658 699 713 731
4 44 78 89 119 150 187 198 221 266 289 319 330 353 379 426 446
 462 499 531 560 579 620 621 664 682 712 730
3 43 60 95 129 158 169 191 233 265 288 301 334 352 378 425 445
 483 498 528 559 578 620 646 656 680 711 729
2 42 59 94 128 157 168 190 232 264 287 300 333 351 403 424 444
 482 497 527 558 577 620 645 655 679 710 754
1 41 58 83 117 146 184 189 231 267 291 317 332 376 396 408 451
 471 496 526 557 572 620 644 654 691 709 753
0 40 57 92 126 155 166 214 230 262 285 298 331 375 401 422 442
 480 495 525 556 575 620 643 653 677 708 752
25 39 56 91 125 141 170 210 229 250 286 297 327 374 400 406 441
 479 501 524 564 571 620 639 662 694 707 751
24 48 74 90 114 153 178 212 228 248 283 322 335 373 397 420 434
 473 493 523 541 570 620 629 665 675 706 750
23 33 54 101 122 152 177 200 223 259 282 321 328 372 380 415 437
 477 494 535 553 568 620 640 657 700 705 749
22 36 79 100 111 143 162 205 226 247 281 320 342 371 402 418 453
 476 491 520 552 573 620 622 663 689 704 748
21 45 63 106 121 151 167 209 227 257 280 312 326 370 385 417 456
 465 490 516 548 589 620 638 648 698 703 747
20 34 77 86 120 149 186 208 224 256 279 318 325 369 395 416 436
 474 489 519 550 569 620 637 673 697 702 746
19 38 68 85 118 148 185 207 222 255 277 302 324 368 394 427 435
 468 487 521 555 587 620 623 672 696 727 745
18 37 75 84 110 147 163 206 225 258 284 316 349 367 386 410 439
 472 492 517 562 567 620 641 671 686 726 744
17 31 65 102 132 137 174 211 234 253 276 306 343 366 392 413 433
 475 486 518 547 592 620 634 651 695 725 743
16 30 73 82 116 145 182 204 220 252 275 314 347 365 391 412 432
 470 511 515 546 591 620 633 669 693 724 742
15 29 72 81 115 144 181 203 219 251 274 313 346 364 390 411 457
 469 510 514 545 590 620 632 668 692 723 741
14 28 71 96 130 159 171 202 218 254 278 304 345 363 383 421 438
 484 509 513 544 585 620 631 667 678 722 740
13 27 70 105 113 142 179 201 217 249 272 311 344 362 388 409 455
 467 508 538 543 588 620 630 666 690 721 739
12 52 69 104 112 154 183 197 216 263 273 310 340 361 387 419 454
 466 488 537 551 584 620 626 649 681 720 738
11 35 61 103 127 140 165 199 241 261 270 309 348 360 384 407 447
 460 506 536 554 583 620 642 652 688 719 737
10 46 67 88 109 139 164 213 236 246 295 308 341 359 393 428 450
 464 507 522 540 581 620 627 670 687 718 736
9 49 66 87 124 156 175 192 239 260 294 307 329 358 389 405 440
 463 504 533 565 586 620 635 650 676 717 735
8 32 76 93 108 138 180 196 240 244 293 299 339 357 398 430 443
 478 503 529 561 576 620 625 661 685 716 734
594 595 596 597 598 599 600 601 602 603 604 605 606 607 608 609 610
 611 612 613 614 615 616 617 618 619 620 756
20 37 72 106 109 146 168 210 216 265 278 311 329 355 402 422 434
 475 505 536 555 593 597 633 657 682 715 734
19 36 77 91 108 150 166 209 241 267 272 310 341 354 386 421 433
 473 504 535 546 593 615 632 655 680 714 733
18 35 58 100 124 149 169 213 219 263 276 302 333 353 400 420 432
 480 503 538 553 593 595 631 660 698 713 732
17 51 69 103 133 143 178 207 230 264 279 308 326 352 390 412 437
 472 509 533 543 593 594 625 654 694 712 731
16 33 68 102 131 142 164 206 238 261 274 307 325 351 398 418 456
 471 501 532 551 593 619 629 653 678 711 730
15 32 67 101 130 141 163 205 237 260 273 306 324 376 397 417 455
 470 500 531 550 593 618 628 652 677 710 729
14 47 66 85 116 140 162 212 227 259 288 299 349 375 388 406 454
 474 499 534 549 593 613 627 651 692 709 754
13 30 65 99 128 139 187 203 235 258 271 304 348 374 395 415 453
 468 498 529 548 593 616 626 650 675 708 753
12 42 73 83 119 138 186 202 239 257 270 303 344 373 394 414 449
 469 507 517 547 593 612 622 656 700 707 752
11 28 76 97 126 147 185 195 221 256 290 300 334 372 393 413 451
 466 510 515 565 593 611 630 648 689 706 751
10 27 62 92 125 158 180 198 220 268 294 309 345 371 392 424 439
 465 502 526 545 593 609 623 649 697 705 750
9 44 61 95 114 135 183 214 231 253 293 305 327 370 391 423 444
 464 508 514 544 593 614 637 672 686 704 749
8 52 57 94 123 144 184 191 236 249 282 314 343 369 383 429 448
 463 493 524 554 593 604 621 671 696 703 748
7 50 59 93 122 159 181 197 229 252 291 298 342 368 389 409 447
 462 492 523 542 593 610 646 670 695 702 747
6 49 64 104 121 137 179 196 228 254 285 297 328 367 399 408 446
 460 491 522 559 593 602 645 668 693 727 746
5 48 71 87 111 136 182 200 232 250 289 315 346 366 387 407 445
 467 490 525 540 593 608 644 673 685 726 745
4 38 56 90 120 156 165 194 217 251 292 321 339 365 403 425 450
 459 496 520 556 593 607 638 667 681 725 744
3 46 55 89 118 155 177 193 225 248 287 320 338 364 385 405 443
 484 488 519 564 593 606 642 666 691 724 743
2 45 54 88 117 154 176 192 224 247 286 319 337 363 384 430 442
 483 487 518 563 593 605 641 665 690 723 742
1 34 79 98 129 153 175 199 240 246 275 312 336 362 401 419 441
 461 486 521 562 593 600 640 664 679 722 741
0 43 78 86 115 152 174 190 222 245 284 317 335 361 382 428 440
 481 511 516 561 593 603 639 663 688 721 740
25 29 60 96 132 151 173 189 226 244 283 316 331 360 381 427 436
 482 494 530 560 593 599 635 669 687 720 739
24 41 63 84 113 160 172 208 234 243 277 313 347 359 380 426 438
 479 497 528 552 593 598 643 661 676 719 738
23 40 75 105 112 145 167 211 233 255 281 322 332 358 379 411 452
 478 489 513 558 593 596 636 662 684 718 737
22 31 74 82 127 148 170 201 218 266 280 318 340 357 378 410 457
 477 495 527 557 593 601 624 659 699 717 736
21 39 70 81 110 157 171 204 223 262 295 301 330 356 396 416 435
 476 506 537 541 593 617 634 658 683 716 735
567 568 569 570 571 572 573 574 575 576 577 578 579 580 581 582 583
 584 585 586 587 588 589 590 591 592 593 756
10 45 79 82 119 141 183 189 238 251 284 302 328 375 395 407 448
 478 509 528 566 570 606 630 655 695 715 735
9 46 78 81 123 140 182 211 237 247 283 298 334 374 394 419 439
 477 497 538 566 569 602 638 654 678 714 734
8 43 61 96 131 139 181 210 234 255 275 300 326 373 388 405 446
 476 495 526 566 568 618 641 673 681 713 733
7 42 72 104 130 151 166 208 217 248 281 314 327 372 392 430 445
 471 506 521 566 567 603 627 650 699 712 732
6 41 75 93 115 136 165 213 239 262 280 319 324 371 391 421 434
 474 494 524 566 592 611 626 666 679 711 731
5 40 58 103 120 158 171 203 222 246 290 297 349 370 380 429 443
 475 504 523 566 584 601 622 669 690 710 730
4 39 73 102 113 135 177 209 232 245 278 322 348 369 389 427 442
 472 503 522 566 590 600 624 649 689 709 729
3 37 77 100 112 137 176 201 231 244 295 321 346 368 383 426 441
 470 502 533 566 574 612 629 648 688 708 754
2 44 76 92 116 159 175 207 223 243 276 320 325 367 387 425 457
 473 505 516 566 588 604 636 652 687 707 753
1 36 70 88 127 160 167 206 229 263 292 299 345 366 390 415 440
 482 500 519 566 578 597 621 672 693 706 752
0 35 69 98 109 157 173 205 228 267 274 318 344 365 385 423 438
 468 499 518 566 586 596 646 671 685 705 751
25 34 68 97 108 156 172 204 227 266 273 317 343 364 384 422 437
 467 498 517 566 585 595 645 670 684 704 750
24 38 67 86 124 155 187 199 220 265 272 316 342 363 399 411 449
 466 501 527 566 576 594 644 651 683 703 749
23 32 66 95 132 154 170 202 225 264 271 315 341 362 382 420 435
 465 496 515 566 583 619 643 668 682 702 748
22 33 65 94 110 153 169 198 224 260 270 311 347 361 381 406 452
 464 510 525 566 582 615 625 667 691 727 747
21 30 74 83 118 152 168 197 221 268 288 313 339 360 401 418 433
 463 508 513 566 581 605 628 660 694 726 746
20 29 59 91 117 138 179 195 230 261 294 301 340 359 379 417 432
 484 493 534 566 580 616 640 663 686 725 745
19 28 62 106 128 149 178 200 226 249 293 306 337 358 378 408 447
 461 507 537 566 579 598 639 653 692 724 744
18 27 71 90 133 145 184 190 235 259 277 310 336 357 393 416 456
 462 491 536 566 571 614 635 656 677 723 743
17 52 60 89 126 148 164 196 219 258 291 309 335 356 402 414 455
 459 490 535 566 577 613 637 662 676 722 742
16 50 64 87 125 150 163 214 218 257 282 308 333 355 396 413 454
 483 489 520 566 587 599 642 661 675 721 741
15 31 63 105 129 146 162 194 236 256 289 307 338 354 400 412 444
 460 492 529 566 575 617 623 665 700 720 740
14 49 57 101 114 147 180 193 216 250 279 312 332 353 403 428 453
 469 487 532 566 591 610 634 659 680 719 739
13 48 56 85 122 144 186 192 241 254 287 305 331 352 398 410 451
 481 486 531 566 573 609 633 658 698 718 738
12 47 55 84 121 143 185 191 240 253 286 304 330 351 397 409 450
 480 511 530 566 572 608 632 657 697 717 737
11 51 54 99 111 142 174 212 233 252 285 303 329 376 386 424 436
 479 488 514 566 589 607 631 664 696 716 736
540 541 542 543 544 545 546 547 548 549 550 551 552 553 554 555 556
 557 558 559 560 561 562 563 564 565 566 756
18 52 55 92 114 156 162 211 224 257 275 301 348 368 380 421 451
 482 501 539 543 579 603 628 668 685 715 736
17 50 54 83 113 155 180 210 226 256 273 305 346 367 379 420 456
 468 511 539 554 578 601 627 667 679 714 735
16 29 79 90 112 147 186 209 222 260 291 304 327 366 378 424 437
 460 499 539 563 581 604 643 666 683 713 734
15 49 58 106 132 153 185 201 223 245 287 298 345 365 384 418 448
 479 489 539 540 576 613 626 656 686 712 733
14 48 77 88 110 152 184 207 220 253 271 297 344 364 402 417 447
 478 497 539 565 575 599 624 664 681 711 732
13 47 76 87 109 151 183 206 219 252 270 322 343 363 401 416 446
 477 496 539 564 574 598 623 663 680 710 731
12 46 75 86 108 144 178 195 218 268 285 321 347 362 400 423 445
 476 487 539 548 577 597 635 652 695 709 730
11 45 74 85 133 149 181 204 217 250 294 320 341 361 399 414 444
 475 494 539 562 572 596 621 661 678 708 729
10 51 70 84 129 148 177 203 216 254 293 319 342 360 382 413 452
 471 493 539 546 586 595 638 673 677 707 754
9 43 72 102 111 145 176 202 241 262 282 302 339 359 385 406 455
 461 492 539 560 584 594 645 659 697 706 753
8 44 60 82 130 154 174 213 227 261 290 313 338 358 403 409 441
 472 491 539 555 569 615 644 658 675 705 752
7 41 65 81 118 150 179 212 238 246 279 316 337 357 383 425 440
 480 490 539 558 583 618 633 649 700 704 751
6 40 69 91 128 159 169 192 234 251 289 299 336 356 394 428 436
 470 508 539 557 567 619 642 657 689 703 750
5 39 68 105 127 143 175 198 237 244 288 314 335 355 393 408 438
 469 488 539 556 592 616 641 655 698 702 749
4 37 67 96 126 142 167 197 239 243 286 318 333 354 392 407 443
 481 498 539 541 591 614 640 654 692 727 748
3 42 66 103 125 160 173 196 235 247 278 317 340 353 391 411 450
 473 486 539 550 568 617 630 653 696 726 747
2 36 71 93 119 140 172 214 236 258 274 311 332 352 397 405 435
 466 502 539 553 589 600 639 669 699 725 746
1 35 64 101 123 139 171 194 233 266 284 310 331 351 389 430 434
 465 510 539 552 588 612 637 651 694 724 745
0 34 63 100 122 138 170 193 232 265 283 309 330 376 388 429 433
 464 509 539 551 587 611 636 650 693 723 744
25 33 62 99 121 157 165 208 231 255 272 308 334 375 387 410 432
 463 500 539 561 590 610 622 665 682 722 743
24 32 61 98 120 136 168 191 230 263 281 307 328 374 386 427 457
 462 507 539 549 585 609 634 648 691 721 742
23 38 57 97 116 135 164 190 229 267 280 306 329 373 395 426 439
 484 506 539 559 573 608 625 660 690 720 741
22 30 59 89 124 158 163 189 228 249 295 315 326 372 398 419 442
 474 505 539 547 571 607 632 672 684 719 740
21 31 73 95 117 141 187 200 240 248 277 300 325 371 390 422 454
 459 504 539 542 582 602 631 671 688 718 739
20 28 78 94 131 137 166 199 225 259 292 303 324 370 396 412 453
 467 503 539 545 570 605 646 662 687 717 738
19 27 56 104 115 146 182 205 221 264 276 312 349 369 381 415 449
 483 495 539 544 580 606 629 670 676 716 737
513 514 515 516 517 518 519 520 521 522 523 524 525 526 527 528 529
 530 531 532 533 534 535 536 537 538 539 756
25 28 65 87 129 135 184 197 230 248 274 321 341 353 394 424 455
 474 512 516 552 576 601 641 658 693 715 737
24 27 58 102 128 151 165 196 229 260 284 320 330 352 383 423 454
 469 512 515 555 575 605 640 673 684 714 736
23 52 63 85 127 159 182 195 228 246 272 319 339 351 392 422 453
 472 512 514 550 574 599 639 656 691 713 735
22 48 62 84 126 137 181 194 227 263 282 301 325 376 391 428 449
 468 512 513 564 583 600 635 655 690 712 734
21 38 59 104 125 145 174 193 236 244 270 304 337 375 380 420 457
 467 512 531 562 586 597 637 654 689 711 733
20 49 68 82 111 144 177 214 221 243 291 316 336 374 388 421 450
 465 512 537 547 578 596 625 665 688 710 732
19 31 64 81 122 155 167 191 224 258 294 315 327 373 403 418 438
 470 512 536 561 584 595 630 664 687 709 731
18 47 73 96 118 160 170 192 233 267 293 311 335 372 387 417 448
 460 512 520 545 569 594 634 670 679 708 730
17 46 57 105 121 153 176 189 222 266 292 313 333 371 386 416 447
 466 512 534 544 568 619 633 650 685 707 729
16 32 56 99 123 152 175 213 226 265 277 318 332 370 384 414 446
 484 512 525 543 567 617 632 649 695 706 754
15 50 74 103 119 156 179 190 225 255 286 299 331 369 402 419 445
 464 512 532 546 592 598 631 648 683 705 753
14 43 54 106 120 141 173 199 219 264 289 310 347 368 398 413 439
 463 512 522 541 572 616 636 666 699 704 752
13 42 79 101 117 149 172 211 218 262 288 309 329 367 382 412 443
 462 512 530 540 590 615 629 672 681 703 751
12 41 78 100 116 148 171 210 217 261 287 308 328 366 381 411 442
 461 512 529 565 589 614 628 671 680 702 750
11 40 71 89 115 138 178 209 216 247 271 307 343 365 396 410 441
 482 512 528 542 588 618 627 660 697 727 749
10 39 76 98 114 146 169 208 241 259 285 306 326 364 379 409 440
 459 512 527 563 587 612 626 669 678 726 748
9 35 75 97 113 150 168 207 240 250 295 314 338 363 378 415 436
 481 512 526 551 570 613 622 668 677 725 747
8 51 72 91 112 158 187 206 223 257 283 317 324 362 393 407 444
 480 512 518 549 573 610 624 667 676 724 746
7 36 55 95 124 157 164 201 234 256 278 303 349 361 401 408 437
 478 512 524 560 591 609 638 652 675 723 745
6 44 77 94 109 142 180 204 237 245 281 302 340 360 390 405 451
 483 512 523 548 571 608 643 651 700 722 744
5 34 60 83 131 147 183 205 220 254 280 298 348 359 400 430 435
 473 512 533 558 582 607 621 657 692 721 743
4 33 70 92 108 140 163 202 235 253 279 300 346 358 399 429 434
 479 512 521 557 581 606 646 663 698 720 742
3 45 69 86 110 139 162 200 239 252 290 305 345 357 397 427 433
 471 512 538 556 580 604 645 662 682 719 741
2 37 61 90 132 143 166 203 238 268 273 312 344 356 389 406 432
 477 512 519 559 579 611 644 661 696 718 740
1 30 67 93 133 154 186 212 232 251 276 297 334 355 385 426 452
 476 512 535 554 585 603 623 653 686 717 739
0 29 66 88 130 136 185 198 231 249 275 322 342 354 395 425 456
 475 512 517 553 577 602 642 659 694 716 738
486 487 488 489 490 491 492 493 494 495 496 497 498 499 500 501 502
 503 504 505 506 507 508 509 510 511 512 756
1 38 60 102 108 157 170 203 221 247 294 314 326 367 397 428 447
 485 489 525 549 574 614 631 666 700 715 738
0 37 59 101 133 156 169 202 220 246 293 313 325 366 396 427 446
 485 488 524 548 573 613 630 665 699 714 737
25 36 76 105 110 155 168 192 235 261 282 312 324 365 382 426 445
 485 509 523 547 572 602 637 649 692 713 736
24 35 57 99 131 154 167 200 218 244 291 311 349 364 394 425 444
 485 486 522 546 571 611 628 663 697 712 735
23 31 56 100 119 153 163 204 230 243 290 310 348 363 385 408 440
 485 508 530 545 577 610 627 673 696 711 734
22 39 55 97 117 152 165 212 216 258 289 302 331 362 392 411 456
 485 507 533 544 569 604 646 661 693 710 733
21 32 54 96 128 147 179 211 241 266 274 308 342 361 391 429 441
 485 505 519 556 570 608 623 656 676 709 732
20 46 79 95 116 150 184 196 232 255 273 307 345 360 380 409 449
 485 510 518 541 567 607 639 659 698 708 731
19 30 71 94 126 151 162 201 240 265 279 317 328 359 389 420 439
 485 500 514 563 592 596 642 658 681 707 730
18 29 77 93 125 148 187 194 238 264 285 305 343 358 388 419 438
 485 506 516 540 591 605 622 657 691 706 729
17 28 61 91 124 146 186 193 237 262 284 322 347 357 387 418 450
 485 498 521 542 589 599 621 668 690 705 754
16 27 75 98 127 149 185 197 236 254 283 303 346 356 403 417 442
 485 504 528 564 568 603 625 651 682 704 753
15 47 65 90 122 158 164 208 226 250 275 319 340 355 386 423 435
 485 503 513 565 588 606 645 654 688 703 752
14 51 73 89 121 144 183 190 234 260 281 301 339 354 384 415 434
 485 502 538 562 587 601 644 653 687 702 751
13 50 72 88 120 143 182 189 233 259 280 300 338 353 383 414 433
 485 501 537 561 586 600 643 652 686 727 750
12 49 63 92 123 142 181 205 222 248 295 299 337 352 395 413 432
 485 496 536 560 585 615 624 662 679 726 749
11 48 70 86 118 141 180 213 231 257 278 298 336 351 381 412 457
 485 499 535 559 584 598 641 650 684 725 748
10 44 69 87 132 140 176 191 217 256 277 297 335 376 398 421 453
 485 495 517 558 590 597 640 660 683 724 747
9 52 68 84 130 139 178 199 229 245 276 315 344 375 379 424 443
 485 494 520 557 582 617 633 648 680 723 746
8 45 67 83 115 160 166 198 228 253 287 321 329 374 378 416 454
 485 492 532 543 583 595 636 669 689 722 745
7 33 66 82 129 137 171 209 219 268 286 320 332 373 393 422 436
 485 497 531 554 580 594 626 672 685 721 744
6 43 58 81 113 138 175 214 227 252 292 304 341 372 402 407 452
 485 487 527 550 579 609 629 671 694 720 743
5 42 64 106 112 135 174 207 225 251 272 318 330 371 401 406 451
 485 493 529 553 578 618 635 670 678 719 742
4 41 74 104 111 159 173 206 224 249 271 309 334 370 400 405 437
 485 511 534 555 576 612 634 655 677 718 741
3 40 62 85 114 136 172 210 223 267 270 316 333 369 390 430 455
 485 491 515 551 581 616 638 664 695 717 740
2 34 78 103 109 145 177 195 239 263 288 306 327 368 399 410 448
 485 490 526 552 575 619 632 667 675 716 739
459 460 461 462 463 464 465 466 467 468 469 470 471 472 473 474 475
 476 477 478 479 480 481 482 483 484 485 756
11 33 75 81 130 143 176 194 220 267 287 299 340 370 401 420 458
 462 498 522 547 587 604 639 673 676 715 739
10 47 71 106 110 142 175 193 230 266 291 300 339 369 400 411 458
 470 494 518 559 583 603 622 672 675 714 738
9 45 70 89 128 136 174 208 218 265 273 297 331 368 393 418 458
 473 496 534 545 591 600 625 671 700 713 737
8 30 68 100 129 140 173 190 239 250 272 322 337 367 396 417 458
 459 510 519 544 584 609 643 657 695 712 736
7 44 73 103 126 139 172 205 216 249 283 321 336 366 386 406 458
 484 489 527 561 572 605 623 668 698 711 735
6 28 63 86 125 154 164 189 241 255 288 320 346 365 389 415 458
 480 493 517 543 582 614 634 664 699 710 734
5 27 69 101 124 137 170 214 240 261 281 319 334 364 395 414 458
 482 492 516 541 581 598 633 667 696 709 733
4 52 61 105 122 157 180 212 225 260 280 317 325 363 394 413 458
 461 491 528 540 580 597 632 669 694 708 732
3 29 67 104 127 135 168 204 234 259 284 298 332 362 398 429 458
 468 490 520 565 579 615 631 665 697 707 731
2 50 66 98 121 138 184 200 237 251 295 316 348 361 392 412 458
 479 495 513 555 573 595 637 666 680 706 730
1 49 65 97 120 159 166 210 236 257 277 315 330 360 391 410 458
 478 488 538 563 577 594 629 663 692 705 729
0 48 64 96 119 158 165 209 235 256 276 314 329 359 390 409 458
 477 487 537 562 576 619 628 662 691 704 754
25 51 59 95 118 147 182 198 219 245 292 318 328 358 397 421 458
 476 486 536 551 575 612 627 661 690 703 753
24 46 62 94 117 156 163 207 233 254 274 312 327 357 388 407 458
 475 511 535 560 574 617 626 660 689 702 752
23 34 58 93 123 155 162 206 217 253 278 313 326 356 387 424 458
 483 507 531 546 570 616 635 659 688 727 751
22 32 57 102 115 149 187 195 231 252 286 310 344 355 380 405 458
 460 509 521 558 578 613 638 658 687 726 750
21 43 55 87 116 153 186 203 226 263 285 309 324 354 383 430 458
 472 497 532 557 571 596 630 670 682 725 749
20 31 60 90 113 152 185 192 229 262 270 308 349 353 399 419 458
 471 502 514 548 585 618 636 655 685 724 748
19 41 76 99 112 141 177 202 228 268 275 307 333 352 402 428 458
 467 506 530 556 569 601 621 651 686 723 747
18 40 56 88 111 150 183 201 227 248 294 306 347 351 382 427 458
 469 505 529 554 568 611 646 654 683 722 746
17 39 74 92 109 144 167 199 238 247 293 304 338 376 381 426 458
 474 504 515 553 567 610 645 656 681 721 745
16 42 54 91 114 148 181 191 221 246 271 311 345 375 385 416 458
 481 503 533 552 592 602 644 652 684 720 744
15 37 79 85 108 151 171 213 224 264 282 303 335 374 379 425 458
 466 508 526 542 586 608 624 653 693 719 743
14 36 78 84 133 146 179 197 223 244 290 302 343 373 378 423 458
 465 501 525 550 590 607 642 650 679 718 742
13 35 77 83 132 145 178 196 222 243 289 301 342 372 403 422 458
 464 500 524 549 589 606 641 649 678 717 741
12 38 72 82 131 160 169 211 232 258 279 305 341 371 384 408 458
 463 499 523 564 588 599 640 648 677 716 740
432 433 434 435 436 437 438 439 440 441 442 443 444 445 446 447 448
 449 450 451 452 453 454 455 456 457 458 756
6 48 54 103 116 149 167 193 240 260 272 313 343 374 393 431 435
 471 495 520 560 577 612 646 649 686 715 740
5 44 79 99 115 148 163 192 236 259 278 301 347 373 392 431 447
 480 496 519 551 576 596 645 648 694 714 739
4 46 68 98 133 141 171 201 226 258 270 299 329 372 391 431 433
 483 493 516 558 575 610 644 668 697 713 738
3 34 76 96 113 144 164 212 237 257 271 310 328 371 403 431 432
 475 492 525 557 586 605 639 672 683 712 737
2 39 65 101 112 160 178 189 219 256 294 298 339 370 388 431 449
 481 491 521 546 585 608 642 671 682 711 736
1 43 75 91 122 137 162 198 235 248 293 308 344 369 384 431 457
 466 490 530 555 591 607 643 660 678 710 735
0 42 74 97 110 143 187 213 234 254 292 307 337 368 387 431 455
 465 489 514 554 571 606 640 669 680 709 734
25 41 72 89 127 142 186 191 220 264 290 306 336 367 389 431 454
 464 487 513 553 570 617 638 663 685 708 733
24 40 64 95 108 146 185 190 238 252 295 309 340 366 385 431 453
 463 494 531 543 569 600 641 667 692 707 732
23 45 60 94 124 140 179 210 231 268 289 304 325 365 386 431 443
 469 486 537 552 587 603 624 670 677 706 731
22 38 70 93 132 139 183 209 230 250 288 303 333 364 383 431 451
 461 511 536 550 567 602 636 665 676 705 730
21 37 69 92 131 138 182 208 229 249 287 302 332 363 382 431 450
 460 510 535 549 592 601 635 664 675 704 729
20 36 58 87 130 145 181 207 228 266 286 305 348 362 381 431 439
 459 488 528 561 581 611 634 653 700 703 754
19 35 67 90 129 136 180 206 227 247 285 300 330 361 380 431 448
 484 508 533 547 590 599 633 662 699 702 753
18 31 66 86 128 135 176 205 223 246 291 314 334 360 379 431 434
 467 509 532 564 589 609 632 661 681 727 752
17 33 55 85 120 154 184 214 239 245 283 312 342 359 378 431 446
 470 506 529 545 588 597 631 655 684 726 751
16 47 63 83 126 157 177 199 224 244 284 297 341 358 390 431 445
 462 505 538 544 573 618 626 659 696 725 750
15 52 78 88 125 147 165 202 232 243 281 311 326 357 401 431 436
 468 504 534 559 572 595 629 658 695 724 749
14 30 62 104 109 150 175 211 222 261 280 321 331 356 397 431 444
 479 503 517 542 578 594 630 673 691 723 748
13 29 61 84 123 156 174 200 221 267 279 320 324 355 400 431 442
 478 502 527 541 584 619 627 656 693 722 747
12 28 59 102 114 155 173 204 233 251 277 319 349 354 402 431 441
 477 500 526 540 583 604 625 650 698 721 746
11 27 77 82 121 159 172 203 225 265 282 322 327 353 398 431 440
 476 507 518 556 582 613 628 654 679 720 745
10 32 73 81 111 153 166 197 218 255 276 317 338 352 399 431 456
 482 499 524 565 574 616 637 657 690 719 744
9 51 57 106 119 152 170 196 217 263 275 316 346 351 396 431 438
 474 498 523 563 580 615 623 652 689 718 743
8 50 56 105 118 151 169 195 216 262 274 315 345 376 395 431 437
 473 497 522 562 579 614 622 651 688 717 742
7 49 71 100 117 158 168 194 241 253 273 318 335 375 394 431 452
 472 501 515 548 568 598 621 666 687 716 741
405 406 407 408 409 410 411 412 413 414 415 416 417 418 419 420 421
 422 423 424 425 426 427 428 429 430 431 756
21 27 76 89 122 140 166 213 233 245 286 316 347 366 404 408 444
 468 493 533 550 585 619 622 659 681 715 741
20 42 75 92 121 139 170 212 219 244 277 306 342 365 404 407 437
 483 508 532 565 584 600 621 658 691 714 740
19 51 74 87 120 138 164 211 231 243 284 314 345 364 404 406 442
 466 491 531 548 583 617 646 657 679 713 739
18 50 70 101 116 146 165 191 222 268 283 318 341 363 404 405 441
 478 490 514 547 582 616 645 653 689 712 738
17 49 78 99 118 149 162 209 229 251 282 300 340 362 404 430 438
 464 505 517 541 574 609 644 669 677 711 737
16 34 71 84 132 135 187 210 228 262 281 299 338 361 404 425 447
 463 487 535 545 580 612 630 654 698 710 736
15 33 59 98 111 160 186 207 217 265 280 310 343 360 404 428 443
 480 502 515 544 579 602 641 662 675 709 735
14 39 69 82 115 156 185 206 226 248 272 315 333 359 404 429 452
 462 486 526 559 589 605 637 652 700 708 734
13 45 68 81 114 158 184 205 225 263 278 308 339 358 404 426 436
 460 511 525 542 577 611 640 651 699 707 733
12 44 67 106 113 137 182 203 224 267 288 307 331 357 404 424 435
 459 509 524 562 568 610 642 663 684 706 732
11 43 66 83 112 144 163 208 240 266 276 311 337 356 404 427 453
 484 501 523 540 575 614 638 655 693 705 731
10 35 60 104 117 155 181 202 223 260 292 322 336 355 404 410 433
 474 497 529 543 591 608 639 648 696 704 730
9 41 64 103 110 154 180 201 221 259 274 304 335 354 404 422 432
 482 507 521 564 573 607 636 673 695 703 729
8 40 63 102 109 153 179 200 220 258 273 303 334 353 404 421 457
 481 506 520 563 572 606 635 672 694 702 754
7 29 62 105 108 152 183 199 232 257 290 319 329 352 404 420 450
 470 495 519 552 571 613 634 671 678 727 753
6 38 61 100 133 151 177 198 218 256 271 301 332 351 404 419 455
 479 504 518 561 570 604 633 670 692 726 752
5 37 57 88 129 159 178 204 235 255 270 305 328 376 404 418 454
 465 503 527 560 569 603 632 666 676 725 751
4 36 65 86 131 136 175 196 216 264 295 313 327 375 404 417 451
 477 492 530 554 587 596 631 656 690 724 750
3 47 58 97 119 148 174 197 241 249 294 312 325 374 404 412 434
 476 500 522 558 567 599 643 667 685 723 749
2 46 72 85 124 147 173 194 230 252 293 297 330 373 404 415 456
 467 489 528 557 592 615 628 649 688 722 748
1 52 56 95 128 143 172 193 239 261 285 302 346 372 404 416 439
 475 499 513 546 576 618 624 665 687 721 747
0 32 55 94 127 145 171 192 238 250 291 321 326 371 404 413 449
 473 498 538 555 590 598 627 664 686 720 746
25 31 54 93 126 150 169 190 237 254 275 320 344 370 404 411 448
 472 496 537 549 581 597 629 650 697 719 745
24 30 79 96 125 157 176 195 227 253 289 298 324 369 404 414 440
 471 488 536 553 588 601 625 668 680 718 744
23 48 73 91 130 142 168 189 236 247 279 309 349 368 404 423 446
 461 510 516 556 578 595 626 661 683 717 743
22 28 77 90 123 141 167 214 234 246 287 317 348 367 404 409 445
 469 494 534 551 586 594 623 660 682 716 742
378 379 380 381 382 383 384 385 386 387 388 389 390 391 392 393 394
 395 396 397 398 399 400 401 402 403 404 756
13 40 67 94 121 148 175 202 229 256 283 310 337 364 391 418 445
 472 499 526 553 580 607 634 661 688 715 755
12 39 66 93 120 147 174 201 228 255 282 309 336 363 390 417 444
 471 498 525 552 579 606 633 660 687 714 755
11 38 65 92 119 146 173 200 227 254 281 308 335 362 389 416 443
 470 497 524 551 578 605 632 659 686 713 755
10 37 64 91 118 145 172 199 226 253 280 307 334 361 388 415 442
 469 496 523 550 577 604 631 658 685 712 755
9 36 63 90 117 144 171 198 225 252 279 306 333 360 387 414 441
 468 495 522 549 576 603 630 657 684 711 755
8 35 62 89 116 143 170 197 224 251 278 305 332 359 386 413 440
 467 494 521 548 575 602 629 656 683 710 755
7 34 61 88 115 142 169 196 223 250 277 304 331 358 385 412 439
 466 493 520 547 574 601 628 655 682 709 755
6 33 60 87 114 141 168 195 222 249 276 303 330 357 384 411 438
 465 492 519 546 573 600 627 654 681 708 755
5 32 59 86 113 140 167 194 221 248 275 302 329 356 383 410 437
 464 491 518 545 572 599 626 653 680 707 755
4 31 58 85 112 139 166 193 220 247 274 301 328 355 382 409 436
 463 490 517 544 571 598 625 652 679 706 755
3 30 57 84 111 138 165 192 219 246 273 300 327 354 381 408 435
 462 489 516 543 570 597 624 651 678 705 755
2 29 56 83 110 137 164 191 218 245 272 299 326 353 380 407 434
 461 488 515 542 569 596 623 650 677 704 755
1 28 55 82 109 136 163 190 217 244 271 298 325 352 379 406 433
 460 487 514 541 568 595 622 649 676 703 755
0 27 54 81 108 135 162 189 216 243 270 297 324 351 378 405 432
 459 486 513 540 567 594 621 648 675 702 755
25 52 79 106 133 160 187 214 241 268 295 322 349 376 403 430 457
 484 511 538 565 592 619 646 673 700 727 755
24 51 78 105 132 159 186 213 240 267 294 321 348 375 402 429 456
 483 510 537 564 591 618 645 672 699 726 755
23 50 77 104 131 158 185 212 239 266 293 320 347 374 401 428 455
 482 509 536 563 590 617 644 671 698 725 755
22 49 76 103 130 157 184 211 238 265 292 319 346 373 400 427 454
 481 508 535 562 589 616 643 670 697 724 755
21 48 75 102 129 156 183 210 237 264 291 318 345 372 399 426 453
 480 507 534 561 588 615 642 669 696 723 755
20 47 74 101 128 155 182 209 236 263 290 317 344 371 398 425 452
 479 506 533 560 587 614 641 668 695 722 755
19 46 73 100 127 154 181 208 235 262 289 316 343 370 397 424 451
 478 505 532 559 586 613 640 667 694 721 755
18 45 72 99 126 153 180 207 234 261 288 315 342 369 396 423 450
 477 504 531 558 585 612 639 666 693 720 755
17 44 71 98 125 152 179 206 233 260 287 314 341 368 395 422 449
 476 503 530 557 584 611 638 665 692 719 755
16 43 70 97 124 151 178 205 232 259 286 313 340 367 394 421 448
 475 502 529 556 583 610 637 664 691 718 755
15 42 69 96 123 150 177 204 231 258 285 312 339 366 393 420 447
 474 501 528 555 582 609 636 663 690 717 755
14 41 68 95 122 149 176 203 230 257 284 311 338 365 392 419 446
 473 500 527 554 581 608 635 662 689 716 755
729 730 731 732 733 734 735 736 737 738 739 740 741 742 743 744 745
 746 747 748 749 750 751 752 753 754 755 756
13 41 69 97 125 153 181 209 237 265 293 321 349 351 379 407 435
 463 491 519 547 575 603 631 659 687 728 742
12 40 68 96 124 152 180 208 236 264 292 320 348 376 378 406 434
 462 490 518 546 574 602 630 658 686 728 741
11 39 67 95 123 151 179 207 235 263 291 319 347 375 403 405 433
 461 489 517 545 573 601 629 657 685 728 740
10 38 66 94 122 150 178 206 234 262 290 318 346 374 402 430 432
 460 488 516 544 572 600 628 656 684 728 739
9 37 65 93 121 149 177 205 233 261 289 317 345 373 401 429 457
 459 487 515 543 571 599 627 655 683 728 738
8 36 64 92 120 148 176 204 232 260 288 316 344 372 400 428 456
 484 486 514 542 570 598 626 654 682 728 737
7 35 63 91 119 147 175 203 231 259 287 315 343 371 399 427 455
 483 511 513 541 569 597 625 653 681 728 736
6 34 62 90 118 146 174 202 230 258 286 314 342 370 398 426 454
 482 510 538 540 568 596 624 652 680 728 735
5 33 61 89 117 145 173 201 229 257 285 313 341 369 397 425 453
 481 509 537 565 567 595 623 651 679 728 734
4 32 60 88 116 144 172 200 228 256 284 312 340 368 396 424 452
 480 508 536 564 592 594 622 650 678 728 733
3 31 59 87 115 143 171 199 227 255 283 311 339 367 395 423 451
 479 507 535 563 591 619 621 649 677 728 732
2 30 58 86 114 142 170 198 226 254 282 310 338 366 394 422 450
 478 506 534 562 590 618 646 648 676 728 731
1 29 57 85 113 141 169 197 225 253 281 309 337 365 393 421 449
 477 505 533 561 589 617 645 673 675 728 730
0 28 56 84 112 140 168 196 224 252 280 308 336 364 392 420 448
 476 504 532 560 588 616 644 672 700 728 729
25 27 55 83 111 139 167 195 223 251 279 307 335 363 391 419 447
 475 503 531 559 587 615 643 671 699 728 754
24 52 54 82 110 138 166 194 222 250 278 306 334 362 390 418 446
 474 502 530 558 586 614 642 670 698 728 753
23 51 79 81 109 137 165 193 221 249 277 305 333 361 389 417 445
 473 501 529 557 585 613 641 669 697 728 752
22 50 78 106 108 136 164 192 220 248 276 304 332 360 388 416 444
 472 500 528 556 584 612 640 668 696 728 751
21 49 77 105 133 135 163 191 219 247 275 303 331 359 387 415 443
 471 499 527 555 583 611 639 667 695 728 750
20 48 76 104 132 160 162 190 218 246 274 302 330 358 386 414 442
 470 498 526 554 582 610 638 666 694 728 749
19 47 75 103 131 159 187 189 217 245 273 301 329 357 385 413 441
 469 497 525 553 581 609 637 665 693 728 748
18 46 74 102 130 158 186 214 216 244 272 300 328 356 384 412 440
 468 496 524 552 580 608 636 664 692 728 747
17 45 73 101 129 157 185 213 241 243 271 299 327 355 383 411 439
 467 495 523 551 579 607 635 663 691 728 746
16 44 72 100 128 156 184 212 240 268 270 298 326 354 382 410 438
 466 494 522 550 578 606 634 662 690 728 745
15 43 71 99 127 155 183 211 239 267 295 297 325 353 381 409 437
 465 493 521 549 577 605 633 661 689 728 744
14 42 70 98 126 154 182 210 238 266 294 322 324 352 380 408 436
 464 492 520 548 576 604 632 660 688 728 743
702 703 704 705 706 707 708 709 710 711 712 713 714 715 716 717 718
 719 720 721 722 723 724 725 726 727 728 756
26 53 80 107 134 161 188 215 242 269 296 323 350 377 404 431 458
 485 512 539 566 593 620 647 674 701 728 755
