0 1 2 3 4 5 6 7 8 9 10 11 12 13 14 15 16
 17 18 19 20 21 22 23 24 25 26 27
0 28 29 30 31 32 33 34 35 36 37 38 39 40 41 42 43
 44 45 46 47 48 49 50 51 52 53 54
0 55 56 57 58 59 60 61 62 63 64 65 66 67 68 69 70
 71 72 73 74 75 76 77 78 79 80 81
0 82 83 84 85 86 87 88 89 90 91 92 93 94 95 96 97
 98 99 100 101 102 103 104 105 106 107 108
0 109 110 111 112 113 114 115 116 117 118 119 120 121 122 123 124
 125 126 127 128 129 130 131 132 133 134 135
0 136 137 138 139 140 141 142 143 144 145 146 147 148 149 150 151
 152 153 154 155 156 157 158 159 160 161 162
0 163 164 165 166 167 168 169 170 171 172 173 174 175 176 177 178
 179 180 181 182 183 184 185 186 187 188 189
0 190 191 192 193 194 195 196 197 198 199 200 201 202 203 204 205
 206 207 208 209 210 211 212 213 214 215 216
0 217 218 219 220 221 222 223 224 225 226 227 228 229 230 231 232
 233 234 235 236 237 238 239 240 241 242 243
0 244 245 246 247 248 249 250 251 252 253 254 255 256 257 258 259
 260 261 262 263 264 265 266 267 268 269 270
0 271 272 273 274 275 276 277 278 279 280 281 282 283 284 285 286
 287 288 289 290 291 292 293 294 295 296 297
0 298 299 300 301 302 303 304 305 306 307 308 309 310 311 312 313
 314 315 316 317 318 319 320 321 322 323 324
0 325 326 327 328 329 330 331 332 333 334 335 336 337 338 339 340
 341 342 343 344 345 346 347 348 349 350 351
0 352 353 354 355 356 357 358 359 360 361 362 363 364 365 366 367
 368 369 370 371 372 373 374 375 376 377 378
0 379 380 381 382 383 384 385 386 387 388 389 390 391 392 393 394
 395 396 397 398 399 400 401 402 403 404 405
0 406 407 408 409 410 411 412 413 414 415 416 417 418 419 420 421
 422 423 424 425 426 427 428 429 430 431 432
0 433 434 435 436 437 438 439 440 441 442 443 444 445 446 447 448
 449 450 451 452 453 454 455 456 457 458 459
0 460 461 462 463 464 465 466 467 468 469 470 471 472 473 474 475
 476 477 478 479 480 481 482 483 484 485 486
0 487 488 489 490 491 492 493 494 495 496 497 498 499 500 501 502
 503 504 505 506 507 508 509 510 511 512 513
0 514 515 516 517 518 519 520 521 522 523 524 525 526 527 528 529
 530 531 532 533 534 535 536 537 538 539 540
0 541 542 543 544 545 546 547 548 549 550 551 552 553 554 555 556
 557 558 559 560 561 562 563 564 565 566 567
0 568 569 570 571 572 573 574 575 576 577 578 579 580 581 582 583
 584 585 586 587 588 589 590 591 592 593 594
0 595 596 597 598 599 600 601 602 603 604 605 606 607 608 609 610
 611 612 613 614 615 616 617 618 619 620 621
0 622 623 624 625 626 627 628 629 630 631 632 633 634 635 636 637
 638 639 640 641 642 643 644 645 646 647 648
0 649 650 651 652 653 654 655 656 657 658 659 660 661 662 663 664
 665 666 667 668 669 670 671 672 673 674 675
0 676 677 678 679 680 681 682 683 684 685 686 687 688 689 690 691
 692 693 694 695 696 697 698 699 700 701 702
0 703 704 705 706 707 708 709 710 711 712 713 714 715 716 717 718
 719 720 721 722 723 724 725 726 727 728 729
0 730 731 732 733 734 735 736 737 738 739 740 741 742 743 744 745
 746 747 748 749 750 751 752 753 754 755 756
1 28 55 82 109 136 163 190 217 244 271 298 325 352 379 406 433
 460 487 514 541 568 595 622 649 676 703 730
1 29 56 83 110 137 164 191 218 245 272 299 326 353 380 407 434
 461 488 515 542 569 596 623 650 677 704 731
1 30 57 84 111 138 165 192 219 246 273 300 327 354 381 408 435
 462 489 516 543 570 597 624 651 678 705 732
1 31 58 85 112 139 166 193 220 247 274 301 328 355 382 409 436
 463 490 517 544 571 598 625 652 679 706 733
1 32 59 86 113 140 167 194 221 248 275 302 329 356 383 410 437
 464 491 518 545 572 599 626 653 680 707 734
1 33 60 87 114 141 168 195 222 249 276 303 330 357 384 411 438
 465 492 519 546 573 600 627 654 681 708 735
1 34 61 88 115 142 169 196 223 250 277 304 331 358 385 412 439
 466 493 520 547 574 601 628 655 682 709 736
1 35 62 89 116 143 170 197 224 251 278 305 332 359 386 413 440
 467 494 521 548 575 602 629 656 683 710 737
1 36 63 90 117 144 171 198 225 252 279 306 333 360 387 414 441
 468 495 522 549 576 603 630 657 684 711 738
1 37 64 91 118 145 172 199 226 253 280 307 334 361 388 415 442
 469 496 523 550 577 604 631 658 685 712 739
1 38 65 92 119 146 173 200 227 254 281 308 335 362 389 416 443
 470 497 524 551 578 605 632 659 686 713 740
1 39 66 93 120 147 174 201 228 255 282 309 336 363 390 417 444
 471 498 525 552 579 606 633 660 687 714 741
1 40 67 94 121 148 175 202 229 256 283 310 337 364 391 418 445
 472 499 526 553 580 607 634 661 688 715 742
1 41 68 95 122 149 176 203 230 257 284 311 338 365 392 419 446
 473 500 527 554 581 608 635 662 689 716 743
1 42 69 96 123 150 177 204 231 258 285 312 339 366 393 420 447
 474 501 528 555 582 609 636 663 690 717 744
1 43 70 97 124 151 178 205 232 259 286 313 340 367 394 421 448
 475 502 529 556 583 610 637 664 691 718 745
1 44 71 98 125 152 179 206 233 260 287 314 341 368 395 422 449
 476 503 530 557 584 611 638 665 692 719 746
1 45 72 99 126 153 180 207 234 261 288 315 342 369 396 423 450
 477 504 531 558 585 612 639 666 693 720 747
1 46 73 100 127 154 181 208 235 262 289 316 343 370 397 424 451
 478 505 532 559 586 613 640 667 694 721 748
1 47 74 101 128 155 182 209 236 263 290 317 344 371 398 425 452
 479 506 533 560 587 614 641 668 695 722 749
1 48 75 102 129 156 183 210 237 264 291 318 345 372 399 426 453
 480 507 534 561 588 615 642 669 696 723 750
1 49 76 103 130 157 184 211 238 265 292 319 346 373 400 427 454
 481 508 535 562 589 616 643 670 697 724 751
1 50 77 104 131 158 185 212 239 266 293 320 347 374 401 428 455
 482 509 536 563 590 617 644 671 698 725 752
1 51 78 105 132 159 186 213 240 267 294 321 348 375 402 429 456
 483 510 537 564 591 618 645 672 699 726 753
1 52 79 106 133 160 187 214 241 268 295 322 349 376 403 430 457
 484 511 538 565 592 619 646 673 700 727 754
1 53 80 107 134 161 188 215 242 269 296 323 350 377 404 431 458
 485 512 539 566 593 620 647 674 701 728 755
1 54 81 108 135 162 189 216 243 270 297 324 351 378 405 432 459
 486 513 540 567 594 621 648 675 702 729 756
2 28 73 91 115 160 178 193 238 256 273 318 336 360 405 423 438
 483 501 515 560 578 602 647 665 680 725 743
2 29 74 92 116 161 179 194 239 257 271 316 334 358 403 421 436
 481 499 516 561 579 603 648 666 681 726 744
2 30 75 93 117 162 180 195 240 258 272 317 335 359 404 422 437
 482 500 514 559 577 601 646 664 679 724 742
2 31 76 94 109 154 172 196 241 259 276 321 339 354 399 417 441
 486 504 518 563 581 596 641 659 683 728 746
2 32 77 95 110 155 173 197 242 260 274 319 337 352 397 415 439
 484 502 519 564 582 597 642 660 684 729 747
2 33 78 96 111 156 174 198 243 261 275 320 338 353 398 416 440
 485 503 517 562 580 595 640 658 682 727 745
2 34 79 97 112 157 175 190 235 253 279 324 342 357 402 420 435
 480 498 521 566 584 599 644 662 677 722 740
2 35 80 98 113 158 176 191 236 254 277 322 340 355 400 418 433
 478 496 522 567 585 600 645 663 678 723 741
2 36 81 99 114 159 177 192 237 255 278 323 341 356 401 419 434
 479 497 520 565 583 598 643 661 676 721 739
2 37 55 100 124 142 187 202 220 265 282 300 345 369 387 432 447
 465 510 524 542 587 611 629 674 689 707 752
2 38 56 101 125 143 188 203 221 266 280 298 343 367 385 430 445
 463 508 525 543 588 612 630 675 690 708 753
2 39 57 102 126 144 189 204 222 267 281 299 344 368 386 431 446
 464 509 523 541 586 610 628 673 688 706 751
2 40 58 103 118 136 181 205 223 268 285 303 348 363 381 426 450
 468 513 527 545 590 605 623 668 692 710 755
2 41 59 104 119 137 182 206 224 269 283 301 346 361 379 424 448
 466 511 528 546 591 606 624 669 693 711 756
2 42 60 105 120 138 183 207 225 270 284 302 347 362 380 425 449
 467 512 526 544 589 604 622 667 691 709 754
2 43 61 106 121 139 184 199 217 262 288 306 351 366 384 429 444
 462 507 530 548 593 608 626 671 686 704 749
2 44 62 107 122 140 185 200 218 263 286 304 349 364 382 427 442
 460 505 531 549 594 609 627 672 687 705 750
2 45 63 108 123 141 186 201 219 264 287 305 350 365 383 428 443
 461 506 529 547 592 607 625 670 685 703 748
2 46 64 82 133 151 169 211 229 247 291 309 327 378 396 414 456
 474 492 533 551 569 620 638 656 698 716 734
2 47 65 83 134 152 170 212 230 248 289 307 325 376 394 412 454
 472 490 534 552 570 621 639 657 699 717 735
2 48 66 84 135 153 171 213 231 249 290 308 326 377 395 413 455
 473 491 532 550 568 619 637 655 697 715 733
2 49 67 85 127 145 163 214 232 250 294 312 330 372 390 408 459
 477 495 536 554 572 614 632 650 701 719 737
2 50 68 86 128 146 164 215 233 251 292 310 328 370 388 406 457
 475 493 537 555 573 615 633 651 702 720 738
2 51 69 87 129 147 165 216 234 252 293 311 329 371 389 407 458
 476 494 535 553 571 613 631 649 700 718 736
2 52 70 88 130 148 166 208 226 244 297 315 333 375 393 411 453
 471 489 539 557 575 617 635 653 695 713 731
2 53 71 89 131 149 167 209 227 245 295 313 331 373 391 409 451
 469 487 540 558 576 618 636 654 696 714 732
2 54 72 90 132 150 168 210 228 246 296 314 332 374 392 410 452
 470 488 538 556 574 616 634 652 694 712 730
3 28 64 100 112 148 184 196 232 268 272 308 344 356 392 428 440
 476 512 516 552 588 600 636 672 684 720 756
3 29 65 101 113 149 185 197 233 269 273 309 345 357 393 429 441
 477 513 514 550 586 598 634 670 682 718 754
3 30 66 102 114 150 186 198 234 270 271 307 343 355 391 427 439
 475 511 515 551 587 599 635 671 683 719 755
3 31 67 103 115 151 187 190 226 262 275 311 347 359 395 431 434
 470 506 519 555 591 603 639 675 678 714 750
3 32 68 104 116 152 188 191 227 263 276 312 348 360 396 432 435
 471 507 517 553 589 601 637 673 676 712 748
3 33 69 105 117 153 189 192 228 264 274 310 346 358 394 430 433
 469 505 518 554 590 602 638 674 677 713 749
3 34 70 106 109 145 181 193 229 265 278 314 350 353 389 425 437
 473 509 522 558 594 597 633 669 681 717 753
3 35 71 107 110 146 182 194 230 266 279 315 351 354 390 426 438
 474 510 520 556 592 595 631 667 679 715 751
3 36 72 108 111 147 183 195 231 267 277 313 349 352 388 424 436
 472 508 521 557 593 596 632 668 680 716 752
3 37 73 82 121 157 166 205 241 250 281 317 326 365 401 410 449
 485 494 525 561 570 609 645 654 693 729 738
3 38 74 83 122 158 167 206 242 251 282 318 327 366 402 411 450
 486 495 523 559 568 607 643 652 691 727 736
3 39 75 84 123 159 168 207 243 252 280 316 325 364 400 409 448
 484 493 524 560 569 608 644 653 692 728 737
3 40 76 85 124 160 169 199 235 244 284 320 329 368 404 413 443
 479 488 528 564 573 612 648 657 687 723 732
3 41 77 86 125 161 170 200 236 245 285 321 330 369 405 414 444
 480 489 526 562 571 610 646 655 685 721 730
3 42 78 87 126 162 171 201 237 246 283 319 328 367 403 412 442
 478 487 527 563 572 611 647 656 686 722 731
3 43 79 88 118 154 163 202 238 247 287 323 332 362 398 407 446
 482 491 531 567 576 606 642 651 690 726 735
3 44 80 89 119 155 164 203 239 248 288 324 333 363 399 408 447
 483 492 529 565 574 604 640 649 688 724 733
3 45 81 90 120 156 165 204 240 249 286 322 331 361 397 406 445
 481 490 530 566 575 605 641 650 689 725 734
3 46 55 91 130 139 175 214 223 259 290 299 335 374 383 419 458
 467 503 534 543 579 618 627 663 702 711 747
3 47 56 92 131 140 176 215 224 260 291 300 336 375 384 420 459
 468 504 532 541 577 616 625 661 700 709 745
3 48 57 93 132 141 177 216 225 261 289 298 334 373 382 418 457
 466 502 533 542 578 617 626 662 701 710 746
3 49 58 94 133 142 178 208 217 253 293 302 338 377 386 422 452
 461 497 537 546 582 621 630 666 696 705 741
3 50 59 95 134 143 179 209 218 254 294 303 339 378 387 423 453
 462 498 535 544 580 619 628 664 694 703 739
3 51 60 96 135 144 180 210 219 255 292 301 337 376 385 421 451
 460 496 536 545 581 620 629 665 695 704 740
3 52 61 97 127 136 172 211 220 256 296 305 341 371 380 416 455
 464 500 540 549 585 615 624 660 699 708 744
3 53 62 98 128 137 173 212 221 257 297 306 342 372 381 417 456
 465 501 538 547 583 613 622 658 697 706 742
3 54 63 99 129 138 174 213 222 258 295 304 340 370 379 415 454
 463 499 539 548 584 614 623 659 698 707 743
4 28 57 83 123 149 175 215 241 270 277 306 332 363 389 415 455
 481 510 517 546 572 612 638 664 695 721 750
4 29 55 84 121 150 176 216 242 268 278 304 333 361 390 416 456
 482 508 518 544 573 610 639 665 696 722 748
4 30 56 82 122 148 177 214 243 269 279 305 331 362 388 417 454
 483 509 519 545 571 611 637 666 694 723 749
4 31 60 86 126 152 178 209 235 264 271 300 326 366 392 418 458
 484 513 520 549 575 606 632 658 698 724 753
4 32 58 87 124 153 179 210 236 262 272 298 327 364 393 419 459
 485 511 521 547 576 604 633 659 699 725 751
4 33 59 85 125 151 180 208 237 263 273 299 325 365 391 420 457
 486 512 522 548 574 605 631 660 697 726 752
4 34 63 89 120 146 172 212 238 267 274 303 329 369 395 421 452
 478 507 514 543 569 609 635 661 701 727 756
4 35 61 90 118 147 173 213 239 265 275 301 330 367 396 422 453
 479 505 515 541 570 607 636 662 702 728 754
4 36 62 88 119 145 174 211 240 266 276 302 328 368 394 423 451
 480 506 516 542 568 608 634 663 700 729 755
4 37 66 92 132 158 184 197 223 252 286 315 341 372 398 424 437
 463 492 526 555 581 621 647 673 677 703 732
4 38 64 93 130 159 185 198 224 250 287 313 342 370 399 425 438
 464 490 527 553 582 619 648 674 678 704 730
4 39 65 91 131 157 186 196 225 251 288 314 340 371 397 426 436
 465 491 528 554 580 620 646 675 676 705 731
4 40 69 95 135 161 187 191 217 246 280 309 335 375 401 427 440
 466 495 529 558 584 615 641 667 680 706 735
4 41 67 96 133 162 188 192 218 244 281 307 336 373 402 428 441
 467 493 530 556 585 613 642 668 681 707 733
4 42 68 94 134 160 189 190 219 245 282 308 334 374 400 429 439
 468 494 531 557 583 614 640 669 679 708 734
4 43 72 98 129 155 181 194 220 249 283 312 338 378 404 430 434
 460 489 523 552 578 618 644 670 683 709 738
4 44 70 99 127 156 182 195 221 247 284 310 339 376 405 431 435
 461 487 524 550 579 616 645 671 684 710 736
4 45 71 97 128 154 183 193 222 248 285 311 337 377 403 432 433
 462 488 525 551 577 617 643 672 682 711 737
4 46 75 101 114 140 166 206 232 261 295 324 350 354 380 406 446
 472 501 535 564 590 603 629 655 686 712 741
4 47 73 102 112 141 167 207 233 259 296 322 351 352 381 407 447
 473 499 536 562 591 601 630 656 687 713 739
4 48 74 100 113 139 168 205 234 260 297 323 349 353 379 408 445
 474 500 537 563 589 602 628 657 685 714 740
4 49 78 104 117 143 169 200 226 255 289 318 344 357 383 409 449
 475 504 538 567 593 597 623 649 689 715 744
4 50 76 105 115 144 170 201 227 253 290 316 345 355 384 410 450
 476 502 539 565 594 595 624 650 690 716 742
4 51 77 103 116 142 171 199 228 254 291 317 343 356 382 411 448
 477 503 540 566 592 596 622 651 688 717 743
4 52 81 107 111 137 163 203 229 258 292 321 347 360 386 412 443
 469 498 532 561 587 600 626 652 692 718 747
4 53 79 108 109 138 164 204 230 256 293 319 348 358 387 413 444
 470 496 533 559 588 598 627 653 693 719 745
4 54 80 106 110 136 165 202 231 257 294 320 346 359 385 414 442
 471 497 534 560 586 599 625 654 691 720 746
5 28 75 92 120 137 181 209 226 246 279 323 340 368 385 432 457
 477 494 518 562 582 607 627 671 699 716 733
5 29 73 93 118 138 182 210 227 244 277 324 341 369 386 430 458
 475 495 519 563 580 608 625 672 697 717 734
5 30 74 91 119 136 183 208 228 245 278 322 342 367 387 431 459
 476 493 517 564 581 609 626 670 698 715 735
5 31 78 95 123 140 184 212 229 249 273 317 334 362 379 426 451
 471 488 521 565 585 610 630 674 702 719 736
5 32 76 96 121 141 185 213 230 247 271 318 335 363 380 424 452
 469 489 522 566 583 611 628 675 700 720 737
5 33 77 94 122 139 186 211 231 248 272 316 336 361 381 425 453
 470 487 520 567 584 612 629 673 701 718 738
5 34 81 98 126 143 187 215 232 252 276 320 337 365 382 429 454
 474 491 515 559 579 604 624 668 696 713 730
5 35 79 99 124 144 188 216 233 250 274 321 338 366 383 427 455
 472 492 516 560 577 605 622 669 694 714 731
5 36 80 97 125 142 189 214 234 251 275 319 339 364 384 428 456
 473 490 514 561 578 606 623 667 695 712 732
5 37 57 101 129 146 163 191 235 255 288 305 349 377 394 414 439
 486 503 527 544 591 616 636 653 681 725 742
5 38 55 102 127 147 164 192 236 253 286 306 350 378 395 412 440
 484 504 528 545 589 617 634 654 679 726 743
5 39 56 100 128 145 165 190 237 254 287 304 351 376 396 413 441
 485 502 526 546 590 618 635 652 680 724 744
5 40 60 104 132 149 166 194 238 258 282 299 343 371 388 408 433
 480 497 530 547 594 619 639 656 684 728 745
5 41 58 105 130 150 167 195 239 256 280 300 344 372 389 406 434
 478 498 531 548 592 620 637 657 682 729 746
5 42 59 103 131 148 168 193 240 257 281 298 345 370 390 407 435
 479 496 529 549 593 621 638 655 683 727 747
5 43 63 107 135 152 169 197 241 261 285 302 346 374 391 411 436
 483 500 524 541 588 613 633 650 678 722 739
5 44 61 108 133 153 170 198 242 259 283 303 347 375 392 409 437
 481 501 525 542 586 614 631 651 676 723 740
5 45 62 106 134 151 171 196 243 260 284 301 348 373 393 410 438
 482 499 523 543 587 615 632 649 677 721 741
5 46 66 83 111 155 172 200 217 264 297 314 331 359 403 423 448
 468 512 536 553 573 598 645 662 690 707 751
5 47 64 84 109 156 173 201 218 262 295 315 332 360 404 421 449
 466 513 537 554 571 599 643 663 688 708 752
5 48 65 82 110 154 174 199 219 263 296 313 333 358 405 422 450
 467 511 535 555 572 600 644 661 689 706 753
5 49 69 86 114 158 175 203 220 267 291 308 325 353 397 417 442
 462 506 539 556 576 601 648 665 693 710 754
5 50 67 87 112 159 176 204 221 265 289 309 326 354 398 415 443
 460 507 540 557 574 602 646 666 691 711 755
5 51 68 85 113 157 177 202 222 266 290 307 327 352 399 416 444
 461 505 538 558 575 603 647 664 692 709 756
5 52 72 89 117 161 178 206 223 270 294 311 328 356 400 420 445
 465 509 533 550 570 595 642 659 687 704 748
5 53 70 90 115 162 179 207 224 268 292 312 329 357 401 418 446
 463 510 534 551 568 596 640 660 685 705 749
5 54 71 88 116 160 180 205 225 269 293 310 330 355 402 419 447
 464 508 532 552 569 597 641 658 686 703 750
6 28 66 101 126 161 169 212 220 258 278 313 351 364 402 410 453
 461 496 519 554 589 605 640 651 700 711 746
6 29 64 102 124 162 170 213 221 256 279 314 349 365 400 411 451
 462 497 517 555 590 606 641 649 701 709 747
6 30 65 100 125 160 171 211 222 257 277 315 350 366 401 409 452
 460 498 518 553 591 604 642 650 702 710 745
6 31 69 104 120 155 163 215 223 261 272 307 345 367 405 413 456
 464 499 522 557 592 608 643 654 694 705 740
6 32 67 105 118 156 164 216 224 259 273 308 343 368 403 414 454
 465 500 520 558 593 609 644 652 695 703 741
6 33 68 103 119 154 165 214 225 260 271 309 344 369 404 412 455
 463 501 521 556 594 607 645 653 696 704 739
6 34 72 107 123 158 166 209 217 255 275 310 348 361 399 407 459
 467 502 516 551 586 611 646 657 697 708 743
6 35 70 108 121 159 167 210 218 253 276 311 346 362 397 408 457
 468 503 514 552 587 612 647 655 698 706 744
6 36 71 106 122 157 168 208 219 254 274 312 347 363 398 406 458
 466 504 515 550 588 610 648 656 699 707 742
6 37 75 83 135 143 178 194 229 267 287 322 333 373 384 419 435
 470 505 528 563 571 614 622 660 682 720 755
6 38 73 84 133 144 179 195 230 265 288 323 331 374 382 420 433
 471 506 526 564 572 615 623 658 683 718 756
6 39 74 82 134 142 180 193 231 266 286 324 332 375 383 418 434
 469 507 527 562 573 613 624 659 684 719 754
6 40 78 86 129 137 172 197 232 270 281 316 327 376 387 422 438
 473 508 531 566 574 617 625 663 676 714 749
6 41 76 87 127 138 173 198 233 268 282 317 325 377 385 423 436
 474 509 529 567 575 618 626 661 677 712 750
6 42 77 85 128 136 174 196 234 269 280 318 326 378 386 421 437
 472 510 530 565 576 616 627 662 678 713 748
6 43 81 89 132 140 175 191 226 264 284 319 330 370 381 416 441
 476 511 525 560 568 620 628 666 679 717 752
6 44 79 90 130 141 176 192 227 262 285 320 328 371 379 417 439
 477 512 523 561 569 621 629 664 680 715 753
6 45 80 88 131 139 177 190 228 263 283 321 329 372 380 415 440
 475 513 524 559 570 619 630 665 681 716 751
6 46 57 92 117 152 187 203 238 249 296 304 342 355 393 428 444
 479 487 537 545 580 596 631 669 691 729 737
6 47 55 93 115 153 188 204 239 247 297 305 340 356 391 429 442
 480 488 535 546 581 597 632 667 692 727 738
6 48 56 91 116 151 189 202 240 248 295 306 341 357 392 427 443
 478 489 536 544 582 595 633 668 693 728 736
6 49 60 95 111 146 181 206 241 252 290 298 336 358 396 431 447
 482 490 540 548 583 599 634 672 685 723 731
6 50 58 96 109 147 182 207 242 250 291 299 334 359 394 432 445
 483 491 538 549 584 600 635 670 686 721 732
6 51 59 94 110 145 183 205 243 251 289 300 335 360 395 430 446
 481 492 539 547 585 598 636 671 687 722 730
6 52 63 98 114 149 184 200 235 246 293 301 339 352 390 425 450
 485 493 534 542 577 602 637 675 688 726 734
6 53 61 99 112 150 185 201 236 244 294 302 337 353 388 426 448
 486 494 532 543 578 603 638 673 689 724 735
6 54 62 97 113 148 186 199 237 245 292 303 338 354 389 424 449
 484 495 533 541 579 601 639 674 690 725 733
7 28 56 84 134 162 187 204 229 257 274 302 330 371 399 424 450
 475 503 520 548 576 617 645 670 687 712 740
7 29 57 82 135 160 188 202 230 258 275 303 328 372 397 425 448
 476 504 521 549 574 618 643 671 685 713 741
7 30 55 83 133 161 189 203 231 256 276 301 329 370 398 426 449
 477 502 522 547 575 616 644 672 686 714 739
7 31 59 87 128 156 181 207 232 260 277 305 333 374 402 427 444
 469 497 514 542 570 620 648 673 690 715 743
7 32 60 85 129 154 182 205 233 261 278 306 331 375 400 428 442
 470 498 515 543 568 621 646 674 688 716 744
7 33 58 86 127 155 183 206 234 259 279 304 332 373 401 429 443
 471 496 516 541 569 619 647 675 689 717 742
7 34 62 90 131 159 184 201 226 254 271 299 327 377 405 430 447
 472 500 517 545 573 614 642 667 693 718 746
7 35 63 88 132 157 185 199 227 255 272 300 325 378 403 431 445
 473 501 518 546 571 615 640 668 691 719 747
7 36 61 89 130 158 186 200 228 253 273 298 326 376 404 432 446
 474 499 519 544 572 613 641 669 692 720 745
7 37 65 93 116 144 169 213 238 266 283 311 339 353 381 406 459
 484 512 529 557 585 599 627 652 696 721 749
7 38 66 91 117 142 170 211 239 267 284 312 337 354 379 407 457
 485 513 530 558 583 600 625 653 694 722 750
7 39 64 92 115 143 171 212 240 265 285 310 338 352 380 408 458
 486 511 531 556 584 598 626 654 695 723 748
7 40 68 96 110 138 163 216 241 269 286 314 342 356 384 409 453
 478 506 523 551 579 602 630 655 699 724 752
7 41 69 94 111 136 164 214 242 270 287 315 340 357 382 410 451
 479 507 524 552 577 603 628 656 697 725 753
7 42 67 95 109 137 165 215 243 268 288 313 341 355 383 411 452
 480 505 525 550 578 601 629 657 698 726 751
7 43 71 99 113 141 166 210 235 263 280 308 336 359 387 412 456
 481 509 526 554 582 596 624 649 702 727 755
7 44 72 97 114 139 167 208 236 264 281 309 334 360 385 413 454
 482 510 527 555 580 597 622 650 700 728 756
7 45 70 98 112 140 168 209 237 262 282 307 335 358 386 414 455
 483 508 528 553 581 595 623 651 701 729 754
7 46 74 102 125 153 178 195 220 248 292 320 348 362 390 415 441
 466 494 538 566 594 608 636 661 678 703 731
7 47 75 100 126 151 179 193 221 249 293 321 346 363 388 416 439
 467 495 539 567 592 609 634 662 676 704 732
7 48 73 101 124 152 180 194 222 247 294 319 347 361 389 417 440
 468 493 540 565 593 607 635 663 677 705 730
7 49 77 105 119 147 172 198 223 251 295 323 351 365 393 418 435
 460 488 532 560 588 611 639 664 681 706 734
7 50 78 103 120 145 173 196 224 252 296 324 349 366 391 419 433
 461 489 533 561 586 612 637 665 679 707 735
7 51 76 104 118 146 174 197 225 250 297 322 350 364 392 420 434
 462 487 534 559 587 610 638 666 680 708 733
7 52 80 108 122 150 175 192 217 245 289 317 345 368 396 421 438
 463 491 535 563 591 605 633 658 684 709 737
7 53 81 106 123 148 176 190 218 246 290 318 343 369 394 422 436
 464 492 536 564 589 606 631 659 682 710 738
7 54 79 107 121 149 177 191 219 244 291 316 344 367 395 423 437
 465 490 537 562 590 604 632 660 683 711 736
8 28 74 93 131 150 166 207 223 269 276 319 338 376 395 414 443
 462 505 521 567 583 615 631 650 688 707 753
8 29 75 91 132 148 167 205 224 270 274 320 339 377 396 412 444
 460 506 522 565 584 613 632 651 689 708 751
8 30 73 92 130 149 168 206 225 268 275 321 337 378 394 413 442
 461 507 520 566 585 614 633 649 690 706 752
8 31 77 96 134 153 169 201 217 263 279 322 341 370 389 408 446
 465 508 515 561 577 618 634 653 691 710 756
8 32 78 94 135 151 170 199 218 264 277 323 342 371 390 406 447
 463 509 516 559 578 616 635 654 692 711 754
8 33 76 95 133 152 171 200 219 262 278 324 340 372 388 407 445
 464 510 514 560 579 617 636 652 693 709 755
8 34 80 99 128 147 163 204 220 266 273 316 335 373 392 411 449
 468 511 518 564 580 621 637 656 685 704 750
8 35 81 97 129 145 164 202 221 267 271 317 336 374 393 409 450
 466 512 519 562 581 619 638 657 686 705 748
8 36 79 98 127 146 165 203 222 265 272 318 334 375 391 410 448
 467 513 517 563 582 620 639 655 687 703 749
8 37 56 102 113 159 175 216 232 251 285 301 347 358 404 423 452
 471 487 530 549 592 597 640 659 697 716 735
8 38 57 100 114 157 176 214 233 252 283 302 348 359 405 421 453
 469 488 531 547 593 595 641 660 698 717 733
8 39 55 101 112 158 177 215 234 250 284 303 346 360 403 422 451
 470 489 529 548 594 596 642 658 699 715 734
8 40 59 105 116 162 178 210 226 245 288 304 350 352 398 417 455
 474 490 524 543 586 600 643 662 700 719 738
8 41 60 103 117 160 179 208 227 246 286 305 351 353 399 415 456
 472 491 525 541 587 598 644 663 701 720 736
8 42 58 104 115 161 180 209 228 244 287 306 349 354 397 416 454
 473 492 523 542 588 599 645 661 702 718 737
8 43 62 108 110 156 172 213 229 248 282 298 344 355 401 420 458
 477 493 527 546 589 603 646 665 694 713 732
8 44 63 106 111 154 173 211 230 249 280 299 345 356 402 418 459
 475 494 528 544 590 601 647 666 695 714 730
8 45 61 107 109 155 174 212 231 247 281 300 343 357 400 419 457
 476 495 526 545 591 602 648 664 696 712 731
8 46 65 84 122 141 184 198 241 260 294 310 329 367 386 432 434
 480 496 539 558 574 606 622 668 679 725 744
8 47 66 82 123 139 185 196 242 261 292 311 330 368 387 430 435
 478 497 540 556 575 604 623 669 680 726 742
8 48 64 83 121 140 186 197 243 259 293 312 328 369 385 431 433
 479 498 538 557 576 605 624 667 681 724 743
8 49 68 87 125 144 187 192 235 254 297 313 332 361 380 426 437
 483 499 533 552 568 609 625 671 682 728 747
8 50 69 85 126 142 188 190 236 255 295 314 333 362 381 424 438
 481 500 534 550 569 607 626 672 683 729 745
8 51 67 86 124 143 189 191 237 253 296 315 331 363 379 425 436
 482 501 532 551 570 608 627 670 684 727 746
8 52 71 90 119 138 181 195 238 257 291 307 326 364 383 429 440
 486 502 536 555 571 612 628 674 676 722 741
8 53 72 88 120 136 182 193 239 258 289 308 327 365 384 427 441
 484 503 537 553 572 610 629 675 677 723 739
8 54 70 89 118 137 183 194 240 256 290 309 325 366 382 428 439
 485 504 535 554 573 611 630 673 678 721 740
9 28 65 102 128 138 172 201 235 245 275 312 346 375 382 419 445
 482 492 522 556 593 619 629 666 692 729 736
9 29 66 100 129 136 173 199 236 246 276 310 347 373 383 420 446
 483 490 520 557 594 620 630 664 693 727 737
9 30 64 101 127 137 174 200 237 244 274 311 348 374 384 418 447
 481 491 521 558 592 621 628 665 691 728 738
9 31 68 105 131 141 175 204 238 248 278 315 349 378 385 422 448
 485 495 516 550 587 613 623 660 686 723 730
9 32 69 103 132 139 176 202 239 249 279 313 350 376 386 423 449
 486 493 514 551 588 614 624 658 687 721 731
9 33 67 104 130 140 177 203 240 247 277 314 351 377 387 421 450
 484 494 515 552 586 615 622 659 685 722 732
9 34 71 108 134 144 178 207 241 251 272 309 343 372 379 416 442
 479 489 519 553 590 616 626 663 689 726 733
9 35 72 106 135 142 179 205 242 252 273 307 344 370 380 417 443
 480 487 517 554 591 617 627 661 690 724 734
9 36 70 107 133 143 180 206 243 250 271 308 345 371 381 415 444
 478 488 518 555 589 618 625 662 688 725 735
9 37 74 84 110 147 181 210 217 254 284 321 328 357 391 428 454
 464 501 531 565 575 601 638 675 701 711 745
9 38 75 82 111 145 182 208 218 255 285 319 329 355 392 429 455
 465 499 529 566 576 602 639 673 702 709 746
9 39 73 83 109 146 183 209 219 253 283 320 330 356 393 427 456
 463 500 530 567 574 603 637 674 700 710 747
9 40 77 87 113 150 184 213 220 257 287 324 331 360 394 431 457
 467 504 525 559 569 595 632 669 695 705 739
9 41 78 85 114 148 185 211 221 258 288 322 332 358 395 432 458
 468 502 523 560 570 596 633 667 696 703 740
9 42 76 86 112 149 186 212 222 256 286 323 333 359 396 430 459
 466 503 524 561 568 597 631 668 694 704 741
9 43 80 90 116 153 187 216 223 260 281 318 325 354 388 425 451
 461 498 528 562 572 598 635 672 698 708 742
9 44 81 88 117 151 188 214 224 261 282 316 326 352 389 426 452
 462 496 526 563 573 599 636 670 699 706 743
9 45 79 89 115 152 189 215 225 259 280 317 327 353 390 424 453
 460 497 527 564 571 600 634 671 697 707 744
9 46 56 93 119 156 163 192 226 263 293 303 337 366 400 410 436
 473 510 540 547 584 610 647 657 683 720 754
9 47 57 91 120 154 164 190 227 264 294 301 338 364 401 411 437
 474 508 538 548 585 611 648 655 684 718 755
9 48 55 92 118 155 165 191 228 262 292 302 339 365 402 409 438
 472 509 539 549 583 612 646 656 682 719 756
9 49 59 96 122 159 166 195 229 266 296 306 340 369 403 413 439
 476 513 534 541 578 604 641 651 677 714 748
9 50 60 94 123 157 167 193 230 267 297 304 341 367 404 414 440
 477 511 532 542 579 605 642 649 678 712 749
9 51 58 95 121 158 168 194 231 265 295 305 342 368 405 412 441
 475 512 533 543 577 606 640 650 676 713 750
9 52 62 99 125 162 169 198 232 269 290 300 334 363 397 407 433
 470 507 537 544 581 607 644 654 680 717 751
9 53 63 97 126 160 170 196 233 270 291 298 335 361 398 408 434
 471 505 535 545 582 608 645 652 681 715 752
9 54 61 98 124 161 171 197 234 268 289 299 336 362 399 406 435
 469 506 536 546 580 609 643 653 679 716 753
10 28 63 86 121 147 179 214 240 263 289 324 347 355 381 413 448
 474 497 523 558 581 616 642 674 682 708 731
10 29 61 87 122 145 180 215 238 264 290 322 348 356 379 414 449
 472 498 524 556 582 617 640 675 683 706 732
10 30 62 85 123 146 178 216 239 262 291 323 346 357 380 412 450
 473 496 525 557 580 618 641 673 684 707 730
10 31 57 89 124 150 173 208 243 266 292 318 350 358 384 407 442
 477 500 526 552 584 619 645 668 676 711 734
10 32 55 90 125 148 174 209 241 267 293 316 351 359 382 408 443
 475 501 527 550 585 620 643 669 677 709 735
10 33 56 88 126 149 172 210 242 265 294 317 349 360 383 406 444
 476 499 528 551 583 621 644 667 678 710 733
10 34 60 83 118 153 176 211 237 269 295 321 344 352 387 410 445
 471 503 529 555 578 613 648 671 679 705 737
10 35 58 84 119 151 177 212 235 270 296 319 345 353 385 411 446
 469 504 530 553 579 614 646 672 680 703 738
10 36 59 82 120 152 175 213 236 268 297 320 343 354 386 409 447
 470 502 531 554 577 615 647 670 681 704 736
10 37 72 95 130 156 188 196 222 245 271 306 329 364 390 422 457
 483 506 532 567 590 598 624 656 691 717 740
10 38 70 96 131 154 189 197 220 246 272 304 330 365 388 423 458
 481 507 533 565 591 599 622 657 692 715 741
10 39 71 94 132 155 187 198 221 244 273 305 328 366 389 421 459
 482 505 534 566 589 600 623 655 693 716 739
10 40 66 98 133 159 182 190 225 248 274 300 332 367 393 416 451
 486 509 535 561 593 601 627 650 685 720 743
10 41 64 99 134 157 183 191 223 249 275 298 333 368 391 417 452
 484 510 536 559 594 602 625 651 686 718 744
10 42 65 97 135 158 181 192 224 247 276 299 331 369 392 415 453
 485 508 537 560 592 603 626 649 687 719 742
10 43 69 92 127 162 185 193 219 251 277 303 326 361 396 419 454
 480 512 538 564 587 595 630 653 688 714 746
10 44 67 93 128 160 186 194 217 252 278 301 327 362 394 420 455
 478 513 539 562 588 596 628 654 689 712 747
10 45 68 91 129 161 184 195 218 250 279 302 325 363 395 418 456
 479 511 540 563 586 597 629 652 690 713 745
10 46 81 104 112 138 170 205 231 254 280 315 338 373 399 431 439
 465 488 514 549 572 607 633 665 700 726 749
10 47 79 105 113 136 171 206 229 255 281 313 339 374 397 432 440
 463 489 515 547 573 608 631 666 701 724 750
10 48 80 103 114 137 169 207 230 253 282 314 337 375 398 430 441
 464 487 516 548 571 609 632 664 702 725 748
10 49 75 107 115 141 164 199 234 257 283 309 341 376 402 425 433
 468 491 517 543 575 610 636 659 694 729 752
10 50 73 108 116 139 165 200 232 258 284 307 342 377 400 426 434
 466 492 518 541 576 611 634 660 695 727 753
10 51 74 106 117 140 163 201 233 256 285 308 340 378 401 424 435
 467 490 519 542 574 612 635 658 696 728 751
10 52 78 101 109 144 167 202 228 260 286 312 335 370 405 428 436
 462 494 520 546 569 604 639 662 697 723 755
10 53 76 102 110 142 168 203 226 261 287 310 336 371 403 429 437
 460 495 521 544 570 605 637 663 698 721 756
10 54 77 100 111 143 166 204 227 259 288 311 334 372 404 427 438
 461 493 522 545 568 606 638 661 699 722 754
11 28 81 95 118 144 185 208 234 248 291 314 328 354 404 418 444
 467 508 524 547 591 614 637 654 677 727 744
11 29 79 96 119 142 186 209 232 249 289 315 329 352 405 419 442
 468 509 525 548 589 615 638 652 678 728 742
11 30 80 94 120 143 184 210 233 247 290 313 330 353 403 420 443
 466 510 523 549 590 613 639 653 676 729 743
11 31 75 98 121 138 188 211 228 251 294 308 331 357 398 421 447
 461 511 527 541 594 617 631 657 680 721 747
11 32 73 99 122 136 189 212 226 252 292 309 332 355 399 422 445
 462 512 528 542 592 618 632 655 681 722 745
11 33 74 97 123 137 187 213 227 250 293 307 333 356 397 423 446
 460 513 526 543 593 616 633 656 679 723 746
11 34 78 92 124 141 182 214 231 245 297 311 325 360 401 415 450
 464 505 530 544 588 620 634 651 683 724 741
11 35 76 93 125 139 183 215 229 246 295 312 326 358 402 416 448
 465 506 531 545 586 621 635 649 684 725 739
11 36 77 91 126 140 181 216 230 244 296 310 327 359 400 417 449
 463 507 529 546 587 619 636 650 682 726 740
11 37 63 104 127 153 167 190 243 257 273 323 337 363 386 427 453
 476 490 533 556 573 596 646 663 686 709 753
11 38 61 105 128 151 168 191 241 258 271 324 338 361 387 428 451
 477 491 534 557 571 597 647 661 687 710 751
11 39 62 103 129 152 166 192 242 256 272 322 339 362 385 429 452
 475 492 532 558 572 595 648 662 685 711 752
11 40 57 107 130 147 170 193 237 260 276 317 340 366 380 430 456
 470 493 536 550 576 599 640 666 689 703 756
11 41 55 108 131 145 171 194 235 261 274 318 341 364 381 431 454
 471 494 537 551 574 600 641 664 690 704 754
11 42 56 106 132 146 169 195 236 259 275 316 342 365 379 432 455
 469 495 535 552 575 598 642 665 688 705 755
11 43 60 101 133 150 164 196 240 254 279 320 334 369 383 424 459
 473 487 539 553 570 602 643 660 692 706 750
11 44 58 102 134 148 165 197 238 255 277 321 335 367 384 425 457
 474 488 540 554 568 603 644 658 693 707 748
11 45 59 100 135 149 163 198 239 253 278 319 336 368 382 426 458
 472 489 538 555 569 601 645 659 691 708 749
11 46 72 86 109 162 176 199 225 266 282 305 346 372 395 409 435
 485 499 515 565 582 605 628 672 695 718 735
11 47 70 87 110 160 177 200 223 267 280 306 347 370 396 410 433
 486 500 516 566 580 606 629 670 696 719 733
11 48 71 85 111 161 175 201 224 265 281 304 348 371 394 411 434
 484 501 514 567 581 604 630 671 694 720 734
11 49 66 89 112 156 179 202 219 269 285 299 349 375 389 412 438
 479 502 518 559 585 608 622 675 698 712 738
11 50 64 90 113 154 180 203 217 270 283 300 350 373 390 413 436
 480 503 519 560 583 609 623 673 699 713 736
11 51 65 88 114 155 178 204 218 268 284 298 351 374 388 414 437
 478 504 517 561 584 607 624 674 697 714 737
11 52 69 83 115 159 173 205 222 263 288 302 343 378 392 406 441
 482 496 521 562 579 611 625 669 701 715 732
11 53 67 84 116 157 174 206 220 264 286 303 344 376 393 407 439
 483 497 522 563 577 612 626 667 702 716 730
11 54 68 82 117 158 172 207 221 262 287 301 345 377 391 408 440
 481 498 520 564 578 610 627 668 700 717 731
12 28 72 104 124 159 164 211 219 260 290 304 339 359 391 426 446
 478 495 525 566 571 621 626 658 681 713 754
12 29 70 105 125 157 165 212 217 261 291 305 337 360 392 424 447
 479 493 523 567 572 619 627 659 679 714 755
12 30 71 103 126 158 163 213 218 259 289 306 338 358 393 425 445
 480 494 524 565 573 620 625 660 680 712 756
12 31 66 107 118 162 167 214 222 254 293 298 342 353 394 429 449
 481 489 528 560 574 615 629 661 684 716 748
12 32 64 108 119 160 168 215 220 255 294 299 340 354 395 427 450
 482 487 526 561 575 613 630 662 682 717 749
12 33 65 106 120 161 166 216 221 253 292 300 341 352 396 428 448
 483 488 527 559 576 614 628 663 683 715 750
12 34 69 101 121 156 170 208 225 257 296 301 336 356 388 432 443
 484 492 531 563 568 618 623 664 678 719 751
12 35 67 102 122 154 171 209 223 258 297 302 334 357 389 430 444
 485 490 529 564 569 616 624 665 676 720 752
12 36 68 100 123 155 169 210 224 256 295 303 335 355 390 431 442
 486 491 530 562 570 617 622 666 677 718 753
12 37 81 86 133 141 173 193 228 269 272 313 348 368 400 408 455
 460 504 534 548 580 603 635 667 690 722 736
12 38 79 87 134 139 174 194 226 270 273 314 346 369 401 406 456
 461 502 532 549 581 601 636 668 688 723 737
12 39 80 85 135 140 172 195 227 268 271 315 347 367 402 407 454
 462 503 533 547 582 602 634 669 689 721 738
12 40 75 89 127 144 176 196 231 263 275 307 351 362 403 411 458
 463 498 537 542 583 597 638 670 693 725 730
12 41 73 90 128 142 177 197 229 264 276 308 349 363 404 409 459
 464 496 535 543 584 595 639 671 691 726 731
12 42 74 88 129 143 175 198 230 262 274 309 350 361 405 410 457
 465 497 536 541 585 596 637 672 692 724 732
12 43 78 83 130 138 179 190 234 266 278 310 345 365 397 414 452
 466 501 540 545 577 600 632 673 687 728 733
12 44 76 84 131 136 180 191 232 267 279 311 343 366 398 412 453
 467 499 538 546 578 598 633 674 685 729 734
12 45 77 82 132 137 178 192 233 265 277 312 344 364 399 413 451
 468 500 539 544 579 599 631 675 686 727 735
12 46 63 95 115 150 182 202 237 251 281 322 330 377 382 417 437
 469 513 516 557 589 612 644 649 699 704 745
12 47 61 96 116 148 183 203 235 252 282 323 328 378 383 415 438
 470 511 514 558 590 610 645 650 697 705 746
12 48 62 94 117 149 181 204 236 250 280 324 329 376 384 416 436
 471 512 515 556 591 611 643 651 698 703 747
12 49 57 98 109 153 185 205 240 245 284 316 333 371 385 420 440
 472 507 519 551 592 606 647 652 702 707 739
12 50 55 99 110 151 186 206 238 246 285 317 331 372 386 418 441
 473 505 517 552 593 604 648 653 700 708 740
12 51 56 97 111 152 184 207 239 244 283 318 332 370 387 419 439
 474 506 518 550 594 605 646 654 701 706 741
12 52 60 92 112 147 188 199 243 248 287 319 327 374 379 423 434
 475 510 522 554 586 609 641 655 696 710 742
12 53 58 93 113 145 189 200 241 249 288 320 325 375 380 421 435
 476 508 520 555 587 607 642 656 694 711 743
12 54 59 91 114 146 187 201 242 247 286 321 326 373 381 422 433
 477 509 521 553 588 608 640 657 695 709 744
13 28 62 87 135 157 182 203 228 259 295 320 345 366 388 422 434
 468 490 526 551 585 597 628 653 701 726 748
13 29 63 85 133 158 183 204 226 260 296 321 343 364 389 423 435
 466 491 527 552 583 595 629 654 702 724 749
13 30 61 86 134 159 181 202 227 261 297 319 344 365 390 421 433
 467 492 528 550 584 596 630 652 700 725 750
13 31 56 90 129 160 185 206 231 253 289 323 348 369 391 416 437
 462 493 529 554 579 600 622 656 695 729 751
13 32 57 88 127 161 186 207 229 254 290 324 346 367 392 417 438
 460 494 530 555 577 598 623 657 696 727 752
13 33 55 89 128 162 184 205 230 255 291 322 347 368 393 415 436
 461 495 531 553 578 599 624 655 694 728 753
13 34 59 84 132 154 188 200 234 256 292 317 351 363 394 419 440
 465 487 523 557 582 603 625 650 698 723 754
13 35 60 82 130 155 189 201 232 257 293 318 349 361 395 420 441
 463 488 524 558 580 601 626 651 699 721 755
13 36 58 83 131 156 187 199 233 258 294 316 350 362 396 418 439
 464 489 525 556 581 602 627 649 697 722 756
13 37 71 96 117 139 164 212 237 268 277 302 327 375 397 431 443
 477 499 535 560 594 606 637 662 683 708 730
13 38 72 94 115 140 165 213 235 269 278 303 325 373 398 432 444
 475 500 536 561 592 604 638 663 684 706 731
13 39 70 95 116 141 163 211 236 270 279 301 326 374 399 430 442
 476 501 537 559 593 605 639 661 682 707 732
13 40 65 99 111 142 167 215 240 262 271 305 330 378 400 425 446
 471 502 538 563 588 609 631 665 677 711 733
13 41 66 97 109 143 168 216 238 263 272 306 328 376 401 426 447
 469 503 539 564 586 607 632 666 678 709 734
13 42 64 98 110 144 166 214 239 264 273 304 329 377 402 424 445
 470 504 540 562 587 608 633 664 676 710 735
13 43 68 93 114 136 170 209 243 265 274 299 333 372 403 428 449
 474 496 532 566 591 612 634 659 680 705 736
13 44 69 91 112 137 171 210 241 266 275 300 331 370 404 429 450
 472 497 533 567 589 610 635 660 681 703 737
13 45 67 92 113 138 169 208 242 267 276 298 332 371 405 427 448
 473 498 534 565 590 611 636 658 679 704 738
13 46 80 105 126 148 173 194 219 250 286 311 336 357 379 413 452
 486 508 517 542 576 615 646 671 692 717 739
13 47 81 103 124 149 174 195 217 251 287 312 334 355 380 414 453
 484 509 518 543 574 613 647 672 693 715 740
13 48 79 104 125 150 172 193 218 252 288 310 335 356 381 412 451
 485 510 519 541 575 614 648 670 691 716 741
13 49 74 108 120 151 176 197 222 244 280 314 339 360 382 407 455
 480 511 520 545 570 618 640 674 686 720 742
13 50 75 106 118 152 177 198 220 245 281 315 337 358 383 408 456
 478 512 521 546 568 616 641 675 687 718 743
13 51 73 107 119 153 175 196 221 246 282 313 338 359 384 406 454
 479 513 522 544 569 617 642 673 685 719 744
13 52 77 102 123 145 179 191 225 247 283 308 342 354 385 410 458
 483 505 514 548 573 621 643 668 689 714 745
13 53 78 100 121 146 180 192 223 248 284 309 340 352 386 411 459
 481 506 515 549 571 619 644 669 690 712 746
13 54 76 101 122 147 178 190 224 249 285 307 341 353 387 409 457
 482 507 516 547 572 620 645 667 688 713 747
14 28 80 96 132 145 170 206 222 262 297 310 326 362 387 427 436
 479 504 527 543 592 601 644 660 696 718 734
14 29 81 94 130 146 171 207 220 263 295 311 327 363 385 428 437
 480 502 528 541 593 602 645 658 694 719 735
14 30 79 95 131 147 169 205 221 264 296 312 325 361 386 429 438
 478 503 526 542 594 603 643 659 695 720 733
14 31 74 99 135 148 164 200 225 265 291 313 329 365 381 430 439
 482 498 530 546 586 595 647 663 699 712 737
14 32 75 97 133 149 165 201 223 266 289 314 330 366 379 431 440
 483 496 531 544 587 596 648 661 697 713 738
14 33 73 98 134 150 163 199 224 267 290 315 328 364 380 432 441
 481 497 529 545 588 597 646 662 698 714 736
14 34 77 93 129 151 167 203 219 268 294 307 332 368 384 424 433
 485 501 524 549 589 598 641 666 702 715 731
14 35 78 91 127 152 168 204 217 269 292 308 333 369 382 425 434
 486 499 525 547 590 599 642 664 700 716 732
14 36 76 92 128 153 166 202 218 270 293 309 331 367 383 426 435
 484 500 523 548 591 600 640 665 701 717 730
14 37 62 105 114 154 179 215 231 244 279 319 335 371 396 409 445
 461 513 536 552 574 610 626 669 678 727 743
14 38 63 103 112 155 180 216 229 245 277 320 336 372 394 410 446
 462 511 537 550 575 611 627 667 676 728 744
14 39 61 104 113 156 178 214 230 246 278 321 334 370 395 411 447
 460 512 535 551 576 612 625 668 677 729 742
14 40 56 108 117 157 173 209 234 247 273 322 338 374 390 412 448
 464 507 539 555 568 604 629 672 681 721 746
14 41 57 106 115 158 174 210 232 248 271 323 339 375 388 413 449
 465 505 540 553 569 605 630 670 679 722 747
14 42 55 107 116 159 172 208 233 249 272 324 337 373 389 414 450
 463 506 538 554 570 606 628 671 680 723 745
14 43 59 102 111 160 176 212 228 250 276 316 341 377 393 406 442
 467 510 533 558 571 607 623 675 684 724 740
14 44 60 100 109 161 177 213 226 251 274 317 342 378 391 407 443
 468 508 534 556 572 608 624 673 682 725 741
14 45 58 101 110 162 175 211 227 252 275 318 340 376 392 408 444
 466 509 532 557 573 609 622 674 683 726 739
14 46 71 87 123 136 188 197 240 253 288 301 344 353 405 418 454
 470 495 518 561 583 619 635 651 687 709 752
14 47 72 85 121 137 189 198 238 254 286 302 345 354 403 419 455
 471 493 519 559 584 620 636 649 685 710 753
14 48 70 86 122 138 187 196 239 255 287 303 343 352 404 420 456
 469 494 517 560 585 621 634 650 686 711 751
14 49 65 90 126 139 182 191 243 256 282 304 347 356 399 421 457
 473 489 521 564 577 613 638 654 690 703 755
14 50 66 88 124 140 183 192 241 257 280 305 348 357 397 422 458
 474 487 522 562 578 614 639 652 688 704 756
14 51 64 89 125 141 181 190 242 258 281 306 346 355 398 423 459
 472 488 520 563 579 615 637 653 689 705 754
14 52 68 84 120 142 185 194 237 259 285 298 350 359 402 415 451
 476 492 515 567 580 616 632 657 693 706 749
14 53 69 82 118 143 186 195 235 260 283 299 351 360 400 416 452
 477 490 516 565 581 617 633 655 691 707 750
14 54 67 83 119 144 184 193 236 261 284 300 349 358 401 417 453
 475 491 514 566 582 618 631 656 692 708 748
15 28 71 105 129 142 176 200 243 247 296 303 334 367 401 408 441
 472 506 528 559 575 599 633 673 697 704 747
15 29 72 103 127 143 177 201 241 248 297 301 335 368 402 406 439
 473 507 526 560 576 600 631 674 698 705 745
15 30 70 104 128 144 175 199 242 249 295 302 336 369 400 407 440
 474 505 527 561 574 598 632 675 699 703 746
15 31 65 108 132 136 179 203 237 250 290 306 337 361 404 411 435
 475 509 531 562 569 602 636 667 700 707 741
15 32 66 106 130 137 180 204 235 251 291 304 338 362 405 409 433
 476 510 529 563 570 603 634 668 701 708 739
15 33 64 107 131 138 178 202 236 252 289 305 339 363 403 410 434
 477 508 530 564 568 601 635 669 702 706 740
15 34 68 102 135 139 173 206 240 244 293 300 340 364 398 414 438
 469 512 525 565 572 596 639 670 694 710 744
15 35 69 100 133 140 174 207 238 245 294 298 341 365 399 412 436
 470 513 523 566 573 597 637 671 695 711 742
15 36 67 101 134 141 172 205 239 246 292 299 342 366 397 413 437
 471 511 524 567 571 595 638 672 696 709 743
15 37 80 87 111 151 185 209 225 256 278 312 343 376 383 417 450
 481 488 537 541 584 608 642 655 679 713 756
15 38 81 85 109 152 186 210 223 257 279 310 344 377 384 415 448
 482 489 535 542 585 609 640 656 680 714 754
15 39 79 86 110 153 184 208 224 258 277 311 345 378 382 416 449
 483 487 536 543 583 607 641 657 681 712 755
15 40 74 90 114 145 188 212 219 259 272 315 346 370 386 420 444
 484 491 540 544 578 611 645 649 682 716 750
15 41 75 88 112 146 189 213 217 260 273 313 347 371 387 418 442
 485 492 538 545 579 612 643 650 683 717 748
15 42 73 89 113 147 187 211 218 261 271 314 348 372 385 419 443
 486 490 539 546 577 610 644 651 684 715 749
15 43 77 84 117 148 182 215 222 253 275 309 349 373 380 423 447
 478 494 534 547 581 605 648 652 676 719 753
15 44 78 82 115 149 183 216 220 254 276 307 350 374 381 421 445
 479 495 532 548 582 606 646 653 677 720 751
15 45 76 83 116 150 181 214 221 255 274 308 351 375 379 422 446
 480 493 533 549 580 604 647 654 678 718 752
15 46 62 96 120 160 167 191 234 265 287 321 325 358 392 426 459
 463 497 519 550 593 617 624 664 688 722 738
15 47 63 94 118 161 168 192 232 266 288 319 326 359 393 424 457
 464 498 517 551 594 618 622 665 689 723 736
15 48 61 95 119 162 166 190 233 267 286 320 327 360 391 425 458
 465 496 518 552 592 616 623 666 690 721 737
15 49 56 99 123 154 170 194 228 268 281 324 328 352 395 429 453
 466 500 522 553 587 620 627 658 691 725 732
15 50 57 97 121 155 171 195 226 269 282 322 329 353 396 427 451
 467 501 520 554 588 621 625 659 692 726 730
15 51 55 98 122 156 169 193 227 270 280 323 330 354 394 428 452
 468 499 521 555 586 619 626 660 693 724 731
15 52 59 93 126 157 164 197 231 262 284 318 331 355 389 432 456
 460 503 516 556 590 614 630 661 685 728 735
15 53 60 91 124 158 165 198 229 263 285 316 332 356 390 430 454
 461 504 514 557 591 615 628 662 686 729 733
15 54 58 92 125 159 163 196 230 264 283 317 333 357 388 431 455
 462 502 515 558 589 613 629 663 687 727 734
16 28 61 85 110 143 167 192 225 249 292 316 349 374 398 431 456
 480 513 529 553 577 611 635 659 693 717 741
16 29 62 86 111 144 168 190 223 247 293 317 350 375 399 432 454
 478 511 530 554 578 612 636 660 691 715 739
16 30 63 87 109 142 166 191 224 248 294 318 351 373 397 430 455
 479 512 531 555 579 610 634 658 692 716 740
16 31 55 88 113 137 170 195 219 252 295 319 343 377 401 425 459
 483 507 523 556 580 605 638 662 687 720 744
16 32 56 89 114 138 171 193 217 250 296 320 344 378 402 426 457
 481 505 524 557 581 606 639 663 685 718 742
16 33 57 90 112 136 169 194 218 251 297 321 345 376 400 424 458
 482 506 525 558 582 604 637 661 686 719 743
16 34 58 82 116 140 164 198 222 246 289 322 346 371 404 428 453
 486 510 526 550 583 608 632 665 690 714 747
16 35 59 83 117 141 165 196 220 244 290 323 347 372 405 429 451
 484 508 527 551 584 609 633 666 688 712 745
16 36 60 84 115 139 163 197 221 245 291 324 348 370 403 427 452
 485 509 528 552 585 607 631 664 689 713 746
16 37 70 94 119 152 176 201 234 258 274 298 331 356 380 413 438
 462 495 538 562 586 620 644 668 702 726 750
16 38 71 95 120 153 177 199 232 256 275 299 332 357 381 414 436
 460 493 539 563 587 621 645 669 700 724 748
16 39 72 96 118 151 175 200 233 257 276 300 333 355 379 412 437
 461 494 540 564 588 619 643 667 701 725 749
16 40 64 97 122 146 179 204 228 261 277 301 325 359 383 407 441
 465 489 532 565 589 614 647 671 696 729 753
16 41 65 98 123 147 180 202 226 259 278 302 326 360 384 408 439
 463 487 533 566 590 615 648 672 694 727 751
16 42 66 99 121 145 178 203 227 260 279 303 327 358 382 406 440
 464 488 534 567 591 613 646 670 695 728 752
16 43 67 91 125 149 173 207 231 255 271 304 328 353 386 410 435
 468 492 535 559 592 617 641 674 699 723 756
16 44 68 92 126 150 174 205 229 253 272 305 329 354 387 411 433
 466 490 536 560 593 618 642 675 697 721 754
16 45 69 93 124 148 172 206 230 254 273 306 330 352 385 409 434
 467 491 537 561 594 616 640 673 698 722 755
16 46 79 103 128 161 185 210 243 267 283 307 340 365 389 422 447
 471 504 520 544 568 602 626 650 684 708 732
16 47 80 104 129 162 186 208 241 265 284 308 341 366 390 423 445
 469 502 521 545 569 603 627 651 682 706 730
16 48 81 105 127 160 184 209 242 266 285 309 342 364 388 421 446
 470 503 522 546 570 601 625 649 683 707 731
16 49 73 106 131 155 188 213 237 270 286 310 334 368 392 416 450
 474 498 514 547 571 596 629 653 678 711 735
16 50 74 107 132 156 189 211 235 268 287 311 335 369 393 417 448
 472 496 515 548 572 597 630 654 676 709 733
16 51 75 108 130 154 187 212 236 269 288 312 336 367 391 415 449
 473 497 516 549 573 595 628 652 677 710 734
16 52 76 100 134 158 182 216 240 264 280 313 337 362 395 419 444
 477 501 517 541 574 599 623 656 681 705 738
16 53 77 101 135 159 183 214 238 262 281 314 338 363 396 420 442
 475 499 518 542 575 600 624 657 679 703 736
16 54 78 102 133 157 181 215 239 263 282 315 339 361 394 418 443
 476 500 519 543 576 598 622 655 680 704 737
17 28 79 94 116 158 173 195 237 261 294 309 333 370 394 409 458
 473 488 530 545 587 609 624 675 685 709 751
17 29 80 95 117 159 174 193 235 259 292 307 331 371 395 410 459
 474 489 531 546 588 607 622 673 686 710 752
17 30 81 96 115 157 172 194 236 260 293 308 332 372 396 411 457
 472 487 529 544 586 608 623 674 687 711 753
17 31 73 97 110 161 176 198 240 255 297 312 327 373 388 412 452
 476 491 524 548 590 612 627 669 688 703 754
17 32 74 98 111 162 177 196 238 253 295 310 325 374 389 413 453
 477 492 525 549 591 610 625 667 689 704 755
17 33 75 99 109 160 175 197 239 254 296 311 326 375 390 414 451
 475 490 523 547 589 611 626 668 690 705 756
17 34 76 91 113 155 179 192 243 258 291 315 330 376 391 406 455
 470 494 527 542 593 606 630 672 691 706 748
17 35 77 92 114 156 180 190 241 256 289 313 328 377 392 407 456
 471 495 528 543 594 604 628 670 692 707 749
17 36 78 93 112 154 178 191 242 257 290 314 329 378 393 408 454
 469 493 526 541 592 605 629 671 693 708 750
17 37 61 103 125 140 182 204 219 270 276 318 342 352 403 418 440
 482 497 539 554 569 618 633 657 694 718 733
17 38 62 104 126 141 183 202 217 268 274 316 340 353 404 419 441
 483 498 540 555 570 616 631 655 695 719 734
17 39 63 105 124 139 181 203 218 269 275 317 341 354 405 420 439
 481 496 538 553 568 617 632 656 696 720 735
17 40 55 106 119 143 185 207 222 264 279 321 336 355 397 421 434
 485 500 533 557 572 621 636 651 697 712 736
17 41 56 107 120 144 186 205 220 262 277 319 334 356 398 422 435
 486 501 534 558 573 619 634 649 698 713 737
17 42 57 108 118 142 184 206 221 263 278 320 335 357 399 423 433
 484 499 532 556 571 620 635 650 699 714 738
17 43 58 100 122 137 188 201 225 267 273 324 339 358 400 415 437
 479 503 536 551 575 615 639 654 700 715 730
17 44 59 101 123 138 189 199 223 265 271 322 337 359 401 416 438
 480 504 537 552 576 613 637 652 701 716 731
17 45 60 102 121 136 187 200 224 266 272 323 338 360 402 417 436
 478 502 535 550 574 614 638 653 702 717 732
17 46 70 85 134 149 164 213 228 252 285 300 351 361 385 427 449
 464 506 521 563 578 600 642 666 676 727 742
17 47 71 86 135 150 165 211 226 250 283 298 349 362 386 428 450
 465 507 522 564 579 598 640 664 677 728 743
17 48 72 87 133 148 163 212 227 251 284 299 350 363 387 429 448
 463 505 520 562 577 599 641 665 678 729 744
17 49 64 88 128 152 167 216 231 246 288 303 345 364 379 430 443
 467 509 515 566 581 603 645 660 679 721 745
17 50 65 89 129 153 168 214 229 244 286 301 343 365 380 431 444
 468 510 516 567 582 601 643 658 680 722 746
17 51 66 90 127 151 166 215 230 245 287 302 344 366 381 432 442
 466 508 514 565 580 602 644 659 681 723 747
17 52 67 82 131 146 170 210 234 249 282 306 348 367 382 424 446
 461 512 518 560 584 597 648 663 682 724 739
17 53 68 83 132 147 171 208 232 247 280 304 346 368 383 425 447
 462 513 519 561 585 595 646 661 683 725 740
17 54 69 84 130 145 169 209 233 248 281 305 347 369 384 426 445
 460 511 517 559 583 596 647 662 684 726 741
18 28 70 103 113 146 188 198 231 264 293 299 341 378 384 417 451
 466 499 531 564 570 604 646 652 689 722 737
18 29 71 104 114 147 189 196 229 262 294 300 342 376 382 415 452
 467 500 529 562 568 605 647 653 690 723 738
18 30 72 105 112 145 187 197 230 263 292 298 340 377 383 416 453
 468 501 530 563 569 606 648 654 688 721 736
18 31 64 106 116 149 182 192 234 267 296 302 335 372 387 420 454
 460 502 525 567 573 607 640 655 692 725 731
18 32 65 107 117 150 183 190 232 265 297 303 336 370 385 418 455
 461 503 523 565 571 608 641 656 693 726 732
18 33 66 108 115 148 181 191 233 266 295 301 334 371 386 419 456
 462 504 524 566 572 609 642 657 691 724 730
18 34 67 100 110 152 185 195 228 270 290 305 338 375 381 423 457
 463 496 528 561 576 610 643 649 686 728 734
18 35 68 101 111 153 186 193 226 268 291 306 339 373 379 421 458
 464 497 526 559 574 611 644 650 687 729 735
18 36 69 102 109 151 184 194 227 269 289 304 337 374 380 422 459
 465 498 527 560 575 612 645 651 685 727 733
18 37 79 85 122 155 170 207 240 246 275 308 350 360 393 426 433
 475 508 540 546 579 613 628 661 698 704 746
18 38 80 86 123 156 171 205 238 244 276 309 351 358 391 424 434
 476 509 538 544 577 614 629 662 699 705 747
18 39 81 87 121 154 169 206 239 245 274 307 349 359 392 425 435
 477 510 539 545 578 615 630 663 697 703 745
18 40 73 88 125 158 164 201 243 249 278 311 344 354 396 429 436
 469 511 534 549 582 616 622 664 701 707 740
18 41 74 89 126 159 165 199 241 247 279 312 345 352 394 427 437
 470 512 532 547 580 617 623 665 702 708 741
18 42 75 90 124 157 163 200 242 248 277 310 343 353 395 428 438
 471 513 533 548 581 618 624 666 700 706 739
18 43 76 82 119 161 167 204 237 252 272 314 347 357 390 432 439
 472 505 537 543 585 619 625 658 695 710 743
18 44 77 83 120 162 168 202 235 250 273 315 348 355 388 430 440
 473 506 535 541 583 620 626 659 696 711 744
18 45 78 84 118 160 166 203 236 251 271 313 346 356 389 431 441
 474 507 536 542 584 621 627 660 694 709 742
18 46 61 94 131 137 179 216 222 255 284 317 332 369 402 408 442
 484 490 522 555 588 595 637 670 680 713 755
18 47 62 95 132 138 180 214 220 253 285 318 333 367 400 406 443
 485 491 520 553 586 596 638 671 681 714 756
18 48 63 96 130 136 178 215 221 254 283 316 331 368 401 407 444
 486 492 521 554 587 597 639 672 679 712 754
18 49 55 97 134 140 173 210 225 258 287 320 326 363 405 411 445
 478 493 516 558 591 598 631 673 683 716 749
18 50 56 98 135 141 174 208 223 256 288 321 327 361 403 409 446
 479 494 514 556 589 599 632 674 684 717 750
18 51 57 99 133 139 172 209 224 257 286 319 325 362 404 410 447
 480 495 515 557 590 600 633 675 682 715 748
18 52 58 91 128 143 176 213 219 261 281 323 329 366 399 414 448
 481 487 519 552 594 601 634 667 677 719 752
18 53 59 92 129 144 177 211 217 259 282 324 330 364 397 412 449
 482 488 517 550 592 602 635 668 678 720 753
18 54 60 93 127 142 175 212 218 260 280 322 328 365 398 413 450
 483 489 518 551 593 603 636 669 676 718 751
19 28 59 90 133 155 186 202 233 255 280 311 342 358 380 411 454
 485 507 532 563 594 610 632 663 679 710 732
19 29 60 88 134 156 184 203 234 253 281 312 340 359 381 409 455
 486 505 533 564 592 611 633 661 680 711 730
19 30 58 89 135 154 185 204 232 254 282 310 341 360 379 410 456
 484 506 534 562 593 612 631 662 681 709 731
19 31 62 84 127 158 189 205 227 258 283 314 336 352 383 414 457
 479 510 535 566 588 604 635 666 682 704 735
19 32 63 82 128 159 187 206 228 256 284 315 334 353 384 412 458
 480 508 536 567 586 605 636 664 683 705 733
19 33 61 83 129 157 188 207 226 257 285 313 335 354 382 413 459
 478 509 537 565 587 606 634 665 684 703 734
19 34 56 87 130 161 183 199 230 261 286 308 339 355 386 408 451
 482 513 538 560 591 607 638 660 676 707 738
19 35 57 85 131 162 181 200 231 259 287 309 337 356 387 406 452
 483 511 539 561 589 608 639 658 677 708 736
19 36 55 86 132 160 182 201 229 260 288 307 338 357 385 407 453
 481 512 540 559 590 609 637 659 678 706 737
19 37 68 99 115 137 168 211 242 264 289 320 351 367 389 420 436
 467 489 514 545 576 619 641 672 688 719 741
19 38 69 97 116 138 166 212 243 262 290 321 349 368 390 418 437
 468 487 515 546 574 620 642 670 689 720 739
19 39 67 98 117 136 167 213 241 263 291 319 350 369 388 419 438
 466 488 516 544 575 621 640 671 690 718 740
19 40 71 93 109 140 171 214 236 267 292 323 345 361 392 423 439
 461 492 517 548 570 613 644 675 691 713 744
19 41 72 91 110 141 169 215 237 265 293 324 343 362 393 421 440
 462 490 518 549 568 614 645 673 692 714 742
19 42 70 92 111 139 170 216 235 266 294 322 344 363 391 422 441
 460 491 519 547 569 615 643 674 693 712 743
19 43 65 96 112 143 165 208 239 270 295 317 348 364 395 417 433
 464 495 520 542 573 616 647 669 685 716 747
19 44 66 94 113 144 163 209 240 268 296 318 346 365 396 415 434
 465 493 521 543 571 617 648 667 686 717 745
19 45 64 95 114 142 164 210 238 269 297 316 347 366 394 416 435
 463 494 522 541 572 618 646 668 687 715 746
19 46 77 108 124 146 177 193 224 246 271 302 333 376 398 429 445
 476 498 523 554 585 601 623 654 697 728 750
19 47 78 106 125 147 175 194 225 244 272 303 331 377 399 427 446
 477 496 524 555 583 602 624 652 698 729 748
19 48 76 107 126 145 176 195 223 245 273 301 332 378 397 428 447
 475 497 525 553 584 603 622 653 699 727 749
19 49 80 102 118 149 180 196 218 249 274 305 327 370 401 432 448
 470 501 526 557 579 595 626 657 700 722 753
19 50 81 100 119 150 178 197 219 247 275 306 325 371 402 430 449
 471 499 527 558 577 596 627 655 701 723 751
19 51 79 101 120 148 179 198 217 248 276 304 326 372 400 431 450
 469 500 528 556 578 597 625 656 702 721 752
19 52 74 105 121 152 174 190 221 252 277 299 330 373 404 426 442
 473 504 529 551 582 598 629 651 694 725 756
19 53 75 103 122 153 172 191 222 250 278 300 328 374 405 424 443
 474 502 530 552 580 599 630 649 695 726 754
19 54 73 104 123 151 173 192 220 251 279 298 329 375 403 425 444
 472 503 531 550 581 600 628 650 696 724 755
20 28 77 99 130 152 165 205 218 267 282 301 350 357 403 416 459
 469 491 533 555 574 608 630 667 683 723 742
20 29 78 97 131 153 163 206 219 265 280 302 351 355 404 417 457
 470 492 534 553 575 609 628 668 684 721 743
20 30 76 98 132 151 164 207 217 266 281 303 349 356 405 415 458
 471 490 532 554 576 607 629 669 682 722 744
20 31 80 93 133 146 168 199 221 270 285 304 344 360 397 419 453
 472 494 536 558 568 611 624 670 677 726 745
20 32 81 91 134 147 166 200 222 268 283 305 345 358 398 420 451
 473 495 537 556 569 612 622 671 678 724 746
20 33 79 92 135 145 167 201 220 269 284 306 343 359 399 418 452
 474 493 535 557 570 610 623 672 676 725 747
20 34 74 96 127 149 171 202 224 264 288 298 347 354 400 422 456
 475 488 539 552 571 605 627 673 680 729 739
20 35 75 94 128 150 169 203 225 262 286 299 348 352 401 423 454
 476 489 540 550 572 606 625 674 681 727 740
20 36 73 95 129 148 170 204 223 263 287 300 346 353 402 421 455
 477 487 538 551 573 604 626 675 679 728 741
20 37 59 108 112 161 174 214 227 249 291 310 332 366 385 425 441
 478 500 515 564 583 617 639 649 692 705 751
20 38 60 106 113 162 172 215 228 247 289 311 333 364 386 426 439
 479 501 516 562 584 618 637 650 693 703 752
20 39 58 107 114 160 173 216 226 248 290 312 331 365 387 424 440
 480 499 514 563 585 616 638 651 691 704 753
20 40 62 102 115 155 177 208 230 252 294 313 326 369 379 428 435
 481 503 518 567 577 620 633 652 686 708 754
20 41 63 100 116 156 175 209 231 250 292 314 327 367 380 429 433
 482 504 519 565 578 621 631 653 687 706 755
20 42 61 101 117 154 176 210 229 251 293 315 325 368 381 427 434
 483 502 517 566 579 619 632 654 685 707 756
20 43 56 105 109 158 180 211 233 246 297 307 329 363 382 431 438
 484 497 521 561 580 614 636 655 689 711 748
20 44 57 103 110 159 178 212 234 244 295 308 330 361 383 432 436
 485 498 522 559 581 615 634 656 690 709 749
20 45 55 104 111 157 179 213 232 245 296 309 328 362 384 430 437
 486 496 520 560 582 613 635 657 688 710 750
20 46 68 90 121 143 183 196 236 258 273 319 341 375 394 407 450
 460 509 524 546 592 599 648 658 701 714 733
20 47 69 88 122 144 181 197 237 256 271 320 342 373 395 408 448
 461 510 525 544 593 600 646 659 702 712 734
20 48 67 89 123 142 182 198 235 257 272 321 340 374 396 406 449
 462 508 523 545 594 598 647 660 700 713 735
20 49 71 84 124 137 186 190 239 261 276 322 335 378 388 410 444
 463 512 527 549 586 602 642 661 695 717 736
20 50 72 82 125 138 184 191 240 259 274 323 336 376 389 411 442
 464 513 528 547 587 603 640 662 696 715 737
20 51 70 83 126 136 185 192 238 260 275 324 334 377 390 409 443
 465 511 526 548 588 601 641 663 694 716 738
20 52 65 87 118 140 189 193 242 255 279 316 338 372 391 413 447
 466 506 530 543 589 596 645 664 698 720 730
20 53 66 85 119 141 187 194 243 253 277 317 339 370 392 414 445
 467 507 531 541 590 597 643 665 699 718 731
20 54 64 86 120 139 188 195 241 254 278 318 337 371 393 412 446
 468 505 529 542 591 595 644 666 697 719 732
21 28 68 108 127 140 180 199 239 252 281 321 331 353 393 430 452
 465 502 534 544 584 606 643 656 678 715 755
21 29 69 106 128 141 178 200 240 250 282 319 332 354 391 431 453
 463 503 532 545 585 604 644 657 676 716 756
21 30 67 107 129 139 179 201 238 251 280 320 333 352 392 432 451
 464 504 533 546 583 605 645 655 677 717 754
21 31 71 102 130 143 174 202 242 246 284 324 325 356 396 424 455
 468 496 537 547 578 609 646 650 681 718 749
21 32 72 100 131 144 172 203 243 244 285 322 326 357 394 425 456
 466 497 535 548 579 607 647 651 679 719 750
21 33 70 101 132 142 173 204 241 245 283 323 327 355 395 426 454
 467 498 536 549 577 608 648 649 680 720 748
21 34 65 105 133 137 177 205 236 249 287 318 328 359 390 427 458
 462 499 540 541 581 612 640 653 684 712 752
21 35 66 103 134 138 175 206 237 247 288 316 329 360 388 428 459
 460 500 538 542 582 610 641 654 682 713 753
21 36 64 104 135 136 176 207 235 248 286 317 330 358 389 429 457
 461 501 539 543 580 611 642 652 683 714 751
21 37 77 90 109 149 189 208 221 261 290 303 340 362 402 412 434
 474 511 516 553 593 615 625 665 687 724 737
21 38 78 88 110 150 187 209 222 259 291 301 341 363 400 413 435
 472 512 514 554 594 613 626 666 685 725 738
21 39 76 89 111 148 188 210 220 260 289 302 342 361 401 414 433
 473 513 515 555 592 614 627 664 686 726 736
21 40 80 84 112 152 183 211 224 255 293 306 334 365 405 406 437
 477 505 519 556 587 618 628 659 690 727 731
21 41 81 82 113 153 181 212 225 253 294 304 335 366 403 407 438
 475 506 517 557 588 616 629 660 688 728 732
21 42 79 83 114 151 182 213 223 254 292 305 336 364 404 408 436
 476 507 518 558 586 617 630 658 689 729 730
21 43 74 87 115 146 186 214 218 258 296 300 337 368 399 409 440
 471 508 522 550 590 621 622 662 693 721 734
21 44 75 85 116 147 184 215 219 256 297 298 338 369 397 410 441
 469 509 520 551 591 619 623 663 691 722 735
21 45 73 86 117 145 185 216 217 257 295 299 339 367 398 411 439
 470 510 521 552 589 620 624 661 692 723 733
21 46 59 99 118 158 171 190 230 270 272 312 349 371 384 421 443
 483 493 525 562 575 597 634 674 696 706 746
21 47 60 97 119 159 169 191 231 268 273 310 350 372 382 422 444
 481 494 523 563 576 595 635 675 694 707 747
21 48 58 98 120 157 170 192 229 269 271 311 351 370 383 423 442
 482 495 524 564 574 596 636 673 695 708 745
21 49 62 93 121 161 165 193 233 264 275 315 343 374 387 415 446
 486 487 528 565 569 600 637 668 699 709 740
21 50 63 91 122 162 163 194 234 262 276 313 344 375 385 416 447
 484 488 526 566 570 598 638 669 697 710 741
21 51 61 92 123 160 164 195 232 263 274 314 345 373 386 417 445
 485 489 527 567 568 599 639 667 698 711 739
21 52 56 96 124 155 168 196 227 267 278 309 346 377 381 418 449
 480 490 531 559 572 603 631 671 702 703 743
21 53 57 94 125 156 166 197 228 265 279 307 347 378 379 419 450
 478 491 529 560 573 601 632 672 700 704 744
21 54 55 95 126 154 167 198 226 266 277 308 348 376 380 420 448
 479 492 530 561 571 602 633 670 701 705 742
22 28 58 88 111 141 171 191 221 251 286 307 337 369 390 420 449
 470 500 535 565 586 618 648 669 698 728 749
22 29 59 89 109 139 169 192 222 252 287 308 338 367 388 418 450
 471 501 536 566 587 616 646 667 699 729 750
22 30 60 90 110 140 170 190 220 250 288 309 339 368 389 419 448
 469 499 537 567 588 617 647 668 697 727 748
22 31 61 82 114 144 165 194 224 245 280 310 340 363 393 423 443
 473 503 538 559 589 621 642 672 701 722 752
22 32 62 83 112 142 163 195 225 246 281 311 341 361 391 421 444
 474 504 539 560 590 619 640 670 702 723 753
22 33 63 84 113 143 164 193 223 244 282 312 342 362 392 422 442
 472 502 540 561 591 620 641 671 700 721 751
22 34 55 85 117 138 168 197 218 248 283 313 334 366 396 417 446
 476 497 532 562 592 615 645 675 695 725 755
22 35 56 86 115 136 166 198 219 249 284 314 335 364 394 415 447
 477 498 533 563 593 613 643 673 696 726 756
22 36 57 87 116 137 167 196 217 247 285 315 336 365 395 416 445
 475 496 534 564 594 614 644 674 694 724 754
22 37 67 97 120 150 180 200 230 260 295 316 346 378 399 429 458
 479 509 517 547 568 600 630 651 680 710 731
22 38 68 98 118 148 178 201 231 261 296 317 347 376 397 427 459
 480 510 518 548 569 598 628 649 681 711 732
22 39 69 99 119 149 179 199 229 259 297 318 348 377 398 428 457
 478 508 519 549 570 599 629 650 679 709 730
22 40 70 91 123 153 174 203 233 254 289 319 349 372 402 432 452
 482 512 520 541 571 603 624 654 683 704 734
22 41 71 92 121 151 172 204 234 255 290 320 350 370 400 430 453
 483 513 521 542 572 601 622 652 684 705 735
22 42 72 93 122 152 173 202 232 253 291 321 351 371 401 431 451
 481 511 522 543 573 602 623 653 682 703 733
22 43 64 94 126 147 177 206 227 257 292 322 343 375 405 426 455
 485 506 514 544 574 597 627 657 677 707 737
22 44 65 95 124 145 175 207 228 258 293 323 344 373 403 424 456
 486 507 515 545 575 595 625 655 678 708 738
22 45 66 96 125 146 176 205 226 256 294 324 345 374 404 425 454
 484 505 516 546 576 596 626 656 676 706 736
22 46 76 106 129 159 189 209 239 269 277 298 328 360 381 411 440
 461 491 526 556 577 609 639 660 689 719 740
22 47 77 107 127 157 187 210 240 270 278 299 329 358 379 409 441
 462 492 527 557 578 607 637 658 690 720 741
22 48 78 108 128 158 188 208 238 268 279 300 330 359 380 410 439
 460 490 528 558 579 608 638 659 688 718 739
22 49 79 100 132 162 183 212 242 263 271 301 331 354 384 414 434
 464 494 529 550 580 612 633 663 692 713 743
22 50 80 101 130 160 181 213 243 264 272 302 332 352 382 412 435
 465 495 530 551 581 610 631 661 693 714 744
22 51 81 102 131 161 182 211 241 262 273 303 333 353 383 413 433
 463 493 531 552 582 611 632 662 691 712 742
22 52 73 103 135 156 186 215 236 266 274 304 325 357 387 408 437
 467 488 523 553 583 606 636 666 686 716 746
22 53 74 104 133 154 184 216 237 267 275 305 326 355 385 406 438
 468 489 524 554 584 604 634 664 687 717 747
22 54 75 105 134 155 185 214 235 265 276 306 327 356 386 407 436
 466 487 525 555 585 605 635 665 685 715 745
23 28 76 97 117 156 177 194 242 254 288 300 348 365 386 425 442
 463 511 536 557 569 613 634 655 702 714 735
23 29 77 98 115 154 175 195 243 255 286 298 346 366 387 426 443
 464 512 537 558 570 614 635 656 700 712 733
23 30 78 99 116 155 176 193 241 253 287 299 347 364 385 424 444
 465 513 535 556 568 615 636 657 701 713 734
23 31 79 91 111 159 180 197 236 257 282 303 351 368 380 428 445
 466 505 539 551 572 616 637 649 696 717 738
23 32 80 92 109 157 178 198 237 258 280 301 349 369 381 429 446
 467 506 540 552 573 617 638 650 694 715 736
23 33 81 93 110 158 179 196 235 256 281 302 350 367 379 427 447
 468 507 538 550 571 618 639 651 695 716 737
23 34 73 94 114 162 174 191 239 260 285 306 345 362 383 431 448
 460 508 533 554 575 619 631 652 699 720 732
23 35 74 95 112 160 172 192 240 261 283 304 343 363 384 432 449
 461 509 534 555 576 620 632 653 697 718 730
23 36 75 96 113 161 173 190 238 259 284 305 344 361 382 430 450
 462 510 532 553 574 621 633 654 698 719 731
23 37 58 106 126 138 186 203 224 263 297 309 330 374 395 407 451
 472 493 518 566 578 595 643 664 684 723 744
23 38 59 107 124 136 184 204 225 264 295 307 328 375 396 408 452
 473 494 519 567 579 596 644 665 682 721 742
23 39 60 108 125 137 185 202 223 262 296 308 329 373 394 406 453
 474 495 517 565 577 597 645 666 683 722 743
23 40 61 100 120 141 189 206 218 266 291 312 333 377 389 410 454
 475 487 521 560 581 598 646 658 678 726 747
23 41 62 101 118 139 187 207 219 267 289 310 331 378 390 411 455
 476 488 522 561 582 599 647 659 676 724 745
23 42 63 102 119 140 188 205 217 265 290 311 332 376 388 409 456
 477 489 520 559 580 600 648 660 677 725 746
23 43 55 103 123 144 183 200 221 269 294 315 327 371 392 413 457
 469 490 515 563 584 601 640 661 681 729 741
23 44 56 104 121 142 181 201 222 270 292 313 325 372 393 414 458
 470 491 516 564 585 602 641 662 679 727 739
23 45 57 105 122 143 182 199 220 268 293 314 326 370 391 412 459
 471 492 514 562 583 603 642 663 680 728 740
23 46 67 88 135 147 168 212 233 245 279 318 339 356 404 416 433
 481 502 527 548 587 604 625 673 693 705 753
23 47 68 89 133 145 166 213 234 246 277 316 337 357 405 417 434
 482 503 528 549 588 605 626 674 691 703 751
23 48 69 90 134 146 167 211 232 244 278 317 338 355 403 415 435
 483 504 526 547 586 606 627 675 692 704 752
23 49 70 82 129 150 171 215 227 248 273 321 342 359 398 419 436
 484 496 530 542 590 607 628 667 687 708 756
23 50 71 83 127 148 169 216 228 249 271 319 340 360 399 420 437
 485 497 531 543 591 608 629 668 685 706 754
23 51 72 84 128 149 170 214 226 247 272 320 341 358 397 418 438
 486 498 529 541 589 609 630 669 686 707 755
23 52 64 85 132 153 165 209 230 251 276 324 336 353 401 422 439
 478 499 524 545 593 610 622 670 690 711 750
23 53 65 86 130 151 163 210 231 252 274 322 334 354 402 423 440
 479 500 525 546 594 611 623 671 688 709 748
23 54 66 87 131 152 164 208 229 250 275 323 335 352 400 421 441
 480 501 523 544 592 612 624 672 689 710 749
24 28 67 106 114 153 183 197 227 266 287 317 329 361 400 412 447
 486 489 537 549 579 620 623 662 694 706 745
24 29 68 107 112 151 181 198 228 267 288 318 330 362 401 413 445
 484 487 535 547 577 621 624 663 695 707 746
24 30 69 108 113 152 182 196 226 265 286 316 328 363 402 414 446
 485 488 536 548 578 619 622 661 696 708 747
24 31 70 100 117 147 186 191 230 269 281 320 332 364 403 406 450
 480 492 540 543 582 614 626 665 697 709 739
24 32 71 101 115 145 184 192 231 270 282 321 333 365 404 407 448
 478 490 538 541 580 615 627 666 698 710 740
24 33 72 102 116 146 185 190 229 268 280 319 331 366 405 408 449
 479 491 539 542 581 613 625 664 699 711 741
24 34 64 103 111 150 189 194 233 263 284 323 326 367 397 409 444
 483 495 534 546 585 617 629 659 700 703 742
24 35 65 104 109 148 187 195 234 264 285 324 327 368 398 410 442
 481 493 532 544 583 618 630 660 701 704 743
24 36 66 105 110 149 188 193 232 262 283 322 325 369 399 411 443
 482 494 533 545 584 616 628 658 702 705 744
24 37 76 88 123 162 165 206 236 248 296 299 338 370 382 421 456
 468 498 519 558 588 602 632 671 676 715 754
24 38 77 89 121 160 163 207 237 249 297 300 339 371 383 422 454
 466 496 517 556 586 603 633 672 677 716 755
24 39 78 90 122 161 164 205 235 247 295 298 337 372 384 423 455
 467 497 518 557 587 601 631 670 678 717 756
24 40 79 82 126 156 168 200 239 251 290 302 341 373 385 415 459
 462 501 522 552 591 596 635 674 679 718 748
24 41 80 83 124 154 166 201 240 252 291 303 342 374 386 416 457
 460 499 520 550 589 597 636 675 680 719 749
24 42 81 84 125 155 167 199 238 250 289 301 340 375 387 417 458
 461 500 521 551 590 595 634 673 681 720 750
24 43 73 85 120 159 171 203 242 245 293 305 335 376 379 418 453
 465 504 516 555 594 599 638 668 682 712 751
24 44 74 86 118 157 169 204 243 246 294 306 336 377 380 419 451
 463 502 514 553 592 600 639 669 683 713 752
24 45 75 87 119 158 170 202 241 244 292 304 334 378 381 420 452
 464 503 515 554 593 598 637 667 684 714 753
24 46 58 97 132 144 174 215 218 257 278 308 347 352 391 430 438
 477 507 528 567 570 611 641 653 685 724 736
24 47 59 98 130 142 172 216 219 258 279 309 348 353 392 431 436
 475 505 526 565 568 612 642 654 686 725 737
24 48 60 99 131 143 173 214 217 256 277 307 346 354 393 432 437
 476 506 527 566 569 610 640 652 687 726 738
24 49 61 91 135 138 177 209 221 260 272 311 350 355 394 424 441
 471 510 531 561 573 605 644 656 688 727 730
24 50 62 92 133 136 175 210 222 261 273 312 351 356 395 425 439
 469 508 529 559 571 606 645 657 689 728 731
24 51 63 93 134 137 176 208 220 259 271 310 349 357 396 426 440
 470 509 530 560 572 604 643 655 690 729 732
24 52 55 94 129 141 180 212 224 254 275 314 344 358 388 427 435
 474 513 525 564 576 608 647 650 691 721 733
24 53 56 95 127 139 178 213 225 255 276 315 345 359 389 428 433
 472 511 523 562 574 609 648 651 692 722 734
24 54 57 96 128 140 179 211 223 253 274 313 343 360 390 429 434
 473 512 524 563 575 607 646 649 693 723 735
25 28 60 89 122 151 174 216 236 265 283 315 335 377 397 429 435
 464 493 538 561 590 596 625 657 690 719 739
25 29 58 90 123 152 172 214 237 266 284 313 336 378 398 427 433
 465 494 539 559 591 597 626 655 688 720 740
25 30 59 88 121 153 173 215 235 267 285 314 334 376 399 428 434
 463 495 540 560 589 595 627 656 689 718 741
25 31 63 83 125 145 177 210 239 268 286 309 338 371 400 432 438
 467 487 532 564 593 599 628 651 693 713 742
25 32 61 84 126 146 175 208 240 269 287 307 339 372 401 430 436
 468 488 533 562 594 600 629 649 691 714 743
25 33 62 82 124 147 176 209 238 270 288 308 337 370 402 431 437
 466 489 534 563 592 598 630 650 692 712 744
25 34 57 86 119 148 180 213 242 262 280 312 341 374 403 426 441
 461 490 535 567 587 602 622 654 687 716 745
25 35 55 87 120 149 178 211 243 263 281 310 342 375 404 424 439
 462 491 536 565 588 603 623 652 685 717 746
25 36 56 85 118 150 179 212 241 264 282 311 340 373 405 425 440
 460 492 537 566 586 601 624 653 686 715 747
25 37 69 98 131 160 183 198 218 247 292 324 344 359 379 411 444
 473 502 520 543 572 605 634 666 699 728 748
25 38 67 99 132 161 181 196 219 248 293 322 345 360 380 409 442
 474 503 521 541 573 606 635 664 697 729 749
25 39 68 97 130 162 182 197 217 249 294 323 343 358 381 410 443
 472 504 522 542 571 604 636 665 698 727 750
25 40 72 92 134 154 186 192 221 250 295 318 347 353 382 414 447
 476 496 514 546 575 608 637 660 702 722 751
25 41 70 93 135 155 184 190 222 251 296 316 348 354 383 412 445
 477 497 515 544 576 609 638 658 700 723 752
25 42 71 91 133 156 185 191 220 252 297 317 346 352 384 413 446
 475 498 516 545 574 607 639 659 701 721 753
25 43 66 95 128 157 189 195 224 244 289 321 350 356 385 408 450
 470 499 517 549 569 611 631 663 696 725 754
25 44 64 96 129 158 187 193 225 245 290 319 351 357 386 406 448
 471 500 518 547 570 612 632 661 694 726 755
25 45 65 94 127 159 188 194 223 246 291 320 349 355 387 407 449
 469 501 519 548 568 610 633 662 695 724 756
25 46 78 107 113 142 165 207 227 256 274 306 326 368 388 420 453
 482 511 529 552 581 614 643 675 681 710 730
25 47 76 108 114 143 163 205 228 257 275 304 327 369 389 418 451
 483 512 530 550 582 615 644 673 679 711 731
25 48 77 106 112 144 164 206 226 258 276 305 325 367 390 419 452
 481 513 531 551 580 613 645 674 680 709 732
25 49 81 101 116 136 168 201 230 259 277 300 329 362 391 423 456
 485 505 523 555 584 617 646 669 684 704 733
25 50 79 102 117 137 166 199 231 260 278 298 330 363 392 421 454
 486 506 524 553 585 618 647 667 682 705 734
25 51 80 100 115 138 167 200 229 261 279 299 328 361 393 422 455
 484 507 525 554 583 616 648 668 683 703 735
25 52 75 104 110 139 171 204 233 253 271 303 332 365 394 417 459
 479 508 526 558 578 620 640 672 678 707 736
25 53 73 105 111 140 169 202 234 254 272 301 333 366 395 415 457
 480 509 527 556 579 621 641 670 676 708 737
25 54 74 103 109 141 170 203 232 255 273 302 331 364 396 416 458
 478 510 528 557 577 619 642 671 677 706 738
26 28 78 98 119 139 189 210 230 250 285 305 343 373 396 407 437
 484 498 539 550 573 603 641 661 691 705 752
26 29 76 99 120 140 187 208 231 251 283 306 344 374 394 408 438
 485 496 540 551 571 601 642 662 692 703 753
26 30 77 97 118 141 188 209 229 252 284 304 345 375 395 406 436
 486 497 538 552 572 602 640 663 693 704 751
26 31 81 92 122 142 183 213 233 244 288 299 346 376 390 410 440
 478 501 533 553 576 597 644 664 685 708 755
26 32 79 93 123 143 181 211 234 245 286 300 347 377 388 411 441
 479 499 534 554 574 595 645 665 686 706 756
26 33 80 91 121 144 182 212 232 246 287 298 348 378 389 409 439
 480 500 532 555 575 596 643 666 687 707 754
26 34 75 95 125 136 186 216 227 247 282 302 349 370 393 413 434
 481 504 536 556 570 600 647 658 688 711 749
26 35 73 96 126 137 184 214 228 248 280 303 350 371 391 414 435
 482 502 537 557 568 598 648 659 689 709 750
26 36 74 94 124 138 185 215 226 249 281 301 351 372 392 412 433
 483 503 535 558 569 599 646 660 690 710 748
26 37 60 107 128 148 171 192 239 259 294 314 325 355 405 416 446
 466 507 521 559 582 612 623 670 700 714 734
26 38 58 108 129 149 169 190 240 260 292 315 326 356 403 417 447
 467 505 522 560 580 610 624 671 701 712 735
26 39 59 106 127 150 170 191 238 261 293 313 327 357 404 415 445
 468 506 520 561 581 611 622 672 702 713 733
26 40 63 101 131 151 165 195 242 253 297 308 328 358 399 419 449
 460 510 515 562 585 606 626 673 694 717 737
26 41 61 102 132 152 163 193 243 254 295 309 329 359 397 420 450
 461 508 516 563 583 604 627 674 695 715 738
26 42 62 100 130 153 164 194 241 255 296 307 330 360 398 418 448
 462 509 514 564 584 605 625 675 696 716 736
26 43 57 104 134 145 168 198 236 256 291 311 331 352 402 422 443
 463 513 518 565 579 609 629 667 697 720 731
26 44 55 105 135 146 166 196 237 257 289 312 332 353 400 423 444
 464 511 519 566 577 607 630 668 698 718 732
26 45 56 103 133 147 167 197 235 258 290 310 333 354 401 421 442
 465 512 517 567 578 608 628 669 699 719 730
26 46 69 89 110 157 180 201 221 268 276 323 334 364 387 425 455
 475 489 530 541 591 621 632 652 682 723 743
26 47 67 90 111 158 178 199 222 269 274 324 335 365 385 426 456
 476 487 531 542 589 619 633 653 683 721 744
26 48 68 88 109 159 179 200 220 270 275 322 336 366 386 424 454
 477 488 529 543 590 620 631 654 684 722 742
26 49 72 83 113 160 174 204 224 262 279 317 337 367 381 428 458
 469 492 524 544 594 615 635 655 676 726 746
26 50 70 84 114 161 172 202 225 263 277 318 338 368 379 429 459
 470 490 525 545 592 613 636 656 677 724 747
26 51 71 82 112 162 173 203 223 264 278 316 339 369 380 427 457
 471 491 523 546 593 614 634 657 678 725 745
26 52 66 86 116 154 177 207 218 265 273 320 340 361 384 431 452
 472 495 527 547 588 618 638 649 679 729 740
26 53 64 87 117 155 175 205 219 266 271 321 341 362 382 432 453
 473 493 528 548 586 616 639 650 680 727 741
26 54 65 85 115 156 176 206 217 267 272 319 342 363 383 430 451
 474 494 526 549 587 617 637 651 681 728 739
27 28 69 107 125 154 168 213 224 253 284 322 327 372 383 421 439
 471 509 540 542 580 598 639 668 686 724 738
27 29 67 108 126 155 166 211 225 254 285 323 325 370 384 422 440
 469 510 538 543 581 599 637 669 687 725 736
27 30 68 106 124 156 167 212 223 255 283 324 326 371 382 423 441
 470 508 539 541 582 600 638 667 685 726 737
27 31 72 101 119 157 171 216 218 256 287 316 330 375 386 415 433
 474 512 534 545 583 601 633 671 689 727 732
27 32 70 102 120 158 169 214 219 257 288 317 328 373 387 416 434
 472 513 532 546 584 602 631 672 690 728 730
27 33 71 100 118 159 170 215 217 258 286 318 329 374 385 417 435
 473 511 533 544 585 603 632 670 688 729 731
27 34 66 104 122 160 165 210 221 259 281 319 333 378 380 418 436
 477 506 537 548 577 595 636 674 692 721 735
27 35 64 105 123 161 163 208 222 260 282 320 331 376 381 419 437
 475 507 535 549 578 596 634 675 693 722 733
27 36 65 103 121 162 164 209 220 261 280 321 332 377 379 420 438
 476 505 536 547 579 597 635 673 691 723 734
27 37 78 89 134 136 177 195 233 262 293 304 336 354 392 430 448
 480 491 522 551 589 607 648 650 695 706 747
27 38 76 90 135 137 175 193 234 263 294 305 334 352 393 431 449
 478 492 520 552 590 608 646 651 696 707 745
27 39 77 88 133 138 176 194 232 264 292 306 335 353 391 432 450
 479 490 521 550 591 609 647 649 694 708 746
27 40 81 83 128 139 180 198 227 265 296 298 339 357 395 424 442
 483 494 516 554 592 610 642 653 698 709 741
27 41 79 84 129 140 178 196 228 266 297 299 337 355 396 425 443
 481 495 514 555 593 611 640 654 699 710 739
27 42 80 82 127 141 179 197 226 267 295 300 338 356 394 426 444
 482 493 515 553 594 612 641 652 697 711 740
27 43 75 86 131 142 174 192 230 268 290 301 342 360 389 427 445
 486 488 519 557 586 604 645 656 701 703 744
27 44 73 87 132 143 172 190 231 269 291 302 340 358 390 428 446
 484 489 517 558 587 605 643 657 702 704 742
27 45 74 85 130 144 173 191 229 270 289 303 341 359 388 429 447
 485 487 518 556 588 606 644 655 700 705 743
27 46 60 98 116 145 186 204 242 244 275 313 345 363 401 412 457
 462 500 531 560 571 616 630 659 677 715 756
27 47 58 99 117 146 184 202 243 245 276 314 343 361 402 413 458
 460 501 529 561 572 617 628 660 678 716 754
27 48 59 97 115 147 185 203 241 246 274 315 344 362 400 414 459
 461 499 530 559 573 618 629 658 676 717 755
27 49 63 92 110 148 189 207 236 247 278 307 348 366 404 406 451
 465 503 525 563 574 619 624 662 680 718 750
27 50 61 93 111 149 187 205 237 248 279 308 346 364 405 407 452
 463 504 523 564 575 620 622 663 681 719 748
27 51 62 91 109 150 188 206 235 249 277 309 347 365 403 408 453
 464 502 524 562 576 621 623 661 679 720 749
27 52 57 95 113 151 183 201 239 250 272 310 351 369 398 409 454
 468 497 528 566 568 613 627 665 683 712 753
27 53 55 96 114 152 181 199 240 251 273 311 349 367 399 410 455
 466 498 526 567 569 614 625 666 684 713 751
27 54 56 94 112 153 182 200 238 252 271 312 350 368 397 411 456
 467 496 527 565 570 615 626 664 682 714 752
