<v, Krein array>
<9984, [ 156, 155, 1352/9, 26, 1, 52/9, 130, 156 ]>

P =
[   1 2511 4960 2511    1]
[   1  279    0 -279   -1]
[   1   15  -32   15    1]
[   1   -9    0    9   -1]
[   1  -81  160  -81    1]

Q =
[    1   156  4185  4836   806]
[    1  52/3    25 -52/3   -26]
[    1     0   -27     0    26]
[    1 -52/3    25  52/3   -26]
[    1  -156  4185 -4836   806]

L = 
[
    [1 0 0 0 0]
    [0 1 0 0 0]
    [0 0 1 0 0]
    [0 0 0 1 0]
    [0 0 0 0 1],

    [   0 2511    0    0    0]
    [   1  750 1280  480    0]
    [   0  648 1215  648    0]
    [   0  480 1280  750    1]
    [   0    0    0 2511    0],

    [   0    0 4960    0    0]
    [   0 1280 2400 1280    0]
    [   1 1215 2528 1215    1]
    [   0 1280 2400 1280    0]
    [   0    0 4960    0    0],

    [   0    0    0 2511    0]
    [   0  480 1280  750    1]
    [   0  648 1215  648    0]
    [   1  750 1280  480    0]
    [   0 2511    0    0    0],

    [0 0 0 0 1]
    [0 0 0 1 0]
    [0 0 1 0 0]
    [0 1 0 0 0]
    [1 0 0 0 0]
]

L* =
[
    [1 0 0 0 0]
    [0 1 0 0 0]
    [0 0 1 0 0]
    [0 0 0 1 0]
    [0 0 0 0 1],

    [     0    156      0      0      0]
    [     1      0    155      0      0]
    [     0   52/9      0 1352/9      0]
    [     0      0    130      0     26]
    [     0      0      0    156      0],

    [   0    0 4185    0    0]
    [   0  155    0 4030    0]
    [   1    0 3508    0  676]
    [   0  130    0 4055    0]
    [   0    0 3510    0  675],

    [      0       0       0    4836       0]
    [      0       0    4030       0     806]
    [      0  1352/9       0 42172/9       0]
    [      1       0    4055       0     780]
    [      0     156       0    4680       0],

    [  0   0   0   0 806]
    [  0   0   0 806   0]
    [  0   0 676   0 130]
    [  0  26   0 780   0]
    [  1   0 675   0 130]
]
