<v, Krein array>
<1064, [ 28, 27, 490/19, 21/2, 1, 42/19, 35/2, 28 ]>

P =
[  1 288 486 288   1]
[  1  72   0 -72  -1]
[  1   8 -18   8   1]
[  1  -4   0   4  -1]
[  1 -16  30 -16   1]

Q =
[    1    28   342   504   189]
[    1     7  19/2    -7 -21/2]
[    1     0 -38/3     0  35/3]
[    1    -7  19/2     7 -21/2]
[    1   -28   342  -504   189]

L = 
[
    [1 0 0 0 0]
    [0 1 0 0 0]
    [0 0 1 0 0]
    [0 0 0 1 0]
    [0 0 0 0 1],

    [  0 288   0   0   0]
    [  1 110 135  42   0]
    [  0  80 128  80   0]
    [  0  42 135 110   1]
    [  0   0   0 288   0],

    [  0   0 486   0   0]
    [  0 135 216 135   0]
    [  1 128 228 128   1]
    [  0 135 216 135   0]
    [  0   0 486   0   0],

    [  0   0   0 288   0]
    [  0  42 135 110   1]
    [  0  80 128  80   0]
    [  1 110 135  42   0]
    [  0 288   0   0   0],

    [0 0 0 0 1]
    [0 0 0 1 0]
    [0 0 1 0 0]
    [0 1 0 0 0]
    [1 0 0 0 0]
]

L* =
[
    [1 0 0 0 0]
    [0 1 0 0 0]
    [0 0 1 0 0]
    [0 0 0 1 0]
    [0 0 0 0 1],

    [     0     28      0      0      0]
    [     1      0     27      0      0]
    [     0  42/19      0 490/19      0]
    [     0      0   35/2      0   21/2]
    [     0      0      0     28      0],

    [    0     0   342     0     0]
    [    0    27     0   315     0]
    [    1     0 437/2     0 245/2]
    [    0  35/2     0 649/2     0]
    [    0     0 665/3     0 361/3],

    [      0       0       0     504       0]
    [      0       0     315       0     189]
    [      0  490/19       0 9086/19       0]
    [      1       0   649/2       0   357/2]
    [      0      28       0     476       0],

    [    0     0     0     0   189]
    [    0     0     0   189     0]
    [    0     0 245/2     0 133/2]
    [    0  21/2     0 357/2     0]
    [    1     0 361/3     0 203/3]
]
