<v, Krein array>
<7452, [ 276, 275, 6877/27, 322/25, 1, 575/27, 6578/25, 276 ]>

P =
[   1 1800 3850 1800    1]
[   1  150    0 -150   -1]
[   1    6  -14    6    1]
[   1  -12    0   12   -1]
[   1 -144  286 -144    1]

Q =
[      1     276    3564    3450     161]
[      1      23  297/25     -23 -322/25]
[      1       0 -324/25       0  299/25]
[      1     -23  297/25      23 -322/25]
[      1    -276    3564   -3450     161]

L = 
[
    [1 0 0 0 0]
    [0 1 0 0 0]
    [0 0 1 0 0]
    [0 0 0 1 0]
    [0 0 0 0 1],

    [   0 1800    0    0    0]
    [   1  468 1001  330    0]
    [   0  468  864  468    0]
    [   0  330 1001  468    1]
    [   0    0    0 1800    0],

    [   0    0 3850    0    0]
    [   0 1001 1848 1001    0]
    [   1  864 2120  864    1]
    [   0 1001 1848 1001    0]
    [   0    0 3850    0    0],

    [   0    0    0 1800    0]
    [   0  330 1001  468    1]
    [   0  468  864  468    0]
    [   1  468 1001  330    0]
    [   0 1800    0    0    0],

    [0 0 0 0 1]
    [0 0 0 1 0]
    [0 0 1 0 0]
    [0 1 0 0 0]
    [1 0 0 0 0]
]

L* =
[
    [1 0 0 0 0]
    [0 1 0 0 0]
    [0 0 1 0 0]
    [0 0 0 1 0]
    [0 0 0 0 1],

    [      0     276       0       0       0]
    [      1       0     275       0       0]
    [      0  575/27       0 6877/27       0]
    [      0       0 6578/25       0  322/25]
    [      0       0       0     276       0],

    [          0           0        3564           0           0]
    [          0         275           0        3289           0]
    [          1           0 2130597/625           0   96278/625]
    [          0     6578/25           0    82522/25           0]
    [          0           0 2131272/625           0   96228/625],

    [       0        0        0     3450        0]
    [       0        0     3289        0      161]
    [       0  6877/27        0 86273/27        0]
    [       1        0 82522/25        0  3703/25]
    [       0      276        0     3174        0],

    [        0         0         0         0       161]
    [        0         0         0       161         0]
    [        0         0 96278/625         0  4347/625]
    [        0    322/25         0   3703/25         0]
    [        1         0 96228/625         0  3772/625]
]
