<v, Krein array>
<8978, [ 67, 66, 1608/25, 43, 1, 67/25, 24, 67 ]>

P =
[   1 1650 5676 1650    1]
[   1  330    0 -330   -1]
[   1   42  -86   42    1]
[   1   -5    0    5   -1]
[   1  -25   48  -25    1]

Q =
[    1    67  1650  4422  2838]
[    1  67/5    42 -67/5   -43]
[    1     0   -25     0    24]
[    1 -67/5    42  67/5   -43]
[    1   -67  1650 -4422  2838]

L = 
[
    [1 0 0 0 0]
    [0 1 0 0 0]
    [0 0 1 0 0]
    [0 0 0 1 0]
    [0 0 0 0 1],

    [   0 1650    0    0    0]
    [   1  471 1032  146    0]
    [   0  300 1050  300    0]
    [   0  146 1032  471    1]
    [   0    0    0 1650    0],

    [   0    0 5676    0    0]
    [   0 1032 3612 1032    0]
    [   1 1050 3574 1050    1]
    [   0 1032 3612 1032    0]
    [   0    0 5676    0    0],

    [   0    0    0 1650    0]
    [   0  146 1032  471    1]
    [   0  300 1050  300    0]
    [   1  471 1032  146    0]
    [   0 1650    0    0    0],

    [0 0 0 0 1]
    [0 0 0 1 0]
    [0 0 1 0 0]
    [0 1 0 0 0]
    [1 0 0 0 0]
]

L* =
[
    [1 0 0 0 0]
    [0 1 0 0 0]
    [0 0 1 0 0]
    [0 0 0 1 0]
    [0 0 0 0 1],

    [      0      67       0       0       0]
    [      1       0      66       0       0]
    [      0   67/25       0 1608/25       0]
    [      0       0      24       0      43]
    [      0       0       0      67       0],

    [   0    0 1650    0    0]
    [   0   66    0 1584    0]
    [   1    0  617    0 1032]
    [   0   24    0 1626    0]
    [   0    0  600    0 1050],

    [        0         0         0      4422         0]
    [        0         0      1584         0      2838]
    [        0   1608/25         0 108942/25         0]
    [        1         0      1626         0      2795]
    [        0        67         0      4355         0],

    [   0    0    0    0 2838]
    [   0    0    0 2838    0]
    [   0    0 1032    0 1806]
    [   0   43    0 2795    0]
    [   1    0 1050    0 1787]
]
