<v, Krein array>
<644, [ 46, 45, 529/14, 23/2, 1, 115/14, 69/2, 46 ]>

P =
[  1  96 450  96   1]
[  1  24   0 -24  -1]
[  1   4 -10   4   1]
[  1  -4   0   4  -1]
[  1 -16  30 -16   1]

Q =
[    1    46   252   276    69]
[    1  23/2  21/2 -23/2 -23/2]
[    1     0 -28/5     0  23/5]
[    1 -23/2  21/2  23/2 -23/2]
[    1   -46   252  -276    69]

L = 
[
    [1 0 0 0 0]
    [0 1 0 0 0]
    [0 0 1 0 0]
    [0 0 0 1 0]
    [0 0 0 0 1],

    [ 0 96  0  0  0]
    [ 1 20 75  0  0]
    [ 0 16 64 16  0]
    [ 0  0 75 20  1]
    [ 0  0  0 96  0],

    [  0   0 450   0   0]
    [  0  75 300  75   0]
    [  1  64 320  64   1]
    [  0  75 300  75   0]
    [  0   0 450   0   0],

    [ 0  0  0 96  0]
    [ 0  0 75 20  1]
    [ 0 16 64 16  0]
    [ 1 20 75  0  0]
    [ 0 96  0  0  0],

    [0 0 0 0 1]
    [0 0 0 1 0]
    [0 0 1 0 0]
    [0 1 0 0 0]
    [1 0 0 0 0]
]

L* =
[
    [1 0 0 0 0]
    [0 1 0 0 0]
    [0 0 1 0 0]
    [0 0 0 1 0]
    [0 0 0 0 1],

    [     0     46      0      0      0]
    [     1      0     45      0      0]
    [     0 115/14      0 529/14      0]
    [     0      0   69/2      0   23/2]
    [     0      0      0     46      0],

    [      0       0     252       0       0]
    [      0      45       0     207       0]
    [      1       0 1981/10       0  529/10]
    [      0    69/2       0   435/2       0]
    [      0       0   966/5       0   294/5],

    [      0       0       0     276       0]
    [      0       0     207       0      69]
    [      0  529/14       0 3335/14       0]
    [      1       0   435/2       0   115/2]
    [      0      46       0     230       0],

    [     0      0      0      0     69]
    [     0      0      0     69      0]
    [     0      0 529/10      0 161/10]
    [     0   23/2      0  115/2      0]
    [     1      0  294/5      0   46/5]
]
