<v, Krein array>
<1600, [ 48, 47, 224/5, 6, 1, 16/5, 42, 48 ]>

P =
[  1 564 470 564   1]
[  1  94   0 -94  -1]
[  1   4 -10   4   1]
[  1  -6   0   6  -1]
[  1 -36  70 -36   1]

Q =
[   1   48  705  752   94]
[   1    8    5   -8   -6]
[   1    0  -15    0   14]
[   1   -8    5    8   -6]
[   1  -48  705 -752   94]

L = 
[
    [1 0 0 0 0]
    [0 1 0 0 0]
    [0 0 1 0 0]
    [0 0 0 1 0]
    [0 0 0 0 1],

    [  0 564   0   0   0]
    [  1 238 175 150   0]
    [  0 210 144 210   0]
    [  0 150 175 238   1]
    [  0   0   0 564   0],

    [  0   0 470   0   0]
    [  0 175 120 175   0]
    [  1 144 180 144   1]
    [  0 175 120 175   0]
    [  0   0 470   0   0],

    [  0   0   0 564   0]
    [  0 150 175 238   1]
    [  0 210 144 210   0]
    [  1 238 175 150   0]
    [  0 564   0   0   0],

    [0 0 0 0 1]
    [0 0 0 1 0]
    [0 0 1 0 0]
    [0 1 0 0 0]
    [1 0 0 0 0]
]

L* =
[
    [1 0 0 0 0]
    [0 1 0 0 0]
    [0 0 1 0 0]
    [0 0 0 1 0]
    [0 0 0 0 1],

    [    0    48     0     0     0]
    [    1     0    47     0     0]
    [    0  16/5     0 224/5     0]
    [    0     0    42     0     6]
    [    0     0     0    48     0],

    [  0   0 705   0   0]
    [  0  47   0 658   0]
    [  1   0 620   0  84]
    [  0  42   0 663   0]
    [  0   0 630   0  75],

    [     0      0      0    752      0]
    [     0      0    658      0     94]
    [     0  224/5      0 3536/5      0]
    [     1      0    663      0     88]
    [     0     48      0    704      0],

    [ 0  0  0  0 94]
    [ 0  0  0 94  0]
    [ 0  0 84  0 10]
    [ 0  6  0 88  0]
    [ 1  0 75  0 18]
]
