<v, Krein array>
<6164, [ 46, 45, 5819/134, 69/2, 1, 345/134, 23/2, 46 ]>

P =
[   1 1056 4050 1056    1]
[   1  264    0 -264   -1]
[   1   44  -90   44    1]
[   1   -4    0    4   -1]
[   1  -16   30  -16    1]

Q =
[      1      46     804    3036    2277]
[      1    23/2    67/2   -23/2   -69/2]
[      1       0 -268/15       0  253/15]
[      1   -23/2    67/2    23/2   -69/2]
[      1     -46     804   -3036    2277]

L = 
[
    [1 0 0 0 0]
    [0 1 0 0 0]
    [0 0 1 0 0]
    [0 0 0 1 0]
    [0 0 0 0 1],

    [   0 1056    0    0    0]
    [   1  320  675   60    0]
    [   0  176  704  176    0]
    [   0   60  675  320    1]
    [   0    0    0 1056    0],

    [   0    0 4050    0    0]
    [   0  675 2700  675    0]
    [   1  704 2640  704    1]
    [   0  675 2700  675    0]
    [   0    0 4050    0    0],

    [   0    0    0 1056    0]
    [   0   60  675  320    1]
    [   0  176  704  176    0]
    [   1  320  675   60    0]
    [   0 1056    0    0    0],

    [0 0 0 0 1]
    [0 0 0 1 0]
    [0 0 1 0 0]
    [0 1 0 0 0]
    [1 0 0 0 0]
]

L* =
[
    [1 0 0 0 0]
    [0 1 0 0 0]
    [0 0 1 0 0]
    [0 0 0 1 0]
    [0 0 0 0 1],

    [       0       46        0        0        0]
    [       1        0       45        0        0]
    [       0  345/134        0 5819/134        0]
    [       0        0     23/2        0     69/2]
    [       0        0        0       46        0],

    [      0       0     804       0       0]
    [      0      45       0     759       0]
    [      1       0 2211/10       0 5819/10]
    [      0    23/2       0  1585/2       0]
    [      0       0 3082/15       0 8978/15],

    [         0          0          0       3036          0]
    [         0          0        759          0       2277]
    [         0   5819/134          0 401005/134          0]
    [         1          0     1585/2          0     4485/2]
    [         0         46          0       2990          0],

    [       0        0        0        0     2277]
    [       0        0        0     2277        0]
    [       0        0  5819/10        0 16951/10]
    [       0     69/2        0   4485/2        0]
    [       1        0  8978/15        0 25162/15]
]
