<v, Krein array>
<2912, [ 98, 97, 1176/13, 14, 1, 98/13, 84, 98 ]>

P =
[   1  679 1552  679    1]
[   1   97    0  -97   -1]
[   1    7  -16    7    1]
[   1   -7    0    7   -1]
[   1  -49   96  -49    1]

Q =
[    1    98  1261  1358   194]
[    1    14    13   -14   -14]
[    1     0   -13     0    12]
[    1   -14    13    14   -14]
[    1   -98  1261 -1358   194]

L = 
[
    [1 0 0 0 0]
    [0 1 0 0 0]
    [0 0 1 0 0]
    [0 0 0 1 0]
    [0 0 0 0 1],

    [  0 679   0   0   0]
    [  1 192 384 102   0]
    [  0 168 343 168   0]
    [  0 102 384 192   1]
    [  0   0   0 679   0],

    [   0    0 1552    0    0]
    [   0  384  784  384    0]
    [   1  343  864  343    1]
    [   0  384  784  384    0]
    [   0    0 1552    0    0],

    [  0   0   0 679   0]
    [  0 102 384 192   1]
    [  0 168 343 168   0]
    [  1 192 384 102   0]
    [  0 679   0   0   0],

    [0 0 0 0 1]
    [0 0 0 1 0]
    [0 0 1 0 0]
    [0 1 0 0 0]
    [1 0 0 0 0]
]

L* =
[
    [1 0 0 0 0]
    [0 1 0 0 0]
    [0 0 1 0 0]
    [0 0 0 1 0]
    [0 0 0 0 1],

    [      0      98       0       0       0]
    [      1       0      97       0       0]
    [      0   98/13       0 1176/13       0]
    [      0       0      84       0      14]
    [      0       0       0      98       0],

    [   0    0 1261    0    0]
    [   0   97    0 1164    0]
    [   1    0 1092    0  168]
    [   0   84    0 1177    0]
    [   0    0 1092    0  169],

    [       0        0        0     1358        0]
    [       0        0     1164        0      194]
    [       0  1176/13        0 16478/13        0]
    [       1        0     1177        0      180]
    [       0       98        0     1260        0],

    [  0   0   0   0 194]
    [  0   0   0 194   0]
    [  0   0 168   0  26]
    [  0  14   0 180   0]
    [  1   0 169   0  24]
]
