<v, Krein array>
<9500, [ 190, 189, 361/2, 323/8, 1, 19/2, 1197/8, 190 ]>

P =
[   1 1536 6426 1536    1]
[   1  192    0 -192   -1]
[   1   16  -34   16    1]
[   1   -8    0    8   -1]
[   1  -64  126  -64    1]

Q =
[     1    190   3780   4560    969]
[     1   95/4  315/8  -95/4 -323/8]
[     1      0    -20      0     19]
[     1  -95/4  315/8   95/4 -323/8]
[     1   -190   3780  -4560    969]

L = 
[
    [1 0 0 0 0]
    [0 1 0 0 0]
    [0 0 1 0 0]
    [0 0 0 1 0]
    [0 0 0 0 1],

    [   0 1536    0    0    0]
    [   1  324 1071  140    0]
    [   0  256 1024  256    0]
    [   0  140 1071  324    1]
    [   0    0    0 1536    0],

    [   0    0 6426    0    0]
    [   0 1071 4284 1071    0]
    [   1 1024 4376 1024    1]
    [   0 1071 4284 1071    0]
    [   0    0 6426    0    0],

    [   0    0    0 1536    0]
    [   0  140 1071  324    1]
    [   0  256 1024  256    0]
    [   1  324 1071  140    0]
    [   0 1536    0    0    0],

    [0 0 0 0 1]
    [0 0 0 1 0]
    [0 0 1 0 0]
    [0 1 0 0 0]
    [1 0 0 0 0]
]

L* =
[
    [1 0 0 0 0]
    [0 1 0 0 0]
    [0 0 1 0 0]
    [0 0 0 1 0]
    [0 0 0 0 1],

    [     0    190      0      0      0]
    [     1      0    189      0      0]
    [     0   19/2      0  361/2      0]
    [     0      0 1197/8      0  323/8]
    [     0      0      0    190      0],

    [      0       0    3780       0       0]
    [      0     189       0    3591       0]
    [      1       0 24095/8       0  6137/8]
    [      0  1197/8       0 29043/8       0]
    [      0       0  5985/2       0  1575/2],

    [      0       0       0    4560       0]
    [      0       0    3591       0     969]
    [      0   361/2       0  8759/2       0]
    [      1       0 29043/8       0  7429/8]
    [      0     190       0    4370       0],

    [     0      0      0      0    969]
    [     0      0      0    969      0]
    [     0      0 6137/8      0 1615/8]
    [     0  323/8      0 7429/8      0]
    [     1      0 1575/2      0  361/2]
]
