<v, Krein array>
<3172, [ 61, 60, 3721/65, 122/5, 1, 244/65, 183/5, 61 ]>

P =
[   1  625 1920  625    1]
[   1  125    0 -125   -1]
[   1   15  -32   15    1]
[   1   -5    0    5   -1]
[   1  -25   48  -25    1]

Q =
[     1     61    975   1525    610]
[     1   61/5  117/5  -61/5 -122/5]
[     1      0  -65/4      0   61/4]
[     1  -61/5  117/5   61/5 -122/5]
[     1    -61    975  -1525    610]

L = 
[
    [1 0 0 0 0]
    [0 1 0 0 0]
    [0 0 1 0 0]
    [0 0 0 1 0]
    [0 0 0 0 1],

    [  0 625   0   0   0]
    [  1 180 384  60   0]
    [  0 125 375 125   0]
    [  0  60 384 180   1]
    [  0   0   0 625   0],

    [   0    0 1920    0    0]
    [   0  384 1152  384    0]
    [   1  375 1168  375    1]
    [   0  384 1152  384    0]
    [   0    0 1920    0    0],

    [  0   0   0 625   0]
    [  0  60 384 180   1]
    [  0 125 375 125   0]
    [  1 180 384  60   0]
    [  0 625   0   0   0],

    [0 0 0 0 1]
    [0 0 0 1 0]
    [0 0 1 0 0]
    [0 1 0 0 0]
    [1 0 0 0 0]
]

L* =
[
    [1 0 0 0 0]
    [0 1 0 0 0]
    [0 0 1 0 0]
    [0 0 0 1 0]
    [0 0 0 0 1],

    [      0      61       0       0       0]
    [      1       0      60       0       0]
    [      0  244/65       0 3721/65       0]
    [      0       0   183/5       0   122/5]
    [      0       0       0      61       0],

    [      0       0     975       0       0]
    [      0      60       0     915       0]
    [      1       0 6019/10       0 3721/10]
    [      0   183/5       0  4692/5       0]
    [      0       0  2379/4       0  1521/4],

    [       0        0        0     1525        0]
    [       0        0      915        0      610]
    [       0  3721/65        0 95404/65        0]
    [       1        0   4692/5        0   2928/5]
    [       0       61        0     1464        0],

    [      0       0       0       0     610]
    [      0       0       0     610       0]
    [      0       0 3721/10       0 2379/10]
    [      0   122/5       0  2928/5       0]
    [      1       0  1521/4       0   915/4]
]
