<v, Krein array>
<3402, [ 126, 125, 343/3, 28, 1, 35/3, 98, 126 ]>

P =
[   1  450 2500  450    1]
[   1   75    0  -75   -1]
[   1    9  -20    9    1]
[   1   -6    0    6   -1]
[   1  -36   70  -36    1]

Q =
[    1   126  1350  1575   350]
[    1    21    27   -21   -28]
[    1     0 -54/5     0  49/5]
[    1   -21    27    21   -28]
[    1  -126  1350 -1575   350]

L = 
[
    [1 0 0 0 0]
    [0 1 0 0 0]
    [0 0 1 0 0]
    [0 0 0 1 0]
    [0 0 0 0 1],

    [  0 450   0   0   0]
    [  1  84 350  15   0]
    [  0  63 324  63   0]
    [  0  15 350  84   1]
    [  0   0   0 450   0],

    [   0    0 2500    0    0]
    [   0  350 1800  350    0]
    [   1  324 1850  324    1]
    [   0  350 1800  350    0]
    [   0    0 2500    0    0],

    [  0   0   0 450   0]
    [  0  15 350  84   1]
    [  0  63 324  63   0]
    [  1  84 350  15   0]
    [  0 450   0   0   0],

    [0 0 0 0 1]
    [0 0 0 1 0]
    [0 0 1 0 0]
    [0 1 0 0 0]
    [1 0 0 0 0]
]

L* =
[
    [1 0 0 0 0]
    [0 1 0 0 0]
    [0 0 1 0 0]
    [0 0 0 1 0]
    [0 0 0 0 1],

    [    0   126     0     0     0]
    [    1     0   125     0     0]
    [    0  35/3     0 343/3     0]
    [    0     0    98     0    28]
    [    0     0     0   126     0],

    [     0      0   1350      0      0]
    [     0    125      0   1225      0]
    [     1      0 5373/5      0 1372/5]
    [     0     98      0   1252      0]
    [     0      0 5292/5      0 1458/5],

    [     0      0      0   1575      0]
    [     0      0   1225      0    350]
    [     0  343/3      0 4382/3      0]
    [     1      0   1252      0    322]
    [     0    126      0   1449      0],

    [     0      0      0      0    350]
    [     0      0      0    350      0]
    [     0      0 1372/5      0  378/5]
    [     0     28      0    322      0]
    [     1      0 1458/5      0  287/5]
]
