<v, Krein array>
<1092, [ 26, 25, 169/7, 39/4, 1, 13/7, 65/4, 26 ]>

P =
[  1 320 450 320   1]
[  1  80   0 -80  -1]
[  1   8 -18   8   1]
[  1  -4   0   4  -1]
[  1 -16  30 -16   1]

Q =
[    1    26   350   520   195]
[    1  13/2  35/4 -13/2 -39/4]
[    1     0   -14     0    13]
[    1 -13/2  35/4  13/2 -39/4]
[    1   -26   350  -520   195]

L = 
[
    [1 0 0 0 0]
    [0 1 0 0 0]
    [0 0 1 0 0]
    [0 0 0 1 0]
    [0 0 0 0 1],

    [  0 320   0   0   0]
    [  1 130 135  54   0]
    [  0  96 128  96   0]
    [  0  54 135 130   1]
    [  0   0   0 320   0],

    [  0   0 450   0   0]
    [  0 135 180 135   0]
    [  1 128 192 128   1]
    [  0 135 180 135   0]
    [  0   0 450   0   0],

    [  0   0   0 320   0]
    [  0  54 135 130   1]
    [  0  96 128  96   0]
    [  1 130 135  54   0]
    [  0 320   0   0   0],

    [0 0 0 0 1]
    [0 0 0 1 0]
    [0 0 1 0 0]
    [0 1 0 0 0]
    [1 0 0 0 0]
]

L* =
[
    [1 0 0 0 0]
    [0 1 0 0 0]
    [0 0 1 0 0]
    [0 0 0 1 0]
    [0 0 0 0 1],

    [    0    26     0     0     0]
    [    1     0    25     0     0]
    [    0  13/7     0 169/7     0]
    [    0     0  65/4     0  39/4]
    [    0     0     0    26     0],

    [     0      0    350      0      0]
    [     0     25      0    325      0]
    [     1      0  889/4      0  507/4]
    [     0   65/4      0 1335/4      0]
    [     0      0  455/2      0  245/2],

    [     0      0      0    520      0]
    [     0      0    325      0    195]
    [     0  169/7      0 3471/7      0]
    [     1      0 1335/4      0  741/4]
    [     0     26      0    494      0],

    [    0     0     0     0   195]
    [    0     0     0   195     0]
    [    0     0 507/4     0 273/4]
    [    0  39/4     0 741/4     0]
    [    1     0 245/2     0 143/2]
]
