<v, Krein array>
<252, [ 21, 20, 49/3, 7, 1, 14/3, 14, 21 ]>

P =
[  1  45 160  45   1]
[  1  15   0 -15  -1]
[  1   3  -8   3   1]
[  1  -3   0   3  -1]
[  1  -9  16  -9   1]

Q =
[   1   21   90  105   35]
[   1    7    6   -7   -7]
[   1    0 -9/2    0  7/2]
[   1   -7    6    7   -7]
[   1  -21   90 -105   35]

L = 
[
    [1 0 0 0 0]
    [0 1 0 0 0]
    [0 0 1 0 0]
    [0 0 0 1 0]
    [0 0 0 0 1],

    [ 0 45  0  0  0]
    [ 1 12 32  0  0]
    [ 0  9 27  9  0]
    [ 0  0 32 12  1]
    [ 0  0  0 45  0],

    [  0   0 160   0   0]
    [  0  32  96  32   0]
    [  1  27 104  27   1]
    [  0  32  96  32   0]
    [  0   0 160   0   0],

    [ 0  0  0 45  0]
    [ 0  0 32 12  1]
    [ 0  9 27  9  0]
    [ 1 12 32  0  0]
    [ 0 45  0  0  0],

    [0 0 0 0 1]
    [0 0 0 1 0]
    [0 0 1 0 0]
    [0 1 0 0 0]
    [1 0 0 0 0]
]

L* =
[
    [1 0 0 0 0]
    [0 1 0 0 0]
    [0 0 1 0 0]
    [0 0 0 1 0]
    [0 0 0 0 1],

    [   0   21    0    0    0]
    [   1    0   20    0    0]
    [   0 14/3    0 49/3    0]
    [   0    0   14    0    7]
    [   0    0    0   21    0],

    [    0     0    90     0     0]
    [    0    20     0    70     0]
    [    1     0 129/2     0  49/2]
    [    0    14     0    76     0]
    [    0     0    63     0    27],

    [    0     0     0   105     0]
    [    0     0    70     0    35]
    [    0  49/3     0 266/3     0]
    [    1     0    76     0    28]
    [    0    21     0    84     0],

    [   0    0    0    0   35]
    [   0    0    0   35    0]
    [   0    0 49/2    0 21/2]
    [   0    7    0   28    0]
    [   1    0   27    0    7]
]
