<v, Krein array>
<9702, [ 126, 125, 1323/11, 56, 1, 63/11, 70, 126 ]>

P =
[   1 1350 7000 1350    1]
[   1  225    0 -225   -1]
[   1   27  -56   27    1]
[   1   -6    0    6   -1]
[   1  -36   70  -36    1]

Q =
[    1   126  2750  4725  2100]
[    1    21    55   -21   -56]
[    1     0   -22     0    21]
[    1   -21    55    21   -56]
[    1  -126  2750 -4725  2100]

L = 
[
    [1 0 0 0 0]
    [0 1 0 0 0]
    [0 0 1 0 0]
    [0 0 0 1 0]
    [0 0 0 0 1],

    [   0 1350    0    0    0]
    [   1  294  980   75    0]
    [   0  189  972  189    0]
    [   0   75  980  294    1]
    [   0    0    0 1350    0],

    [   0    0 7000    0    0]
    [   0  980 5040  980    0]
    [   1  972 5054  972    1]
    [   0  980 5040  980    0]
    [   0    0 7000    0    0],

    [   0    0    0 1350    0]
    [   0   75  980  294    1]
    [   0  189  972  189    0]
    [   1  294  980   75    0]
    [   0 1350    0    0    0],

    [0 0 0 0 1]
    [0 0 0 1 0]
    [0 0 1 0 0]
    [0 1 0 0 0]
    [1 0 0 0 0]
]

L* =
[
    [1 0 0 0 0]
    [0 1 0 0 0]
    [0 0 1 0 0]
    [0 0 0 1 0]
    [0 0 0 0 1],

    [      0     126       0       0       0]
    [      1       0     125       0       0]
    [      0   63/11       0 1323/11       0]
    [      0       0      70       0      56]
    [      0       0       0     126       0],

    [   0    0 2750    0    0]
    [   0  125    0 2625    0]
    [   1    0 1573    0 1176]
    [   0   70    0 2680    0]
    [   0    0 1540    0 1210],

    [       0        0        0     4725        0]
    [       0        0     2625        0     2100]
    [       0  1323/11        0 50652/11        0]
    [       1        0     2680        0     2044]
    [       0      126        0     4599        0],

    [   0    0    0    0 2100]
    [   0    0    0 2100    0]
    [   0    0 1176    0  924]
    [   0   56    0 2044    0]
    [   1    0 1210    0  889]
]
