<v, Krein array>
<1536, [ 60, 59, 54, 15, 1, 6, 45, 60 ]>

P =
[  1 295 944 295   1]
[  1  59   0 -59  -1]
[  1   7 -16   7   1]
[  1  -5   0   5  -1]
[  1 -25  48 -25   1]

Q =
[   1   60  590  708  177]
[   1   12   14  -12  -15]
[   1    0  -10    0    9]
[   1  -12   14   12  -15]
[   1  -60  590 -708  177]

L = 
[
    [1 0 0 0 0]
    [0 1 0 0 0]
    [0 0 1 0 0]
    [0 0 0 1 0]
    [0 0 0 0 1],

    [  0 295   0   0   0]
    [  1  78 192  24   0]
    [  0  60 175  60   0]
    [  0  24 192  78   1]
    [  0   0   0 295   0],

    [  0   0 944   0   0]
    [  0 192 560 192   0]
    [  1 175 592 175   1]
    [  0 192 560 192   0]
    [  0   0 944   0   0],

    [  0   0   0 295   0]
    [  0  24 192  78   1]
    [  0  60 175  60   0]
    [  1  78 192  24   0]
    [  0 295   0   0   0],

    [0 0 0 0 1]
    [0 0 0 1 0]
    [0 0 1 0 0]
    [0 1 0 0 0]
    [1 0 0 0 0]
]

L* =
[
    [1 0 0 0 0]
    [0 1 0 0 0]
    [0 0 1 0 0]
    [0 0 0 1 0]
    [0 0 0 0 1],

    [ 0 60  0  0  0]
    [ 1  0 59  0  0]
    [ 0  6  0 54  0]
    [ 0  0 45  0 15]
    [ 0  0  0 60  0],

    [  0   0 590   0   0]
    [  0  59   0 531   0]
    [  1   0 454   0 135]
    [  0  45   0 545   0]
    [  0   0 450   0 140],

    [  0   0   0 708   0]
    [  0   0 531   0 177]
    [  0  54   0 654   0]
    [  1   0 545   0 162]
    [  0  60   0 648   0],

    [  0   0   0   0 177]
    [  0   0   0 177   0]
    [  0   0 135   0  42]
    [  0  15   0 162   0]
    [  1   0 140   0  36]
]
