<v, Krein array>
<4648, [ 70, 69, 5488/83, 770/23, 1, 322/83, 840/23, 70 ]>

P =
[   1  805 3036  805    1]
[   1  161    0 -161   -1]
[   1   21  -44   21    1]
[   1   -5    0    5   -1]
[   1  -25   48  -25    1]

Q =
[      1      70    1245    2254    1078]
[      1      14  747/23     -14 -770/23]
[      1       0 -415/23       0  392/23]
[      1     -14  747/23      14 -770/23]
[      1     -70    1245   -2254    1078]

L = 
[
    [1 0 0 0 0]
    [0 1 0 0 0]
    [0 0 1 0 0]
    [0 0 0 1 0]
    [0 0 0 0 1],

    [  0 805   0   0   0]
    [  1 216 528  60   0]
    [  0 140 525 140   0]
    [  0  60 528 216   1]
    [  0   0   0 805   0],

    [   0    0 3036    0    0]
    [   0  528 1980  528    0]
    [   1  525 1984  525    1]
    [   0  528 1980  528    0]
    [   0    0 3036    0    0],

    [  0   0   0 805   0]
    [  0  60 528 216   1]
    [  0 140 525 140   0]
    [  1 216 528  60   0]
    [  0 805   0   0   0],

    [0 0 0 0 1]
    [0 0 0 1 0]
    [0 0 1 0 0]
    [0 1 0 0 0]
    [1 0 0 0 0]
]

L* =
[
    [1 0 0 0 0]
    [0 1 0 0 0]
    [0 0 1 0 0]
    [0 0 0 1 0]
    [0 0 0 0 1],

    [      0      70       0       0       0]
    [      1       0      69       0       0]
    [      0  322/83       0 5488/83       0]
    [      0       0  840/23       0  770/23]
    [      0       0       0      70       0],

    [         0          0       1245          0          0]
    [         0         69          0       1176          0]
    [         1          0 356236/529          0 301840/529]
    [         0     840/23          0   27795/23          0]
    [         0          0 348600/529          0 310005/529],

    [        0         0         0      2254         0]
    [        0         0      1176         0      1078]
    [        0   5488/83         0 181594/83         0]
    [        1         0  27795/23         0  24024/23]
    [        0        70         0      2184         0],

    [         0          0          0          0       1078]
    [         0          0          0       1078          0]
    [         0          0 301840/529          0 268422/529]
    [         0     770/23          0   24024/23          0]
    [         1          0 310005/529          0 259728/529]
]
