<v, Krein array>
<6320, [ 79, 78, 18723/250, 553/13, 1, 1027/250, 474/13, 79 ]>

P =
[   1  975 4368  975    1]
[   1  195    0 -195   -1]
[   1   27  -56   27    1]
[   1   -5    0    5   -1]
[   1  -25   48  -25    1]

Q =
[      1      79    1500    3081    1659]
[      1    79/5  540/13   -79/5 -553/13]
[      1       0 -250/13       0  237/13]
[      1   -79/5  540/13    79/5 -553/13]
[      1     -79    1500   -3081    1659]

L = 
[
    [1 0 0 0 0]
    [0 1 0 0 0]
    [0 0 1 0 0]
    [0 0 0 1 0]
    [0 0 0 0 1],

    [  0 975   0   0   0]
    [  1 246 672  56   0]
    [  0 150 675 150   0]
    [  0  56 672 246   1]
    [  0   0   0 975   0],

    [   0    0 4368    0    0]
    [   0  672 3024  672    0]
    [   1  675 3016  675    1]
    [   0  672 3024  672    0]
    [   0    0 4368    0    0],

    [  0   0   0 975   0]
    [  0  56 672 246   1]
    [  0 150 675 150   0]
    [  1 246 672  56   0]
    [  0 975   0   0   0],

    [0 0 0 0 1]
    [0 0 0 1 0]
    [0 0 1 0 0]
    [0 1 0 0 0]
    [1 0 0 0 0]
]

L* =
[
    [1 0 0 0 0]
    [0 1 0 0 0]
    [0 0 1 0 0]
    [0 0 0 1 0]
    [0 0 0 0 1],

    [        0        79         0         0         0]
    [        1         0        78         0         0]
    [        0  1027/250         0 18723/250         0]
    [        0         0    474/13         0    553/13]
    [        0         0         0        79         0],

    [         0          0       1500          0          0]
    [         0         78          0       1422          0]
    [         1          0 122270/169          0 131061/169]
    [         0     474/13          0   19026/13          0]
    [         0          0 118500/169          0 135000/169],

    [         0          0          0       3081          0]
    [         0          0       1422          0       1659]
    [         0  18723/250          0 751527/250          0]
    [         1          0   19026/13          0   21014/13]
    [         0         79          0       3002          0],

    [         0          0          0          0       1659]
    [         0          0          0       1659          0]
    [         0          0 131061/169          0 149310/169]
    [         0     553/13          0   21014/13          0]
    [         1          0 135000/169          0 145202/169]
]
