<v, Krein array>
<4370, [ 190, 189, 3971/23, 76/7, 1, 399/23, 1254/7, 190 ]>

P =
[   1 1050 2268 1050    1]
[   1  105    0 -105   -1]
[   1    5  -12    5    1]
[   1  -10    0   10   -1]
[   1 -100  198 -100    1]

Q =
[      1     190    2070    1995     114]
[      1      19    69/7     -19   -76/7]
[      1       0 -230/21       0  209/21]
[      1     -19    69/7      19   -76/7]
[      1    -190    2070   -1995     114]

L = 
[
    [1 0 0 0 0]
    [0 1 0 0 0]
    [0 0 1 0 0]
    [0 0 0 1 0]
    [0 0 0 0 1],

    [   0 1050    0    0    0]
    [   1  275  594  180    0]
    [   0  275  500  275    0]
    [   0  180  594  275    1]
    [   0    0    0 1050    0],

    [   0    0 2268    0    0]
    [   0  594 1080  594    0]
    [   1  500 1266  500    1]
    [   0  594 1080  594    0]
    [   0    0 2268    0    0],

    [   0    0    0 1050    0]
    [   0  180  594  275    1]
    [   0  275  500  275    0]
    [   1  275  594  180    0]
    [   0 1050    0    0    0],

    [0 0 0 0 1]
    [0 0 0 1 0]
    [0 0 1 0 0]
    [0 1 0 0 0]
    [1 0 0 0 0]
]

L* =
[
    [1 0 0 0 0]
    [0 1 0 0 0]
    [0 0 1 0 0]
    [0 0 0 1 0]
    [0 0 0 0 1],

    [      0     190       0       0       0]
    [      1       0     189       0       0]
    [      0  399/23       0 3971/23       0]
    [      0       0  1254/7       0    76/7]
    [      0       0       0     190       0],

    [         0          0       2070          0          0]
    [         0        189          0       1881          0]
    [         1          0 288259/147          0  15884/147]
    [         0     1254/7          0    13236/7          0]
    [         0          0   96140/49          0    5290/49],

    [       0        0        0     1995        0]
    [       0        0     1881        0      114]
    [       0  3971/23        0 41914/23        0]
    [       1        0  13236/7        0    722/7]
    [       0      190        0     1805        0],

    [        0         0         0         0       114]
    [        0         0         0       114         0]
    [        0         0 15884/147         0   874/147]
    [        0      76/7         0     722/7         0]
    [        1         0   5290/49         0    247/49]
]
