<v, Krein array>
<240, [ 8, 7, 32/5, 6, 1, 8/5, 2, 8 ]>

P =
[  1  56 126  56   1]
[  1  28   0 -28  -1]
[  1   8 -18   8   1]
[  1  -2   0   2  -1]
[  1  -4   6  -4   1]

Q =
[   1    8   35  112   84]
[   1    4    5   -4   -6]
[   1    0   -5    0    4]
[   1   -4    5    4   -6]
[   1   -8   35 -112   84]

L = 
[
    [1 0 0 0 0]
    [0 1 0 0 0]
    [0 0 1 0 0]
    [0 0 0 1 0]
    [0 0 0 0 1],

    [ 0 56  0  0  0]
    [ 1 27 27  1  0]
    [ 0 12 32 12  0]
    [ 0  1 27 27  1]
    [ 0  0  0 56  0],

    [  0   0 126   0   0]
    [  0  27  72  27   0]
    [  1  32  60  32   1]
    [  0  27  72  27   0]
    [  0   0 126   0   0],

    [ 0  0  0 56  0]
    [ 0  1 27 27  1]
    [ 0 12 32 12  0]
    [ 1 27 27  1  0]
    [ 0 56  0  0  0],

    [0 0 0 0 1]
    [0 0 0 1 0]
    [0 0 1 0 0]
    [0 1 0 0 0]
    [1 0 0 0 0]
]

L* =
[
    [1 0 0 0 0]
    [0 1 0 0 0]
    [0 0 1 0 0]
    [0 0 0 1 0]
    [0 0 0 0 1],

    [   0    8    0    0    0]
    [   1    0    7    0    0]
    [   0  8/5    0 32/5    0]
    [   0    0    2    0    6]
    [   0    0    0    8    0],

    [ 0  0 35  0  0]
    [ 0  7  0 28  0]
    [ 1  0 10  0 24]
    [ 0  2  0 33  0]
    [ 0  0 10  0 25],

    [    0     0     0   112     0]
    [    0     0    28     0    84]
    [    0  32/5     0 528/5     0]
    [    1     0    33     0    78]
    [    0     8     0   104     0],

    [ 0  0  0  0 84]
    [ 0  0  0 84  0]
    [ 0  0 24  0 60]
    [ 0  6  0 78  0]
    [ 1  0 25  0 58]
]
