<v, Krein array>
<2180, [ 109, 108, 23762/245, 109/9, 1, 2943/245, 872/9, 109 ]>

P =
[   1  441 1296  441    1]
[   1   63    0  -63   -1]
[   1    5  -12    5    1]
[   1   -7    0    7   -1]
[   1  -49   96  -49    1]

Q =
[      1     109     980     981     109]
[      1   109/7   100/9  -109/7  -109/9]
[      1       0 -245/27       0  218/27]
[      1  -109/7   100/9   109/7  -109/9]
[      1    -109     980    -981     109]

L = 
[
    [1 0 0 0 0]
    [0 1 0 0 0]
    [0 0 1 0 0]
    [0 0 0 1 0]
    [0 0 0 0 1],

    [  0 441   0   0   0]
    [  1 104 288  48   0]
    [  0  98 245  98   0]
    [  0  48 288 104   1]
    [  0   0   0 441   0],

    [   0    0 1296    0    0]
    [   0  288  720  288    0]
    [   1  245  804  245    1]
    [   0  288  720  288    0]
    [   0    0 1296    0    0],

    [  0   0   0 441   0]
    [  0  48 288 104   1]
    [  0  98 245  98   0]
    [  1 104 288  48   0]
    [  0 441   0   0   0],

    [0 0 0 0 1]
    [0 0 0 1 0]
    [0 0 1 0 0]
    [0 1 0 0 0]
    [1 0 0 0 0]
]

L* =
[
    [1 0 0 0 0]
    [0 1 0 0 0]
    [0 0 1 0 0]
    [0 0 0 1 0]
    [0 0 0 0 1],

    [        0       109         0         0         0]
    [        1         0       108         0         0]
    [        0  2943/245         0 23762/245         0]
    [        0         0     872/9         0     109/9]
    [        0         0         0       109         0],

    [         0          0        980          0          0]
    [         0        108          0        872          0]
    [         1          0 214135/243          0  23762/243]
    [         0      872/9          0     7948/9          0]
    [         0          0 213640/243          0  24500/243],

    [         0          0          0        981          0]
    [         0          0        872          0        109]
    [         0  23762/245          0 216583/245          0]
    [         1          0     7948/9          0      872/9]
    [         0        109          0        872          0],

    [        0         0         0         0       109]
    [        0         0         0       109         0]
    [        0         0 23762/243         0  2725/243]
    [        0     109/9         0     872/9         0]
    [        1         0 24500/243         0  1744/243]
]
