<v, Krein array>
<4240, [ 40, 39, 2000/53, 55/2, 1, 120/53, 25/2, 40 ]>

P =
[   1  832 2574  832    1]
[   1  208    0 -208   -1]
[   1   32  -66   32    1]
[   1   -4    0    4   -1]
[   1  -16   30  -16    1]

Q =
[    1    40   689  2080  1430]
[    1    10  53/2   -10 -55/2]
[    1     0 -53/3     0  50/3]
[    1   -10  53/2    10 -55/2]
[    1   -40   689 -2080  1430]

L = 
[
    [1 0 0 0 0]
    [0 1 0 0 0]
    [0 0 1 0 0]
    [0 0 0 1 0]
    [0 0 0 0 1],

    [  0 832   0   0   0]
    [  1 270 495  66   0]
    [  0 160 512 160   0]
    [  0  66 495 270   1]
    [  0   0   0 832   0],

    [   0    0 2574    0    0]
    [   0  495 1584  495    0]
    [   1  512 1548  512    1]
    [   0  495 1584  495    0]
    [   0    0 2574    0    0],

    [  0   0   0 832   0]
    [  0  66 495 270   1]
    [  0 160 512 160   0]
    [  1 270 495  66   0]
    [  0 832   0   0   0],

    [0 0 0 0 1]
    [0 0 0 1 0]
    [0 0 1 0 0]
    [0 1 0 0 0]
    [1 0 0 0 0]
]

L* =
[
    [1 0 0 0 0]
    [0 1 0 0 0]
    [0 0 1 0 0]
    [0 0 0 1 0]
    [0 0 0 0 1],

    [      0      40       0       0       0]
    [      1       0      39       0       0]
    [      0  120/53       0 2000/53       0]
    [      0       0    25/2       0    55/2]
    [      0       0       0      40       0],

    [     0      0    689      0      0]
    [     0     39      0    650      0]
    [     1      0  689/3      0 1375/3]
    [     0   25/2      0 1353/2      0]
    [     0      0 1325/6      0 2809/6],

    [        0         0         0      2080         0]
    [        0         0       650         0      1430]
    [        0   2000/53         0 108240/53         0]
    [        1         0    1353/2         0    2805/2]
    [        0        40         0      2040         0],

    [     0      0      0      0   1430]
    [     0      0      0   1430      0]
    [     0      0 1375/3      0 2915/3]
    [     0   55/2      0 2805/2      0]
    [     1      0 2809/6      0 5765/6]
]
