<v, Krein array>
<4608, [ 48, 47, 1152/25, 24, 1, 48/25, 24, 48 ]>

P =
[   1 1175 2256 1175    1]
[   1  235    0 -235   -1]
[   1   23  -48   23    1]
[   1   -5    0    5   -1]
[   1  -25   48  -25    1]

Q =
[    1    48  1175  2256  1128]
[    1  48/5    23 -48/5   -24]
[    1     0   -25     0    24]
[    1 -48/5    23  48/5   -24]
[    1   -48  1175 -2256  1128]

L = 
[
    [1 0 0 0 0]
    [0 1 0 0 0]
    [0 0 1 0 0]
    [0 0 0 1 0]
    [0 0 0 0 1],

    [   0 1175    0    0    0]
    [   1  414  576  184    0]
    [   0  300  575  300    0]
    [   0  184  576  414    1]
    [   0    0    0 1175    0],

    [   0    0 2256    0    0]
    [   0  576 1104  576    0]
    [   1  575 1104  575    1]
    [   0  576 1104  576    0]
    [   0    0 2256    0    0],

    [   0    0    0 1175    0]
    [   0  184  576  414    1]
    [   0  300  575  300    0]
    [   1  414  576  184    0]
    [   0 1175    0    0    0],

    [0 0 0 0 1]
    [0 0 0 1 0]
    [0 0 1 0 0]
    [0 1 0 0 0]
    [1 0 0 0 0]
]

L* =
[
    [1 0 0 0 0]
    [0 1 0 0 0]
    [0 0 1 0 0]
    [0 0 0 1 0]
    [0 0 0 0 1],

    [      0      48       0       0       0]
    [      1       0      47       0       0]
    [      0   48/25       0 1152/25       0]
    [      0       0      24       0      24]
    [      0       0       0      48       0],

    [   0    0 1175    0    0]
    [   0   47    0 1128    0]
    [   1    0  598    0  576]
    [   0   24    0 1151    0]
    [   0    0  600    0  575],

    [       0        0        0     2256        0]
    [       0        0     1128        0     1128]
    [       0  1152/25        0 55248/25        0]
    [       1        0     1151        0     1104]
    [       0       48        0     2208        0],

    [   0    0    0    0 1128]
    [   0    0    0 1128    0]
    [   0    0  576    0  552]
    [   0   24    0 1104    0]
    [   1    0  575    0  552]
]
