<v, Krein array>
<6848, [ 64, 63, 6400/107, 328/7, 1, 448/107, 120/7, 64 ]>

P =
[   1  840 5166  840    1]
[   1  210    0 -210   -1]
[   1   40  -82   40    1]
[   1   -4    0    4   -1]
[   1  -16   30  -16    1]

Q =
[     1     64    963   3360   2460]
[     1     16  321/7    -16 -328/7]
[     1      0 -107/7      0  100/7]
[     1    -16  321/7     16 -328/7]
[     1    -64    963  -3360   2460]

L = 
[
    [1 0 0 0 0]
    [0 1 0 0 0]
    [0 0 1 0 0]
    [0 0 0 1 0]
    [0 0 0 0 1],

    [  0 840   0   0   0]
    [  1 215 615   9   0]
    [  0 100 640 100   0]
    [  0   9 615 215   1]
    [  0   0   0 840   0],

    [   0    0 5166    0    0]
    [   0  615 3936  615    0]
    [   1  640 3884  640    1]
    [   0  615 3936  615    0]
    [   0    0 5166    0    0],

    [  0   0   0 840   0]
    [  0   9 615 215   1]
    [  0 100 640 100   0]
    [  1 215 615   9   0]
    [  0 840   0   0   0],

    [0 0 0 0 1]
    [0 0 0 1 0]
    [0 0 1 0 0]
    [0 1 0 0 0]
    [1 0 0 0 0]
]

L* =
[
    [1 0 0 0 0]
    [0 1 0 0 0]
    [0 0 1 0 0]
    [0 0 0 1 0]
    [0 0 0 0 1],

    [       0       64        0        0        0]
    [       1        0       63        0        0]
    [       0  448/107        0 6400/107        0]
    [       0        0    120/7        0    328/7]
    [       0        0        0       64        0],

    [       0        0      963        0        0]
    [       0       63        0      900        0]
    [       1        0 14338/49        0 32800/49]
    [       0    120/7        0   6621/7        0]
    [       0        0 12840/49        0 34347/49],

    [         0          0          0       3360          0]
    [         0          0        900          0       2460]
    [         0   6400/107          0 353120/107          0]
    [         1          0     6621/7          0    16892/7]
    [         0         64          0       3296          0],

    [       0        0        0        0     2460]
    [       0        0        0     2460        0]
    [       0        0 32800/49        0 87740/49]
    [       0    328/7        0  16892/7        0]
    [       1        0 34347/49        0 86144/49]
]
