<v, Krein array>
<4096, [ 24, 23, 22, 21, 1, 2, 3, 24 ]>

P =
[   1  759 2576  759    1]
[   1  253    0 -253   -1]
[   1   55 -112   55    1]
[   1   -3    0    3   -1]
[   1   -9   16   -9    1]

Q =
[    1    24   276  2024  1771]
[    1     8    20    -8   -21]
[    1     0   -12     0    11]
[    1    -8    20     8   -21]
[    1   -24   276 -2024  1771]

L = 
[
    [1 0 0 0 0]
    [0 1 0 0 0]
    [0 0 1 0 0]
    [0 0 0 1 0]
    [0 0 0 0 1],

    [  0 759   0   0   0]
    [  1 280 448  30   0]
    [  0 132 495 132   0]
    [  0  30 448 280   1]
    [  0   0   0 759   0],

    [   0    0 2576    0    0]
    [   0  448 1680  448    0]
    [   1  495 1584  495    1]
    [   0  448 1680  448    0]
    [   0    0 2576    0    0],

    [  0   0   0 759   0]
    [  0  30 448 280   1]
    [  0 132 495 132   0]
    [  1 280 448  30   0]
    [  0 759   0   0   0],

    [0 0 0 0 1]
    [0 0 0 1 0]
    [0 0 1 0 0]
    [0 1 0 0 0]
    [1 0 0 0 0]
]

L* =
[
    [1 0 0 0 0]
    [0 1 0 0 0]
    [0 0 1 0 0]
    [0 0 0 1 0]
    [0 0 0 0 1],

    [ 0 24  0  0  0]
    [ 1  0 23  0  0]
    [ 0  2  0 22  0]
    [ 0  0  3  0 21]
    [ 0  0  0 24  0],

    [  0   0 276   0   0]
    [  0  23   0 253   0]
    [  1   0  44   0 231]
    [  0   3   0 273   0]
    [  0   0  36   0 240],

    [   0    0    0 2024    0]
    [   0    0  253    0 1771]
    [   0   22    0 2002    0]
    [   1    0  273    0 1750]
    [   0   24    0 2000    0],

    [   0    0    0    0 1771]
    [   0    0    0 1771    0]
    [   0    0  231    0 1540]
    [   0   21    0 1750    0]
    [   1    0  240    0 1530]
]
