<v, Krein array>
<1850, [ 37, 36, 1369/40, 37/2, 1, 111/40, 37/2, 37 ]>

P =
[   1  384 1080  384    1]
[   1   96    0  -96   -1]
[   1   14  -30   14    1]
[   1   -4    0    4   -1]
[   1  -16   30  -16    1]

Q =
[    1    37   480   888   444]
[    1  37/4  35/2 -37/4 -37/2]
[    1     0 -40/3     0  37/3]
[    1 -37/4  35/2  37/4 -37/2]
[    1   -37   480  -888   444]

L = 
[
    [1 0 0 0 0]
    [0 1 0 0 0]
    [0 0 1 0 0]
    [0 0 0 1 0]
    [0 0 0 0 1],

    [  0 384   0   0   0]
    [  1 125 225  33   0]
    [  0  80 224  80   0]
    [  0  33 225 125   1]
    [  0   0   0 384   0],

    [   0    0 1080    0    0]
    [   0  225  630  225    0]
    [   1  224  630  224    1]
    [   0  225  630  225    0]
    [   0    0 1080    0    0],

    [  0   0   0 384   0]
    [  0  33 225 125   1]
    [  0  80 224  80   0]
    [  1 125 225  33   0]
    [  0 384   0   0   0],

    [0 0 0 0 1]
    [0 0 0 1 0]
    [0 0 1 0 0]
    [0 1 0 0 0]
    [1 0 0 0 0]
]

L* =
[
    [1 0 0 0 0]
    [0 1 0 0 0]
    [0 0 1 0 0]
    [0 0 0 1 0]
    [0 0 0 0 1],

    [      0      37       0       0       0]
    [      1       0      36       0       0]
    [      0  111/40       0 1369/40       0]
    [      0       0    37/2       0    37/2]
    [      0       0       0      37       0],

    [     0      0    480      0      0]
    [     0     36      0    444      0]
    [     1      0 1505/6      0 1369/6]
    [     0   37/2      0  923/2      0]
    [     0      0  740/3      0  700/3],

    [       0        0        0      888        0]
    [       0        0      444        0      444]
    [       0  1369/40        0 34151/40        0]
    [       1        0    923/2        0    851/2]
    [       0       37        0      851        0],

    [     0      0      0      0    444]
    [     0      0      0    444      0]
    [     0      0 1369/6      0 1295/6]
    [     0   37/2      0  851/2      0]
    [     1      0  700/3      0  629/3]
]
