<v, Krein array>
<2970, [ 54, 53, 567/11, 12, 1, 27/11, 42, 54 ]>

P =
[   1  954 1060  954    1]
[   1  159    0 -159   -1]
[   1    9  -20    9    1]
[   1   -6    0    6   -1]
[   1  -36   70  -36    1]

Q =
[    1    54  1166  1431   318]
[    1     9    11    -9   -12]
[    1     0   -22     0    21]
[    1    -9    11     9   -12]
[    1   -54  1166 -1431   318]

L = 
[
    [1 0 0 0 0]
    [0 1 0 0 0]
    [0 0 1 0 0]
    [0 0 0 1 0]
    [0 0 0 0 1],

    [  0 954   0   0   0]
    [  1 378 350 225   0]
    [  0 315 324 315   0]
    [  0 225 350 378   1]
    [  0   0   0 954   0],

    [   0    0 1060    0    0]
    [   0  350  360  350    0]
    [   1  324  410  324    1]
    [   0  350  360  350    0]
    [   0    0 1060    0    0],

    [  0   0   0 954   0]
    [  0 225 350 378   1]
    [  0 315 324 315   0]
    [  1 378 350 225   0]
    [  0 954   0   0   0],

    [0 0 0 0 1]
    [0 0 0 1 0]
    [0 0 1 0 0]
    [0 1 0 0 0]
    [1 0 0 0 0]
]

L* =
[
    [1 0 0 0 0]
    [0 1 0 0 0]
    [0 0 1 0 0]
    [0 0 0 1 0]
    [0 0 0 0 1],

    [     0     54      0      0      0]
    [     1      0     53      0      0]
    [     0  27/11      0 567/11      0]
    [     0      0     42      0     12]
    [     0      0      0     54      0],

    [   0    0 1166    0    0]
    [   0   53    0 1113    0]
    [   1    0  913    0  252]
    [   0   42    0 1124    0]
    [   0    0  924    0  242],

    [       0        0        0     1431        0]
    [       0        0     1113        0      318]
    [       0   567/11        0 15174/11        0]
    [       1        0     1124        0      306]
    [       0       54        0     1377        0],

    [  0   0   0   0 318]
    [  0   0   0 318   0]
    [  0   0 252   0  66]
    [  0  12   0 306   0]
    [  1   0 242   0  75]
]
