<v, Krein array>
<5888, [ 64, 63, 12800/207, 24, 1, 448/207, 40, 64 ]>

P =
[   1 1620 2646 1620    1]
[   1  270    0 -270   -1]
[   1   20  -42   20    1]
[   1   -6    0    6   -1]
[   1  -36   70  -36    1]

Q =
[     1     64   1863   2880   1080]
[     1   32/3     23  -32/3    -24]
[     1      0 -207/7      0  200/7]
[     1  -32/3     23   32/3    -24]
[     1    -64   1863  -2880   1080]

L = 
[
    [1 0 0 0 0]
    [0 1 0 0 0]
    [0 0 1 0 0]
    [0 0 0 1 0]
    [0 0 0 0 1],

    [   0 1620    0    0    0]
    [   1  574  735  310    0]
    [   0  450  720  450    0]
    [   0  310  735  574    1]
    [   0    0    0 1620    0],

    [   0    0 2646    0    0]
    [   0  735 1176  735    0]
    [   1  720 1204  720    1]
    [   0  735 1176  735    0]
    [   0    0 2646    0    0],

    [   0    0    0 1620    0]
    [   0  310  735  574    1]
    [   0  450  720  450    0]
    [   1  574  735  310    0]
    [   0 1620    0    0    0],

    [0 0 0 0 1]
    [0 0 0 1 0]
    [0 0 1 0 0]
    [0 1 0 0 0]
    [1 0 0 0 0]
]

L* =
[
    [1 0 0 0 0]
    [0 1 0 0 0]
    [0 0 1 0 0]
    [0 0 0 1 0]
    [0 0 0 0 1],

    [        0        64         0         0         0]
    [        1         0        63         0         0]
    [        0   448/207         0 12800/207         0]
    [        0         0        40         0        24]
    [        0         0         0        64         0],

    [     0      0   1863      0      0]
    [     0     63      0   1800      0]
    [     1      0 8234/7      0 4800/7]
    [     0     40      0   1823      0]
    [     0      0 8280/7      0 4761/7],

    [         0          0          0       2880          0]
    [         0          0       1800          0       1080]
    [         0  12800/207          0 583360/207          0]
    [         1          0       1823          0       1056]
    [         0         64          0       2816          0],

    [     0      0      0      0   1080]
    [     0      0      0   1080      0]
    [     0      0 4800/7      0 2760/7]
    [     0     24      0   1056      0]
    [     1      0 4761/7      0 2792/7]
]
