<v, Krein array>
<6728, [ 58, 57, 435/8, 43, 1, 29/8, 15, 58 ]>

P =
[   1  912 4902  912    1]
[   1  228    0 -228   -1]
[   1   42  -86   42    1]
[   1   -4    0    4   -1]
[   1  -16   30  -16    1]

Q =
[    1    58   912  3306  2451]
[    1  29/2    42 -29/2   -43]
[    1     0   -16     0    15]
[    1 -29/2    42  29/2   -43]
[    1   -58   912 -3306  2451]

L = 
[
    [1 0 0 0 0]
    [0 1 0 0 0]
    [0 0 1 0 0]
    [0 0 0 1 0]
    [0 0 0 0 1],

    [  0 912   0   0   0]
    [  1 245 645  21   0]
    [  0 120 672 120   0]
    [  0  21 645 245   1]
    [  0   0   0 912   0],

    [   0    0 4902    0    0]
    [   0  645 3612  645    0]
    [   1  672 3556  672    1]
    [   0  645 3612  645    0]
    [   0    0 4902    0    0],

    [  0   0   0 912   0]
    [  0  21 645 245   1]
    [  0 120 672 120   0]
    [  1 245 645  21   0]
    [  0 912   0   0   0],

    [0 0 0 0 1]
    [0 0 0 1 0]
    [0 0 1 0 0]
    [0 1 0 0 0]
    [1 0 0 0 0]
]

L* =
[
    [1 0 0 0 0]
    [0 1 0 0 0]
    [0 0 1 0 0]
    [0 0 0 1 0]
    [0 0 0 0 1],

    [    0    58     0     0     0]
    [    1     0    57     0     0]
    [    0  29/8     0 435/8     0]
    [    0     0    15     0    43]
    [    0     0     0    58     0],

    [  0   0 912   0   0]
    [  0  57   0 855   0]
    [  1   0 266   0 645]
    [  0  15   0 897   0]
    [  0   0 240   0 672],

    [      0       0       0    3306       0]
    [      0       0     855       0    2451]
    [      0   435/8       0 26013/8       0]
    [      1       0     897       0    2408]
    [      0      58       0    3248       0],

    [   0    0    0    0 2451]
    [   0    0    0 2451    0]
    [   0    0  645    0 1806]
    [   0   43    0 2408    0]
    [   1    0  672    0 1778]
]
