<v, Krein array>
<4472, [ 91, 90, 3718/43, 91/5, 1, 195/43, 364/5, 91 ]>

P =
[   1 1155 2160 1155    1]
[   1  165    0 -165   -1]
[   1   11  -24   11    1]
[   1   -7    0    7   -1]
[   1  -49   96  -49    1]

Q =
[      1      91    1806    2145     429]
[      1      13    86/5     -13   -91/5]
[      1       0 -301/15       0  286/15]
[      1     -13    86/5      13   -91/5]
[      1     -91    1806   -2145     429]

L = 
[
    [1 0 0 0 0]
    [0 1 0 0 0]
    [0 0 1 0 0]
    [0 0 0 1 0]
    [0 0 0 0 1],

    [   0 1155    0    0    0]
    [   1  368  576  210    0]
    [   0  308  539  308    0]
    [   0  210  576  368    1]
    [   0    0    0 1155    0],

    [   0    0 2160    0    0]
    [   0  576 1008  576    0]
    [   1  539 1080  539    1]
    [   0  576 1008  576    0]
    [   0    0 2160    0    0],

    [   0    0    0 1155    0]
    [   0  210  576  368    1]
    [   0  308  539  308    0]
    [   1  368  576  210    0]
    [   0 1155    0    0    0],

    [0 0 0 0 1]
    [0 0 0 1 0]
    [0 0 1 0 0]
    [0 1 0 0 0]
    [1 0 0 0 0]
]

L* =
[
    [1 0 0 0 0]
    [0 1 0 0 0]
    [0 0 1 0 0]
    [0 0 0 1 0]
    [0 0 0 0 1],

    [      0      91       0       0       0]
    [      1       0      90       0       0]
    [      0  195/43       0 3718/43       0]
    [      0       0   364/5       0    91/5]
    [      0       0       0      91       0],

    [        0         0      1806         0         0]
    [        0        90         0      1716         0]
    [        1         0 109349/75         0  26026/75]
    [        0     364/5         0    8666/5         0]
    [        0         0 109564/75         0  25886/75],

    [       0        0        0     2145        0]
    [       0        0     1716        0      429]
    [       0  3718/43        0 88517/43        0]
    [       1        0   8666/5        0   2054/5]
    [       0       91        0     2054        0],

    [       0        0        0        0      429]
    [       0        0        0      429        0]
    [       0        0 26026/75        0  6149/75]
    [       0     91/5        0   2054/5        0]
    [       1        0 25886/75        0  6214/75]
]
