<v, Krein array>
<4752, [ 96, 95, 1008/11, 12, 1, 48/11, 84, 96 ]>

P =
[   1 1520 1710 1520    1]
[   1  190    0 -190   -1]
[   1    8  -18    8    1]
[   1   -8    0    8   -1]
[   1  -64  126  -64    1]

Q =
[    1    96  2090  2280   285]
[    1    12    11   -12   -12]
[    1     0   -22     0    21]
[    1   -12    11    12   -12]
[    1   -96  2090 -2280   285]

L = 
[
    [1 0 0 0 0]
    [0 1 0 0 0]
    [0 0 1 0 0]
    [0 0 0 1 0]
    [0 0 0 0 1],

    [   0 1520    0    0    0]
    [   1  567  567  385    0]
    [   0  504  512  504    0]
    [   0  385  567  567    1]
    [   0    0    0 1520    0],

    [   0    0 1710    0    0]
    [   0  567  576  567    0]
    [   1  512  684  512    1]
    [   0  567  576  567    0]
    [   0    0 1710    0    0],

    [   0    0    0 1520    0]
    [   0  385  567  567    1]
    [   0  504  512  504    0]
    [   1  567  567  385    0]
    [   0 1520    0    0    0],

    [0 0 0 0 1]
    [0 0 0 1 0]
    [0 0 1 0 0]
    [0 1 0 0 0]
    [1 0 0 0 0]
]

L* =
[
    [1 0 0 0 0]
    [0 1 0 0 0]
    [0 0 1 0 0]
    [0 0 0 1 0]
    [0 0 0 0 1],

    [      0      96       0       0       0]
    [      1       0      95       0       0]
    [      0   48/11       0 1008/11       0]
    [      0       0      84       0      12]
    [      0       0       0      96       0],

    [   0    0 2090    0    0]
    [   0   95    0 1995    0]
    [   1    0 1837    0  252]
    [   0   84    0 2006    0]
    [   0    0 1848    0  242],

    [       0        0        0     2280        0]
    [       0        0     1995        0      285]
    [       0  1008/11        0 24072/11        0]
    [       1        0     2006        0      273]
    [       0       96        0     2184        0],

    [  0   0   0   0 285]
    [  0   0   0 285   0]
    [  0   0 252   0  33]
    [  0  12   0 273   0]
    [  1   0 242   0  42]
]
