<v, Krein array>
<9386, [ 171, 170, 2128/13, 27, 1, 95/13, 144, 171 ]>

P =
[   1 2142 5100 2142    1]
[   1  238    0 -238   -1]
[   1   14  -30   14    1]
[   1   -9    0    9   -1]
[   1  -81  160  -81    1]

Q =
[     1    171   3978   4522    714]
[     1     19     26    -19    -27]
[     1      0 -117/5      0  112/5]
[     1    -19     26     19    -27]
[     1   -171   3978  -4522    714]

L = 
[
    [1 0 0 0 0]
    [0 1 0 0 0]
    [0 0 1 0 0]
    [0 0 0 1 0]
    [0 0 0 0 1],

    [   0 2142    0    0    0]
    [   1  585 1200  356    0]
    [   0  504 1134  504    0]
    [   0  356 1200  585    1]
    [   0    0    0 2142    0],

    [   0    0 5100    0    0]
    [   0 1200 2700 1200    0]
    [   1 1134 2830 1134    1]
    [   0 1200 2700 1200    0]
    [   0    0 5100    0    0],

    [   0    0    0 2142    0]
    [   0  356 1200  585    1]
    [   0  504 1134  504    0]
    [   1  585 1200  356    0]
    [   0 2142    0    0    0],

    [0 0 0 0 1]
    [0 0 0 1 0]
    [0 0 1 0 0]
    [0 1 0 0 0]
    [1 0 0 0 0]
]

L* =
[
    [1 0 0 0 0]
    [0 1 0 0 0]
    [0 0 1 0 0]
    [0 0 0 1 0]
    [0 0 0 0 1],

    [      0     171       0       0       0]
    [      1       0     170       0       0]
    [      0   95/13       0 2128/13       0]
    [      0       0     144       0      27]
    [      0       0       0     171       0],

    [      0       0    3978       0       0]
    [      0     170       0    3808       0]
    [      1       0 16861/5       0  3024/5]
    [      0     144       0    3834       0]
    [      0       0 16848/5       0  3042/5],

    [       0        0        0     4522        0]
    [       0        0     3808        0      714]
    [       0  2128/13        0 56658/13        0]
    [       1        0     3834        0      687]
    [       0      171        0     4351        0],

    [     0      0      0      0    714]
    [     0      0      0    714      0]
    [     0      0 3024/5      0  546/5]
    [     0     27      0    687      0]
    [     1      0 3042/5      0  523/5]
]
