<v, Krein array>
<6120, [ 85, 84, 1445/18, 221/5, 1, 85/18, 204/5, 85 ]>

P =
[   1  875 4368  875    1]
[   1  175    0 -175   -1]
[   1   25  -52   25    1]
[   1   -5    0    5   -1]
[   1  -25   48  -25    1]

Q =
[     1     85   1512   2975   1547]
[     1     17  216/5    -17 -221/5]
[     1      0    -18      0     17]
[     1    -17  216/5     17 -221/5]
[     1    -85   1512  -2975   1547]

L = 
[
    [1 0 0 0 0]
    [0 1 0 0 0]
    [0 0 1 0 0]
    [0 0 0 1 0]
    [0 0 0 0 1],

    [  0 875   0   0   0]
    [  1 210 624  40   0]
    [  0 125 625 125   0]
    [  0  40 624 210   1]
    [  0   0   0 875   0],

    [   0    0 4368    0    0]
    [   0  624 3120  624    0]
    [   1  625 3116  625    1]
    [   0  624 3120  624    0]
    [   0    0 4368    0    0],

    [  0   0   0 875   0]
    [  0  40 624 210   1]
    [  0 125 625 125   0]
    [  1 210 624  40   0]
    [  0 875   0   0   0],

    [0 0 0 0 1]
    [0 0 0 1 0]
    [0 0 1 0 0]
    [0 1 0 0 0]
    [1 0 0 0 0]
]

L* =
[
    [1 0 0 0 0]
    [0 1 0 0 0]
    [0 0 1 0 0]
    [0 0 0 1 0]
    [0 0 0 0 1],

    [      0      85       0       0       0]
    [      1       0      84       0       0]
    [      0   85/18       0 1445/18       0]
    [      0       0   204/5       0   221/5]
    [      0       0       0      85       0],

    [     0      0   1512      0      0]
    [     0     84      0   1428      0]
    [     1      0 3798/5      0 3757/5]
    [     0  204/5      0 7356/5      0]
    [     0      0 3672/5      0 3888/5],

    [       0        0        0     2975        0]
    [       0        0     1428        0     1547]
    [       0  1445/18        0 52105/18        0]
    [       1        0   7356/5        0   7514/5]
    [       0       85        0     2890        0],

    [     0      0      0      0   1547]
    [     0      0      0   1547      0]
    [     0      0 3757/5      0 3978/5]
    [     0  221/5      0 7514/5      0]
    [     1      0 3888/5      0 3842/5]
]
