<v, Krein array>
<722, [ 19, 18, 152/9, 11, 1, 19/9, 8, 19 ]>

P =
[  1 162 396 162   1]
[  1  54   0 -54  -1]
[  1  10 -22  10   1]
[  1  -3   0   3  -1]
[  1  -9  16  -9   1]

Q =
[    1    19   162   342   198]
[    1  19/3    10 -19/3   -11]
[    1     0    -9     0     8]
[    1 -19/3    10  19/3   -11]
[    1   -19   162  -342   198]

L = 
[
    [1 0 0 0 0]
    [0 1 0 0 0]
    [0 0 1 0 0]
    [0 0 0 1 0]
    [0 0 0 0 1],

    [  0 162   0   0   0]
    [  1  62  88  11   0]
    [  0  36  90  36   0]
    [  0  11  88  62   1]
    [  0   0   0 162   0],

    [  0   0 396   0   0]
    [  0  88 220  88   0]
    [  1  90 214  90   1]
    [  0  88 220  88   0]
    [  0   0 396   0   0],

    [  0   0   0 162   0]
    [  0  11  88  62   1]
    [  0  36  90  36   0]
    [  1  62  88  11   0]
    [  0 162   0   0   0],

    [0 0 0 0 1]
    [0 0 0 1 0]
    [0 0 1 0 0]
    [0 1 0 0 0]
    [1 0 0 0 0]
]

L* =
[
    [1 0 0 0 0]
    [0 1 0 0 0]
    [0 0 1 0 0]
    [0 0 0 1 0]
    [0 0 0 0 1],

    [    0    19     0     0     0]
    [    1     0    18     0     0]
    [    0  19/9     0 152/9     0]
    [    0     0     8     0    11]
    [    0     0     0    19     0],

    [  0   0 162   0   0]
    [  0  18   0 144   0]
    [  1   0  73   0  88]
    [  0   8   0 154   0]
    [  0   0  72   0  90],

    [     0      0      0    342      0]
    [     0      0    144      0    198]
    [     0  152/9      0 2926/9      0]
    [     1      0    154      0    187]
    [     0     19      0    323      0],

    [  0   0   0   0 198]
    [  0   0   0 198   0]
    [  0   0  88   0 110]
    [  0  11   0 187   0]
    [  1   0  90   0 107]
]
