<v, Krein array>
<6272, [ 56, 55, 105/2, 41, 1, 7/2, 15, 56 ]>

P =
[   1  880 4510  880    1]
[   1  220    0 -220   -1]
[   1   40  -82   40    1]
[   1   -4    0    4   -1]
[   1  -16   30  -16    1]

Q =
[    1    56   880  3080  2255]
[    1    14    40   -14   -41]
[    1     0   -16     0    15]
[    1   -14    40    14   -41]
[    1   -56   880 -3080  2255]

L = 
[
    [1 0 0 0 0]
    [0 1 0 0 0]
    [0 0 1 0 0]
    [0 0 0 1 0]
    [0 0 0 0 1],

    [  0 880   0   0   0]
    [  1 240 615  24   0]
    [  0 120 640 120   0]
    [  0  24 615 240   1]
    [  0   0   0 880   0],

    [   0    0 4510    0    0]
    [   0  615 3280  615    0]
    [   1  640 3228  640    1]
    [   0  615 3280  615    0]
    [   0    0 4510    0    0],

    [  0   0   0 880   0]
    [  0  24 615 240   1]
    [  0 120 640 120   0]
    [  1 240 615  24   0]
    [  0 880   0   0   0],

    [0 0 0 0 1]
    [0 0 0 1 0]
    [0 0 1 0 0]
    [0 1 0 0 0]
    [1 0 0 0 0]
]

L* =
[
    [1 0 0 0 0]
    [0 1 0 0 0]
    [0 0 1 0 0]
    [0 0 0 1 0]
    [0 0 0 0 1],

    [    0    56     0     0     0]
    [    1     0    55     0     0]
    [    0   7/2     0 105/2     0]
    [    0     0    15     0    41]
    [    0     0     0    56     0],

    [  0   0 880   0   0]
    [  0  55   0 825   0]
    [  1   0 264   0 615]
    [  0  15   0 865   0]
    [  0   0 240   0 640],

    [     0      0      0   3080      0]
    [     0      0    825      0   2255]
    [     0  105/2      0 6055/2      0]
    [     1      0    865      0   2214]
    [     0     56      0   3024      0],

    [   0    0    0    0 2255]
    [   0    0    0 2255    0]
    [   0    0  615    0 1640]
    [   0   41    0 2214    0]
    [   1    0  640    0 1614]
]
