<v, Krein array>
<8500, [ 85, 84, 578/7, 187/7, 1, 17/7, 408/7, 85 ]>

P =
[   1 2401 3696 2401    1]
[   1  343    0 -343   -1]
[   1   21  -44   21    1]
[   1   -7    0    7   -1]
[   1  -49   96  -49    1]

Q =
[     1     85   2940   4165   1309]
[     1   85/7  180/7  -85/7 -187/7]
[     1      0    -35      0     34]
[     1  -85/7  180/7   85/7 -187/7]
[     1    -85   2940  -4165   1309]

L = 
[
    [1 0 0 0 0]
    [0 1 0 0 0]
    [0 0 1 0 0]
    [0 0 0 1 0]
    [0 0 0 0 1],

    [   0 2401    0    0    0]
    [   1  840 1056  504    0]
    [   0  686 1029  686    0]
    [   0  504 1056  840    1]
    [   0    0    0 2401    0],

    [   0    0 3696    0    0]
    [   0 1056 1584 1056    0]
    [   1 1029 1636 1029    1]
    [   0 1056 1584 1056    0]
    [   0    0 3696    0    0],

    [   0    0    0 2401    0]
    [   0  504 1056  840    1]
    [   0  686 1029  686    0]
    [   1  840 1056  504    0]
    [   0 2401    0    0    0],

    [0 0 0 0 1]
    [0 0 0 1 0]
    [0 0 1 0 0]
    [0 1 0 0 0]
    [1 0 0 0 0]
]

L* =
[
    [1 0 0 0 0]
    [0 1 0 0 0]
    [0 0 1 0 0]
    [0 0 0 1 0]
    [0 0 0 0 1],

    [    0    85     0     0     0]
    [    1     0    84     0     0]
    [    0  17/7     0 578/7     0]
    [    0     0 408/7     0 187/7]
    [    0     0     0    85     0],

    [      0       0    2940       0       0]
    [      0      84       0    2856       0]
    [      1       0 14215/7       0  6358/7]
    [      0   408/7       0 20172/7       0]
    [      0       0    2040       0     900],

    [      0       0       0    4165       0]
    [      0       0    2856       0    1309]
    [      0   578/7       0 28577/7       0]
    [      1       0 20172/7       0  8976/7]
    [      0      85       0    4080       0],

    [     0      0      0      0   1309]
    [     0      0      0   1309      0]
    [     0      0 6358/7      0 2805/7]
    [     0  187/7      0 8976/7      0]
    [     1      0    900      0    408]
]
