<v, Krein array>
<1054, [ 31, 30, 961/34, 93/8, 1, 93/34, 155/8, 31 ]>

P =
[  1 256 540 256   1]
[  1  64   0 -64  -1]
[  1   8 -18   8   1]
[  1  -4   0   4  -1]
[  1 -16  30 -16   1]

Q =
[    1    31   340   496   186]
[    1  31/4  85/8 -31/4 -93/8]
[    1     0 -34/3     0  31/3]
[    1 -31/4  85/8  31/4 -93/8]
[    1   -31   340  -496   186]

L = 
[
    [1 0 0 0 0]
    [0 1 0 0 0]
    [0 0 1 0 0]
    [0 0 0 1 0]
    [0 0 0 0 1],

    [  0 256   0   0   0]
    [  1  90 135  30   0]
    [  0  64 128  64   0]
    [  0  30 135  90   1]
    [  0   0   0 256   0],

    [  0   0 540   0   0]
    [  0 135 270 135   0]
    [  1 128 282 128   1]
    [  0 135 270 135   0]
    [  0   0 540   0   0],

    [  0   0   0 256   0]
    [  0  30 135  90   1]
    [  0  64 128  64   0]
    [  1  90 135  30   0]
    [  0 256   0   0   0],

    [0 0 0 0 1]
    [0 0 0 1 0]
    [0 0 1 0 0]
    [0 1 0 0 0]
    [1 0 0 0 0]
]

L* =
[
    [1 0 0 0 0]
    [0 1 0 0 0]
    [0 0 1 0 0]
    [0 0 0 1 0]
    [0 0 0 0 1],

    [     0     31      0      0      0]
    [     1      0     30      0      0]
    [     0  93/34      0 961/34      0]
    [     0      0  155/8      0   93/8]
    [     0      0      0     31      0],

    [      0       0     340       0       0]
    [      0      30       0     310       0]
    [      1       0  1751/8       0   961/8]
    [      0   155/8       0  2565/8       0]
    [      0       0 2635/12       0 1445/12],

    [       0        0        0      496        0]
    [       0        0      310        0      186]
    [       0   961/34        0 15903/34        0]
    [       1        0   2565/8        0   1395/8]
    [       0       31        0      465        0],

    [      0       0       0       0     186]
    [      0       0       0     186       0]
    [      0       0   961/8       0   527/8]
    [      0    93/8       0  1395/8       0]
    [      1       0 1445/12       0  775/12]
]
