<v, Krein array>
<1080, [ 36, 35, 162/5, 27/2, 1, 18/5, 45/2, 36 ]>

P =
[  1 224 630 224   1]
[  1  56   0 -56  -1]
[  1   8 -18   8   1]
[  1  -4   0   4  -1]
[  1 -16  30 -16   1]

Q =
[    1    36   350   504   189]
[    1     9  25/2    -9 -27/2]
[    1     0   -10     0     9]
[    1    -9  25/2     9 -27/2]
[    1   -36   350  -504   189]

L = 
[
    [1 0 0 0 0]
    [0 1 0 0 0]
    [0 0 1 0 0]
    [0 0 0 1 0]
    [0 0 0 0 1],

    [  0 224   0   0   0]
    [  1  70 135  18   0]
    [  0  48 128  48   0]
    [  0  18 135  70   1]
    [  0   0   0 224   0],

    [  0   0 630   0   0]
    [  0 135 360 135   0]
    [  1 128 372 128   1]
    [  0 135 360 135   0]
    [  0   0 630   0   0],

    [  0   0   0 224   0]
    [  0  18 135  70   1]
    [  0  48 128  48   0]
    [  1  70 135  18   0]
    [  0 224   0   0   0],

    [0 0 0 0 1]
    [0 0 0 1 0]
    [0 0 1 0 0]
    [0 1 0 0 0]
    [1 0 0 0 0]
]

L* =
[
    [1 0 0 0 0]
    [0 1 0 0 0]
    [0 0 1 0 0]
    [0 0 0 1 0]
    [0 0 0 0 1],

    [    0    36     0     0     0]
    [    1     0    35     0     0]
    [    0  18/5     0 162/5     0]
    [    0     0  45/2     0  27/2]
    [    0     0     0    36     0],

    [    0     0   350     0     0]
    [    0    35     0   315     0]
    [    1     0 455/2     0 243/2]
    [    0  45/2     0 655/2     0]
    [    0     0   225     0   125],

    [     0      0      0    504      0]
    [     0      0    315      0    189]
    [     0  162/5      0 2358/5      0]
    [     1      0  655/2      0  351/2]
    [     0     36      0    468      0],

    [    0     0     0     0   189]
    [    0     0     0   189     0]
    [    0     0 243/2     0 135/2]
    [    0  27/2     0 351/2     0]
    [    1     0   125     0    63]
]
