<v, Krein array>
<3952, [ 26, 25, 1352/57, 338/15, 1, 130/57, 52/15, 26 ]>

P =
[   1  675 2600  675    1]
[   1  225    0 -225   -1]
[   1   51 -104   51    1]
[   1   -3    0    3   -1]
[   1   -9   16   -9    1]

Q =
[      1      26     285    1950    1690]
[      1    26/3  323/15   -26/3 -338/15]
[      1       0   -57/5       0    52/5]
[      1   -26/3  323/15    26/3 -338/15]
[      1     -26     285   -1950    1690]

L = 
[
    [1 0 0 0 0]
    [0 1 0 0 0]
    [0 0 1 0 0]
    [0 0 0 1 0]
    [0 0 0 0 1],

    [  0 675   0   0   0]
    [  1 240 416  18   0]
    [  0 108 459 108   0]
    [  0  18 416 240   1]
    [  0   0   0 675   0],

    [   0    0 2600    0    0]
    [   0  416 1768  416    0]
    [   1  459 1680  459    1]
    [   0  416 1768  416    0]
    [   0    0 2600    0    0],

    [  0   0   0 675   0]
    [  0  18 416 240   1]
    [  0 108 459 108   0]
    [  1 240 416  18   0]
    [  0 675   0   0   0],

    [0 0 0 0 1]
    [0 0 0 1 0]
    [0 0 1 0 0]
    [0 1 0 0 0]
    [1 0 0 0 0]
]

L* =
[
    [1 0 0 0 0]
    [0 1 0 0 0]
    [0 0 1 0 0]
    [0 0 0 1 0]
    [0 0 0 0 1],

    [      0      26       0       0       0]
    [      1       0      25       0       0]
    [      0  130/57       0 1352/57       0]
    [      0       0   52/15       0  338/15]
    [      0       0       0      26       0],

    [       0        0      285        0        0]
    [       0       25        0      260        0]
    [       1        0  3724/75        0 17576/75]
    [       0    52/15        0  4223/15        0]
    [       0        0   988/25        0  6137/25],

    [        0         0         0      1950         0]
    [        0         0       260         0      1690]
    [        0   1352/57         0 109798/57         0]
    [        1         0   4223/15         0  25012/15]
    [        0        26         0      1924         0],

    [        0         0         0         0      1690]
    [        0         0         0      1690         0]
    [        0         0  17576/75         0 109174/75]
    [        0    338/15         0  25012/15         0]
    [        1         0   6137/25         0  36088/25]
]
