<v, Krein array>
<3610, [ 133, 132, 608/5, 21, 1, 57/5, 112, 133 ]>

P =
[   1  616 2376  616    1]
[   1   88    0  -88   -1]
[   1    8  -18    8    1]
[   1   -7    0    7   -1]
[   1  -49   96  -49    1]

Q =
[    1   133  1540  1672   264]
[    1    19    20   -19   -21]
[    1     0 -35/3     0  32/3]
[    1   -19    20    19   -21]
[    1  -133  1540 -1672   264]

L = 
[
    [1 0 0 0 0]
    [0 1 0 0 0]
    [0 0 1 0 0]
    [0 0 0 1 0]
    [0 0 0 0 1],

    [  0 616   0   0   0]
    [  1 132 432  51   0]
    [  0 112 392 112   0]
    [  0  51 432 132   1]
    [  0   0   0 616   0],

    [   0    0 2376    0    0]
    [   0  432 1512  432    0]
    [   1  392 1590  392    1]
    [   0  432 1512  432    0]
    [   0    0 2376    0    0],

    [  0   0   0 616   0]
    [  0  51 432 132   1]
    [  0 112 392 112   0]
    [  1 132 432  51   0]
    [  0 616   0   0   0],

    [0 0 0 0 1]
    [0 0 0 1 0]
    [0 0 1 0 0]
    [0 1 0 0 0]
    [1 0 0 0 0]
]

L* =
[
    [1 0 0 0 0]
    [0 1 0 0 0]
    [0 0 1 0 0]
    [0 0 0 1 0]
    [0 0 0 0 1],

    [    0   133     0     0     0]
    [    1     0   132     0     0]
    [    0  57/5     0 608/5     0]
    [    0     0   112     0    21]
    [    0     0     0   133     0],

    [     0      0   1540      0      0]
    [     0    132      0   1408      0]
    [     1      0   1315      0    224]
    [     0    112      0   1428      0]
    [     0      0 3920/3      0  700/3],

    [     0      0      0   1672      0]
    [     0      0   1408      0    264]
    [     0  608/5      0 7752/5      0]
    [     1      0   1428      0    243]
    [     0    133      0   1539      0],

    [    0     0     0     0   264]
    [    0     0     0   264     0]
    [    0     0   224     0    40]
    [    0    21     0   243     0]
    [    1     0 700/3     0  89/3]
]
