<v, Krein array>
<5618, [ 53, 52, 1272/25, 29, 1, 53/25, 24, 53 ]>

P =
[   1 1300 3016 1300    1]
[   1  260    0 -260   -1]
[   1   28  -58   28    1]
[   1   -5    0    5   -1]
[   1  -25   48  -25    1]

Q =
[    1    53  1300  2756  1508]
[    1  53/5    28 -53/5   -29]
[    1     0   -25     0    24]
[    1 -53/5    28  53/5   -29]
[    1   -53  1300 -2756  1508]

L = 
[
    [1 0 0 0 0]
    [0 1 0 0 0]
    [0 0 1 0 0]
    [0 0 0 1 0]
    [0 0 0 0 1],

    [   0 1300    0    0    0]
    [   1  429  696  174    0]
    [   0  300  700  300    0]
    [   0  174  696  429    1]
    [   0    0    0 1300    0],

    [   0    0 3016    0    0]
    [   0  696 1624  696    0]
    [   1  700 1614  700    1]
    [   0  696 1624  696    0]
    [   0    0 3016    0    0],

    [   0    0    0 1300    0]
    [   0  174  696  429    1]
    [   0  300  700  300    0]
    [   1  429  696  174    0]
    [   0 1300    0    0    0],

    [0 0 0 0 1]
    [0 0 0 1 0]
    [0 0 1 0 0]
    [0 1 0 0 0]
    [1 0 0 0 0]
]

L* =
[
    [1 0 0 0 0]
    [0 1 0 0 0]
    [0 0 1 0 0]
    [0 0 0 1 0]
    [0 0 0 0 1],

    [      0      53       0       0       0]
    [      1       0      52       0       0]
    [      0   53/25       0 1272/25       0]
    [      0       0      24       0      29]
    [      0       0       0      53       0],

    [   0    0 1300    0    0]
    [   0   52    0 1248    0]
    [   1    0  603    0  696]
    [   0   24    0 1276    0]
    [   0    0  600    0  700],

    [       0        0        0     2756        0]
    [       0        0     1248        0     1508]
    [       0  1272/25        0 67628/25        0]
    [       1        0     1276        0     1479]
    [       0       53        0     2703        0],

    [   0    0    0    0 1508]
    [   0    0    0 1508    0]
    [   0    0  696    0  812]
    [   0   29    0 1479    0]
    [   1    0  700    0  807]
]
