<v, Krein array>
<9248, [ 68, 67, 255/4, 53, 1, 17/4, 15, 68 ]>

P =
[   1 1072 7102 1072    1]
[   1  268    0 -268   -1]
[   1   52 -106   52    1]
[   1   -4    0    4   -1]
[   1  -16   30  -16    1]

Q =
[    1    68  1072  4556  3551]
[    1    17    52   -17   -53]
[    1     0   -16     0    15]
[    1   -17    52    17   -53]
[    1   -68  1072 -4556  3551]

L = 
[
    [1 0 0 0 0]
    [0 1 0 0 0]
    [0 0 1 0 0]
    [0 0 0 1 0]
    [0 0 0 0 1],

    [   0 1072    0    0    0]
    [   1  270  795    6    0]
    [   0  120  832  120    0]
    [   0    6  795  270    1]
    [   0    0    0 1072    0],

    [   0    0 7102    0    0]
    [   0  795 5512  795    0]
    [   1  832 5436  832    1]
    [   0  795 5512  795    0]
    [   0    0 7102    0    0],

    [   0    0    0 1072    0]
    [   0    6  795  270    1]
    [   0  120  832  120    0]
    [   1  270  795    6    0]
    [   0 1072    0    0    0],

    [0 0 0 0 1]
    [0 0 0 1 0]
    [0 0 1 0 0]
    [0 1 0 0 0]
    [1 0 0 0 0]
]

L* =
[
    [1 0 0 0 0]
    [0 1 0 0 0]
    [0 0 1 0 0]
    [0 0 0 1 0]
    [0 0 0 0 1],

    [    0    68     0     0     0]
    [    1     0    67     0     0]
    [    0  17/4     0 255/4     0]
    [    0     0    15     0    53]
    [    0     0     0    68     0],

    [   0    0 1072    0    0]
    [   0   67    0 1005    0]
    [   1    0  276    0  795]
    [   0   15    0 1057    0]
    [   0    0  240    0  832],

    [      0       0       0    4556       0]
    [      0       0    1005       0    3551]
    [      0   255/4       0 17969/4       0]
    [      1       0    1057       0    3498]
    [      0      68       0    4488       0],

    [   0    0    0    0 3551]
    [   0    0    0 3551    0]
    [   0    0  795    0 2756]
    [   0   53    0 3498    0]
    [   1    0  832    0 2718]
]
