<v, Krein array>
<6624, [ 216, 215, 4608/23, 24, 1, 360/23, 192, 216 ]>

P =
[   1 1161 4300 1161    1]
[   1  129    0 -129   -1]
[   1    9  -20    9    1]
[   1   -9    0    9   -1]
[   1  -81  160  -81    1]

Q =
[    1   216  2967  3096   344]
[    1    24    23   -24   -24]
[    1     0 -69/5     0  64/5]
[    1   -24    23    24   -24]
[    1  -216  2967 -3096   344]

L = 
[
    [1 0 0 0 0]
    [0 1 0 0 0]
    [0 0 1 0 0]
    [0 0 0 1 0]
    [0 0 0 0 1],

    [   0 1161    0    0    0]
    [   1  240  800  120    0]
    [   0  216  729  216    0]
    [   0  120  800  240    1]
    [   0    0    0 1161    0],

    [   0    0 4300    0    0]
    [   0  800 2700  800    0]
    [   1  729 2840  729    1]
    [   0  800 2700  800    0]
    [   0    0 4300    0    0],

    [   0    0    0 1161    0]
    [   0  120  800  240    1]
    [   0  216  729  216    0]
    [   1  240  800  120    0]
    [   0 1161    0    0    0],

    [0 0 0 0 1]
    [0 0 0 1 0]
    [0 0 1 0 0]
    [0 1 0 0 0]
    [1 0 0 0 0]
]

L* =
[
    [1 0 0 0 0]
    [0 1 0 0 0]
    [0 0 1 0 0]
    [0 0 0 1 0]
    [0 0 0 0 1],

    [      0     216       0       0       0]
    [      1       0     215       0       0]
    [      0  360/23       0 4608/23       0]
    [      0       0     192       0      24]
    [      0       0       0     216       0],

    [      0       0    2967       0       0]
    [      0     215       0    2752       0]
    [      1       0 13294/5       0  1536/5]
    [      0     192       0    2775       0]
    [      0       0 13248/5       0  1587/5],

    [       0        0        0     3096        0]
    [       0        0     2752        0      344]
    [       0  4608/23        0 66600/23        0]
    [       1        0     2775        0      320]
    [       0      216        0     2880        0],

    [     0      0      0      0    344]
    [     0      0      0    344      0]
    [     0      0 1536/5      0  184/5]
    [     0     24      0    320      0]
    [     1      0 1587/5      0  128/5]
]
