<v, Krein array>
<2576, [ 56, 55, 10976/207, 126/11, 1, 616/207, 490/11, 56 ]>

P =
[   1  792  990  792    1]
[   1  132    0 -132   -1]
[   1    8  -18    8    1]
[   1   -6    0    6   -1]
[   1  -36   70  -36    1]

Q =
[      1      56    1035    1232     252]
[      1    28/3  115/11   -28/3 -126/11]
[      1       0 -207/11       0  196/11]
[      1   -28/3  115/11    28/3 -126/11]
[      1     -56    1035   -1232     252]

L = 
[
    [1 0 0 0 0]
    [0 1 0 0 0]
    [0 0 1 0 0]
    [0 0 0 1 0]
    [0 0 0 0 1],

    [  0 792   0   0   0]
    [  1 301 315 175   0]
    [  0 252 288 252   0]
    [  0 175 315 301   1]
    [  0   0   0 792   0],

    [  0   0 990   0   0]
    [  0 315 360 315   0]
    [  1 288 412 288   1]
    [  0 315 360 315   0]
    [  0   0 990   0   0],

    [  0   0   0 792   0]
    [  0 175 315 301   1]
    [  0 252 288 252   0]
    [  1 301 315 175   0]
    [  0 792   0   0   0],

    [0 0 0 0 1]
    [0 0 0 1 0]
    [0 0 1 0 0]
    [0 1 0 0 0]
    [1 0 0 0 0]
]

L* =
[
    [1 0 0 0 0]
    [0 1 0 0 0]
    [0 0 1 0 0]
    [0 0 0 1 0]
    [0 0 0 0 1],

    [        0        56         0         0         0]
    [        1         0        55         0         0]
    [        0   616/207         0 10976/207         0]
    [        0         0    490/11         0    126/11]
    [        0         0         0        56         0],

    [         0          0       1035          0          0]
    [         0         55          0        980          0]
    [         1          0 100418/121          0  24696/121]
    [         0     490/11          0   10895/11          0]
    [         0          0 101430/121          0  23805/121],

    [         0          0          0       1232          0]
    [         0          0        980          0        252]
    [         0  10976/207          0 244048/207          0]
    [         1          0   10895/11          0    2646/11]
    [         0         56          0       1176          0],

    [        0         0         0         0       252]
    [        0         0         0       252         0]
    [        0         0 24696/121         0  5796/121]
    [        0    126/11         0   2646/11         0]
    [        1         0 23805/121         0  6566/121]
]
