<v, Krein array>
<9984, [ 32, 31, 10240/351, 928/31, 1, 992/351, 64/31, 32 ]>

P =
[   1 1395 7192 1395    1]
[   1  465    0 -465   -1]
[   1  115 -232  115    1]
[   1   -3    0    3   -1]
[   1   -9   16   -9    1]

Q =
[      1      32     351    4960    4640]
[      1    32/3  897/31   -32/3 -928/31]
[      1       0 -351/31       0  320/31]
[      1   -32/3  897/31    32/3 -928/31]
[      1     -32     351   -4960    4640]

L = 
[
    [1 0 0 0 0]
    [0 1 0 0 0]
    [0 0 1 0 0]
    [0 0 0 1 0]
    [0 0 0 0 1],

    [   0 1395    0    0    0]
    [   1  464  928    2    0]
    [   0  180 1035  180    0]
    [   0    2  928  464    1]
    [   0    0    0 1395    0],

    [   0    0 7192    0    0]
    [   0  928 5336  928    0]
    [   1 1035 5120 1035    1]
    [   0  928 5336  928    0]
    [   0    0 7192    0    0],

    [   0    0    0 1395    0]
    [   0    2  928  464    1]
    [   0  180 1035  180    0]
    [   1  464  928    2    0]
    [   0 1395    0    0    0],

    [0 0 0 0 1]
    [0 0 0 1 0]
    [0 0 1 0 0]
    [0 1 0 0 0]
    [1 0 0 0 0]
]

L* =
[
    [1 0 0 0 0]
    [0 1 0 0 0]
    [0 0 1 0 0]
    [0 0 0 1 0]
    [0 0 0 0 1],

    [        0        32         0         0         0]
    [        1         0        31         0         0]
    [        0   992/351         0 10240/351         0]
    [        0         0     64/31         0    928/31]
    [        0         0         0        32         0],

    [         0          0        351          0          0]
    [         0         31          0        320          0]
    [         1          0  39390/961          0 296960/961]
    [         0      64/31          0   10817/31          0]
    [         0          0  22464/961          0 314847/961],

    [          0           0           0        4960           0]
    [          0           0         320           0        4640]
    [          0   10240/351           0 1730720/351           0]
    [          1           0    10817/31           0   142912/31]
    [          0          32           0        4928           0],

    [          0           0           0           0        4640]
    [          0           0           0        4640           0]
    [          0           0  296960/961           0 4162080/961]
    [          0      928/31           0   142912/31           0]
    [          1           0  314847/961           0 4143232/961]
]
