<v, Krein array>
<3360, [ 70, 69, 200/3, 10, 1, 10/3, 60, 70 ]>

P =
[   1 1127 1104 1127    1]
[   1  161    0 -161   -1]
[   1    7  -16    7    1]
[   1   -7    0    7   -1]
[   1  -49   96  -49    1]

Q =
[    1    70  1449  1610   230]
[    1    10     9   -10   -10]
[    1     0   -21     0    20]
[    1   -10     9    10   -10]
[    1   -70  1449 -1610   230]

L = 
[
    [1 0 0 0 0]
    [0 1 0 0 0]
    [0 0 1 0 0]
    [0 0 0 1 0]
    [0 0 0 0 1],

    [   0 1127    0    0    0]
    [   1  448  384  294    0]
    [   0  392  343  392    0]
    [   0  294  384  448    1]
    [   0    0    0 1127    0],

    [   0    0 1104    0    0]
    [   0  384  336  384    0]
    [   1  343  416  343    1]
    [   0  384  336  384    0]
    [   0    0 1104    0    0],

    [   0    0    0 1127    0]
    [   0  294  384  448    1]
    [   0  392  343  392    0]
    [   1  448  384  294    0]
    [   0 1127    0    0    0],

    [0 0 0 0 1]
    [0 0 0 1 0]
    [0 0 1 0 0]
    [0 1 0 0 0]
    [1 0 0 0 0]
]

L* =
[
    [1 0 0 0 0]
    [0 1 0 0 0]
    [0 0 1 0 0]
    [0 0 0 1 0]
    [0 0 0 0 1],

    [    0    70     0     0     0]
    [    1     0    69     0     0]
    [    0  10/3     0 200/3     0]
    [    0     0    60     0    10]
    [    0     0     0    70     0],

    [   0    0 1449    0    0]
    [   0   69    0 1380    0]
    [   1    0 1248    0  200]
    [   0   60    0 1389    0]
    [   0    0 1260    0  189],

    [     0      0      0   1610      0]
    [     0      0   1380      0    230]
    [     0  200/3      0 4630/3      0]
    [     1      0   1389      0    220]
    [     0     70      0   1540      0],

    [  0   0   0   0 230]
    [  0   0   0 230   0]
    [  0   0 200   0  30]
    [  0  10   0 220   0]
    [  1   0 189   0  40]
]
