<v, Krein array>
<4758, [ 117, 116, 6760/61, 273/29, 1, 377/61, 3120/29, 117 ]>

P =
[   1 1566 1624 1566    1]
[   1  174    0 -174   -1]
[   1    6  -14    6    1]
[   1   -9    0    9   -1]
[   1  -81  160  -81    1]

Q =
[      1     117    2196    2262     182]
[      1      13  244/29     -13 -273/29]
[      1       0 -549/29       0  520/29]
[      1     -13  244/29      13 -273/29]
[      1    -117    2196   -2262     182]

L = 
[
    [1 0 0 0 0]
    [0 1 0 0 0]
    [0 0 1 0 0]
    [0 0 0 1 0]
    [0 0 0 0 1],

    [   0 1566    0    0    0]
    [   1  585  560  420    0]
    [   0  540  486  540    0]
    [   0  420  560  585    1]
    [   0    0    0 1566    0],

    [   0    0 1624    0    0]
    [   0  560  504  560    0]
    [   1  486  650  486    1]
    [   0  560  504  560    0]
    [   0    0 1624    0    0],

    [   0    0    0 1566    0]
    [   0  420  560  585    1]
    [   0  540  486  540    0]
    [   1  585  560  420    0]
    [   0 1566    0    0    0],

    [0 0 0 0 1]
    [0 0 0 1 0]
    [0 0 1 0 0]
    [0 1 0 0 0]
    [1 0 0 0 0]
]

L* =
[
    [1 0 0 0 0]
    [0 1 0 0 0]
    [0 0 1 0 0]
    [0 0 0 1 0]
    [0 0 0 0 1],

    [      0     117       0       0       0]
    [      1       0     116       0       0]
    [      0  377/61       0 6760/61       0]
    [      0       0 3120/29       0  273/29]
    [      0       0       0     117       0],

    [          0           0        2196           0           0]
    [          0         116           0        2080           0]
    [          1           0 1704035/841           0  141960/841]
    [          0     3120/29           0    60564/29           0]
    [          0           0 1712880/841           0  133956/841],

    [        0         0         0      2262         0]
    [        0         0      2080         0       182]
    [        0   6760/61         0 131222/61         0]
    [        1         0  60564/29         0   5005/29]
    [        0       117         0      2145         0],

    [         0          0          0          0        182]
    [         0          0          0        182          0]
    [         0          0 141960/841          0  11102/841]
    [         0     273/29          0    5005/29          0]
    [         1          0 133956/841          0  18265/841]
]
