<v, Krein array>
<8478, [ 27, 26, 3888/157, 327/13, 1, 351/157, 24/13, 27 ]>

P =
[   1 1404 5668 1404    1]
[   1  468    0 -468   -1]
[   1  108 -218  108    1]
[   1   -3    0    3   -1]
[   1   -9   16   -9    1]

Q =
[      1      27     314    4212    3924]
[      1       9  314/13      -9 -327/13]
[      1       0 -157/13       0  144/13]
[      1      -9  314/13       9 -327/13]
[      1     -27     314   -4212    3924]

L = 
[
    [1 0 0 0 0]
    [0 1 0 0 0]
    [0 0 1 0 0]
    [0 0 0 1 0]
    [0 0 0 0 1],

    [   0 1404    0    0    0]
    [   1  498  872   33    0]
    [   0  216  972  216    0]
    [   0   33  872  498    1]
    [   0    0    0 1404    0],

    [   0    0 5668    0    0]
    [   0  872 3924  872    0]
    [   1  972 3722  972    1]
    [   0  872 3924  872    0]
    [   0    0 5668    0    0],

    [   0    0    0 1404    0]
    [   0   33  872  498    1]
    [   0  216  972  216    0]
    [   1  498  872   33    0]
    [   0 1404    0    0    0],

    [0 0 0 0 1]
    [0 0 0 1 0]
    [0 0 1 0 0]
    [0 1 0 0 0]
    [1 0 0 0 0]
]

L* =
[
    [1 0 0 0 0]
    [0 1 0 0 0]
    [0 0 1 0 0]
    [0 0 0 1 0]
    [0 0 0 0 1],

    [       0       27        0        0        0]
    [       1        0       26        0        0]
    [       0  351/157        0 3888/157        0]
    [       0        0    24/13        0   327/13]
    [       0        0        0       27        0],

    [        0         0       314         0         0]
    [        0        26         0       288         0]
    [        1         0  5809/169         0 47088/169]
    [        0     24/13         0   4058/13         0]
    [        0         0  3768/169         0 49298/169],

    [         0          0          0       4212          0]
    [         0          0        288          0       3924]
    [         0   3888/157          0 657396/157          0]
    [         1          0    4058/13          0   50685/13]
    [         0         27          0       4185          0],

    [         0          0          0          0       3924]
    [         0          0          0       3924          0]
    [         0          0  47088/169          0 616068/169]
    [         0     327/13          0   50685/13          0]
    [         1          0  49298/169          0 613689/169]
]
