<v, Krein array>
<7500, [ 300, 299, 275, 14, 1, 25, 286, 300 ]>

P =
[   1 1656 4186 1656    1]
[   1  138    0 -138   -1]
[   1    6  -14    6    1]
[   1  -12    0   12   -1]
[   1 -144  286 -144    1]

Q =
[    1   300  3588  3450   161]
[    1    25    13   -25   -14]
[    1     0   -12     0    11]
[    1   -25    13    25   -14]
[    1  -300  3588 -3450   161]

L = 
[
    [1 0 0 0 0]
    [0 1 0 0 0]
    [0 0 1 0 0]
    [0 0 0 1 0]
    [0 0 0 0 1],

    [   0 1656    0    0    0]
    [   1  390 1001  264    0]
    [   0  396  864  396    0]
    [   0  264 1001  390    1]
    [   0    0    0 1656    0],

    [   0    0 4186    0    0]
    [   0 1001 2184 1001    0]
    [   1  864 2456  864    1]
    [   0 1001 2184 1001    0]
    [   0    0 4186    0    0],

    [   0    0    0 1656    0]
    [   0  264 1001  390    1]
    [   0  396  864  396    0]
    [   1  390 1001  264    0]
    [   0 1656    0    0    0],

    [0 0 0 0 1]
    [0 0 0 1 0]
    [0 0 1 0 0]
    [0 1 0 0 0]
    [1 0 0 0 0]
]

L* =
[
    [1 0 0 0 0]
    [0 1 0 0 0]
    [0 0 1 0 0]
    [0 0 0 1 0]
    [0 0 0 0 1],

    [  0 300   0   0   0]
    [  1   0 299   0   0]
    [  0  25   0 275   0]
    [  0   0 286   0  14]
    [  0   0   0 300   0],

    [   0    0 3588    0    0]
    [   0  299    0 3289    0]
    [   1    0 3433    0  154]
    [   0  286    0 3302    0]
    [   0    0 3432    0  156],

    [   0    0    0 3450    0]
    [   0    0 3289    0  161]
    [   0  275    0 3175    0]
    [   1    0 3302    0  147]
    [   0  300    0 3150    0],

    [  0   0   0   0 161]
    [  0   0   0 161   0]
    [  0   0 154   0   7]
    [  0  14   0 147   0]
    [  1   0 156   0   4]
]
