<v, Krein array>
<2312, [ 85, 84, 153/2, 25, 1, 17/2, 60, 85 ]>

P =
[   1  315 1680  315    1]
[   1   63    0  -63   -1]
[   1    9  -20    9    1]
[   1   -5    0    5   -1]
[   1  -25   48  -25    1]

Q =
[    1    85   840  1071   315]
[    1    17    24   -17   -25]
[    1     0   -10     0     9]
[    1   -17    24    17   -25]
[    1   -85   840 -1071   315]

L = 
[
    [1 0 0 0 0]
    [0 1 0 0 0]
    [0 0 1 0 0]
    [0 0 0 1 0]
    [0 0 0 0 1],

    [  0 315   0   0   0]
    [  1  66 240   8   0]
    [  0  45 225  45   0]
    [  0   8 240  66   1]
    [  0   0   0 315   0],

    [   0    0 1680    0    0]
    [   0  240 1200  240    0]
    [   1  225 1228  225    1]
    [   0  240 1200  240    0]
    [   0    0 1680    0    0],

    [  0   0   0 315   0]
    [  0   8 240  66   1]
    [  0  45 225  45   0]
    [  1  66 240   8   0]
    [  0 315   0   0   0],

    [0 0 0 0 1]
    [0 0 0 1 0]
    [0 0 1 0 0]
    [0 1 0 0 0]
    [1 0 0 0 0]
]

L* =
[
    [1 0 0 0 0]
    [0 1 0 0 0]
    [0 0 1 0 0]
    [0 0 0 1 0]
    [0 0 0 0 1],

    [    0    85     0     0     0]
    [    1     0    84     0     0]
    [    0  17/2     0 153/2     0]
    [    0     0    60     0    25]
    [    0     0     0    85     0],

    [  0   0 840   0   0]
    [  0  84   0 756   0]
    [  1   0 614   0 225]
    [  0  60   0 780   0]
    [  0   0 600   0 240],

    [     0      0      0   1071      0]
    [     0      0    756      0    315]
    [     0  153/2      0 1989/2      0]
    [     1      0    780      0    290]
    [     0     85      0    986      0],

    [  0   0   0   0 315]
    [  0   0   0 315   0]
    [  0   0 225   0  90]
    [  0  25   0 290   0]
    [  1   0 240   0  74]
]
