<v, Krein array>
<6996, [ 53, 52, 2809/55, 159/5, 1, 106/55, 106/5, 53 ]>

P =
[   1 1625 3744 1625    1]
[   1  325    0 -325   -1]
[   1   35  -72   35    1]
[   1   -5    0    5   -1]
[   1  -25   48  -25    1]

Q =
[     1     53   1430   3445   2067]
[     1   53/5  154/5  -53/5 -159/5]
[     1      0  -55/2      0   53/2]
[     1  -53/5  154/5   53/5 -159/5]
[     1    -53   1430  -3445   2067]

L = 
[
    [1 0 0 0 0]
    [0 1 0 0 0]
    [0 0 1 0 0]
    [0 0 0 1 0]
    [0 0 0 0 1],

    [   0 1625    0    0    0]
    [   1  540  864  220    0]
    [   0  375  875  375    0]
    [   0  220  864  540    1]
    [   0    0    0 1625    0],

    [   0    0 3744    0    0]
    [   0  864 2016  864    0]
    [   1  875 1992  875    1]
    [   0  864 2016  864    0]
    [   0    0 3744    0    0],

    [   0    0    0 1625    0]
    [   0  220  864  540    1]
    [   0  375  875  375    0]
    [   1  540  864  220    0]
    [   0 1625    0    0    0],

    [0 0 0 0 1]
    [0 0 0 1 0]
    [0 0 1 0 0]
    [0 1 0 0 0]
    [1 0 0 0 0]
]

L* =
[
    [1 0 0 0 0]
    [0 1 0 0 0]
    [0 0 1 0 0]
    [0 0 0 1 0]
    [0 0 0 0 1],

    [      0      53       0       0       0]
    [      1       0      52       0       0]
    [      0  106/55       0 2809/55       0]
    [      0       0   106/5       0   159/5]
    [      0       0       0      53       0],

    [      0       0    1430       0       0]
    [      0      52       0    1378       0]
    [      1       0 5863/10       0 8427/10]
    [      0   106/5       0  7044/5       0]
    [      0       0     583       0     847],

    [        0         0         0      3445         0]
    [        0         0      1378         0      2067]
    [        0   2809/55         0 186666/55         0]
    [        1         0    7044/5         0   10176/5]
    [        0        53         0      3392         0],

    [       0        0        0        0     2067]
    [       0        0        0     2067        0]
    [       0        0  8427/10        0 12243/10]
    [       0    159/5        0  10176/5        0]
    [       1        0      847        0     1219]
]
