<v, Krein array>
<1250, [ 25, 24, 200/9, 17, 1, 25/9, 8, 25 ]>

P =
[  1 216 816 216   1]
[  1  72   0 -72  -1]
[  1  16 -34  16   1]
[  1  -3   0   3  -1]
[  1  -9  16  -9   1]

Q =
[    1    25   216   600   408]
[    1  25/3    16 -25/3   -17]
[    1     0    -9     0     8]
[    1 -25/3    16  25/3   -17]
[    1   -25   216  -600   408]

L = 
[
    [1 0 0 0 0]
    [0 1 0 0 0]
    [0 0 1 0 0]
    [0 0 0 1 0]
    [0 0 0 0 1],

    [  0 216   0   0   0]
    [  1  74 136   5   0]
    [  0  36 144  36   0]
    [  0   5 136  74   1]
    [  0   0   0 216   0],

    [  0   0 816   0   0]
    [  0 136 544 136   0]
    [  1 144 526 144   1]
    [  0 136 544 136   0]
    [  0   0 816   0   0],

    [  0   0   0 216   0]
    [  0   5 136  74   1]
    [  0  36 144  36   0]
    [  1  74 136   5   0]
    [  0 216   0   0   0],

    [0 0 0 0 1]
    [0 0 0 1 0]
    [0 0 1 0 0]
    [0 1 0 0 0]
    [1 0 0 0 0]
]

L* =
[
    [1 0 0 0 0]
    [0 1 0 0 0]
    [0 0 1 0 0]
    [0 0 0 1 0]
    [0 0 0 0 1],

    [    0    25     0     0     0]
    [    1     0    24     0     0]
    [    0  25/9     0 200/9     0]
    [    0     0     8     0    17]
    [    0     0     0    25     0],

    [  0   0 216   0   0]
    [  0  24   0 192   0]
    [  1   0  79   0 136]
    [  0   8   0 208   0]
    [  0   0  72   0 144],

    [     0      0      0    600      0]
    [     0      0    192      0    408]
    [     0  200/9      0 5200/9      0]
    [     1      0    208      0    391]
    [     0     25      0    575      0],

    [  0   0   0   0 408]
    [  0   0   0 408   0]
    [  0   0 136   0 272]
    [  0  17   0 391   0]
    [  1   0 144   0 263]
]
