<v, Krein array>
<5700, [ 75, 74, 1350/19, 39, 1, 75/19, 36, 75 ]>

P =
[   1  925 3848  925    1]
[   1  185    0 -185   -1]
[   1   25  -52   25    1]
[   1   -5    0    5   -1]
[   1  -25   48  -25    1]

Q =
[    1    75  1406  2775  1443]
[    1    15    38   -15   -39]
[    1     0   -19     0    18]
[    1   -15    38    15   -39]
[    1   -75  1406 -2775  1443]

L = 
[
    [1 0 0 0 0]
    [0 1 0 0 0]
    [0 0 1 0 0]
    [0 0 0 1 0]
    [0 0 0 0 1],

    [  0 925   0   0   0]
    [  1 240 624  60   0]
    [  0 150 625 150   0]
    [  0  60 624 240   1]
    [  0   0   0 925   0],

    [   0    0 3848    0    0]
    [   0  624 2600  624    0]
    [   1  625 2596  625    1]
    [   0  624 2600  624    0]
    [   0    0 3848    0    0],

    [  0   0   0 925   0]
    [  0  60 624 240   1]
    [  0 150 625 150   0]
    [  1 240 624  60   0]
    [  0 925   0   0   0],

    [0 0 0 0 1]
    [0 0 0 1 0]
    [0 0 1 0 0]
    [0 1 0 0 0]
    [1 0 0 0 0]
]

L* =
[
    [1 0 0 0 0]
    [0 1 0 0 0]
    [0 0 1 0 0]
    [0 0 0 1 0]
    [0 0 0 0 1],

    [      0      75       0       0       0]
    [      1       0      74       0       0]
    [      0   75/19       0 1350/19       0]
    [      0       0      36       0      39]
    [      0       0       0      75       0],

    [   0    0 1406    0    0]
    [   0   74    0 1332    0]
    [   1    0  703    0  702]
    [   0   36    0 1370    0]
    [   0    0  684    0  722],

    [       0        0        0     2775        0]
    [       0        0     1332        0     1443]
    [       0  1350/19        0 51375/19        0]
    [       1        0     1370        0     1404]
    [       0       75        0     2700        0],

    [   0    0    0    0 1443]
    [   0    0    0 1443    0]
    [   0    0  702    0  741]
    [   0   39    0 1404    0]
    [   1    0  722    0  720]
]
