<v, Krein array>
<8632, [ 166, 165, 20667/130, 83/5, 1, 913/130, 747/5, 166 ]>

P =
[   1 2500 3630 2500    1]
[   1  250    0 -250   -1]
[   1   10  -22   10    1]
[   1  -10    0   10   -1]
[   1 -100  198 -100    1]

Q =
[      1     166    3900    4150     415]
[      1    83/5    78/5   -83/5   -83/5]
[      1       0 -260/11       0  249/11]
[      1   -83/5    78/5    83/5   -83/5]
[      1    -166    3900   -4150     415]

L = 
[
    [1 0 0 0 0]
    [0 1 0 0 0]
    [0 0 1 0 0]
    [0 0 0 1 0]
    [0 0 0 0 1],

    [   0 2500    0    0    0]
    [   1  825 1089  585    0]
    [   0  750 1000  750    0]
    [   0  585 1089  825    1]
    [   0    0    0 2500    0],

    [   0    0 3630    0    0]
    [   0 1089 1452 1089    0]
    [   1 1000 1628 1000    1]
    [   0 1089 1452 1089    0]
    [   0    0 3630    0    0],

    [   0    0    0 2500    0]
    [   0  585 1089  825    1]
    [   0  750 1000  750    0]
    [   1  825 1089  585    0]
    [   0 2500    0    0    0],

    [0 0 0 0 1]
    [0 0 0 1 0]
    [0 0 1 0 0]
    [0 1 0 0 0]
    [1 0 0 0 0]
]

L* =
[
    [1 0 0 0 0]
    [0 1 0 0 0]
    [0 0 1 0 0]
    [0 0 0 1 0]
    [0 0 0 0 1],

    [        0       166         0         0         0]
    [        1         0       165         0         0]
    [        0   913/130         0 20667/130         0]
    [        0         0     747/5         0      83/5]
    [        0         0         0       166         0],

    [        0         0      3900         0         0]
    [        0       165         0      3735         0]
    [        1         0 193778/55         0  20667/55]
    [        0     747/5         0   18753/5         0]
    [        0         0  38844/11         0   4056/11],

    [         0          0          0       4150          0]
    [         0          0       3735          0        415]
    [         0  20667/130          0 518833/130          0]
    [         1          0    18753/5          0     1992/5]
    [         0        166          0       3984          0],

    [       0        0        0        0      415]
    [       0        0        0      415        0]
    [       0        0 20667/55        0  2158/55]
    [       0     83/5        0   1992/5        0]
    [       1        0  4056/11        0   498/11]
]
