<v, Krein array>
<4732, [ 78, 77, 520/7, 51/2, 1, 26/7, 105/2, 78 ]>

P =
[   1 1056 2618 1056    1]
[   1  176    0 -176   -1]
[   1   16  -34   16    1]
[   1   -6    0    6   -1]
[   1  -36   70  -36    1]

Q =
[    1    78  1617  2288   748]
[    1    13  49/2   -13 -51/2]
[    1     0   -21     0    20]
[    1   -13  49/2    13 -51/2]
[    1   -78  1617 -2288   748]

L = 
[
    [1 0 0 0 0]
    [0 1 0 0 0]
    [0 0 1 0 0]
    [0 0 0 1 0]
    [0 0 0 0 1],

    [   0 1056    0    0    0]
    [   1  315  595  145    0]
    [   0  240  576  240    0]
    [   0  145  595  315    1]
    [   0    0    0 1056    0],

    [   0    0 2618    0    0]
    [   0  595 1428  595    0]
    [   1  576 1464  576    1]
    [   0  595 1428  595    0]
    [   0    0 2618    0    0],

    [   0    0    0 1056    0]
    [   0  145  595  315    1]
    [   0  240  576  240    0]
    [   1  315  595  145    0]
    [   0 1056    0    0    0],

    [0 0 0 0 1]
    [0 0 0 1 0]
    [0 0 1 0 0]
    [0 1 0 0 0]
    [1 0 0 0 0]
]

L* =
[
    [1 0 0 0 0]
    [0 1 0 0 0]
    [0 0 1 0 0]
    [0 0 0 1 0]
    [0 0 0 0 1],

    [    0    78     0     0     0]
    [    1     0    77     0     0]
    [    0  26/7     0 520/7     0]
    [    0     0 105/2     0  51/2]
    [    0     0     0    78     0],

    [     0      0   1617      0      0]
    [     0     77      0   1540      0]
    [     1      0   1106      0    510]
    [     0  105/2      0 3129/2      0]
    [     0      0 2205/2      0 1029/2],

    [      0       0       0    2288       0]
    [      0       0    1540       0     748]
    [      0   520/7       0 15496/7       0]
    [      1       0  3129/2       0  1445/2]
    [      0      78       0    2210       0],

    [     0      0      0      0    748]
    [     0      0      0    748      0]
    [     0      0    510      0    238]
    [     0   51/2      0 1445/2      0]
    [     1      0 1029/2      0  465/2]
]
