0 1 2 3 4
0 5 6 7 8
0 9 10 11 12
1 13 14 15 16
1 23 24 25 26
4 22 40 41 44
2 20 36 42 43
3 21 37 38 39
3 19 32 33 35
4 17 27 30 31
2 18 28 29 34
5 45 46 47 48
5 52 53 54 55
8 69 71 72 76
6 65 70 73 74
7 66 67 68 75
7 51 60 61 64
6 49 56 59 62
8 50 57 58 63
9 77 78 79 80
9 84 85 86 87
12 101 103 104 108
10 97 102 105 106
11 98 99 100 107
11 83 92 93 96
10 81 88 91 94
12 82 89 90 95
13 109 110 111 112
13 119 120 121 122
14 168 170 182 190
14 167 169 177 189
15 171 175 176 179
16 172 178 185 186
15 173 184 187 188
16 174 180 181 183
41 331 338 345 364
44 324 332 334 356
42 326 329 342 357
43 321 333 336 358
35 320 330 339 359
34 322 323 337 360
32 325 340 343 361
31 328 335 346 362
33 327 341 344 363
30 294 302 313 355
40 293 303 312 347
38 298 300 311 348
39 299 301 314 349
37 297 307 308 350
36 309 316 318 351
28 305 306 315 352
27 295 304 319 353
29 296 310 317 354
43 166 272 277 285
44 158 279 287 288
42 159 270 276 286
40 160 274 278 284
38 161 268 275 292
39 162 266 273 289
24 163 271 280 282
25 164 269 281 283
26 165 267 290 291
30 157 254 257 263
23 154 258 261 262
34 155 255 256 264
35 156 259 260 265
31 153 229 248 251
32 145 239 241 249
33 146 236 246 250
27 147 230 233 240
29 148 234 245 253
28 149 235 243 252
24 150 227 231 244
25 151 228 232 242
26 152 237 238 247
41 144 217 223 225
23 141 215 216 226
36 142 221 222 224
37 143 218 219 220
21 203 205 208 214
20 206 211 212 213
22 204 207 209 210
18 191 193 194 201
17 192 196 199 202
19 195 197 198 200
21 118 132 136 138
22 116 137 139 140
20 117 133 134 135
18 115 123 126 129
19 113 124 125 127
17 114 128 130 131
45 365 366 367 368
45 372 373 374 375
75 611 612 614 620
76 613 615 617 618
74 609 610 616 619
46 418 425 426 437
46 419 422 427 432
47 420 424 434 435
48 421 423 428 429
48 416 417 436 438
47 430 431 433 439
76 587 588 592 595
75 584 586 590 594
74 585 589 591 593
55 575 576 581 608
62 573 574 577 605
63 572 582 583 606
64 578 579 580 607
54 552 557 566 604
52 549 553 569 596
53 550 558 567 597
59 562 565 568 598
60 559 560 571 599
61 551 556 564 600
57 545 555 563 601
56 546 548 561 602
58 547 554 570 603
73 415 522 528 531
70 407 521 535 540
71 408 523 530 542
72 409 519 536 541
64 410 518 524 532
63 411 520 525 537
60 412 526 533 544
59 413 529 538 539
61 414 527 534 543
55 406 507 508 515
73 403 506 513 517
68 404 509 511 512
69 405 510 514 516
53 402 483 499 502
52 394 482 496 505
54 395 480 498 503
71 396 479 486 497
72 397 484 489 490
70 398 485 488 493
66 399 491 495 501
65 400 492 494 500
67 401 481 487 504
62 393 454 458 465
68 385 453 459 474
69 386 466 470 475
65 387 460 463 473
66 388 461 464 472
67 389 457 462 468
58 390 452 469 477
56 391 455 467 478
57 392 456 471 476
50 440 445 447 449
51 441 443 446 451
49 442 444 448 450
50 371 378 379 382
51 369 376 381 384
49 370 377 380 383
77 621 622 623 624
77 628 629 630 631
107 867 869 873 876
108 865 866 871 874
106 868 870 872 875
78 674 681 687 693
78 675 678 682 688
79 676 680 684 685
80 677 679 689 690
79 683 691 692 695
80 672 673 686 694
108 843 846 847 851
107 840 842 844 850
106 841 845 848 849
87 832 833 837 864
94 829 830 831 861
95 828 838 839 862
96 834 835 836 863
86 808 816 822 860
84 805 809 825 852
85 806 817 823 853
92 812 818 827 854
91 813 821 824 855
93 807 815 820 856
88 801 802 814 857
89 803 810 819 858
90 804 811 826 859
105 671 778 782 793
102 663 777 786 796
103 664 779 794 798
104 665 775 787 797
96 666 774 780 785
95 667 776 781 788
91 668 789 791 795
92 669 783 790 800
93 670 784 792 799
87 662 763 764 768
105 659 762 772 773
100 660 765 770 771
101 661 766 767 769
94 658 736 741 748
100 650 737 742 757
101 651 751 755 758
97 652 743 746 750
98 653 744 747 749
99 654 740 745 753
90 655 735 754 760
88 656 738 752 761
89 657 739 756 759
85 649 712 724 730
84 641 711 720 734
86 642 709 723 732
103 643 708 715 721
104 644 713 718 725
102 645 714 717 728
97 646 719 727 731
98 647 722 726 729
99 648 710 716 733
82 696 700 704 705
83 697 699 702 707
81 698 701 703 706
82 627 634 636 640
83 625 633 637 638
81 626 632 635 639
109 877 878 879 880
109 887 888 889 890
110 936 943 955 956
110 937 942 948 952
111 938 940 944 951
112 939 945 957 958
111 935 941 947 950
112 946 949 953 954
357 2883 2894 2906 2924
358 2893 2897 2901 2916
359 2882 2889 2895 2917
360 2891 2900 2902 2918
361 2881 2888 2898 2919
362 2887 2892 2903 2920
363 2896 2899 2904 2921
364 2884 2886 2905 2922
356 2880 2885 2890 2923
348 2855 2870 2877 2915
349 2857 2864 2872 2907
350 2853 2854 2865 2908
351 2862 2869 2876 2909
352 2866 2868 2875 2910
353 2860 2861 2878 2911
354 2856 2858 2874 2912
355 2859 2871 2879 2913
347 2863 2867 2873 2914
120 1320 1326 1333 1350
119 1321 1325 1334 1345
119 1322 1324 1331 1339
120 1319 1323 1327 1342
121 1330 1336 1348 1349
122 1332 1335 1343 1344
122 1337 1338 1341 1346
121 1328 1329 1340 1347
361 2715 2733 2745 2747
363 2720 2723 2735 2742
358 2721 2731 2732 2749
360 2722 2724 2726 2736
364 2730 2734 2738 2748
357 2718 2728 2739 2743
356 2719 2727 2740 2741
362 2716 2725 2744 2746
359 2717 2729 2737 2750
351 2681 2695 2700 2701
355 2682 2685 2698 2713
354 2686 2688 2693 2707
348 2687 2689 2691 2708
349 2697 2702 2703 2711
352 2683 2704 2706 2712
353 2684 2694 2696 2710
350 2679 2690 2705 2714
347 2680 2692 2699 2709
202 2645 2655 2671 2852
213 2646 2659 2667 2841
214 2647 2661 2674 2842
226 2666 2670 2677 2843
251 2652 2657 2665 2844
252 2648 2651 2660 2845
253 2654 2669 2672 2846
288 2643 2649 2663 2847
291 2644 2650 2664 2848
292 2662 2668 2676 2849
290 2656 2658 2678 2850
289 2653 2673 2675 2851
225 2608 2624 2631 2840
248 2627 2634 2638 2829
249 2611 2619 2628 2830
250 2615 2618 2625 2831
264 2609 2635 2639 2832
265 2613 2632 2636 2833
285 2626 2629 2637 2834
286 2620 2640 2642 2835
287 2614 2630 2641 2836
201 2607 2612 2633 2837
199 2610 2616 2622 2838
200 2617 2621 2623 2839
198 2528 2535 2544 2828
210 2531 2536 2564 2802
211 2553 2574 2577 2803
212 2572 2582 2598 2804
222 2534 2559 2605 2805
223 2538 2568 2603 2806
224 2556 2560 2565 2807
245 2526 2548 2583 2808
279 2540 2547 2576 2809
282 2557 2570 2602 2810
283 2539 2551 2561 2811
284 2555 2601 2604 2812
280 2562 2588 2596 2813
281 2529 2542 2592 2814
263 2546 2585 2599 2815
261 2558 2569 2578 2816
262 2532 2549 2589 2817
259 2533 2550 2590 2818
260 2527 2580 2606 2819
246 2554 2584 2600 2820
247 2573 2586 2597 2821
243 2541 2566 2595 2822
244 2552 2575 2579 2823
241 2545 2567 2593 2824
242 2537 2543 2571 2825
196 2563 2581 2591 2826
197 2530 2587 2594 2827
194 2495 2505 2523 2801
195 2497 2504 2519 2790
209 2502 2512 2515 2791
238 2501 2513 2517 2792
239 2498 2510 2520 2793
240 2493 2499 2514 2794
258 2508 2518 2524 2795
276 2503 2509 2522 2796
277 2496 2516 2521 2797
278 2491 2500 2506 2798
237 2490 2494 2525 2799
236 2492 2507 2511 2800
220 2458 2471 2481 2789
221 2455 2466 2474 2778
233 2456 2477 2480 2779
234 2457 2460 2478 2780
235 2465 2473 2489 2781
257 2462 2464 2488 2782
273 2461 2470 2487 2783
274 2463 2467 2482 2784
275 2454 2468 2483 2785
207 2459 2475 2484 2786
208 2476 2479 2485 2787
206 2469 2472 2486 2788
191 2379 2394 2395 2777
192 2402 2436 2451 2751
193 2386 2417 2418 2752
203 2390 2412 2429 2753
227 2399 2423 2432 2754
228 2382 2396 2438 2755
229 2385 2442 2446 2756
230 2389 2422 2441 2757
254 2408 2415 2447 2758
255 2373 2397 2439 2759
256 2388 2440 2452 2760
272 2400 2430 2448 2761
271 2383 2387 2426 2762
270 2374 2413 2425 2763
269 2433 2437 2443 2764
268 2375 2405 2414 2765
266 2377 2401 2428 2766
267 2378 2392 2434 2767
232 2406 2409 2444 2768
231 2380 2393 2403 2769
218 2384 2431 2453 2770
219 2398 2420 2449 2771
217 2376 2419 2435 2772
215 2416 2424 2427 2773
216 2381 2421 2450 2774
204 2391 2404 2411 2775
205 2407 2410 2445 2776
189 1318 2303 2307 2311
190 1292 2309 2341 2343
225 1293 2295 2320 2370
272 1294 2346 2355 2361
284 1295 2293 2318 2366
287 1296 2296 2304 2367
292 1297 2302 2328 2356
318 1298 2292 2338 2347
319 1299 2312 2348 2368
342 1300 2323 2335 2360
343 1301 2317 2329 2362
346 1302 2300 2344 2363
344 1303 2297 2339 2357
345 1304 2325 2350 2359
317 1305 2308 2351 2365
316 1306 2314 2334 2352
314 1307 2298 2332 2353
315 1308 2315 2337 2371
218 1309 2301 2319 2349
219 1310 2316 2324 2369
201 1311 2340 2354 2364
200 1312 2306 2313 2358
199 1313 2305 2310 2372
187 1314 2294 2321 2326
185 1315 2299 2330 2331
186 1316 2327 2333 2336
188 1317 2322 2342 2345
183 1289 2258 2270 2274
184 1280 2259 2278 2280
190 1281 2256 2277 2281
235 1282 2268 2273 2279
240 1283 2263 2272 2285
253 1284 2257 2276 2289
256 1285 2264 2275 2286
265 1286 2266 2271 2284
313 1287 2269 2282 2283
346 1288 2262 2265 2267
341 1291 2261 2288 2291
340 1290 2260 2287 2290
178 1279 2184 2192 2203
182 1253 2178 2230 2233
193 1254 2199 2202 2241
195 1255 2211 2237 2252
202 1256 2219 2226 2243
221 1257 2190 2204 2215
224 1258 2193 2197 2212
226 1259 2186 2195 2250
275 1260 2208 2220 2245
278 1261 2182 2200 2228
283 1262 2217 2221 2234
291 1263 2188 2196 2249
311 1264 2198 2213 2222
312 1265 2180 2227 2246
334 1266 2179 2225 2251
335 1267 2175 2242 2253
338 1268 2176 2238 2254
339 1269 2189 2209 2244
340 1270 2181 2218 2247
341 1271 2191 2216 2248
336 1272 2194 2210 2240
337 1273 2207 2214 2255
271 1274 2185 2205 2235
270 1275 2201 2206 2239
179 1276 2187 2223 2236
180 1277 2183 2224 2231
181 1278 2177 2229 2232
177 1252 2100 2126 2135
182 1226 2118 2151 2157
212 1227 2132 2136 2140
252 1228 2103 2119 2173
308 1229 2096 2153 2174
319 1230 2107 2142 2168
329 1231 2130 2139 2156
330 1232 2115 2146 2163
331 1233 2104 2113 2131
339 1234 2101 2121 2137
344 1235 2108 2160 2166
345 1236 2097 2141 2143
332 1237 2094 2149 2165
333 1238 2098 2152 2167
310 1239 2122 2144 2158
309 1240 2111 2159 2170
263 1241 2112 2123 2172
262 1242 2109 2133 2147
261 1243 2105 2125 2148
247 1244 2102 2106 2145
246 1245 2138 2150 2164
232 1246 2099 2117 2162
231 1247 2124 2129 2169
204 1248 2120 2128 2171
205 1249 2116 2127 2154
175 1250 2095 2155 2161
176 1251 2110 2114 2134
173 1225 2064 2076 2078
174 1214 2067 2079 2083
189 1215 2058 2063 2070
230 1216 2062 2065 2093
234 1217 2068 2069 2085
250 1218 2074 2080 2090
306 1219 2071 2081 2082
307 1220 2059 2087 2088
318 1221 2061 2072 2084
328 1222 2077 2086 2091
338 1223 2075 2089 2092
343 1224 2060 2066 2073
171 1213 1994 2004 2005
172 1190 1991 1997 2000
177 1191 2013 2014 2019
192 1192 2020 2036 2045
194 1193 2030 2034 2047
198 1194 2021 2043 2055
223 1195 2038 2048 2049
274 1196 2022 2023 2026
282 1197 2027 2035 2052
304 1198 1998 2040 2041
305 1199 1992 2039 2050
307 1200 1987 2031 2032
325 1201 1996 2037 2046
328 1202 2007 2024 2029
332 1203 2011 2012 2015
333 1204 2016 2025 2054
327 1205 1988 2001 2008
326 1206 1993 2033 2044
309 1207 2009 2028 2056
310 1208 2002 2003 2017
289 1209 1989 1999 2042
290 1210 1990 1995 2051
269 1211 1986 2006 2057
268 1212 2010 2018 2053
169 1189 1954 1977 1979
170 1163 1918 1923 1952
229 1164 1911 1967 1970
233 1165 1912 1949 1955
239 1166 1925 1972 1985
245 1167 1908 1926 1940
257 1168 1945 1950 1957
300 1169 1905 1941 1968
303 1170 1924 1944 1965
305 1171 1930 1942 1969
323 1172 1909 1922 1963
324 1173 1928 1935 1961
336 1174 1907 1932 1984
337 1175 1915 1936 1973
326 1176 1914 1946 1982
327 1177 1916 1920 1971
302 1178 1910 1939 1980
301 1179 1927 1937 1964
259 1180 1933 1975 1983
260 1181 1929 1966 1974
206 1182 1906 1917 1931
208 1183 1947 1962 1978
207 1184 1948 1953 1956
186 1185 1913 1934 1951
187 1186 1958 1976 1981
185 1187 1921 1943 1960
188 1188 1919 1938 1959
170 1160 1869 1879 1886
174 1151 1890 1900 1902
184 1152 1871 1873 1887
220 1153 1880 1884 1901
222 1154 1874 1893 1896
277 1155 1870 1891 1899
286 1156 1872 1895 1903
288 1157 1875 1894 1898
303 1158 1885 1892 1904
331 1159 1878 1881 1897
299 1162 1876 1883 1888
298 1161 1877 1882 1889
168 1150 1796 1819 1844
191 1124 1801 1851 1859
276 1125 1820 1834 1856
297 1126 1860 1862 1865
306 1127 1798 1802 1832
308 1128 1812 1816 1826
313 1129 1833 1835 1867
324 1130 1809 1821 1853
330 1131 1804 1824 1852
167 1132 1837 1845 1847
322 1133 1800 1817 1854
321 1134 1793 1818 1828
302 1135 1789 1811 1863
301 1136 1807 1822 1866
295 1137 1797 1803 1825
296 1138 1795 1808 1864
280 1139 1790 1831 1868
281 1140 1799 1830 1850
266 1141 1788 1791 1792
267 1142 1794 1838 1839
217 1143 1813 1829 1855
216 1144 1814 1842 1848
215 1145 1815 1840 1846
196 1146 1810 1857 1861
197 1147 1805 1827 1858
176 1148 1841 1843 1849
175 1149 1806 1823 1836
168 1123 1732 1746 1768
172 1097 1770 1772 1777
209 1098 1707 1719 1748
211 1099 1728 1760 1778
214 1100 1711 1717 1729
228 1101 1710 1730 1743
238 1102 1739 1775 1787
249 1103 1714 1715 1718
251 1104 1727 1761 1780
255 1105 1733 1764 1781
258 1106 1751 1776 1786
264 1107 1741 1759 1783
294 1108 1712 1753 1765
297 1109 1725 1749 1755
304 1110 1716 1752 1782
312 1111 1724 1740 1766
325 1112 1734 1747 1757
335 1113 1720 1737 1784
317 1114 1722 1726 1756
316 1115 1735 1754 1785
299 1116 1721 1750 1773
298 1117 1738 1742 1769
244 1118 1744 1758 1763
243 1119 1713 1762 1779
180 1120 1723 1736 1767
179 1121 1708 1745 1774
181 1122 1709 1731 1771
169 1096 1680 1682 1700
173 1085 1681 1684 1701
183 1086 1687 1689 1702
273 1087 1677 1683 1690
279 1088 1675 1691 1696
285 1089 1676 1688 1693
293 1090 1674 1678 1685
294 1091 1671 1679 1694
300 1092 1692 1703 1704
320 1093 1672 1673 1686
323 1094 1695 1698 1706
329 1095 1697 1699 1705
171 1084 1663 1665 1666
178 1061 1662 1664 1667
203 1062 1602 1607 1634
210 1063 1599 1612 1621
213 1064 1601 1616 1626
227 1065 1600 1603 1611
248 1066 1608 1618 1629
254 1067 1605 1625 1627
293 1068 1619 1630 1649
311 1069 1613 1622 1647
320 1070 1609 1631 1653
334 1071 1610 1632 1654
342 1072 1606 1615 1638
167 1073 1668 1669 1670
322 1074 1620 1635 1639
321 1075 1656 1659 1660
315 1076 1604 1617 1646
314 1077 1648 1658 1661
296 1078 1624 1628 1642
295 1079 1643 1644 1650
241 1080 1614 1640 1657
242 1081 1636 1641 1645
237 1082 1623 1651 1652
236 1083 1633 1637 1655
159 1563 1588 1592 1593
163 1564 1567 1575 1591
162 1565 1571 1574 1596
160 1566 1576 1581 1597
166 1570 1578 1580 1594
161 1573 1579 1582 1589
158 1583 1584 1585 1595
164 1568 1572 1577 1598
165 1569 1586 1587 1590
154 1547 1556 1558 1561
156 1548 1553 1560 1562
157 1549 1550 1551 1557
155 1552 1554 1555 1559
147 1511 1521 1523 1546
149 1512 1516 1519 1526
150 1513 1529 1533 1537
151 1520 1530 1534 1545
145 1524 1528 1535 1542
148 1522 1532 1538 1539
152 1517 1518 1525 1531
146 1514 1527 1540 1544
153 1515 1536 1541 1543
142 1495 1499 1504 1510
141 1496 1498 1502 1509
143 1497 1500 1501 1506
144 1503 1505 1507 1508
140 1423 1442 1474 1494
132 1424 1446 1457 1475
133 1425 1427 1428 1443
134 1426 1437 1458 1482
135 1431 1450 1472 1493
136 1435 1441 1476 1478
137 1436 1454 1483 1485
133 1438 1445 1464 1471
138 1439 1448 1461 1477
139 1462 1465 1468 1491
138 1469 1486 1488 1492
140 1452 1455 1459 1484
132 1451 1456 1473 1489
139 1444 1449 1460 1470
135 1432 1440 1463 1490
136 1433 1453 1466 1467
134 1429 1434 1479 1487
137 1430 1447 1480 1481
131 1355 1365 1402 1412
123 1356 1373 1390 1419
124 1358 1374 1396 1416
125 1359 1381 1400 1413
126 1361 1362 1391 1421
127 1363 1378 1394 1409
128 1364 1372 1398 1407
124 1366 1371 1411 1422
129 1367 1379 1393 1399
130 1368 1385 1404 1417
126 1376 1383 1401 1406
129 1408 1414 1415 1418
131 1382 1384 1389 1397
130 1375 1380 1410 1420
128 1353 1357 1360 1369
127 1354 1370 1377 1388
125 1351 1387 1395 1403
123 1352 1386 1392 1405
159 934 1041 1044 1048
160 926 1042 1052 1060
161 927 1034 1040 1054
162 928 1046 1051 1055
163 929 1049 1056 1057
164 930 1037 1043 1053
165 931 1039 1047 1058
166 932 1036 1045 1059
158 933 1035 1038 1050
155 925 1023 1025 1030
156 922 1022 1024 1028
157 923 1027 1031 1032
154 924 1026 1029 1033
146 921 1003 1011 1021
147 913 1010 1012 1018
148 914 1001 1004 1020
149 915 1006 1008 1016
150 916 996 1000 1014
151 917 997 998 1009
152 918 995 1002 1015
153 919 1005 1017 1019
145 920 999 1007 1013
142 912 987 989 994
143 909 985 988 990
144 910 983 991 992
141 911 984 986 993
116 972 976 977 979
118 973 975 980 982
117 971 974 978 981
113 960 964 967 968
115 961 962 965 970
114 959 963 966 969
117 886 902 903 906
118 884 900 904 908
116 885 901 905 907
114 883 891 892 899
115 881 893 894 897
113 882 895 896 898
365 877 881 882 883
365 909 910 911 912
619 880 2918 2919 2920
620 878 2916 2917 2923
618 879 2921 2922 2924
368 1062 1067 1073 1075
366 1063 1065 1070 1078
367 1064 1071 1077 1082
367 1061 1066 1074 1080
368 1068 1076 1081 1083
366 1069 1072 1079 1084
618 2842 2844 2846 2848
619 2841 2843 2847 2851
620 2845 2849 2850 2852
606 890 2831 2834 2836
607 887 2833 2835 2840
608 888 2829 2832 2839
605 889 2830 2837 2838
597 2807 2809 2817 2907
598 2804 2806 2816 2908
599 2803 2811 2824 2913
600 2815 2825 2827 2909
601 2808 2821 2826 2915
602 2802 2810 2819 2910
603 2805 2814 2828 2911
604 2812 2813 2820 2912
596 2818 2822 2823 2914
372 1423 1512 1790 1988
372 1424 1511 1870 2294
373 1425 1547 1788 2176
374 1789 1869 2374 2375
374 1986 2293 2526 2527
375 1987 2292 2643 2644
373 1319 2373 2645 2715
375 2175 2177 2528 2607
615 1418 1596 1597 1669
609 1489 1665 1867 1984
610 1510 1787 1865 2254
611 1544 1667 1982 2370
612 1546 1598 2056 2290
613 1662 1983 2054 2367
614 1670 1706 2171 2369
615 1868 1985 2170 2368
609 2169 2291 2366 2371
616 1668 1705 2053 2093
616 1494 1545 1562 1864
614 1493 1863 2052 2252
617 1491 1663 2174 2255
611 1492 1786 2253 2289
617 1422 1490 2057 2172
610 1421 1664 2055 2372
613 1420 1561 1704 2173
612 1419 1666 1866 1904
606 1417 1488 2050 2249
608 1487 1509 1862 2251
605 1661 1785 2092 2250
607 1703 1784 2051 2365
597 1416 1698 1861 1900
603 1485 1658 1783 1977
596 1486 1700 1782 1903
599 1860 1979 2246 2364
604 1699 1978 1980 1981
601 1659 1702 2049 2248
602 1660 1976 2168 2245
600 1414 1484 1701 1901
598 1415 1543 1902 2247
437 958 1407 1408 1409
438 935 1405 1411 1412
439 936 1406 1410 1413
449 937 1540 1898 2361
450 938 1542 1857 2047
451 939 1560 1855 2239
474 940 1653 1853 2240
477 941 1696 1899 2164
478 942 1657 1859 2243
500 943 1854 2046 2242
505 944 1541 1559 1858
517 945 1695 2362 2363
539 946 1972 2045 2241
544 947 1856 1974 2048
543 948 1508 1593 1975
542 949 1697 1897 1971
540 950 1973 2091 2287
541 951 2288 2359 2360
503 952 1780 1781 2043
504 953 1656 2165 2244
502 954 1970 2237 2286
501 955 1654 1852 2167
475 956 2044 2166 2238
476 957 1594 1595 1655
432 1769 2041 2236 2906
433 1773 1775 1778 2880
446 1479 1537 2040 2881
447 1772 1895 2089 2882
448 1477 1557 2230 2883
472 2232 2284 2355 2884
473 1506 1558 2352 2885
494 1651 1896 2087 2886
495 1476 1538 1556 2887
498 1404 1770 2354 2888
499 1481 2039 2234 2889
514 1592 2090 2229 2890
515 1403 1771 2226 2891
516 1652 1969 2356 2892
531 1478 1765 2223 2893
532 1894 2163 2231 2894
535 1539 1591 2227 2895
538 1766 1850 2351 2896
537 1507 2224 2357 2897
536 1694 1893 2162 2898
534 1693 1777 2225 2899
533 1768 2228 2353 2900
496 1968 2233 2285 2901
497 1480 1774 2088 2902
434 1767 1851 2358 2903
436 1483 1779 2235 2904
435 1482 1776 2042 2905
426 1588 1589 2157 2879
427 1691 1839 2159 2853
466 1474 1841 1963 2854
467 1845 1891 2283 2855
490 1473 1848 2036 2856
491 1399 1649 1849 2857
492 1468 1645 1966 2858
493 1469 2152 2161 2859
513 2151 2154 2346 2860
526 1471 1763 2037 2861
529 1840 1964 2350 2862
530 1764 1844 2349 2863
528 1472 1586 2038 2864
527 1847 1965 2034 2865
511 1647 1846 1967 2866
512 1401 1648 1836 2867
471 1402 1475 1838 2868
470 1535 1650 2035 2869
468 1536 1646 1842 2870
469 1400 1533 2347 2871
445 1470 1555 1837 2872
444 2158 2160 2221 2873
443 1590 2086 2222 2874
430 1534 1892 2150 2875
428 1585 1587 2153 2876
431 1843 2156 2348 2877
429 1692 2033 2155 2878
423 1687 2030 2344 2790
424 1835 2220 2341 2796
425 1467 1688 1887 2794
463 1644 1962 2343 2797
464 1465 1690 1886 2801
465 1505 1760 2032 2795
487 1759 2031 2342 2798
488 1398 1554 1689 2793
489 1834 1890 2149 2800
523 1888 2340 2345 2791
524 1466 1761 1762 2799
525 1532 1889 2219 2792
420 1462 2027 2216 2781
421 1529 2144 2146 2786
422 1463 2143 2147 2783
460 1686 1831 1885 2780
484 1395 1464 2217 2782
485 1758 1832 2339 2784
486 2029 2145 2337 2785
509 1757 1830 2338 2779
510 1641 1833 2218 2778
522 1961 2028 2148 2789
462 1397 1531 1642 2787
461 1396 1530 1643 2788
418 1528 2214 2336 2756
419 1950 1954 2025 2776
440 2142 2211 2215 2764
452 1960 2141 2209 2763
453 1755 2022 2280 2759
454 1681 1825 2210 2765
459 1526 2020 2208 2767
479 1391 1682 2023 2766
518 1392 1460 1958 2771
521 1584 1683 2140 2774
416 1461 1955 1959 2761
417 1829 1884 2212 2773
520 1393 1826 1952 2775
519 1953 2278 2332 2777
506 1390 1827 2333 2751
507 1828 2213 2281 2757
508 1684 2282 2335 2753
482 1389 2329 2331 2752
483 1527 1756 2026 2762
480 1553 1685 2279 2754
481 1638 1951 2138 2772
457 1639 1680 1956 2770
458 1457 2139 2277 2758
455 1459 1637 2085 2769
456 1458 1640 1949 2768
442 1394 2024 2330 2760
441 1957 2021 2334 2755
419 1305 1744 1748 2750
439 1293 2453 2605 2677
459 1315 1633 2130 2603
465 1312 1350 1385 1635
473 1311 1348 1387 1629
478 1298 1502 1750 2748
538 1317 1582 1752 2749
544 1308 1947 2133 2451
566 1307 1504 2524 2641
567 1303 1743 1948 2276
568 1318 1742 2448 2713
571 1300 1583 2083 2137
581 1306 1503 2525 2675
582 1310 2134 2523 2604
583 1301 2132 2447 2602
593 1309 1632 1751 2084
594 1299 1388 1636 2136
595 1292 1630 2449 2452
569 1294 1745 2488 2676
570 1302 1634 2450 2489
471 1316 1631 2131 2522
470 1295 1386 2135 2487
462 1304 1580 2274 2606
461 1314 1581 2275 2714
434 1296 1749 1754 2678
436 1297 1746 1753 2642
435 1313 1349 1741 1747
486 1289 1821 2206 2600
489 1288 1525 2018 2712
493 1286 1454 2017 2444
513 1284 1824 2205 2709
564 1281 2207 2601 2711
565 1283 1823 2445 2640
571 1282 1456 2446 2597
580 1287 1524 2443 2598
583 1285 1455 1822 2019
445 1290 2486 2596 2599
443 1291 2015 2327 2521
444 1280 2016 2328 2710
422 1254 2077 2079 2594
425 1261 2592 2636 2672
460 1275 1625 2078 2708
464 1257 1627 2129 2520
477 1260 1624 2125 2442
521 1255 1379 1943 2591
525 1266 1347 1946 2271
560 1276 1733 2484 2673
561 1277 1383 2638 2745
562 1273 1346 1384 2519
563 1274 1626 1734 1945
577 1279 1381 2439 2744
591 1278 1380 2593 2639
592 1267 1579 1739 2082
590 1268 1736 2590 2637
578 1258 1378 2441 2588
579 1256 1942 2518 2674
543 1263 1738 2122 2746
542 1264 1382 2273 2589
536 1253 1501 1740 2635
537 1259 1737 2127 2595
458 1271 1628 1944 2437
457 1262 1735 2272 2747
428 1270 1345 2436 2440
431 1269 2124 2128 2707
430 1272 2123 2126 2485
429 1265 2080 2081 2438
451 1243 2429 2581 2706
488 1242 2011 2324 2701
492 1252 1521 2323 2483
499 1249 1679 2322 2743
505 1244 1677 2009 2435
510 1248 2202 2321 2702
516 1232 1342 1676 2320
517 1236 1816 2204 2586
563 1250 2200 2431 2633
588 1239 1453 2670 2671
589 1241 1820 2198 2326
595 1247 1523 2582 2587
578 1229 1678 2013 2199
579 1235 2203 2430 2741
574 1245 1449 2432 2583
575 1251 2010 2516 2585
576 1230 1451 2014 2201
569 1246 1522 2515 2742
570 1231 1343 2012 2580
558 1227 2325 2434 2481
559 1233 1344 1818 2584
556 1228 1448 2517 2634
557 1234 1452 2433 2704
483 1238 1819 1882 2480
482 1237 1450 1815 2705
441 1226 1817 1883 2482
442 1240 1814 1881 2703
448 1219 2426 2512 2632
485 1215 2514 2668 2739
491 1216 2006 2317 2700
498 1221 2428 2513 2631
515 1223 2196 2319 2577
554 1214 1813 2008 2194
555 1222 1519 2427 2479
568 1218 1447 2579 2669
587 1224 1520 1811 2197
594 1225 1552 1812 2318
503 1220 1445 2195 2740
504 1217 1446 2007 2578
418 1195 2420 2421 2474
433 1190 2628 2665 2736
438 1203 2572 2573 2697
463 1211 2120 2268 2511
472 1199 1618 1941 2666
524 1204 1340 2074 2075
530 1201 1499 1730 2698
535 1198 1729 1732 2629
553 1192 1377 1936 2270
565 1196 2115 2117 2119
573 1191 1578 1622 1939
586 1208 1375 1623 2116
587 1193 1621 1937 2076
589 1197 1619 1940 2121
558 1202 1341 1373 2510
559 1212 1372 2424 2478
552 1210 1500 2667 2738
551 1206 1731 2630 2737
519 1194 2477 2574 2575
520 1207 1374 2269 2423
468 1205 1339 2509 2576
469 1209 1620 1938 2699
456 1200 1376 2118 2475
455 1213 2422 2425 2476
440 1060 2005 2418 2471
447 1034 2002 2508 2627
450 1035 1440 1517 1880
490 1036 1337 1672 2419
548 1037 1674 2001 2693
553 1038 1807 2190 2569
562 1039 1809 2193 2470
567 1040 1551 1806 2626
572 1041 1804 2192 2734
573 1042 1516 2189 2571
582 1043 1803 1805 2565
586 1044 1336 2663 2735
585 1045 1879 2312 2412
584 1046 1442 2309 2417
549 1047 1878 2316 2469
550 1048 1441 2311 2694
512 1049 1443 1671 2313
511 1050 1338 2191 2413
506 1051 1675 2416 2472
508 1052 1808 2507 2570
507 1053 1444 1673 2315
501 1054 2310 2566 2664
502 1055 1518 2568 2695
497 1056 2314 2567 2696
496 1057 2003 2506 2625
481 1058 1810 2414 2473
480 1059 2004 2415 2468
421 1031 2070 2661 2732
424 1022 1576 1577 2069
427 1023 1335 2073 2563
454 1024 1617 2411 2562
529 1025 1371 1934 2267
546 1026 1616 1725 2624
547 1027 1575 1728 2733
555 1028 1334 1615 1935
572 1029 1726 1727 2662
580 1030 1574 2114 2564
534 1033 2071 2410 2622
533 1032 2072 2409 2623
432 1021 1930 2406 2692
437 995 1927 1928 1931
453 996 1614 2464 2559
467 997 1609 2465 2555
518 998 2111 2408 2504
522 999 1365 2067 2264
523 1000 2263 2621 2659
532 1001 1368 1498 1573
554 1002 1613 2068 2402
588 1003 1610 1723 2620
416 1004 1933 2467 2561
417 1005 1921 1922 1925
585 1006 1572 1612 2554
584 1007 1611 2112 2560
575 1008 1924 1929 2403
576 1009 1920 1926 2404
574 1010 1607 2110 2503
556 1011 1333 2730 2731
557 1012 1923 1932 2689
549 1013 1331 1367 2265
550 1014 1724 2266 2660
540 1015 2113 2556 2690
541 1016 1369 2558 2691
528 1017 1332 1370 2505
527 1018 1366 2466 2557
476 1019 2109 2405 2688
475 1020 1608 2407 2658
487 994 1550 2552 2619
495 983 2000 2618 2728
500 984 2304 2401 2553
509 985 2307 2502 2726
514 986 1439 2305 2308
545 987 1998 2306 2551
547 988 1801 2187 2463
561 989 1999 2188 2727
577 990 1437 1875 2501
592 991 1330 2400 2729
591 992 1438 1876 2656
590 993 1802 1877 2657
420 982 1570 2064 2065
423 971 1571 2104 2105
426 972 1567 2103 2108
452 973 1364 1569 1604
466 974 1363 1568 1605
474 975 2262 2548 2549
526 976 1362 1497 1919
531 977 1722 2396 2550
539 978 2106 2398 2547
545 979 1721 2063 2397
548 980 1606 1918 2546
564 981 2066 2107 2399
446 970 1436 1873 2301
449 959 1435 1798 1995
479 960 1434 1549 1799
484 961 2303 2500 2653
494 962 1997 2617 2655
546 963 1328 2544 2724
560 964 1874 2185 2499
566 965 1329 2545 2725
581 966 1996 2184 2394
593 967 1327 2395 2652
552 968 1800 2183 2616
551 969 2186 2302 2654
411 1431 2389 2498 2543
415 1513 1992 2182 2723
409 1548 1793 2299 2540
414 1994 2388 2391 2461
412 1794 1795 2300 2687
408 1515 2390 2392 2460
407 1514 2459 2541 2542
410 1432 1797 2181 2393
413 1433 1796 1993 2462
406 1326 1361 1718 1720
404 1360 1602 2102 2686
405 1603 1917 2062 2497
403 1719 2539 2615 2651
396 1324 2101 2496 2538
398 1325 1358 2385 2386
402 1357 1913 2260 2495
401 1359 1601 2099 2684
400 1566 1600 1916 2683
399 1599 1915 2100 2458
397 1715 1716 2061 2387
394 1717 1914 2259 2685
395 2261 2457 2536 2537
388 1323 1872 2296 2297
389 1426 2383 2535 2682
392 1791 1871 2180 2722
393 1792 1990 2179 2534
386 1991 2613 2649 2721
385 1430 1989 2178 2612
387 1429 2295 2298 2650
391 1427 2384 2494 2614
390 1428 2382 2493 2611
382 1320 2533 2718 2719
376 1321 1907 2097 2492
377 1322 1353 1909 2530
376 1355 1908 2381 2454
378 1356 2256 2531 2679
379 1496 1711 2648 2716
380 1563 1708 2456 2647
377 1565 2094 2378 2455
381 1707 2095 2377 2609
380 1710 1713 2491 2717
382 1905 2257 2490 2610
383 1906 2096 2376 2532
384 2058 2059 2379 2680
384 1712 1714 2529 2646
379 1709 2098 2608 2720
378 1354 1910 2380 2681
381 1351 1495 1564 1912
383 1352 1911 2060 2258
408 933 1174 1181 1185
409 931 1164 1167 1183
410 926 1163 1172 1179
411 928 1170 1175 1186
412 932 1173 1177 1187
413 929 1171 1180 1184
414 930 1166 1178 1182
415 927 1165 1176 1189
407 934 1168 1169 1188
404 922 1151 1155 1159
405 925 1153 1158 1160
406 924 1154 1157 1162
403 923 1152 1156 1161
395 908 1125 1132 1137
396 900 1138 1145 1146
397 901 1126 1133 1149
398 902 1136 1142 1143
399 903 1129 1139 1147
400 904 1134 1135 1148
401 905 1124 1141 1150
402 906 1128 1130 1144
394 907 1127 1131 1140
386 899 1106 1117 1119
387 891 1103 1105 1120
388 892 1100 1102 1114
389 893 1111 1116 1121
390 894 1098 1109 1123
391 895 1097 1107 1113
392 896 1108 1115 1118
393 897 1104 1112 1122
385 898 1099 1101 1110
369 1086 1088 1093 1095
371 1085 1087 1090 1094
370 1089 1091 1092 1096
370 885 914 916 921
371 886 913 917 920
369 884 915 918 919
621 877 884 885 886
621 922 923 924 925
875 880 2909 2914 2915
876 878 2908 2911 2912
874 879 2907 2910 2913
624 1191 1194 1195 1208
622 1192 1197 1200 1204
623 1193 1198 1205 1210
623 1190 1196 1207 1212
622 1199 1201 1203 1213
624 1202 1206 1209 1211
876 2791 2793 2796 2799
874 2790 2792 2797 2798
875 2794 2795 2800 2801
862 890 2779 2780 2783
863 887 2781 2782 2789
864 888 2778 2784 2787
861 889 2785 2786 2788
853 2757 2759 2774 2921
854 2752 2755 2765 2922
855 2758 2773 2777 2917
856 2764 2772 2776 2918
857 2751 2754 2770 2924
858 2761 2767 2775 2919
859 2753 2760 2768 2923
860 2756 2766 2769 2916
852 2762 2763 2771 2920
628 1389 1593 1658 2169
628 1395 1585 1976 2289
629 1418 1509 1765 2138
630 1645 1970 2430 2431
631 1653 1963 2513 2514
630 2143 2277 2566 2567
629 1319 2512 2565 2687
631 1766 1767 2429 2486
872 1359 2004 2113 2308
865 1361 1433 1636 1813
866 1425 1514 1515 2013
867 1520 1583 1635 1882
868 1552 1753 2101 2188
869 1565 1945 2000 2315
870 1614 1675 2014 2082
871 1628 1912 1991 2316
872 1790 1883 1911 1946
866 1800 1935 2129 2328
873 1810 1933 2019 2084
868 1432 1634 1948 1997
871 1430 1496 1820 2073
867 1429 2005 2108 2262
870 1384 1497 1577 2098
873 1383 1603 1717 2097
869 1370 1740 1870 2186
865 1369 1754 1824 1994
864 1356 1547 1752 2137
862 1377 1436 1606 1739
863 1623 1932 2060 2180
861 1679 1751 2008 2207
856 1355 1427 2076 2266
859 1368 1988 2204 2303
852 1388 2070 2179 2273
853 1435 2072 2128 2258
858 1605 1750 2003 2083
857 1714 1809 2002 2294
860 2071 2306 2325 2326
854 1737 1931 2121 2307
855 1428 1566 1738 2270
693 945 1439 1443 1444
694 950 1426 1452 1453
695 936 1431 1447 1456
705 937 1571 1940 2272
706 944 1573 1626 2120
707 957 1500 1713 2112
731 943 1613 1724 2111
734 938 1495 1576 2127
757 951 1722 1987 2107
760 947 1792 2062 2276
761 942 1748 2018 2136
773 958 1941 1944 2061
795 954 1612 1728 2302
800 941 1627 2119 2319
799 948 1512 1549 2324
798 953 2081 2269 2298
796 935 1674 1877 2314
797 940 1876 1910 1930
758 956 1617 1712 1807
759 939 1522 1523 1999
732 952 1602 2182 2197
733 949 1749 1797 2017
729 955 1808 1998 2096
730 946 1711 1874 2293
687 1519 1524 1819 2886
688 1817 2065 2106 2882
725 1381 1621 2133 2901
726 1438 2007 2134 2904
727 1353 1986 2301 2897
728 1354 1795 1823 2905
751 1382 2114 2292 2895
752 1881 2126 2257 2881
772 1796 1805 1908 2880
790 1367 1622 2185 2890
791 1939 2105 2297 2902
794 1929 2118 2193 2887
793 1376 1518 1625 2899
792 1616 2135 2300 2889
770 1996 2125 2318 2883
771 1450 2001 2095 2892
756 1387 1455 2102 2906
755 1582 1611 2012 2891
753 1581 1993 2109 2888
754 1451 1575 1909 2884
704 1364 1504 2100 2896
703 1710 1818 1822 2903
702 1525 1678 1747 2893
689 1511 1517 1804 2900
691 1572 1791 2265 2894
690 1604 1806 2066 2885
692 1802 1928 2110 2898
682 1632 1745 2181 2868
683 2191 2196 2202 2860
699 1373 1564 1610 2855
700 1671 2192 2268 2853
701 1363 1503 1732 2866
719 1672 1990 2275 2879
722 1358 1498 1570 2863
723 1454 1917 2184 2870
724 1380 1615 1743 2865
749 1736 1880 1926 2871
750 1502 1548 1915 2878
767 1516 1677 1723 2861
768 1446 1719 2183 2869
769 1925 1995 2323 2867
782 1374 1708 2176 2874
785 1731 1816 2263 2875
786 1513 1580 1720 2854
789 1907 2117 2175 2872
788 1550 1709 1927 2858
787 1799 2075 2264 2877
784 1716 2069 2203 2864
783 1727 1916 2178 2876
720 1746 1875 2317 2856
721 1375 1673 2187 2862
684 1947 2132 2177 2873
686 1385 1744 2206 2857
685 1386 1633 2195 2859
679 1601 1924 2067 2842
680 1715 1918 2104 2845
681 1366 2068 2259 2847
716 1609 1919 2190 2844
717 1449 1499 2079 2849
718 1803 2103 2274 2851
746 1923 2011 2313 2846
747 1360 2080 2256 2841
748 1551 1631 2199 2843
779 1906 1938 2261 2852
780 1371 2200 2201 2850
781 1578 1707 2260 2848
676 1357 1600 1721 2835
677 1567 1793 1812 2838
678 1362 1789 1814 2831
713 1379 1424 1730 2840
714 1937 2130 2205 2829
715 1630 1794 1914 2830
743 2059 2124 2267 2834
765 1922 2099 2198 2836
766 1742 2006 2131 2832
778 1620 1815 2312 2833
745 1442 1569 2016 2839
744 1441 1568 2015 2837
674 1579 1735 1943 2812
675 1624 2295 2311 2827
696 1729 1741 1821 2825
708 1440 1618 2063 2820
735 1725 1811 2327 2822
736 1726 2064 2094 2824
737 1608 1873 2189 2807
742 1563 1599 1718 2821
774 1372 1437 2321 2818
777 1521 1801 2074 2817
672 1378 2304 2322 2808
673 1733 2123 2271 2816
776 1445 2115 2309 2826
775 1871 1920 2310 2804
762 1434 1921 2116 2802
763 1878 1942 2078 2828
764 1734 1879 2122 2809
740 2009 2058 2305 2819
741 1351 1798 1869 2806
738 1365 1676 1989 2813
739 1352 2010 2296 2814
711 1423 1905 1934 2803
712 1574 1629 2194 2823
709 1501 1872 2077 2810
710 1788 1992 2299 2815
698 1448 1619 1913 2805
697 1607 1936 2320 2811
675 1174 2235 2243 2714
695 1168 2452 2524 2606
742 1185 1832 2042 2408
748 1183 1350 1483 2056
750 1182 1348 1475 2026
761 1172 1558 2248 2685
789 1188 1535 2251 2686
800 1176 1848 2358 2564
822 1177 1555 2456 2677
823 1179 1899 2234 2372
824 1189 2218 2548 2738
827 1171 1546 1702 1862
837 1175 1557 2492 2678
838 1180 1849 2442 2667
839 1169 1851 2399 2538
849 1181 1706 2041 2250
850 1173 1486 1859 2057
851 1163 2029 2550 2605
825 1167 2236 2520 2624
826 1170 2055 2549 2642
756 1187 1833 2032 2660
755 1164 1482 1847 2615
745 1178 1539 1890 2453
744 1186 1536 1896 2750
684 1165 2244 2255 2525
686 1166 2233 2254 2489
685 1184 1349 2215 2222
715 1151 1779 2142 2401
718 1158 1590 1657 2743
728 1153 1404 1656 2542
772 1155 1758 2174 2725
820 1160 1785 2446 2742
821 1157 2161 2473 2587
827 1156 1413 2392 2601
836 1159 1589 2395 2543
839 1154 1402 1670 2160
704 1161 2393 2419 2607
702 1162 1643 1960 2669
703 1152 1642 1985 2740
707 1145 2391 2528 2739
717 1144 1644 1975 2722
724 1147 1959 2092 2712
727 1132 1584 1969 2619
734 1142 1639 2090 2585
766 1146 1778 1958 2723
769 1128 1342 1957 2085
773 1135 1783 2163 2434
819 1149 1761 2472 2527
847 1134 1411 2502 2508
848 1143 1757 1981 2173
851 1139 1595 2394 2445
834 1136 1777 2526 2696
835 1131 1669 1760 2086
831 1141 1398 2400 2570
832 1148 1640 2435 2654
833 1130 1400 1668 1762
825 1140 1594 2655 2711
826 1127 1344 1650 2384
817 1124 1980 2586 2613
818 1129 1343 2158 2428
815 1125 1394 2463 2664
816 1126 1412 2571 2728
712 1138 2157 2290 2614
711 1137 1401 2148 2729
697 1150 2159 2291 2627
698 1133 2147 2283 2735
678 1099 1685 1689 2407
681 1104 2406 2458 2496
743 1119 1684 2038 2747
747 1107 1868 2048 2676
760 1103 1846 2025 2604
777 1100 1464 2336 2411
781 1110 1347 1884 2371
812 1121 2212 2511 2610
813 1115 1341 1494 2674
814 1122 1493 2467 2691
819 1118 2047 2213 2370
830 1097 1473 2560 2692
845 1120 1481 2405 2466
846 1111 1528 1705 2249
844 1108 2232 2398 2457
835 1105 1461 2380 2576
834 1098 2335 2519 2666
799 1102 1828 2247 2699
798 1112 1474 1903 2381
787 1123 1553 2253 2455
788 1106 1858 2246 2425
740 1101 1898 2214 2708
741 1116 2054 2363 2537
689 1117 1325 2536 2559
692 1109 1831 1861 2731
691 1114 1829 1845 2621
690 1113 1690 1697 2561
701 1095 2471 2579 2645
714 1096 2498 2643 2706
723 1094 2462 2584 2644
726 1088 1641 1968 2724
768 1091 1775 1974 2418
810 1090 1588 2578 2617
811 1086 1661 1756 2172
824 1087 1410 2426 2521
843 1092 1598 1781 2141
850 1085 1510 1967 2146
732 1093 1393 1776 2710
733 1089 1403 1649 2427
674 1067 2532 2533 2609
683 1061 2454 2491 2681
694 1079 2378 2379 2720
746 1081 1857 1895 2673
749 1072 2023 2362 2518
780 1078 1340 1683 1694
786 1071 2211 2230 2478
794 1069 1554 2217 2730
809 1063 1488 1902 2334
821 1066 1826 1850 1856
829 1073 1532 2037 2350
842 1075 1480 1827 2051
843 1064 1701 2036 2339
848 1065 1860 2024 2361
817 1068 1346 1479 2662
818 1080 1460 2558 2629
808 1082 1560 2523 2713
807 1076 2231 2477 2690
775 1062 2386 2387 2630
776 1074 1478 1897 2557
753 1077 1324 2441 2651
754 1083 2028 2345 2746
739 1070 1472 1844 2622
738 1084 2547 2595 2623
682 1046 2360 2592 2744
693 1039 2348 2357 2364
737 1049 2053 2440 2608
752 1053 2031 2385 2620
774 1043 1854 2603 2661
778 1054 1459 1687 1893
779 1056 1894 2485 2505
785 1059 1485 1542 1556
811 1058 1688 2046 2531
847 1055 2040 2229 2465
672 1036 2369 2438 2638
673 1052 2333 2338 2356
841 1041 1534 2045 2377
840 1040 1855 2035 2439
832 1044 2344 2349 2562
833 1037 2332 2355 2563
831 1035 1843 2021 2648
815 1051 1333 2698 2707
816 1038 2343 2365 2733
805 1034 1322 1471 1892
806 1057 1901 2242 2522
796 1047 1867 2397 2737
797 1048 1491 2424 2745
793 1042 1335 1492 2659
792 1050 1467 2423 2639
758 1045 2022 2490 2594
759 1060 1842 2593 2732
716 1023 1507 2383 2483
722 1027 1667 2470 2704
731 1026 1955 2417 2600
765 1024 1979 2671 2695
767 1029 1409 1956 1984
803 1025 1654 1978 2382
804 1022 1774 2140 2634
814 1030 1655 1787 2694
830 1028 1392 2285 2650
846 1032 1330 2583 2705
845 1031 1399 2288 2494
844 1033 2156 2287 2500
696 1019 1666 2577 2632
700 1013 1660 2482 2670
706 1010 1391 1587 2284
725 1004 1338 2087 2599
802 1009 1648 2091 2721
809 1012 1759 2166 2416
813 995 1764 2168 2618
823 1007 1505 2155 2460
828 1006 1772 2153 2682
829 1017 1592 1755 2433
838 998 2149 2154 2373
842 1008 1336 2493 2703
841 1020 1961 2281 2535
840 1021 1397 1952 2553
805 1015 1983 2282 2612
806 1016 1396 1954 2727
771 996 1408 1962 2089
770 1018 1337 1773 2541
762 1011 2093 2569 2633
763 1005 2167 2432 2653
764 997 1407 1982 2088
729 999 1953 2374 2517
730 1003 1586 2415 2726
721 1000 1973 2375 2741
720 1014 1659 2461 2652
710 1002 2171 2545 2640
709 1001 1665 2568 2611
677 992 1700 2504 2688
680 988 1541 1545 1693
688 994 1332 1704 2404
736 985 2044 2403 2591
791 987 1466 1885 2331
801 984 2034 2209 2488
804 983 1533 2241 2689
810 990 1321 2039 2368
828 986 2210 2228 2510
836 989 1527 1841 2451
784 993 1699 2475 2530
783 991 1698 2476 2529
699 971 1417 1966 2280
705 976 1416 1652 2139
708 982 1390 1508 2162
713 978 1977 2507 2657
719 981 1664 2479 2515
801 972 1328 2390 2700
812 980 1763 2286 2649
822 974 1329 2414 2709
837 977 1647 1770 2582
849 973 1327 2506 2598
807 979 1786 1972 2516
808 975 1771 2170 2459
676 960 1538 1681 1691
679 970 1540 1835 1840
687 963 1529 1834 1866
735 967 1470 1531 2033
751 965 1477 1530 2049
757 968 1904 2448 2450
782 966 2240 2449 2539
790 959 1463 1562 2342
795 961 1839 2422 2590
802 964 2050 2341 2376
803 969 1682 2216 2556
820 962 1692 1853 2602
667 1406 2443 2540 2668
665 1506 1951 2144 2389
671 1591 1638 1780 2702
670 1663 2534 2581 2625
669 1965 2145 2152 2715
663 1596 2413 2444 2616
664 1597 2544 2597 2626
668 1422 1646 2151 2631
666 1421 1769 2165 2596
662 1326 1490 2208 2227
660 1465 1838 2043 2749
661 1696 2052 2354 2647
659 2226 2396 2487 2509
653 1323 1949 1964 2279
654 1405 2412 2552 2734
658 1651 1782 2164 2388
651 1662 2481 2499 2693
657 1784 2150 2278 2701
650 1420 1637 1768 2469
652 1419 1950 1971 2501
656 1414 2480 2580 2656
655 1415 2468 2551 2663
643 1339 1865 2447 2672
645 1345 1476 2555 2574
649 1462 1889 2330 2646
648 1489 1830 2030 2719
646 1543 2027 2353 2718
644 1695 2220 2225 2575
647 1837 2020 2352 2636
641 1887 2252 2337 2748
642 1888 2436 2437 2637
640 1320 2420 2683 2684
632 1331 1468 2347 2410
633 1334 1863 2351 2675
633 1484 2346 2589 2628
634 1487 1886 2402 2717
635 1526 2223 2497 2641
632 1544 1825 2573 2635
636 1561 2237 2503 2680
637 1680 1686 2572 2716
638 1836 2219 2474 2554
639 1852 2340 2421 2546
640 1891 2329 2484 2658
635 2221 2239 2665 2679
637 2238 2245 2409 2495
636 1864 2224 2464 2697
634 1469 2359 2588 2736
638 1457 1537 1559 2367
639 1458 1703 1900 2366
664 913 1305 1309 1315
665 918 1294 1295 1312
666 919 1292 1298 1303
667 921 1302 1306 1314
668 916 1300 1310 1313
669 914 1299 1307 1316
670 917 1297 1304 1311
671 920 1296 1308 1318
663 915 1293 1301 1317
660 909 1284 1287 1289
661 912 1281 1286 1288
662 911 1283 1285 1291
659 910 1280 1282 1290
651 905 1259 1270 1275
652 907 1258 1260 1278
653 901 1255 1263 1272
654 906 1267 1271 1276
655 902 1253 1256 1269
656 900 1257 1265 1279
657 908 1268 1273 1274
658 903 1261 1264 1277
650 904 1254 1262 1266
642 896 1228 1237 1252
643 895 1238 1243 1248
644 892 1234 1240 1250
645 894 1235 1241 1244
646 898 1236 1239 1251
647 897 1233 1247 1249
648 899 1226 1227 1245
649 893 1230 1232 1242
641 891 1229 1231 1246
626 1215 1217 1223 1224
625 1214 1216 1219 1220
627 1218 1221 1222 1225
626 883 928 929 932
627 881 927 930 933
625 882 926 931 934
