0 1 2 3 4 5 6 7 8 10 12 9 13 11 17 16 14
 18 15 22 21 23 20 19 27 26 24 28 25 29 30 31 32 35 33
 36 37 34 40 42 39 38 41 46 45 43 47 44 50 48 52 49 51
 53 54 55 56 57 58 59 60 61 62 63 64 68 67 65 69 66 73
 72 74 71 70 76 79 78 75 77 81 82 83 84 80 88 89 85 86
 87 92 93 94 90 91 98 99 95 96 97 102 100 103 104 101 108 107
 109 106 105 112 110 113 114 111 118 115 119 117 116 124 123 121 120 122
 125 126 129 127 130 131 128 132 135 133 136 137 134 138 139 140 144 143
 141 145 142 149 146 150 148 147 153 154 155 151 152 156 159 161 158 157
 160 163 164 165 166 162 168 171 167 169 170 173 174 175 176 172 179 181
 178 177 180 182 183 184 186 188 189 187 185 193 190 191 194 192 197 199
 196 195 198 201 203 200 204 202 209 205 206 207 208 217 219 215 216 213
 218 211 212 210 214 223 224 220 221 222 226 228 225 229 227 232 230 234
 231 233 236 239 235 237 238 242 240 244 241 243 247 245 248 249 246 251
 254 250 252 253 259 258 256 255 257 263 269 261 267 268 266 262 264 260
 265 276 274 270 278 277 272 279 273 271 275 281 283 280 284 282 286 287
 289 285 288 294 299 296 290 297 292 291 298 293 295
0 1 2 3 4 7 8 5 6 14 17 16 18 15 9 13 11
 10 12 24 28 25 27 26 19 21 23 22 20 32 31 30 29 40 38
 39 42 41 34 35 33 37 36 51 50 52 49 48 47 46 44 43 45
 59 56 64 54 60 62 53 57 63 58 61 55 102 101 100 103 104 118
 119 116 117 115 89 87 88 86 85 112 113 114 111 110 79 78 76 77
 75 106 105 107 108 109 121 120 122 123 124 67 66 65 68 69 91 90
 92 93 94 84 83 80 81 82 74 72 73 70 71 96 95 97 98 99
 125 126 127 128 129 130 131 132 133 134 135 136 137 138 139 140 141 142
 143 144 145 146 147 148 149 150 151 152 153 154 155 182 186 187 188 185
 189 235 236 239 238 237 285 286 288 289 287 245 247 248 249 246 205 208
 209 206 207 156 184 183 160 157 158 159 161 196 197 195 199 198 192 190
 191 194 193 255 259 258 257 256 177 180 181 178 179 291 290 295 298 297
 292 293 299 296 294 250 254 252 251 253 230 232 231 234 233 225 227 226
 229 228 162 163 166 165 164 280 282 281 284 283 172 176 173 174 175 220
 223 222 224 221 200 204 203 202 201 270 271 278 276 275 277 273 279 272
 274 260 261 268 266 269 264 263 265 262 267 240 242 241 244 243 167 168
 171 169 170 211 210 215 216 219 212 218 214 213 217
0 1 2 3 4 8 5 6 7 24 26 27 25 28 19 20 22
 23 21 9 13 12 11 10 14 18 17 16 15 31 29 32 30 50 52
 48 49 51 45 47 44 43 46 37 33 34 36 35 39 42 40 41 38
 58 63 57 61 64 59 62 55 54 53 56 60 81 83 82 80 84 92
 93 91 90 94 124 120 121 122 123 103 102 100 101 104 98 97 96 95
 99 117 116 118 119 115 77 76 78 79 75 114 111 113 112 110 72 73
 70 71 74 69 66 68 65 67 109 105 106 107 108 87 88 86 85 89
 125 126 127 129 128 131 130 132 134 133 137 136 135 138 139 140 143 144
 141 142 145 147 146 148 150 149 151 155 154 153 152 183 193 191 190 194
 192 225 227 229 228 226 200 202 201 203 204 250 252 253 254 251 280 284
 282 281 283 184 182 156 198 199 197 196 195 188 187 189 186 185 161 159
 158 160 157 285 288 286 289 287 240 242 244 243 241 270 271 275 277 273
 279 274 272 276 278 172 175 173 176 174 235 237 236 238 239 162 163 166
 164 165 230 231 232 234 233 177 179 180 178 181 220 223 222 224 221 245
 246 247 248 249 167 171 170 168 169 210 211 219 218 212 213 214 215 217
 216 291 290 299 297 293 295 296 298 294 292 205 206 209 207 208 255 258
 256 259 257 261 260 267 269 262 264 263 266 265 268
0 1 2 3 4 24 14 19 9 6 16 10 28 21 8 25 17
 11 20 5 12 15 26 22 7 13 27 23 18 42 46 49 36 45 50
 37 29 39 44 41 52 35 32 47 34 40 31 51 43 30 38 48 33
 93 98 69 123 110 71 108 84 79 119 85 104 114 103 81 66 64 109
 62 117 72 92 97 77 87 124 63 111 100 65 80 57 61 99 88 76
 122 105 90 115 59 70 96 121 89 56 78 113 68 82 101 55 106 91
 74 53 118 60 112 83 67 102 107 73 116 94 58 95 120 75 54 86
 125 127 126 129 128 130 131 136 133 134 137 132 135 145 148 151 141 144
 143 142 138 146 147 139 150 149 140 152 154 153 155 210 200 162 220 205
 211 187 252 244 170 219 199 176 281 238 214 190 231 178 213 286 160 248
 216 259 229 291 260 270 177 255 235 250 290 245 230 261 167 280 271 172
 225 240 285 186 180 223 228 266 185 201 233 174 293 182 189 279 249 287
 264 209 296 217 237 188 277 163 258 284 191 262 173 257 207 197 247 278
 181 203 158 222 294 289 283 194 274 169 224 239 196 168 227 208 298 159
 202 236 243 265 157 273 234 251 206 184 195 232 272 292 221 256 212 263
 241 183 192 276 204 282 215 268 254 226 295 198 288 269 164 253 193 246
 297 242 165 161 156 275 179 166 267 299 171 175 218
0 2 3 4 1 5 6 7 8 24 28 25 26 27 19 22 21
 20 23 9 11 10 12 13 14 17 15 18 16 53 62 58 59 72 73
 70 71 74 117 118 116 115 119 109 105 106 108 107 92 93 91 94 90
 55 29 54 32 63 57 64 61 30 60 31 56 77 78 76 75 79 66
 69 67 65 68 37 33 34 35 36 124 121 120 122 123 42 39 40 38
 41 81 82 83 84 80 45 44 47 46 43 87 86 88 89 85 114 113
 111 110 112 98 97 99 95 96 103 100 102 101 104 50 52 48 49 51
 125 126 127 131 130 128 129 140 153 154 152 151 155 139 132 138 150 147
 149 146 148 137 135 136 133 134 145 142 143 141 144 156 158 159 160 157
 161 172 174 176 173 175 162 164 165 163 166 177 178 180 179 181 167 169
 171 170 168 182 183 184 186 187 188 185 189 194 190 192 191 193 195 198
 196 199 197 225 228 229 227 226 285 289 286 288 287 270 271 272 274 278
 276 273 279 275 277 240 241 243 244 242 250 254 253 252 251 220 224 221
 223 222 245 248 249 247 246 255 256 257 259 258 205 207 208 206 209 280
 283 284 281 282 230 232 231 233 234 210 211 213 212 217 216 219 218 215
 214 291 290 292 294 297 299 295 293 298 296 200 203 204 202 201 235 239
 237 238 236 261 260 263 266 265 268 264 262 269 267
1 0 2 4 3 29 30 32 31 43 45 46 44 47 51 48 49
 52 50 39 38 41 40 42 35 37 36 33 34 5 6 8 7 27 28
 24 26 25 20 19 22 21 23 9 12 10 11 13 15 16 18 14 17
 53 55 54 64 63 58 59 61 60 62 57 56 120 122 124 123 121 116
 117 118 119 115 112 110 114 113 111 89 86 88 85 87 83 81 84 82
 80 109 108 107 105 106 104 102 101 103 100 99 97 96 98 95 93 94
 92 91 90 76 79 75 78 77 74 70 71 72 73 65 69 66 68 67
 125 132 135 136 133 134 137 126 129 130 127 128 131 139 138 140 150 146
 147 148 149 142 143 144 145 141 154 153 152 151 155 156 163 166 162 164
 165 159 157 160 161 158 178 179 181 180 177 172 176 175 174 173 171 167
 168 170 169 182 183 184 239 236 237 235 238 229 227 225 228 226 230 233
 231 232 234 281 280 283 282 284 287 289 288 285 286 296 290 295 297 298
 299 294 292 291 293 224 223 222 221 220 192 194 191 193 190 195 197 198
 196 199 188 186 187 189 185 259 257 255 256 258 245 247 246 249 248 253
 254 252 250 251 242 243 241 244 240 272 273 278 275 276 274 271 279 270
 277 268 266 260 261 265 263 264 269 262 267 201 200 203 202 204 208 209
 205 207 206 211 218 217 219 216 212 210 213 214 215
5 29 53 55 54 0 6 8 7 75 76 78 79 77 74 71 72
 70 73 68 66 67 69 65 37 35 36 34 33 1 30 32 31 28 27
 25 26 24 122 123 121 124 120 112 111 110 113 114 117 118 119 115 116
 2 4 3 63 64 59 58 60 61 62 56 57 23 20 21 19 22 17
 15 16 18 14 9 10 13 11 12 89 87 85 88 86 82 84 81 83
 80 100 104 102 101 103 108 107 105 106 109 90 93 92 94 91 97 98
 96 95 99 45 44 43 46 47 51 52 48 49 50 42 40 38 39 41
 156 126 161 158 160 157 159 132 164 163 165 166 162 138 139 140 180 178
 181 177 179 167 169 171 168 170 175 173 176 174 172 125 130 128 131 129
 127 137 134 133 135 136 146 149 147 150 148 155 152 154 151 153 144 142
 145 141 143 183 182 184 191 190 194 193 192 186 185 189 188 187 195 196
 197 198 199 288 285 289 286 287 284 283 281 280 282 299 297 292 290 293
 296 294 295 291 298 220 221 222 223 224 238 237 239 235 236 230 231 232
 233 234 228 229 226 225 227 240 241 242 243 244 252 253 250 251 254 247
 248 245 246 249 255 256 257 258 259 275 274 271 272 276 273 278 270 279
 277 267 262 263 265 261 260 264 269 266 268 208 207 209 206 205 201 203
 204 200 202 213 218 212 214 216 217 215 211 219 210
