0 1 5 2 4 6 3 28 16 18 17 25 21 24 10 9 22
 26 23 27 8 13 20 15 12 19 14 11 29 30 7 31 35 32 34
 36 33 40 47 39 51 41 45 43 46 44 42 49 38 48 37 50 52
 53 54 171 161 174 160 170 137 113 88 158 159 95 136 112 122 133 132
 157 87 121 140 142 106 141 101 155 130 92 111 145 99 110 73 100 125
 63 128 151 129 82 150 109 64 96 65 85 123 134 138 75 131 146 149
 86 81 98 84 127 117 120 61 76 156 154 135 74 114 107 91 72 89
 126 62 93 71 108 105 70 104 102 144 60 116 118 69 77 152 153 148
 147 78 94 80 79 103 115 83 68 119 139 67 143 66 90 124 97 168
 163 58 169 167 59 165 55 162 56 166 164 173 57 172 175 178 176 179
 177 180 181 182 183 192 202 196 201 194 184 195 188 193 189 200 187 198
 185 203 197 191 190 199 186 208 249 254 246 210 204 209 243 234 298 270
 232 281 294 286 245 287 279 292 293 235 283 268 264 267 255 259 223 289
 291 285 297 225 213 277 271 296 218 284 276 214 274 250 205 247 248 251
 207 253 206 252 265 229 262 230 266 269 263 226 228 260 256 258 261 257
 227 280 220 211 241 278 237 272 221 219 238 244 240 224 295 217 299 273
 239 231 290 215 222 233 288 242 236 216 282 275 212
0 1 6 5 4 3 2 24 20 15 30 14 27 25 29 23 8
 7 9 17 22 11 16 18 19 10 28 26 12 21 13 52 44 45 39
 46 42 49 35 41 48 43 50 34 40 37 51 36 32 33 47 38 53
 54 31 103 110 57 115 119 72 98 89 138 67 128 114 64 126 151 70
 156 60 162 93 144 108 147 146 169 167 86 150 165 139 141 168 137 63
 102 136 88 73 94 170 71 154 117 90 77 118 80 122 134 104 171 81
 160 107 157 153 83 159 65 109 129 113 97 100 127 95 58 62 135 133
 158 124 145 116 121 55 131 132 68 130 123 61 87 91 143 82 79 78
 161 105 59 164 163 101 92 166 125 111 155 96 56 120 66 69 112 76
 84 149 99 142 152 140 148 106 85 74 75 172 173 174 175 177 179 176
 178 182 180 183 181 191 203 189 187 197 200 190 199 188 194 185 195 184
 198 192 196 202 201 186 193 215 256 280 281 232 290 289 250 283 227 245
 222 259 249 242 257 297 285 223 204 298 228 253 287 279 273 211 209 292
 288 295 275 263 269 212 224 258 294 247 251 219 262 240 265 255 229 296
 216 214 270 244 241 286 254 272 243 271 277 252 221 239 218 276 238 206
 220 274 235 246 217 226 260 207 234 268 299 278 266 213 267 205 236 284
 282 210 233 291 231 293 208 248 261 230 237 264 225
0 2 3 5 4 1 6 26 22 19 23 29 13 9 25 21 20
 24 14 12 16 30 8 7 17 27 10 18 15 11 28 151 146 162 119
 98 139 92 107 82 142 145 55 166 79 71 76 134 85 120 161 136 62
 158 102 56 114 154 50 140 135 141 63 138 123 40 144 173 53 122 131
 81 96 130 41 86 66 51 95 75 37 110 83 165 160 105 44 67 54
 69 169 88 113 94 34 143 118 174 115 65 87 58 91 61 132 106 48
 109 78 171 45 43 72 80 42 163 32 137 112 93 168 77 125 172 31
 89 124 150 148 36 90 104 70 68 153 97 121 57 52 167 127 149 99
 108 46 170 147 116 33 103 59 126 111 157 117 49 84 47 133 64 164
 101 128 35 156 39 152 129 155 73 74 38 159 100 60 175 179 178 177
 176 191 193 185 196 194 186 189 195 183 182 201 197 188 200 199 190 192
 198 180 203 202 187 181 184 217 293 272 257 295 254 230 274 289 269 251
 276 236 243 258 285 235 204 229 281 213 211 283 220 278 216 248 299 270
 250 266 298 222 260 286 282 290 252 261 221 265 210 212 246 245 279 241
 208 233 249 263 209 268 242 267 292 239 207 259 255 287 234 244 288 215
 271 238 224 231 225 273 264 256 262 240 296 223 284 237 205 280 294 232
 297 218 247 228 219 277 226 291 214 253 275 227 206
0 7 9 12 8 11 10 1 4 2 6 5 3 17 15 14 22
 13 19 18 20 23 16 21 27 26 25 24 29 28 30 31 57 55 59
 58 56 38 37 39 95 93 90 94 92 86 87 98 99 96 97 85 91
 88 89 33 36 32 35 34 61 60 62 158 110 159 154 101 151 102 104
 100 107 108 152 153 105 155 106 103 156 157 111 150 109 51 45 46 53
 54 42 52 44 41 43 40 49 50 47 48 71 67 69 79 70 76 78
 72 73 84 64 82 130 141 143 116 115 149 147 140 148 128 122 129 124
 126 125 127 121 123 112 132 131 138 146 142 144 139 133 137 119 113 135
 114 136 145 134 118 120 117 83 68 74 75 66 77 80 81 63 65 163
 164 167 160 161 165 170 162 174 173 166 172 171 169 168 176 175 177 179
 178 204 207 206 205 226 228 229 227 230 241 235 236 240 234 242 237 238
 244 245 243 232 239 233 231 180 183 182 181 210 209 208 263 262 260 261
 258 268 259 257 256 264 255 267 265 269 266 184 187 185 186 188 203 200
 202 193 190 191 195 196 201 192 189 194 199 197 198 250 247 249 248 246
 251 254 253 252 221 219 218 215 217 213 214 212 211 220 223 225 222 216
 224 276 282 291 281 293 287 270 278 277 288 292 273 271 289 290 286 285
 275 279 283 284 272 280 274 295 294 299 298 297 296
1 0 6 3 4 5 2 48 54 43 49 47 38 45 50 41 31
 32 34 44 53 36 52 39 40 33 46 51 35 42 37 16 17 25 18
 28 21 30 12 23 24 15 29 9 19 13 26 11 7 10 14 27 22
 20 8 108 56 104 148 136 118 145 89 63 117 94 83 97 124 158 172
 150 100 142 116 81 103 163 92 169 129 75 156 66 161 141 171 135 138
 62 119 91 78 128 65 166 159 67 127 99 72 121 122 76 57 168 144
 130 55 152 155 114 154 170 111 167 74 64 60 90 140 101 102 137 68
 151 126 98 93 80 107 174 173 133 160 87 59 123 88 143 120 85 73
 139 106 61 149 147 58 146 71 125 109 153 112 110 82 165 69 96 134
 84 164 77 162 157 95 115 105 79 113 86 70 132 131 175 181 183 180
 182 178 176 179 177 196 203 186 190 198 202 187 199 192 194 193 201 184
 197 188 191 200 195 189 185 213 240 283 247 264 297 271 217 280 204 263
 282 241 211 266 234 290 252 287 227 292 226 225 223 274 296 249 237 298
 275 219 288 245 231 278 293 205 216 281 248 295 236 256 207 243 230 273
 294 221 299 261 259 246 277 284 255 289 254 285 214 208 276 218 268 267
 291 279 210 286 250 228 233 265 257 238 270 212 242 215 206 258 262 272
 222 235 260 220 269 224 239 251 244 229 209 232 253
