0 1 2 3 6 4 5 8 9 7 10 11 12 14
 15 13 18 16 17 20 21 19 23 24 22 27 25 26 29
 30 28 33 31 32 35 36 34 38 39 37 42 40 41 45
 43 44 47 48 46 51 49 50 53 54 52 57 55 56 59
 60 58 62 63 61 66 64 65 69 67 68 71 72 70 73
 74 75 78 76 77 81 79 80 84 82 83 87 85 86 90
 88 89 93 91 92 96 94 95 98 99 97 102 100 101 105
 103 104 107 108 106 111 109 110 114 112 113 116 117 115 119
 120 118 122 123 121 125 126 124 128 129 127 132 130 131 134
 135 133 136 137 140 138 139 142 143 141 144 145 146 147 149
 150 148 152 153 151 156 154 155 159 157 158 162 160 161 165
 163 164 167 168 166 170 171 169 174 172 173 177 175 176 179
 180 178 182 183 181 186 184 185 189 187 188 191 192 190 195
 193 194 197 198 196 200 201 199 204 202 203 207 205 206 210
 208 209 212 213 211 215 216 214 218 219 217 222 220 221 225
 223 224 227 228 226 230 231 229 234 232 233 236 237 235 239
 240 238 243 241 242 246 244 245 249 247 248 251 252 250 255
 253 254 258 256 257 261 259 260 264 262 263 266 267 265 269
 270 268 272 273 271 276 274 275 278 279 277 282 280 281 285
 283 284 287 288 286 290 291 289 294 292 293 297 295 296 300
 298 299 303 301 302 305 306 304 309 307 308 311 312 310 314
 315 313 317 318 316 321 319 320 324 322 323 327 325 326 330
 328 329 333 331 332 336 334 335 339 337 338 341 342 340 344
 345 343 348 346 347 350 351 349 353 354 352 357 355 356 359
 360 358 362 363 361 365 366 364 369 367 368 371 372 370 375
 373 374 377 378 376 380 381 379 384 382 383 387 385 386 389
 390 388 393 391 392 396 394 395 399 397 398 401 402 400 404
 405 403 407 408 406 410 411 409 414 412 413 417 415 416 420
 418 419 422 423 421 425 426 424 429 427 428 432 430 431 435
 433 434 438 436 437 440 441 439 443 444 442 447 445 446 450
 448 449 452 453 451 456 454 455 458 459 457 461 462 460 464
 465 463 468 466 467 471 469 470 473 474 472 477 475 476 479
 480 478 482 483 481 486 484 485 488 489 487 491 492 490 494
 495 493 498 496 497 501 499 500 503 504 502 507 505 506 510
 508 509 513 511 512 516 514 515 518 519 517 522 520 521 524
 525 523 527 528 526 531 529 530 533 534 532 536 537 535 540
 538 539 542 543 541 545 546 544 548 549 547 551 552 550 554
 555 553 557 558 556 560 561 559 563 564 562 567 565 566 570
 568 569 572 573 571 575 576 574 579 577 578 581 582 580 584
 585 583 588 586 587 591 589 590 594 592 593 597 595 596 599
 600 598 603 601 602 605 606 604 609 607 608 612 610 611 614
 615 613 618 616 617 620 621 619 623 624 622 627 625 626 630
 628 629 633 631 632 635 636 634 639 637 638 640 641 643 644
 642 646 647 645 648 651 649 650 654 652 653 656 657 655 659
 660 658 661 662 665 663 664 667 668 666 671 669 670 673 674
 672 677 675 676 680 678 679 683 681 682 685 686 684 688 689
 687 692 690 691 694 695 693 697 698 696 701 699 700 704 702
 703 706 707 705 709 710 708 711 714 712 713 717 715 716 720
 718 719 722 723 721 725 726 724 728 729 727 732 730 731 734
 735 733 737 738 736 741 739 740 743 744 742 747 745 746 749
 750 748 753 751 752 756 754 755 758 759 757 761 762 760 765
 763 764 767 768 766 771 769 770 772 773 775 776 774 779 777
 778 782 780 781 784 785 783 787 788 786 790 791 789 794 792
 793 796 797 795 800 798 799 802 803 801 806 804 805 809 807
 808 811 812 810 814 815 813 818 816 817 820 821 819 823 824
 822 827 825 826 830 828 829 832 833 831 836 834 835 838 839
 837 842 840 841 844 845 843 847 848 846 851 849 850 854 852
 853 857 855 856 859 860 858 863 861 862 865 866 864 869 867
 868 871 872 870 874 875 873 878 876 877 881 879 880 884 882
 883 887 885 886 889 890 888 892 893 891 895 896 894 898 899
 897 901 902 900 905 903 904 907 908 906 911 909 910 914 912
 913 916 917 915 919 920 918 922 923 921 925 926 924 929 927
 928 931 932 930 935 933 934 937 938 936 940 941 939 944 942
 943 947 945 946 950 948 949 953 951 952 956 954 955 958 959
 957 961 962 960 965 963 964 968 966 967 971 969 970 974 972
 973 976 977 975 979 980 978 982 983 981 985 986 984 989 987
 988 992 990 991 995 993 994 998 996 997 1000 1001 999 1004 1002
 1003 1007 1005 1006 1009 1010 1008 1012 1013 1011 1016 1014 1015 1018 1019
 1017 1021 1022 1020 1024 1025 1023 1027 1028 1026 1030 1031 1029 1034 1032
 1033 1036 1037 1035 1040 1038 1039 1042 1043 1041 1046 1044 1045 1048 1049
 1047 1051 1052 1050 1055 1053 1054 1057 1058 1056 1061 1059 1060 1063 1064
 1062 1066 1067 1065 1070 1068 1069 1072 1073 1071 1076 1074 1075 1079 1077
 1078 1082 1080 1081 1085 1083 1084 1088 1086 1087 1090 1091 1089 1093 1094
 1092 1097 1095 1096 1100 1098 1099 1102 1103 1101 1106 1104 1105 1108 1109
 1107 1112 1110 1111 1114 1115 1113 1117 1118 1116 1120 1121 1119 1123 1124
 1122 1126 1127 1125 1129 1130 1128 1132 1133 1131 1135 1136 1134 1138 1139
 1137 1141 1142 1140 1145 1143 1144 1147 1148 1146 1151 1149 1150
0 1 2 9 7 3 4 6 8 5 68 31 29 42
 38 63 23 45 59 48 14 41 58 56 64 12 27 30 28
 25 26 35 32 34 36 11 33 62 20 46 37 50 47 22
 53 66 51 13 61 15 21 39 24 55 18 44 16 65 43
 54 57 19 40 49 52 60 17 71 72 69 67 70 10 73
 74 78 76 81 80 77 75 79 109 97 127 95 104 120 103
 85 107 83 123 128 108 89 119 91 121 110 93 98 82 126
 106 96 86 118 125 102 129 92 114 112 113 116 117 115 90
 105 124 101 84 111 87 94 88 122 100 99 132 130 131 134
 135 133 635 616 610 594 595 633 614 626 466 269 461 293 273
 299 554 301 306 328 383 390 212 364 576 409 516 426 223 518
 246 582 489 567 357 278 483 259 286 318 337 464 444 502 361
 334 439 509 478 348 560 492 493 326 512 548 235 520 527 431
 435 228 584 250 242 529 423 264 391 216 394 386 572 419 365
 159 381 389 412 570 577 392 416 385 368 207 225 161 586 587
 425 400 230 433 539 434 265 193 255 263 199 239 535 521 537
 190 528 525 532 583 517 404 248 580 164 403 523 543 243 201
 428 421 174 291 287 281 277 324 530 427 253 226 538 194 268
 311 310 315 300 451 479 183 556 482 342 282 481 171 322 186
 498 561 290 476 338 477 172 316 297 296 294 292 147 295 453
 321 553 455 305 308 456 329 550 153 551 304 312 145 270 150
 298 320 257 288 475 452 271 149 279 170 340 353 447 547 307
 302 552 167 473 487 545 441 484 256 317 289 261 280 169 350
 175 442 510 557 275 176 503 562 549 501 188 488 332 506 494
 285 185 486 459 335 380 370 411 399 573 205 208 158 410 155
 414 213 415 202 214 372 157 574 374 569 211 398 369 420 413
 384 373 377 395 417 579 215 376 206 217 418 220 160 424 519
 407 165 163 245 247 209 379 575 156 568 382 396 203 578 367
 219 571 232 262 429 588 514 221 233 531 200 266 231 227 432
 540 267 462 146 436 457 544 363 563 463 349 352 511 187 274
 347 181 148 555 314 330 151 309 180 336 546 460 437 438 504
 344 351 471 467 469 470 468 144 166 356 505 173 258 339 558
 448 346 341 260 323 458 440 178 507 565 472 284 559 360 283
 497 491 184 358 490 189 446 325 564 343 443 566 168 333 276
 450 480 500 354 327 224 222 401 581 406 249 591 526 238 197
 585 542 237 536 589 234 422 254 198 251 524 590 192 522 430
 195 229 196 241 533 485 179 362 513 499 445 152 303 454 272
 313 319 508 449 182 495 496 359 465 345 177 355 474 331 388
 154 375 387 397 218 210 366 371 378 393 204 408 244 405 252
 541 534 515 162 402 240 236 191 611 629 607 628 592 622 603
 142 632 141 604 625 615 600 143 139 630 597 623 596 608 627
 599 602 621 617 620 618 619 137 609 138 593 598 606 631 140
 624 612 613 605 601 634 637 638 136 639 636 640 645 641 646
 643 642 644 647 648 651 649 650 654 652 653 689 699 709 682
 667 674 679 697 656 686 687 673 669 705 659 707 681 670 683
 691 661 677 678 676 675 680 692 706 666 704 655 710 703 700
 685 668 660 671 698 693 662 696 695 694 663 708 684 657 665
 701 690 658 672 688 702 664 718 849 852 828 836 855 840 722
 719 721 723 711 720 785 1110 1102 1104 1088 1109 1037 940 804 1142
 947 1001 1012 1015 929 954 809 979 1010 799 1138 820 1120 1018 815
 983 949 920 970 1148 1032 930 998 1134 921 967 797 1050 1053 960
 1044 1058 1085 1124 1080 1078 1063 791 906 905 895 865 887 878 892
 874 1107 727 1099 1090 1111 1092 767 1084 1071 1065 1062 1125 763 1061
 1046 1040 1052 965 1023 957 1137 997 976 755 994 939 1128 955 1029
 1150 915 735 946 924 982 1026 928 736 1116 1017 985 913 757 966
 1003 752 991 1146 838 853 843 857 863 715 841 862 833 845 714
 851 847 856 832 860 712 854 831 717 835 844 829 858 859 850
 837 861 834 846 839 713 830 716 848 842 885 881 872 893 777
 890 774 886 898 891 882 869 873 888 868 871 896 775 779 867
 877 894 879 897 884 778 875 876 889 883 864 870 899 776 866
 880 773 904 901 903 902 900 911 909 908 910 907 772 746 1006
 1019 1140 1022 734 826 1147 953 943 824 968 1132 750 981 1011 988
 1118 803 977 1033 806 731 993 739 808 1149 1036 934 995 1135 758
 823 1000 1020 917 1133 925 814 827 969 751 936 978 1151 743 1008
 1025 792 1060 1057 1038 1055 760 944 1004 1136 990 825 919 958 798
 744 756 1034 1145 807 1030 938 1028 950 1131 914 745 1121 737 816
 1013 952 918 753 1035 732 1130 932 1144 975 916 1141 811 942 922
 759 986 821 747 972 800 1024 1016 817 1117 818 987 927 1119 1007
 984 812 733 999 973 742 1139 748 948 926 937 741 956 1143 996
 802 935 805 1129 1051 762 1047 961 794 765 1059 962 1042 795 964
 761 1049 963 1054 1039 796 1048 793 1045 1043 764 1041 1056 1079 1074
 1127 1076 769 1064 787 1122 768 1082 1069 766 770 1126 789 1075 1066
 790 1070 1083 788 1123 1068 1073 1108 782 1115 1112 1097 726 724 1103
 1089 725 1093 783 1113 1087 729 784 1091 1096 781 1086 1098 1114 1105
 1100 1095 1101 1094 1106 780 728 1014 989 738 819 912 1005 1072 1081
 786 771 1077 1067 933 730 941 749 813 1027 822 1002 923 1009 974
 959 810 945 1021 754 801 931 951 971 992 980 740 1031
0 1 2 6 4 8 9 5 7 3 20 35 25 56
 66 47 49 72 54 19 24 23 21 22 10 30 26 29 27
 28 12 32 36 11 34 33 31 52 62 17 65 15 58 70
 16 37 57 41 59 44 53 38 45 71 61 42 67 64 55
 69 14 18 51 43 46 68 60 13 40 48 63 50 39 133
 114 84 109 129 98 100 123 91 82 87 86 83 75 85 121
 79 124 107 122 90 76 118 127 128 105 95 89 92 125 96
 111 78 88 81 102 94 97 119 112 116 117 113 115 74 99
 104 77 106 101 126 93 108 80 103 110 120 134 73 130 131
 132 135 136 377 331 523 457 323 558 429 144 163 380 401 587
 321 296 153 145 165 569 209 437 412 373 371 313 451 221 152
 164 151 447 267 545 344 239 450 499 506 607 253 599 536 541
 475 354 496 349 234 281 606 564 532 628 539 601 275 283 486
 623 290 231 256 472 591 360 342 397 369 416 579 621 219 364
 213 570 436 366 155 204 399 420 572 620 396 299 424 453 553
 586 149 180 477 592 334 257 612 497 527 279 480 184 604 448
 494 614 172 433 505 582 302 330 404 454 307 355 194 291 490
 535 483 549 474 610 443 274 192 280 186 237 595 544 287 246
 580 517 147 402 272 423 442 284 350 526 183 478 236 563 261
 602 444 596 167 446 622 356 512 161 425 220 223 515 588 160
 294 452 270 306 581 329 269 245 312 455 408 405 407 249 298
 293 222 140 333 327 297 554 225 520 465 557 138 432 524 303
 518 268 325 459 431 547 258 198 565 630 187 502 589 508 238
 615 529 255 177 491 528 626 232 594 543 226 485 195 513 633
 341 503 338 189 533 411 156 568 398 216 618 374 574 383 462
 413 576 376 385 386 379 388 390 157 460 375 137 387 378 146
 381 389 395 217 206 571 578 207 418 417 616 400 271 273 308
 406 551 247 456 550 211 154 208 382 370 461 419 214 367 202
 617 368 190 285 260 162 314 300 324 560 522 139 317 458 609
 173 441 409 365 210 243 174 501 191 603 422 266 584 597 343
 493 531 292 426 315 552 403 311 316 326 525 372 575 158 428
 521 141 468 466 467 471 469 470 336 548 230 593 353 489 262
 185 562 176 537 346 289 250 511 178 352 227 175 600 482 613
 170 345 625 351 278 241 608 435 631 200 590 439 434 500 201
 504 358 193 252 624 320 150 224 301 304 244 559 556 143 430
 318 332 498 627 182 495 240 171 339 567 540 598 347 492 337
 362 629 487 228 476 445 585 286 229 611 197 309 310 248 295
 514 148 464 427 561 322 463 142 235 605 263 538 188 363 212
 410 438 619 392 205 159 414 384 218 391 573 305 328 519 265
 288 168 516 555 319 359 509 632 542 179 488 583 546 166 254
 481 348 421 276 259 264 282 479 440 507 242 335 473 196 449
 530 169 215 415 203 394 577 393 484 251 357 181 277 233 566
 534 361 340 199 510 635 636 634 639 637 638 640 642 646 645
 644 647 641 643 650 653 652 651 648 654 649 669 702 691 706
 695 663 661 685 668 705 689 693 688 660 681 703 697 662 686
 673 677 675 676 680 678 679 655 696 690 684 672 674 659 707
 700 709 698 670 699 664 687 704 708 657 666 665 658 710 692
 682 694 701 667 671 683 656 724 1144 1119 1134 870 1140 1132 1112
 1102 784 1095 1093 1090 728 727 726 729 711 725 932 849 990 808
 880 1025 834 810 1010 887 857 989 846 983 955 993 888 997 945
 1029 1015 779 1019 845 823 891 969 984 804 919 904 1061 1055 1044
 1048 796 1075 1085 790 1077 1071 907 1124 960 973 748 1014 844 1036
 944 1114 1097 722 1101 1104 1087 1079 1082 771 1076 911 1068 1054 760
 1056 1047 900 1042 833 937 950 868 922 951 859 918 1034 861 1012
 881 978 897 1009 988 1020 740 847 743 1001 732 930 882 970 1006
 933 838 889 745 914 923 803 865 948 916 898 812 1028 746 996
 966 947 749 776 942 1018 976 1000 896 982 1004 931 821 756 1005
 824 885 1021 815 1032 758 985 925 879 735 949 929 799 828 940
 921 1117 1137 1131 1135 1130 713 860 806 759 1011 924 1024 851 730
 1003 987 814 959 837 968 994 935 853 822 744 981 816 1027 736
 1008 765 1046 1041 1057 793 1059 1073 788 1081 1069 1084 768 802 941
 867 864 798 938 986 878 858 952 912 939 734 807 1013 800 917
 831 1002 991 883 854 971 755 832 866 928 829 801 953 1035 1017
 751 775 1031 972 936 915 927 830 869 913 818 894 848 856 813
 739 964 965 962 961 773 963 995 747 826 852 893 1007 840 1030
 750 943 753 778 737 836 899 999 956 817 1033 876 805 855 958
 1022 819 850 884 827 998 839 825 967 890 895 742 954 820 992
 731 892 754 934 980 835 1026 862 733 1023 842 974 946 975 777
 1037 886 957 741 926 809 863 738 811 979 841 774 1016 920 757
 877 843 977 752 761 792 903 1049 1050 763 1043 795 1051 1045 1052
 902 797 901 764 905 1039 1058 1060 1040 762 1053 794 1038 766 791
 910 908 786 770 1063 1074 767 1067 787 1078 909 1062 1083 1080 906
 1066 769 1065 1072 789 1064 1070 718 1108 1103 1096 1100 780 1089 782
 1115 1113 1092 1098 781 1094 723 1110 1107 1105 720 1088 1111 719 785
 1106 783 1109 1086 721 1091 1099 1139 715 1141 875 1128 1145 1125 1123
 1126 1127 772 1122 1148 714 1143 1142 1149 1116 1129 1146 1121 1151 716
 1133 1138 1150 872 874 1147 1136 873 712 1120 717 1118 871
0 3 2 7 4 6 9 1 8 5 49 54 25 20
 66 47 56 35 72 60 68 71 32 16 21 29 30 26 28
 12 27 10 40 52 41 42 53 62 11 51 22 48 17 43
 65 18 39 59 34 31 44 46 57 67 38 64 23 33 37
 15 70 55 58 14 61 50 63 36 13 69 19 24 45 568
 217 428 604 320 473 533 446 358 193 594 605 425 532 528 526
 447 316 445 170 426 472 347 592 169 359 527 474 195 444 440
 441 429 442 606 346 319 194 348 137 216 218 215 214 219 317
 424 360 439 147 427 443 593 321 318 171 534 575 569 574 570
 576 146 580 367 138 314 259 88 508 338 468 270 374 353 287
 521 108 245 330 636 411 365 130 157 414 461 175 498 435 303
 304 519 480 118 236 453 507 284 190 501 228 178 603 431 160
 483 255 172 293 333 104 504 515 224 362 124 181 278 542 598
 525 232 85 465 335 612 596 96 202 399 616 393 115 395 460
 134 383 382 210 159 618 206 579 391 387 415 107 281 459 631
 282 288 125 493 561 253 166 488 101 183 148 79 506 485 229
 271 339 223 560 275 306 455 639 305 152 249 258 315 123 238
 486 285 121 626 260 566 250 103 325 179 588 313 185 627 301
 247 637 497 98 630 94 323 222 529 549 95 331 491 187 142
 128 180 77 234 291 538 494 225 106 632 357 496 422 198 520
 633 457 407 635 311 307 269 309 164 310 244 408 163 329 448
 352 450 481 167 558 355 286 458 541 243 149 478 584 607 454
 518 248 400 344 233 583 297 237 553 341 463 601 143 327 322
 531 597 150 279 545 231 89 476 139 122 186 109 500 590 509
 272 477 78 599 345 73 373 381 112 203 205 370 437 131 155
 135 158 619 385 396 436 388 410 409 212 371 398 578 114 413
 133 208 74 378 369 571 620 392 376 377 368 280 356 522 634
 404 165 136 268 308 211 366 438 379 380 375 117 621 417 394
 572 416 337 475 264 434 196 628 252 516 537 87 555 512 614
 119 585 412 384 154 256 261 184 292 189 564 513 464 350 265
 503 251 197 176 97 517 151 638 539 126 276 390 213 132 240
 80 451 470 466 471 469 467 144 274 361 495 296 608 120 262
 510 230 90 273 263 340 336 511 334 349 554 595 221 548 546
 543 100 622 239 505 289 401 600 565 514 266 161 168 92 283
 81 624 254 556 91 449 354 75 328 312 405 547 324 611 199
 192 110 141 587 430 562 84 332 609 235 613 535 267 105 499
 300 200 343 524 290 299 111 227 298 589 191 153 302 456 421
 629 177 432 326 127 490 563 174 277 242 102 625 140 257 364
 372 389 418 577 204 462 156 209 419 617 113 406 246 403 487
 557 162 433 99 423 492 294 83 201 226 591 559 540 363 82
 188 173 484 623 452 610 530 220 342 351 86 76 402 523 129
 586 602 573 386 116 397 207 420 295 615 479 502 567 536 93
 489 482 241 182 544 582 551 550 145 552 581 640 642 645 644
 646 641 643 647 707 709 705 662 706 710 708 655 697 671 700
 654 687 678 692 649 682 696 681 664 656 684 685 690 670 650
 665 661 676 680 675 677 679 699 667 702 693 672 701 691 686
 648 657 660 651 669 658 683 674 668 653 666 694 688 695 703
 652 673 704 689 659 663 698 745 1001 944 950 1097 881 1034 776
 853 1048 1129 928 1142 852 862 958 779 1141 1059 733 948 1090 739
 992 810 823 848 917 730 1137 1045 851 915 1105 763 877 1022 892
 902 916 972 808 1100 898 804 1118 796 949 975 946 920 1110 711
 1004 1013 766 772 1078 1072 1069 1062 1079 1012 732 922 1132 1042 838
 1009 861 951 1047 930 1140 978 1068 911 771 1082 1076 1124 918 1036
 743 889 1114 937 1054 844 933 1087 1020 870 1056 833 1014 900 847
 1104 868 1101 1119 988 748 1144 960 859 740 970 897 724 973 1006
 1134 760 722 882 815 856 761 1131 1138 994 834 1053 803 1149 1099
 1136 812 719 961 1147 878 872 728 752 1145 784 829 1043 821 841
 1057 824 850 901 1117 955 726 1023 875 1121 891 822 1106 942 735
 977 836 843 1030 903 806 725 876 1086 799 751 750 1052 1150 964
 974 873 1102 816 842 997 1015 894 814 723 864 793 1096 991 962
 1018 913 1035 945 885 1115 713 789 1075 1067 1063 769 1125 1005 807
 1151 794 880 967 924 1008 830 996 1107 1058 792 1033 984 987 826
 753 939 762 896 1146 765 1088 720 1017 741 783 839 926 954 899
 905 749 825 729 1024 1103 1040 1116 904 971 867 817 1025 811 860
 1019 887 888 754 1112 1037 717 785 738 1010 1000 976 1091 879 865
 986 1109 819 1016 966 1032 866 1031 801 935 941 813 884 1095 985
 968 831 820 998 969 805 956 999 795 734 921 993 1046 1021 798
 1148 1041 736 925 1050 727 989 835 1092 934 874 1039 869 797 943
 1089 1029 1055 1093 780 731 995 782 923 1139 802 845 1094 1098 1007
 965 857 895 883 1028 890 714 912 1111 742 756 938 712 1026 936
 886 919 914 716 1011 1003 1002 755 1113 1027 947 744 715 788 1070
 1127 791 1081 1085 1071 1126 909 786 910 1064 1066 1123 1084 768 1077
 767 1083 1074 906 1122 790 908 746 982 983 959 774 953 773 747
 981 927 932 1061 979 778 929 957 1049 758 1128 1060 980 775 863
 759 931 777 1130 854 757 952 781 1133 1044 840 832 1108 1080 907
 1065 787 770 1073 809 1135 963 990 718 858 855 721 940 818 1120
 1038 849 846 893 837 828 737 800 871 764 1143 827 1051
0 10 12 11 17 18 16 14 15 13 1 3 2 9
 7 8 6 4 5 22 23 24 19 20 21 29 28 30 26
 25 27 54 53 52 40 42 41 64 66 65 34 36 35 57
 55 56 58 59 60 63 62 61 33 32 31 44 45 43 46
 47 48 51 50 49 37 39 38 70 72 71 67 69 68 73
 137 136 143 142 141 139 140 138 85 86 87 82 83 84 240
 239 238 255 253 254 250 252 251 220 222 221 241 242 243 234
 232 233 225 224 223 235 237 236 214 216 215 219 217 218 227
 228 226 229 230 231 248 247 249 246 245 244 212 211 213 210
 209 208 75 74 81 79 80 78 77 76 144 147 146 145 550
 551 552 260 259 261 568 569 570 576 575 574 582 581 580 266
 265 267 544 545 546 257 256 258 549 548 547 554 553 555 562
 563 564 557 558 556 560 559 561 567 565 566 583 584 585 264
 262 263 588 587 586 589 591 590 579 577 578 572 571 573 135
 134 133 131 130 132 112 114 113 116 117 115 97 99 98 108
 107 106 120 118 119 121 122 123 104 105 103 109 111 110 90
 89 88 100 101 102 129 128 127 125 124 126 94 96 95 92
 93 91 170 169 171 152 151 153 194 195 193 164 163 165 478
 479 480 288 286 287 284 285 283 489 487 488 452 451 453 276
 274 275 272 273 271 351 349 350 497 498 496 450 448 449 354
 353 352 485 486 484 475 477 476 500 501 499 492 490 491 356
 355 357 507 506 505 457 459 458 512 513 511 336 334 335 463
 465 464 345 344 343 326 327 325 363 362 361 504 502 503 333
 332 331 495 494 493 290 291 289 300 299 298 314 313 315 509
 508 510 339 338 337 411 409 410 397 398 399 381 379 380 388
 390 389 391 393 392 371 372 370 413 414 412 419 420 418 373
 375 374 376 378 377 415 416 417 367 368 369 421 422 423 529
 531 530 524 525 523 365 366 364 384 382 383 394 395 396 387
 385 386 400 401 402 520 522 521 543 542 541 536 535 537 514
 515 516 436 437 438 481 482 483 447 446 445 444 443 442 296
 297 295 281 280 282 473 472 474 319 321 320 460 461 462 328
 330 329 466 467 468 469 470 471 455 454 456 304 306 305 268
 269 270 439 440 441 303 301 302 278 279 277 311 312 310 348
 347 346 294 292 293 309 307 308 341 342 340 318 317 316 359
 358 360 324 322 323 433 434 435 526 527 528 424 426 425 408
 406 407 517 518 519 403 405 404 540 539 538 431 430 432 534
 533 532 429 428 427 166 167 168 174 173 172 148 149 150 176
 175 177 183 181 182 185 184 186 178 179 180 188 189 187 154
 155 156 206 205 207 159 158 157 203 204 202 162 161 160 190
 191 192 198 197 196 199 201 200 622 624 623 601 602 603 611
 610 612 595 596 597 625 627 626 614 613 615 599 598 600 608
 607 609 621 620 619 618 617 616 592 594 593 604 606 605 635
 634 636 638 639 637 629 628 630 633 631 632 641 640 645 646
 647 642 643 644 711 715 716 717 712 713 714 777 779 778 776
 774 775 772 773 785 784 783 782 781 780 804 805 806 812 810
 811 791 790 789 787 786 788 816 817 818 807 809 808 823 824
 822 821 820 819 798 800 799 802 803 801 825 826 827 815 814
 813 796 797 795 793 792 794 648 652 653 654 649 650 651 722
 721 723 719 718 720 874 875 873 870 871 872 894 896 895 880
 879 881 897 898 899 877 878 876 903 905 904 865 864 866 892
 893 891 884 882 883 901 900 902 868 867 869 887 886 885 889
 888 890 909 911 910 908 907 906 661 662 659 660 658 655 657
 656 668 667 666 665 664 663 679 678 680 677 676 675 709 708
 710 707 705 706 693 695 694 698 696 697 669 670 671 684 686
 685 673 674 672 704 703 702 681 682 683 692 691 690 689 687
 688 699 700 701 844 843 845 842 841 840 862 863 861 853 852
 854 833 832 831 829 828 830 856 855 857 859 858 860 838 837
 839 847 846 848 850 849 851 836 834 835 746 745 747 758 757
 759 727 728 729 726 724 725 741 739 740 734 733 735 752 753
 751 762 761 760 764 763 765 750 748 749 730 732 731 736 737
 738 755 754 756 742 744 743 771 770 769 766 768 767 1053 1054
 1055 1087 1086 1088 1061 1060 1059 992 991 990 978 979 980 935 933
 934 957 958 959 928 929 927 1044 1046 1045 1020 1021 1022 981 983
 982 1048 1047 1049 1089 1091 1090 955 956 954 953 951 952 930 931
 932 1026 1027 1028 1011 1013 1012 1097 1095 1096 1093 1092 1094 996 997
 998 1032 1034 1033 924 925 926 942 944 943 1000 1001 999 1018 1017
 1019 923 922 921 1106 1104 1105 972 973 974 986 984 985 1057 1056
 1058 1108 1107 1109 1025 1023 1024 963 965 964 1099 1100 1098 988 987
 989 939 940 941 1009 1010 1008 960 961 962 1101 1102 1103 975 977
 976 1038 1040 1039 1035 1037 1036 1112 1111 1110 936 938 937 946 945
 947 1115 1113 1114 912 913 914 1003 1002 1004 920 919 918 1068 1070
 1069 1079 1078 1077 1062 1064 1063 1082 1081 1080 1085 1083 1084 1067 1066
 1065 1073 1072 1071 1075 1076 1074 916 915 917 948 950 949 970 969
 971 967 968 966 1016 1014 1015 1029 1030 1031 994 995 993 1006 1005
 1007 1043 1042 1041 1051 1052 1050 1140 1141 1142 1128 1129 1130 1126 1127
 1125 1124 1122 1123 1119 1120 1121 1148 1146 1147 1150 1149 1151 1144 1143
 1145 1116 1117 1118 1138 1137 1139 1132 1133 1131 1135 1134 1136
1 0 2 9 5 8 6 4 3 7 121 113 134 111
 83 102 99 127 93 90 81 92 100 108 126 73 132 135 133
 130 131 115 114 117 116 74 112 109 96 107 91 86 118 129
 120 88 106 77 82 79 119 97 110 125 78 122 75 103 84
 124 94 105 123 104 87 128 80 89 85 98 101 95 76 28
 32 37 40 43 22 62 69 58 44 51 71 63 17 54 45
 13 56 57 41 70 16 20 59 24 50 55 64 39 65 72
 23 15 47 18 68 19 67 52 33 36 34 31 35 11 38
 66 10 48 60 53 42 49 14 21 61 46 29 12 25 26
 27 30 469 514 449 535 503 138 439 256 638 408 366 392 216
 579 202 552 456 249 209 576 157 381 370 410 378 417 396 310
 308 404 564 190 348 363 288 611 240 351 479 624 476 336 345
 522 276 291 597 459 178 628 318 558 527 175 485 339 608 237
 463 510 181 444 591 594 545 172 402 222 225 426 160 587 574
 436 374 158 212 373 271 588 452 221 149 293 376 618 217 398
 393 399 559 443 530 504 627 260 331 286 193 325 534 477 585
 230 630 626 186 450 270 550 164 407 305 306 606 201 520 231
 512 179 340 284 528 252 441 565 139 354 567 480 422 482 580
 153 307 206 394 219 622 434 533 317 513 583 338 432 488 194
 499 361 490 605 274 632 324 562 571 387 215 395 617 420 419
 205 377 145 304 406 311 519 151 517 301 309 328 268 247 621
 204 386 531 589 600 207 416 616 335 433 327 492 199 344 163
 330 455 342 614 177 497 508 603 254 465 498 596 243 227 566
 266 258 257 251 352 430 484 446 464 601 171 502 184 429 475
 166 435 625 427 537 382 570 372 313 516 147 568 462 379 146
 412 364 555 297 586 213 438 208 383 155 380 150 321 223 156
 409 569 298 220 319 315 515 314 296 273 162 573 620 578 312
 582 302 329 551 246 413 414 365 437 390 159 400 292 320 299
 148 401 242 290 188 385 577 368 198 607 431 631 495 346 526
 262 613 411 460 384 233 494 563 511 629 505 185 536 259 549
 546 540 137 391 397 403 581 518 481 238 358 575 389 211 458
 241 474 136 636 637 635 639 634 278 275 200 261 428 448 543
 333 362 547 592 355 263 556 341 423 239 142 489 486 197 472
 189 595 267 250 140 281 529 182 500 542 287 235 169 496 445
 487 609 141 360 478 415 218 418 245 165 248 332 612 501 170
 509 253 544 524 356 532 334 167 483 349 143 473 226 289 521
 277 491 323 191 493 598 280 442 192 633 234 244 454 269 203
 572 369 316 507 229 173 548 523 593 525 538 183 599 560 371
 461 154 161 554 451 388 210 375 453 424 295 405 303 152 176
 264 283 214 619 367 353 440 265 557 615 285 602 236 255 541
 195 610 539 357 174 457 187 228 279 604 343 421 350 359 337
 447 196 272 425 553 224 300 294 561 282 590 326 168 623 322
 232 347 180 506 584 468 144 471 467 466 470 640 649 648 651
 653 654 652 650 647 643 644 646 641 642 645 686 701 703 663
 655 709 676 688 693 692 710 657 667 691 695 674 656 659 699
 706 680 679 677 675 661 678 682 660 685 668 694 665 705 704
 681 689 662 669 700 683 696 708 673 666 670 687 671 698 707
 684 658 697 702 664 690 672 766 943 858 993 798 1012 982 1127
 1073 1064 1067 908 1085 909 1070 1063 1076 790 1084 1121 854 890 1020
 799 836 1000 739 1117 800 870 1029 863 886 1015 878 803 933 899
 1133 733 801 745 1003 1146 802 844 969 1018 730 773 763 1054 1039
 1057 1049 1102 1108 1113 1087 1092 711 1094 764 1118 1025 1028 941 967
 850 1068 1071 786 1083 1080 1122 725 1091 1103 1097 785 1111 961 1058
 1045 1042 792 1061 749 742 737 712 757 732 1002 845 934 1009 928
 815 1132 818 957 1138 948 1016 989 925 972 1128 838 823 1136 1037
 830 852 805 922 1145 851 919 817 840 897 814 847 1150 971 867
 758 1140 736 809 912 883 839 740 776 1023 1147 935 746 1120 921
 977 717 973 915 931 893 1035 887 810 950 981 1031 834 1004 876
 1148 894 926 917 759 1019 998 853 992 975 856 738 864 873 756
 995 929 1151 947 984 891 829 1130 753 914 959 841 734 885 1139
 956 903 1044 1038 1059 1051 963 729 1100 1112 1109 1089 719 1119 991
 806 812 955 1014 882 824 752 1032 884 1129 741 831 1027 945 848
 1008 892 1134 827 875 953 942 1001 774 1026 986 932 1135 990 923
 888 715 978 924 979 974 896 874 820 859 855 808 748 938 842
 1131 902 1043 1050 1046 796 1047 754 860 952 939 779 1144 1010 879
 1149 994 951 821 895 988 716 1011 1021 1030 944 819 755 750 866
 1141 970 997 713 1005 920 940 1034 913 822 813 946 881 1143 1007
 968 714 868 1017 1022 871 983 936 898 958 872 835 1013 930 826
 828 775 1116 833 916 980 987 857 1142 744 861 811 1137 1006 849
 778 996 869 731 960 1040 797 762 901 1060 765 1053 1055 905 1056
 795 760 793 1052 794 900 965 904 962 1048 1041 964 761 1099 1104
 784 781 1107 724 723 1105 1110 1106 728 1095 780 1101 718 727 783
 722 1115 726 720 1086 1088 1093 787 911 1125 768 1077 1078 1066 1074
 1081 769 1072 910 771 1062 788 907 1123 1075 772 1079 767 791 1065
 1124 1126 770 1069 789 906 1082 954 862 949 777 966 918 1096 1098
 721 1114 782 1090 1033 751 837 846 880 927 877 843 747 832 999
 1024 865 743 807 804 889 976 825 985 1036 937 735 816
