0 1 2 3 4 5 6 7 8
0 9 10 11 12 13 14 15 16
0 20 27 28 29 34 35 50 51
0 21 26 30 31 40 41 44 45
0 17 64 65 66 67 68 69 70
0 25 36 48 52 59 76 79 88
0 24 37 49 53 58 75 80 87
0 23 33 47 54 57 72 73 84
0 22 32 46 55 56 71 74 83
0 18 39 43 61 63 78 82 86
0 19 38 42 60 62 77 81 85
1 89 90 91 92 93 94 95 96
1 168 176 203 204 205 206 207 208
1 169 177 191 192 193 194 201 202
1 167 178 195 196 197 198 199 200
1 171 182 184 210 216 226 229 236
1 170 181 183 209 215 225 230 235
1 175 188 190 212 218 223 232 234
1 174 187 189 211 217 224 231 233
1 173 180 186 213 220 222 228 238
1 172 179 185 214 219 221 227 237
6 105 318 360 426 434 436 446 690
5 104 317 359 425 433 435 445 689
4 109 316 358 428 432 438 444 691
3 108 315 357 427 431 437 443 692
3 107 320 362 424 429 440 442 688
4 106 319 361 423 430 439 441 687
8 164 336 390 394 606 630 643 728
7 163 335 389 393 605 629 644 727
7 160 350 392 412 604 614 623 724
8 159 349 391 411 603 613 624 723
7 156 338 400 409 600 628 642 718
8 155 337 399 410 599 627 641 717
7 154 340 406 416 592 619 638 716
8 153 339 405 415 591 620 637 715
6 166 334 388 420 608 612 636 721
5 165 333 387 419 607 611 635 722
5 162 342 396 398 596 618 631 714
6 161 341 395 397 595 617 632 713
6 150 348 404 413 602 610 640 726
5 149 347 403 414 601 609 639 725
4 158 346 408 417 598 616 634 720
3 157 345 407 418 597 615 633 719
3 152 344 402 422 594 622 626 711
4 151 343 401 421 593 621 625 712
8 146 328 376 386 567 578 584 586
7 145 327 375 385 568 577 583 585
5 148 330 378 384 572 573 576 588
6 147 329 377 383 571 574 575 587
4 144 332 380 382 570 580 581 590
3 143 331 379 381 569 579 582 589
2 142 322 356 538 544 554 557 564
2 141 321 355 537 543 553 558 563
2 140 326 352 540 548 551 556 562
2 139 325 351 539 547 552 555 561
2 138 324 354 541 546 550 560 566
2 137 323 353 542 545 549 559 565
8 136 314 516 518 526 530 532 693
7 135 313 515 517 525 529 531 694
8 134 312 510 511 520 524 534 696
7 133 311 509 512 519 523 533 695
5 132 310 508 514 522 527 536 698
6 131 309 507 513 521 528 535 697
8 124 304 374 460 468 474 497 708
7 123 303 373 459 467 473 498 707
5 130 308 372 476 483 494 500 702
6 129 307 371 475 484 493 499 701
6 120 298 368 466 482 486 491 710
5 119 297 367 465 481 485 492 709
4 128 306 364 472 487 502 504 704
3 127 305 363 471 488 501 503 703
3 126 302 366 464 479 490 496 700
4 125 301 365 463 480 489 495 699
4 122 300 370 462 469 478 506 706
3 121 299 369 461 470 477 505 705
2 117 296 451 452 453 454 455 456
2 118 295 447 448 449 450 457 458
2 116 288 673 674 675 676 677 678
8 113 292 646 656 662 668 670 686
7 112 291 645 655 661 667 669 685
6 111 290 648 650 658 664 680 684
5 110 289 647 649 657 663 679 683
4 115 294 652 654 660 666 672 682
3 114 293 651 653 659 665 671 681
2 97 281 282 283 284 285 286 287
7 103 240 246 254 262 264 274 277
8 102 239 245 253 261 263 273 278
6 99 242 250 256 257 266 270 280
5 98 241 249 255 258 265 269 279
3 101 244 247 252 260 268 272 276
4 100 243 248 251 259 267 271 275
9 89 97 98 99 100 101 102 103
9 168 296 297 298 301 302 311 312
9 169 295 299 300 303 304 309 310
9 167 288 315 316 333 334 335 336
9 171 292 307 317 322 332 344 350
9 170 291 308 318 321 331 343 349
9 175 290 305 319 326 330 338 339
9 174 289 306 320 325 329 337 340
9 172 294 313 323 328 342 345 348
9 173 293 314 324 327 341 346 347
10 90 281 711 712 713 714 715 716
16 96 287 690 698 699 703 724 728
15 95 286 689 697 700 704 723 727
14 94 283 688 696 702 707 720 721
13 93 282 687 695 701 708 719 722
12 92 285 692 693 706 709 718 726
11 91 284 691 694 705 710 717 725
15 112 214 358 460 465 540 569 595
16 113 213 357 459 466 539 570 596
12 115 209 388 464 508 538 567 592
11 114 210 387 463 507 537 568 591
14 110 212 390 462 509 542 571 594
13 111 211 389 461 510 541 572 593
15 137 204 416 419 446 505 590 686
16 138 203 415 420 445 506 589 685
12 141 206 373 418 504 588 643 684
11 142 205 374 417 503 587 644 683
14 140 208 371 421 536 585 641 681
13 139 207 372 422 535 586 642 682
15 147 202 355 441 443 531 534 679
16 148 201 356 442 444 532 533 680
15 164 230 271 362 499 566 628 631
16 163 229 272 361 500 565 627 632
15 136 232 279 407 555 621 623 636
16 135 231 280 408 556 622 624 635
11 166 234 269 412 530 561 625 633
12 165 233 270 411 529 562 626 634
12 130 236 276 410 439 559 617 629
11 129 235 275 409 440 560 618 630
13 127 228 278 359 438 563 619 640
14 128 227 277 360 437 564 620 639
13 108 237 274 414 436 502 557 637
14 109 238 273 413 435 501 558 638
15 133 196 268 404 405 527 616 678
16 134 195 267 403 406 528 615 677
13 162 198 266 370 399 496 614 676
14 161 197 265 369 400 495 613 675
12 107 200 264 368 401 433 497 674
11 106 199 263 367 402 434 498 673
14 160 192 260 354 491 584 611 672
13 159 191 259 353 492 583 612 671
11 126 194 262 352 494 581 610 670
12 125 193 261 351 493 582 609 669
10 105 220 249 376 429 548 605 660
10 104 219 250 375 430 547 606 659
10 158 225 245 378 431 545 604 658
10 157 226 246 377 432 546 603 657
10 155 218 248 379 554 602 607 667
10 156 217 247 380 553 601 608 668
15 122 224 239 385 483 486 544 665
16 121 223 240 386 484 485 543 666
11 132 222 242 381 487 524 549 661
12 131 221 241 382 488 523 550 662
13 123 215 244 383 489 526 551 663
14 124 216 243 384 490 525 552 664
10 116 178 471 472 475 476 517 518
10 117 176 479 480 481 482 519 520
10 118 177 473 474 477 478 521 522
12 145 188 398 426 428 458 511 653
11 146 187 397 425 427 457 512 654
14 143 189 396 423 456 513 516 655
13 144 190 395 424 455 514 515 656
15 152 186 254 365 448 573 599 650
16 151 185 253 366 447 574 600 649
16 150 181 255 364 452 468 577 651
15 149 182 256 363 451 467 578 652
11 154 179 252 391 454 469 576 648
12 153 180 251 392 453 470 575 647
13 120 184 258 394 449 579 598 645
14 119 183 257 393 450 580 597 646
20 89 118 133 134 143 144 165 166
21 89 117 131 132 151 152 159 160
17 89 110 111 112 113 114 115 116
25 89 105 109 121 123 130 142 164
24 89 104 108 122 124 129 141 163
23 89 119 125 127 138 146 147 156
22 89 120 126 128 137 145 148 155
18 89 107 136 140 150 154 158 162
19 89 106 135 139 149 153 157 161
20 169 281 357 358 371 372 391 392
21 168 281 363 364 387 388 399 400
17 167 281 365 366 373 374 413 414
25 200 294 454 589 599 639 695 713
24 199 293 453 590 600 640 696 714
23 237 292 428 440 536 565 697 716
22 238 291 427 439 535 566 698 715
20 225 294 385 490 563 587 709 728
20 226 293 386 489 564 588 710 727
21 236 290 362 506 554 638 708 725
21 235 289 361 505 553 637 707 726
24 194 290 422 458 481 516 616 724
25 193 289 421 457 482 515 615 723
18 224 292 420 470 480 498 552 722
19 223 291 419 469 479 497 551 721
20 220 290 369 433 467 502 560 627
20 219 289 370 434 468 501 559 628
21 231 294 393 426 443 494 526 547
21 232 293 394 425 444 493 525 548
25 233 290 366 522 534 561 580 583
24 234 289 365 521 533 562 579 584
24 222 294 406 424 550 607 613 636
25 221 293 405 423 549 608 614 635
22 197 292 383 451 478 485 529 633
23 198 291 384 452 477 486 530 634
18 202 291 414 432 450 488 630 632
19 201 292 413 431 449 487 629 631
24 205 285 292 360 441 476 496 577
25 206 284 291 359 442 475 495 578
22 208 286 290 381 438 523 596 606
23 207 287 289 382 437 524 595 605
18 204 283 294 412 466 474 572 626
19 203 282 293 411 465 473 571 625
18 214 258 290 542 624 644 692 712
19 213 257 289 541 623 643 691 711
21 228 267 292 368 509 546 569 576
21 227 268 291 367 510 545 570 575
18 230 262 293 410 472 514 528 558
19 229 261 294 409 471 513 527 557
22 212 255 266 294 373 520 540 705
23 211 256 265 293 374 519 539 706
20 218 254 260 292 397 556 593 609
20 217 253 259 291 398 555 594 610
23 215 251 263 290 407 517 543 611
22 216 252 264 289 408 518 544 612
25 209 250 279 292 537 642 703 720
24 210 249 280 291 538 641 704 719
23 191 246 276 294 435 447 499 591
22 192 245 275 293 436 448 500 592
18 196 248 278 289 456 464 484 568
19 195 247 277 290 455 463 483 567
18 186 312 354 372 380 418 690 694
19 185 311 353 371 379 417 689 693
25 184 309 354 364 378 402 416 693
24 183 310 353 363 377 401 415 694
23 186 303 352 379 388 390 403 687
22 185 304 351 380 387 389 404 688
23 184 302 356 375 391 396 401 404
22 183 301 355 376 392 395 402 403
17 176 295 383 384 405 406 691 692
17 177 296 359 360 407 408 409 410
23 190 288 446 504 604 622 702 717
22 189 288 445 503 603 621 701 718
20 176 288 507 508 531 532 597 598
18 182 288 430 492 512 574 582 620
19 181 288 429 491 511 573 581 619
21 177 269 270 288 585 586 699 700
25 180 272 274 288 460 462 602 618
24 179 271 273 288 459 461 601 617
17 182 247 313 352 368 370 696 698
17 181 248 314 351 367 369 695 697
17 190 249 307 354 361 381 385 411
17 189 250 308 353 362 382 386 412
17 180 245 306 356 393 397 419 422
17 179 246 305 355 394 398 420 421
18 188 242 244 300 356 376 400 689
19 187 241 243 299 355 375 399 690
25 188 239 243 297 352 357 377 389
24 187 240 244 298 351 358 378 390
20 178 241 242 296 415 416 687 688
21 178 239 240 295 395 396 417 418
43 92 335 381 399 435 482 556 590
42 91 336 382 400 436 481 555 589
41 92 342 366 390 434 451 472 619
40 91 341 365 389 433 452 471 620
39 93 334 401 409 485 534 548 594
38 94 333 402 410 486 533 547 593
37 95 337 368 372 473 495 503 543
36 96 338 367 371 474 496 504 544
35 93 339 364 412 448 479 536 617
34 94 340 363 411 447 480 535 618
33 94 318 357 394 478 550 568 573
32 93 317 358 393 477 549 567 574
31 95 327 378 420 439 455 524 597
30 96 328 377 419 440 456 523 598
29 92 329 376 407 423 449 459 494
28 91 330 375 408 424 450 460 493
88 90 347 356 463 501 510 529 636
87 90 348 355 464 502 509 530 635
86 90 349 352 438 505 513 577 588
85 90 350 351 437 506 514 578 587
84 96 298 398 430 541 599 633 638
83 95 297 397 429 542 600 634 637
82 94 302 386 487 515 540 575 601
81 93 301 385 488 516 539 576 602
80 92 312 369 444 527 537 604 612
79 91 311 370 443 528 538 603 611
78 96 308 395 431 462 467 562 591
77 95 307 396 432 461 468 561 592
76 94 314 418 441 445 557 605 610
75 93 313 417 442 446 558 606 609
74 96 309 414 517 559 569 581 613
73 95 310 413 518 560 570 582 614
72 92 304 422 484 531 546 625 639
71 91 303 421 483 532 545 626 640
26 90 296 497 498 499 500 579 580
70 90 288 661 662 663 664 665 666
69 94 290 651 654 657 669 676 686
68 93 289 652 653 658 670 675 685
67 91 292 649 655 660 671 678 684
66 92 291 650 656 659 672 677 683
65 95 294 645 647 668 673 680 681
64 96 293 646 648 667 674 679 682
63 95 259 272 326 360 387 519 643
62 96 260 271 325 359 388 520 644
61 91 256 273 345 361 392 522 551
60 92 255 274 346 362 391 521 552
59 93 263 270 331 380 406 564 631
58 94 264 269 332 379 405 563 632
57 90 253 266 320 354 425 616 629
56 90 254 265 319 353 426 615 630
27 90 251 252 295 465 466 641 642
55 94 244 267 323 374 475 508 623
54 93 243 268 324 373 476 507 624
53 96 242 261 344 384 553 583 621
52 95 241 262 343 383 554 584 622
51 95 250 278 315 403 458 469 525
50 96 249 277 316 404 457 470 526
49 91 248 276 321 416 571 586 596
48 92 247 275 322 415 572 585 595
47 91 240 258 306 490 511 566 608
46 92 239 257 305 489 512 565 607
45 93 246 279 300 427 453 491 627
44 94 245 280 299 428 454 492 628
82 104 169 463 566 622 646 695 726
81 105 169 464 565 621 645 696 725
27 116 168 583 584 631 632 705 706
70 118 168 439 440 623 624 639 640
26 116 169 423 424 485 486 643 644
84 129 167 380 509 551 651 709 723
83 130 167 379 510 552 652 710 724
84 158 169 381 525 557 578 617 649
83 157 169 382 526 558 577 618 650
82 127 167 378 426 544 625 627 655
81 128 167 377 425 543 626 628 656
80 136 167 260 375 506 535 549 647
79 135 167 259 376 505 536 550 648
70 117 169 263 264 571 572 703 704
26 118 167 261 262 595 596 719 720
27 117 167 257 258 441 442 591 592
79 155 169 265 268 420 562 619 654
80 156 169 266 267 419 561 620 653
78 109 168 247 530 550 649 701 727
77 108 168 248 529 549 650 702 728
75 147 168 245 433 552 581 615 645
76 148 168 246 434 551 582 616 646
46 154 168 249 460 513 543 593 653
47 153 168 250 459 514 544 594 654
88 159 224 342 543 617 667 688 691
87 160 223 341 544 618 668 687 692
74 156 200 318 514 516 556 691 700
73 155 199 317 513 515 555 692 699
72 115 197 339 545 579 618 690 727
71 114 198 340 546 580 617 689 728
68 159 210 315 423 433 540 690 716
69 160 209 316 424 434 539 689 715
67 148 230 335 561 575 613 687 711
66 147 229 336 562 576 614 688 712
63 112 208 323 425 511 521 687 703
62 113 207 324 426 512 522 688 704
55 158 223 336 453 494 501 583 697
54 157 224 335 454 493 502 584 698
75 165 227 327 376 499 676 691 703
76 166 228 328 375 500 675 692 704
73 151 205 330 376 559 665 695 721
74 152 206 329 375 560 666 696 722
53 117 230 345 397 438 685 693 702
52 117 229 346 398 437 686 694 701
52 154 213 319 395 477 678 696 709
53 153 214 320 396 478 677 695 710
68 134 238 330 377 498 557 700 706
69 133 237 329 378 497 558 699 705
55 110 204 326 391 608 629 699 719
54 111 203 325 392 607 630 700 720
43 119 195 350 394 559 602 704 705
42 120 196 349 393 560 601 703 706
61 139 218 315 364 499 523 683 696
60 140 217 316 363 500 524 684 695
51 141 191 320 400 602 625 686 698
50 142 192 319 399 601 626 685 697
63 155 221 316 422 452 587 631 707
62 156 222 315 421 451 588 632 708
61 166 193 346 393 496 543 573 715
60 165 194 345 394 495 544 574 716
53 154 212 347 382 449 475 627 700
52 153 211 348 381 450 476 628 699
48 115 205 321 404 492 525 627 711
49 114 206 322 403 491 526 628 712
45 107 218 323 384 436 459 463 723
44 106 217 324 383 435 460 464 724
40 120 219 326 406 470 578 625 702
41 119 220 325 405 469 577 626 701
39 108 209 319 419 447 518 585 710
38 109 210 320 420 448 517 586 709
36 133 191 318 361 503 552 567 714
37 134 192 317 362 504 551 568 713
68 164 217 323 395 577 582 611 625
69 163 218 324 396 578 581 612 626
68 124 202 350 388 429 454 489 596
69 123 201 349 387 430 453 490 595
66 120 225 325 418 460 463 536 600
67 119 226 326 417 459 464 535 599
64 151 215 348 416 427 552 601 643
65 152 216 347 415 428 551 602 644
65 108 193 332 376 452 465 507 638
64 109 194 331 375 451 466 508 637
63 153 192 321 366 576 598 605 636
62 154 191 322 365 575 597 606 635
61 147 219 344 373 444 455 618 641
60 148 220 343 374 443 456 617 642
50 113 216 343 418 481 499 549 619
51 112 215 344 417 482 500 550 620
48 162 194 325 386 439 446 471 509
49 161 193 326 385 440 445 472 510
45 126 224 319 359 468 550 571 604
44 125 223 320 360 467 549 572 603
34 158 210 338 383 505 511 539 639
35 157 209 337 384 506 512 540 640
32 111 226 342 400 441 457 497 622
33 110 225 341 399 442 458 498 621
31 146 221 340 369 466 476 551 621
30 145 222 339 370 465 475 552 622
45 156 214 346 402 413 538 663 728
44 155 213 345 401 414 537 664 727
27 150 236 324 390 419 503 515 660
27 149 235 323 389 420 504 516 659
27 123 227 325 381 401 528 573 668
27 124 228 326 382 402 527 574 667
86 152 211 336 371 406 439 537 657
85 151 212 335 372 405 440 538 658
78 157 227 317 374 416 458 612 666
77 158 228 318 373 415 457 611 665
78 141 232 333 383 391 471 580 685
77 142 231 334 384 392 472 579 686
71 109 211 350 418 419 521 627 673
72 108 212 349 417 420 522 628 674
57 122 200 344 386 387 450 619 658
56 121 199 343 385 388 449 620 657
57 120 233 315 367 415 558 623 660
56 119 234 316 368 416 557 624 659
55 146 196 322 364 398 424 473 664
54 145 195 321 363 397 423 474 663
48 147 199 323 372 408 479 638 662
49 148 200 324 371 407 480 637 661
47 162 231 332 369 377 448 643 661
46 161 232 331 370 378 447 644 662
43 105 203 338 365 396 427 563 662
42 104 204 337 366 395 428 564 661
40 138 197 348 358 410 429 583 683
41 137 198 347 357 409 430 584 684
41 121 191 330 380 397 623 641 674
40 122 192 329 379 398 624 642 673
39 117 234 318 369 403 460 629 682
38 117 233 317 370 404 459 630 681
35 154 233 328 360 379 444 566 663
34 153 234 327 359 380 443 565 664
37 131 217 339 356 619 679 705 720
36 132 218 340 355 620 680 706 719
33 154 226 334 351 483 637 672 703
32 153 225 333 352 484 638 671 704
75 155 231 338 354 469 508 595 671
76 156 232 337 353 470 507 596 672
50 104 197 346 352 488 586 623 680
51 105 198 345 351 487 585 624 679
46 144 235 315 356 476 571 599 669
47 143 236 316 355 475 572 600 670
29 109 196 341 353 520 576 622 669
28 108 195 342 354 519 575 621 670
72 150 192 297 467 547 662 691 719
71 149 191 298 468 548 661 692 720
58 118 215 306 576 578 681 690 718
59 118 216 305 575 577 682 689 717
39 135 194 307 545 599 663 688 706
38 136 193 308 546 600 664 687 705
51 136 211 305 485 538 581 707 713
50 135 212 306 486 537 582 708 714
78 160 200 306 461 465 565 606 610
77 159 199 305 462 466 566 605 609
66 150 222 299 519 544 580 586 609
67 149 221 300 520 543 579 585 610
64 144 214 303 426 445 479 537 584
65 143 213 304 425 446 480 538 583
47 131 196 313 431 445 489 561 641
46 132 195 314 432 446 490 562 642
32 127 218 308 454 528 585 616 643
33 128 217 307 453 527 586 615 644
78 146 236 310 385 436 677 711 720
77 145 235 309 386 435 678 712 719
47 137 228 300 411 597 683 713 724
46 138 227 299 412 598 684 714 723
45 141 196 297 381 532 682 716 721
44 142 195 298 382 531 681 715 722
86 161 215 304 398 533 549 660 700
85 162 216 303 397 534 550 659 699
56 133 210 300 366 493 541 668 702
57 134 209 299 365 494 542 667 701
88 143 230 298 373 469 565 586 657
87 144 229 297 374 470 566 585 658
86 163 198 301 362 457 508 571 668
85 164 197 302 361 458 507 572 667
73 118 222 308 389 444 464 491 686
74 118 221 307 390 443 463 492 685
63 156 216 298 411 442 494 502 678
62 155 215 297 412 441 493 501 677
61 151 226 299 359 516 529 595 673
60 152 225 300 360 515 530 596 674
58 164 207 300 367 471 556 592 664
59 163 208 299 368 472 555 591 663
55 105 224 311 422 570 588 591 675
54 104 223 312 421 569 587 592 676
50 107 238 311 394 476 561 595 666
51 106 237 312 393 475 562 596 665
45 130 202 306 415 513 519 633 676
44 129 201 305 416 514 520 634 675
36 136 220 313 387 428 571 579 677
37 135 219 314 388 427 572 580 678
33 141 220 309 408 510 512 631 681
32 142 219 310 407 509 511 632 682
30 127 210 314 392 482 542 631 666
31 128 209 313 391 481 541 632 665
28 140 201 301 405 426 461 517 683
29 139 202 302 406 425 462 518 684
59 146 212 296 432 573 671 724 726
58 145 211 296 431 574 672 723 725
63 129 238 295 567 589 593 604 679
62 130 237 295 568 590 594 603 680
54 136 229 295 434 495 523 601 671
55 135 230 295 433 496 524 602 672
43 122 213 296 503 526 536 608 669
42 121 214 296 504 525 535 607 670
88 145 202 287 333 369 417 640 668
87 146 201 286 334 370 418 639 667
71 107 215 280 281 327 462 527 670
72 106 216 279 281 328 461 528 669
53 119 224 275 281 331 511 515 680
52 120 223 276 281 332 512 516 679
39 164 222 277 281 329 445 634 671
38 163 221 278 281 330 446 633 672
27 126 232 273 322 634 657 690 695
27 125 231 274 321 633 658 689 696
65 126 207 267 334 450 467 693 714
64 125 208 268 333 449 468 694 713
39 143 205 251 341 547 619 698 723
38 144 206 252 342 548 620 697 724
34 110 222 268 350 430 436 543 693
35 111 221 267 349 429 435 544 694
30 163 225 265 322 534 535 582 691
31 164 226 266 321 533 536 581 692
43 115 201 252 327 377 555 702 708
42 114 202 251 328 378 556 701 707
49 105 216 253 333 412 455 569 706
48 104 215 254 334 411 456 570 705
78 113 235 266 330 379 453 495 531
77 112 236 265 329 380 454 496 532
74 113 193 258 348 363 469 564 604
73 112 194 257 347 364 470 563 603
66 131 204 273 327 379 457 485 502
67 132 203 274 328 380 458 486 501
53 123 204 265 315 408 546 567 610
52 124 203 266 316 407 545 568 609
46 115 228 262 320 371 452 534 601
47 114 227 261 319 372 451 533 602
45 111 230 253 332 375 503 562 639
44 110 229 254 331 376 504 561 640
51 160 207 255 331 377 410 463 678
50 159 208 256 332 378 409 464 677
41 158 207 272 317 355 613 669 710
40 157 208 271 318 356 614 670 709
45 134 204 257 343 351 517 618 671
44 133 203 258 344 352 518 617 672
31 150 206 263 335 353 478 490 679
30 149 205 264 336 354 477 489 680
75 111 232 272 303 456 487 709 715
76 110 231 271 304 455 488 710 716
31 112 233 260 301 484 557 714 717
30 113 234 259 302 483 558 713 718
75 152 197 251 308 468 512 557 608
76 151 198 252 307 467 511 558 607
71 129 207 253 313 423 470 554 573
72 130 208 254 314 424 469 553 574
68 136 227 275 298 522 563 622 629
69 135 228 276 297 521 564 621 630
67 130 232 280 301 437 474 560 619
66 129 231 279 302 438 473 559 620
64 128 236 278 311 477 556 618 636
65 127 235 277 312 478 555 617 635
61 114 217 264 297 446 449 506 613
60 115 218 263 298 445 450 505 614
53 113 196 274 299 439 548 587 611
52 112 195 273 300 440 547 588 612
39 111 199 255 311 428 553 578 597
38 110 200 256 312 427 554 577 598
29 115 224 269 309 437 551 600 606
28 114 223 270 310 438 552 599 605
87 107 203 259 309 393 451 657 717
88 106 204 260 310 394 452 658 718
88 129 214 264 308 399 539 597 660
87 130 213 263 307 400 540 598 659
56 136 205 270 306 357 435 455 667
57 135 206 269 305 358 436 456 668
35 119 206 262 304 361 431 636 676
34 120 205 261 303 362 432 635 675
49 127 233 255 295 430 670 721 727
48 128 234 256 295 429 669 722 728
78 133 231 263 285 347 421 429 535
77 134 232 264 284 348 422 430 536
75 121 228 256 283 335 398 463 518
76 122 227 255 282 336 397 464 517
64 158 195 269 285 337 389 499 594
65 157 196 270 284 338 390 500 593
47 105 235 260 286 346 406 492 497
46 104 236 259 287 345 405 491 498
69 154 197 253 282 310 443 482 504
68 153 198 254 283 309 444 481 503
61 130 225 267 282 305 404 584 661
60 129 226 268 283 306 403 583 662
57 132 193 271 283 311 383 627 659
56 131 194 272 282 312 384 628 660
37 109 218 258 287 304 409 575 665
36 108 217 257 286 303 410 576 666
33 159 219 262 285 301 419 589 664
32 160 220 261 284 302 420 590 663
72 148 214 259 270 350 457 471 696
71 147 213 260 269 349 458 472 695
33 144 202 255 273 338 368 549 711
32 143 201 256 274 337 367 550 712
66 105 212 251 262 317 363 532 541
67 104 211 252 261 318 364 531 542
49 158 221 254 257 302 673 698 708
48 157 222 253 258 301 674 697 707
43 118 223 265 271 313 402 637 684
42 118 224 266 272 314 401 638 683
36 137 226 251 269 312 413 424 685
37 138 225 252 270 311 414 423 686
74 162 209 268 273 296 605 625 680
73 161 210 267 274 296 606 626 679
36 113 219 244 335 448 513 634 725
37 112 220 243 336 447 514 633 726
68 155 206 242 346 447 461 483 509
69 156 205 241 345 448 462 484 510
59 111 192 240 315 480 527 530 559
58 110 191 239 316 479 528 529 560
41 115 237 242 333 473 516 566 615
40 114 238 241 334 474 515 565 616
86 165 207 240 339 413 454 621 659
85 166 208 239 340 414 453 622 660
75 140 235 241 350 366 486 603 682
76 139 236 242 349 365 485 604 681
74 124 233 246 341 372 487 505 677
73 123 234 245 342 371 488 506 678
72 117 238 244 337 385 581 635 684
71 117 237 243 338 386 582 636 683
58 150 237 247 343 392 425 599 675
59 149 238 248 344 391 426 600 676
43 126 229 250 340 358 510 611 674
42 125 230 249 339 357 509 612 673
29 127 204 243 307 533 674 715 725
28 128 203 244 308 534 673 716 726
73 124 230 247 284 340 426 485 598
74 123 229 248 285 339 425 486 597
66 166 200 244 287 319 525 603 631
67 165 199 243 286 320 526 604 632
59 126 237 249 283 341 506 531 643
58 125 238 250 282 342 505 532 644
43 149 233 245 287 343 424 507 509
42 150 234 246 286 344 423 508 510
86 128 191 241 284 314 459 569 658
85 127 192 242 285 313 460 570 657
63 144 197 246 280 325 665 693 725
62 143 198 245 279 326 666 694 726
65 107 219 239 265 321 487 701 724
64 106 220 240 266 322 488 702 723
55 151 202 250 277 324 579 709 717
54 152 201 249 278 323 580 710 718
29 132 214 245 276 334 495 541 577
28 131 213 246 275 333 496 542 578
39 148 210 239 260 348 382 473 676
38 147 209 240 259 347 381 474 675
34 138 194 248 279 335 395 497 681
35 137 193 247 280 336 396 498 682
41 166 211 248 277 310 442 540 662
40 165 212 247 278 309 441 539 661
30 140 199 250 276 304 502 573 685
31 139 200 249 275 303 501 574 686
61 124 178 331 541 635 654 697 718
60 123 178 332 542 636 653 698 717
46 164 177 344 502 539 647 694 721
47 163 177 343 501 540 648 693 722
70 138 188 343 496 527 606 707 710
70 137 187 344 495 528 605 708 709
57 140 180 331 441 473 612 725 728
56 139 179 332 442 474 611 726 727
30 105 179 337 450 527 529 651 687
31 104 180 338 449 528 530 652 688
86 138 180 332 434 483 520 525 719
85 137 179 331 433 484 519 526 720
57 142 182 327 479 593 596 613 726
56 141 181 328 480 594 595 614 725
70 140 184 341 567 570 607 628 633
70 139 183 342 568 569 608 627 634
88 138 182 330 487 521 526 592 594
87 137 181 329 488 522 525 591 593
29 163 186 348 367 455 603 653 720
28 164 185 347 368 456 604 654 719
76 107 177 339 403 541 587 590 655
75 106 177 340 404 542 588 589 656
73 107 187 333 361 520 564 642 650
74 106 188 334 362 519 563 641 649
72 133 183 336 359 466 487 554 653
71 134 184 335 360 465 488 553 654
63 132 189 322 357 497 517 640 652
62 131 190 321 358 498 518 639 651
59 158 189 345 388 465 533 560 656
58 157 190 346 387 466 534 559 655
59 131 183 320 374 430 483 556 645
58 132 184 319 373 429 484 555 646
55 165 186 321 409 461 482 506 646
54 166 185 322 410 462 481 505 645
49 159 188 325 413 477 500 531 654
48 160 187 326 414 478 499 532 653
48 134 179 324 400 431 438 486 647
49 133 180 323 399 432 437 485 648
37 126 178 328 421 492 539 629 650
36 125 178 327 422 491 540 630 649
40 123 189 312 447 609 648 704 711
41 124 190 311 448 610 647 703 712
35 129 188 314 451 611 645 699 711
34 130 187 313 452 612 646 700 712
53 166 182 301 435 545 642 643 651
52 165 181 302 436 546 641 644 652
53 128 186 305 497 507 547 614 649
52 127 185 306 498 508 548 613 650
43 159 181 303 475 564 616 633 647
42 160 182 304 476 563 615 634 648
39 125 179 309 490 500 554 623 656
38 126 180 310 489 499 553 624 655
31 143 188 282 350 408 591 601 650
30 144 187 283 349 407 592 602 649
50 147 189 284 300 607 629 637 651
51 148 190 285 299 608 630 638 652
32 122 176 276 347 561 656 690 707
33 121 176 275 348 562 655 689 708
86 116 184 275 337 443 609 721 724
85 116 183 276 338 444 610 722 723
88 116 186 280 317 490 523 625 637
87 116 185 279 318 489 524 626 638
57 116 188 277 345 468 535 576 590
56 116 187 278 346 467 536 575 589
61 145 176 279 320 390 557 570 648
60 146 176 280 319 389 558 569 647
37 162 176 277 349 402 493 565 652
36 161 176 278 350 401 494 566 651
32 150 178 271 330 411 437 537 645
33 149 178 272 329 412 438 538 646
44 162 185 251 284 315 385 521 646
45 161 186 252 285 316 386 522 645
40 136 183 274 287 307 479 588 654
41 135 184 273 286 308 480 587 653
34 152 179 266 287 297 472 567 655
35 151 180 265 286 298 471 568 656
88 140 190 261 267 329 427 481 727
87 139 189 262 268 330 428 482 728
70 142 186 255 259 340 431 493 516
70 141 185 256 260 339 432 494 515
86 142 190 257 268 328 433 478 600
85 141 189 258 267 327 434 477 599
63 121 183 261 269 324 370 650 716
62 122 184 262 270 323 369 649 715
29 155 182 240 282 318 440 580 647
28 156 181 239 283 317 439 579 648
55 108 182 241 263 325 444 655 713
54 109 181 242 264 326 443 656 714
78 120 177 243 254 342 524 538 651
77 119 177 244 253 341 523 537 652
26 147 175 461 564 568 660 693 698
26 148 174 462 563 567 659 694 697
79 150 174 409 458 489 569 702 715
80 149 175 410 457 490 570 701 716
67 162 173 358 554 591 615 718 721
66 161 172 357 553 592 616 717 722
79 119 172 362 453 518 593 661 690
80 120 173 361 454 517 594 662 689
35 121 171 414 524 547 571 616 718
34 122 170 413 523 548 572 615 717
29 162 175 374 491 529 553 589 704
28 161 174 373 492 530 554 590 703
82 106 170 368 437 448 532 583 607
81 107 171 367 438 447 531 584 608
64 122 175 392 442 492 513 524 546
65 121 174 391 441 491 514 523 545
82 131 171 389 407 469 675 714 728
81 132 170 390 408 470 676 713 727
26 108 173 404 412 495 511 556 657
26 109 172 403 411 496 512 555 658
84 126 170 400 405 455 521 609 666
83 125 171 399 406 456 522 610 665
79 144 173 363 384 484 606 629 673
80 143 172 364 383 483 605 630 674
83 166 170 354 428 459 471 679 708
84 165 171 353 427 460 472 680 707
80 151 174 352 436 474 597 631 669
79 152 175 351 435 473 598 632 670
83 112 175 283 401 431 434 586 635
84 113 174 282 402 432 433 585 636
82 110 172 286 415 477 493 581 642
81 111 173 287 416 478 494 582 641
79 114 170 285 396 502 520 574 623
80 115 171 284 395 501 519 573 624
82 123 173 270 355 440 468 481 672
81 124 172 269 356 439 467 482 671
82 137 175 253 274 388 476 681 691
81 138 174 254 273 387 475 682 692
50 145 172 263 272 365 514 546 721
51 146 173 264 271 366 513 545 722
68 146 170 258 272 371 529 547 590
69 145 171 257 271 372 530 548 589
83 140 172 240 359 507 686 706 711
84 139 173 239 360 508 685 705 712
80 142 170 246 278 465 684 688 699
79 141 171 245 277 466 683 687 700
84 160 172 248 280 449 503 534 588
83 159 173 247 279 450 504 533 587
26 154 170 243 256 422 445 559 668
26 153 171 244 255 421 446 560 667
83 163 174 242 251 394 479 639 678
84 164 175 241 252 393 480 640 677
82 134 174 249 276 417 451 614 664
81 133 175 250 275 418 452 613 663
41 98 215 432 507 544 589 629 696
40 99 216 431 508 543 590 630 695
75 103 236 357 450 520 625 663 697
76 102 235 358 449 519 626 664 698
47 100 232 414 482 567 577 673 688
46 101 231 413 481 568 578 674 687
32 98 217 365 440 466 525 676 693
33 99 218 366 439 465 526 675 694
31 103 193 374 438 594 607 678 690
30 102 194 373 437 593 608 677 689
69 103 224 403 471 549 598 641 726
68 102 223 404 472 550 597 642 725
66 99 191 402 456 476 506 511 727
67 98 192 401 455 475 505 512 728
64 100 233 400 518 565 573 587 719
65 101 234 399 517 566 574 588 720
58 100 198 420 460 494 523 564 711
59 101 197 419 459 493 524 563 712
36 103 225 382 425 451 461 624 721
37 102 226 381 426 452 462 623 722
84 103 204 370 429 500 516 537 575
83 102 203 369 430 499 515 538 576
82 100 206 397 527 539 579 603 638
81 101 205 398 528 540 580 604 637
80 98 208 386 443 498 541 602 634
79 99 207 385 444 497 542 601 633
88 98 196 360 392 447 581 659 708
87 99 195 359 391 448 582 660 707
86 102 237 363 408 491 561 667 709
85 103 238 364 407 492 562 668 710
56 100 222 396 410 531 551 658 703
57 101 221 395 409 532 552 657 704
29 99 230 387 421 477 557 662 724
28 98 229 388 422 478 558 661 723
63 97 212 367 375 489 615 617 686
62 97 211 368 376 490 616 618 685
55 97 214 361 377 530 609 619 681
54 97 213 362 378 529 610 620 682
53 101 202 389 411 434 536 554 666
52 100 201 390 412 433 535 553 665
49 97 209 380 394 467 513 622 683
48 97 210 379 393 468 514 621 684
78 98 228 351 423 479 628 680 717
77 99 227 352 424 480 627 679 718
61 101 220 353 486 592 639 670 699
60 100 219 354 485 591 640 669 700
34 103 199 356 522 569 643 672 701
35 102 200 355 521 570 644 671 702
51 101 184 445 453 474 509 650 691
50 100 183 446 454 473 510 649 692
27 97 177 427 428 483 484 613 614
70 97 178 435 436 469 470 533 534
26 97 176 487 488 599 600 611 612
73 98 179 418 556 571 583 652 715
74 99 180 417 555 572 584 651 716
45 100 182 371 458 605 635 656 705
44 101 181 372 457 606 636 655 706
43 103 185 384 441 560 586 653 713
42 102 186 383 442 559 585 654 714
71 103 190 415 464 495 547 631 648
72 102 189 416 463 496 548 632 647
39 99 187 405 501 504 546 596 645
38 98 188 406 502 503 545 595 646
