0 1 2 3 5 4 6 9 10 7 8 13 14 11 12 15 16
 24 26 30 28 22 21 25 17 23 18 27 20 29 19 34 36 41 31
 39 32 44 40 35 38 33 43 42 37 46 45 50 52 57 47 58 48
 56 60 59 53 49 51 55 54 62 61 63 64 65 67 66 69 68 70
 71 74 77 72 75 76 73 81 82 83 78 79 80 85 84 89 90 91
 86 87 88 93 92 95 94 103 107 113 115 101 100 114 96 116 118 112
 97 111 120 121 108 106 98 102 99 104 119 105 117 109 110 123 122 125
 124
0 1 2 4 3 6 5 7 9 8 10 12 11 14 13 17 19
 15 25 16 23 26 28 20 27 18 21 24 22 30 29 31 32 40 42
 44 46 38 37 41 33 39 34 43 35 45 36 49 51 47 58 48 57
 55 62 53 61 52 50 60 59 56 54 63 65 64 66 67 69 68 72
 77 70 75 76 73 74 71 78 79 82 85 80 83 84 81 88 93 86
 91 92 89 90 87 96 98 94 106 95 114 116 117 110 120 105 104 97
 122 123 113 102 112 111 109 99 124 100 101 119 118 103 125 107 108 115
 121
0 1 2 5 6 3 4 8 7 10 9 11 13 12 14 18 20
 23 15 25 16 24 30 17 21 19 29 28 27 26 22 33 35 31 39
 32 41 46 42 34 45 36 38 44 43 40 37 47 48 56 55 60 62
 54 53 50 49 58 57 59 51 61 52 63 65 64 67 66 68 69 73
 74 75 70 71 72 77 76 80 85 78 83 84 81 82 79 86 87 90
 93 88 91 92 89 97 99 102 94 112 95 111 110 96 122 123 115 117
 118 109 108 101 100 98 124 116 105 114 106 107 125 121 120 103 104 113
 119
0 2 1 3 5 4 6 11 12 13 14 7 8 9 10 15 16
 18 17 20 19 21 22 25 26 23 24 29 30 27 28 47 48 49 50
 51 52 54 53 58 56 57 55 59 60 61 62 31 32 33 34 35 36
 38 37 42 40 41 39 43 44 45 46 63 64 65 68 69 66 67 70
 71 73 72 77 75 76 74 86 87 88 89 90 91 92 93 78 79 80
 81 82 83 84 85 94 95 97 96 99 98 100 101 106 107 108 109 102
 103 104 105 117 116 114 115 112 113 111 110 120 121 118 119 122 123 124
 125
0 3 6 1 4 5 2 15 21 22 16 29 25 23 27 7 10
 17 30 19 24 8 9 13 20 12 28 14 26 11 18 31 47 60 37
 44 54 34 50 46 51 62 58 61 35 45 39 32 59 49 38 40 57
 55 36 53 56 52 42 48 33 43 41 64 63 65 70 71 76 75 66
 67 72 74 73 69 68 77 94 95 124 125 123 100 101 122 105 118 106
 112 102 120 109 114 78 79 96 104 98 119 83 84 90 111 97 86 88
 121 115 92 113 103 89 110 93 108 116 117 87 99 91 107 85 82 80
 81
1 0 2 7 9 8 10 3 5 4 6 11 13 12 14 31 32
 34 33 36 35 38 37 39 42 41 40 43 44 45 46 15 16 18 17
 20 19 22 21 23 26 25 24 27 28 29 30 47 48 50 49 52 51
 53 54 56 55 58 57 61 62 59 60 63 66 67 64 65 68 69 78
 79 81 80 85 83 84 82 70 71 73 72 77 75 76 74 86 87 89
 88 93 91 92 90 94 96 95 97 103 102 104 105 99 98 100 101 107
 106 108 109 115 123 122 120 114 110 116 118 117 119 113 124 112 111 121
 125
