0 1 2 3 4 5 6 7 64 56 40 53 62 55
 58 19 65 68 70 26 57 63 14 15 8 60 27 21 31
 32 49 29 24 10 18 50 20 48 61 67 66 30 22 17
 12 42 59 13 54 51 34 44 69 43 33 46 35 38 52
 16 11 39 41 23 28 47 37 36 25 45 9 106 80 108
 118 97 114 129 71 109 117 103 131 119 120 133 105 89 79
 90 91 78 122 112 95 128 101 115 121 94 111 82 130 76
 88 104 87 84 83 110 86 132 85 100 126 99 127 113 93
 124 116 81 96 74 102 92 98 77 75 107 73 125 72 123
 214 365 361 174 383 366 493 178 409 414 433 186 422 426 406
 390 179 294 318 398 467 466 226 443 511 316 227 267 473 317
 209 408 369 264 352 440 137 175 173 171 172 170 364 239 453
 413 460 333 160 378 312 355 457 169 464 222 149 339 377 189
 161 385 193 480 477 475 196 469 200 202 456 353 331 382 375
 325 376 151 336 380 479 374 458 362 463 368 441 379 203 225
 346 438 266 358 488 359 262 243 309 234 235 238 188 208 236
 481 248 244 384 472 323 311 405 219 429 431 395 286 164 237
 465 356 332 181 168 373 154 451 305 439 221 416 495 507 503
 502 394 320 212 498 247 260 281 500 156 216 167 509 430 489
 261 218 242 194 282 322 220 403 326 306 427 504 436 342 134
 198 143 298 381 343 328 482 270 347 241 176 510 360 310 291
 187 300 423 389 283 446 340 434 454 393 490 442 468 249 199
 341 308 494 140 462 136 135 501 419 417 400 284 335 301 201
 146 424 293 412 285 231 253 277 499 354 162 397 420 388 351
 269 447 304 144 303 250 197 299 349 166 428 487 272 338 407
 155 254 258 492 263 485 147 139 367 363 177 230 307 271 313
 445 246 195 402 452 415 471 240 229 496 314 344 228 432 158
 183 505 180 396 279 184 142 153 255 245 461 224 425 141 257
 152 386 159 450 206 217 211 401 265 274 259 455 148 484 497
 287 210 205 418 275 295 273 256 268 371 215 292 444 150 190
 280 191 387 330 508 411 192 278 392 370 337 327 324 486 276
 233 350 319 223 163 138 506 232 207 296 476 334 478 302 491
 297 329 251 391 474 145 449 437 165 213 459 315 470 288 290
 421 204 289 345 399 435 182 157 185 252 404 448 483 321 372
 348 410 357 512 517 519 515 516 518 521 513 514 520 523 524
 527 522 526 528 529 525 530 580 548 578 581 535 545 537 575
 539 556 534 540 533 566 555 547 579 538 584 571 541 552 543
 565 554 564 550 558 559 549 536 562 563 574 573 553 567 542
 544 560 551 568 561 572 546 576 577 569 532 582 557 570 583
 531 719 740 716 741 594 715 717 714 718 639 883 983 670 953
 981 894 954 745 804 777 876 846 882 890 754 1047 1147 815 679
 843 903 900 991 1120 787 1108 700 821 1066 855 786 1135 697 1122
 1015 963 936 734 705 1096 684 828 934 812 641 645 642 640 822
 1009 589 749 664 723 759 1021 1059 992 1018 1028 1141 1029 779 1026
 633 834 993 770 823 776 1020 778 775 1027 1119 873 870 620 872
 1118 1017 853 610 906 1113 994 866 1053 617 1062 1022 902 619 1142
 796 861 871 860 1117 863 1012 616 1014 874 868 869 1124 1112 854
 825 818 655 657 817 1087 830 1049 1097 643 1073 913 914 1070 807
 943 791 621 884 1033 1109 785 850 851 669 671 811 644 951 1129
 1137 1144 948 1131 628 606 922 924 887 607 1138 668 672 673 656
 956 1084 979 897 849 794 947 784 810 891 955 950 1085 1034 1036
 982 1046 1086 980 1136 711 831 1068 1095 661 1063 837 1098 833 622
 816 728 637 618 880 1105 877 896 1114 1139 1125 608 688 695 968
 1060 959 726 1013 932 753 678 970 1072 646 1075 952 916 923 885
 586 1115 1010 733 683 736 742 829 975 827 1145 832 1101 662 1065
 835 666 772 1099 820 634 836 1100 667 824 744 712 647 636 659
 972 729 747 931 930 938 865 1116 1024 1042 1106 1038 788 792 793
 898 800 1128 966 680 899 905 1121 1123 1111 1058 797 609 629 1110
 886 977 889 1107 848 1043 986 909 611 857 985 1126 801 996 698
 687 984 999 674 997 1140 692 795 649 690 907 814 675 630 1150
 751 808 1016 743 756 813 920 724 965 862 780 701 917 638 802
 911 964 1088 805 809 806 790 937 1082 1074 1077 918 879 957 927
 803 942 935 875 625 958 962 1041 1089 939 1148 921 1130 1133 944
 945 941 590 858 613 593 1005 614 587 1011 1004 1003 1007 588 761
 694 685 760 730 693 731 699 720 722 737 757 746 748 706 912
 1025 1023 1035 789 1044 782 974 847 1030 888 1048 893 627 1045 752
 765 738 735 1050 1143 626 1067 1127 910 1093 1151 1134 652 676 702
 703 603 781 1103 973 1104 842 844 631 632 798 799 1055 1064 1052
 1061 769 989 990 1056 908 1057 826 783 1031 978 995 998 612 691
 658 839 654 771 856 987 819 852 1069 1000 1146 653 1054 969 696
 1051 1092 1149 1081 725 1090 739 774 1019 615 764 1132 767 727 708
 933 1078 841 651 660 1102 919 1079 1083 940 1080 961 915 928 1040
 1091 949 1039 925 946 768 1006 1001 773 591 592 650 750 766 763
 709 762 707 604 710 838 713 704 597 929 1076 864 867 623 881
 624 600 758 892 895 967 677 901 988 1032 605 859 926 960 599
 596 840 602 686 689 1008 585 1002 681 732 595 755 1071 845 1037
 635 648 976 878 1094 904 663 971 682 598 665 601 721
0 2 1 6 7 5 3 4 8 14 11 10 13 12
 9 20 49 37 42 57 15 39 70 36 24 54 38 61 28
 29 59 31 32 60 45 52 23 17 26 21 53 46 18 66
 47 34 41 44 68 16 69 65 35 40 25 62 58 19 56
 30 33 27 55 67 64 51 43 63 48 50 22 214 409 422
 426 511 440 443 134 183 184 187 195 191 212 213 439 297 404
 342 301 298 262 228 291 403 482 357 399 313 510 391 344 169
 504 295 479 272 450 378 263 410 488 310 273 388 501 312 401
 339 336 314 305 147 400 230 498 157 158 371 146 385 142 380
 78 201 198 188 197 199 428 424 132 454 508 425 130 123 505
 460 435 457 445 461 446 438 507 127 128 503 458 456 449 459
 423 351 256 296 311 103 236 235 233 234 464 238 192 218 217
 210 190 207 216 79 80 208 211 81 137 189 180 83 176 193
 204 82 196 138 136 139 200 135 202 203 194 221 209 181 185
 206 179 186 84 85 71 223 182 178 177 220 219 205 222 215
 259 374 321 370 93 465 125 437 430 172 173 171 170 502 175
 463 270 255 348 418 356 258 249 290 394 246 492 281 316 269
 397 241 166 472 245 224 319 476 92 110 436 432 434 278 421
 253 240 470 107 114 493 466 481 408 267 500 473 251 471 326
 474 384 509 495 395 315 247 94 318 407 392 105 167 87 91
 334 322 90 304 341 302 122 396 452 412 455 113 168 117 99
 121 289 252 337 292 260 506 226 300 420 398 331 283 390 381
 363 347 325 369 382 299 343 120 317 497 119 483 303 89 335
 102 417 373 330 242 486 359 165 360 379 485 375 244 97 487
 350 352 477 453 329 377 469 475 462 441 332 227 129 433 346
 225 355 413 364 109 353 133 328 333 480 285 131 393 491 115
 419 327 101 294 386 248 288 306 254 324 98 124 118 427 95
 88 431 448 293 277 72 111 414 308 376 411 429 484 345 243
 389 323 268 73 164 141 145 74 402 140 415 232 405 265 372
 266 150 264 231 155 86 76 368 494 77 467 152 154 499 406
 162 108 478 307 362 143 309 161 151 160 163 149 153 367 239
 174 229 275 444 489 365 271 282 257 280 284 366 261 361 451
 106 383 276 96 340 416 354 349 358 112 468 496 387 250 274
 442 287 490 338 126 447 279 116 237 159 104 148 320 156 144
 286 100 75 512 513 514 516 515 517 518 519 520 521 548 538
 575 532 537 546 547 579 567 571 525 573 570 539 569 526 523
 535 540 582 542 565 545 544 527 528 522 557 584 580 559 554
 553 566 556 549 576 552 581 578 583 577 564 543 555 530 568
 536 534 531 572 533 574 524 558 563 561 529 551 560 541 562
 550 589 586 587 588 585 590 591 592 593 719 786 1047 963 734
 749 876 882 1060 864 768 1110 1085 1150 722 783 1124 955 932 800
 974 1075 869 872 973 860 1022 1048 1052 735 736 1134 727 887 801
 1076 1102 889 1148 992 1046 858 998 901 859 943 941 944 945 995
 849 1130 1123 748 1041 785 657 662 659 666 667 694 664 650 690
 652 676 689 651 688 656 671 653 654 681 699 693 665 685 683
 697 698 660 701 679 678 684 668 702 673 680 672 703 692 663
 661 658 695 687 670 655 691 700 674 675 669 696 677 682 686
 987 1050 959 1090 730 1038 1044 789 750 1030 714 715 716 717 718
 594 819 984 608 852 895 892 1143 626 965 1149 708 753 767 751
 598 623 624 1037 881 761 740 741 986 898 793 1132 960 813 647
 599 712 733 1042 731 880 788 760 888 1035 877 756 739 985 820
 831 829 827 732 604 977 1059 1131 926 1128 935 1028 1029 1136 1018
 1021 907 1116 1008 609 950 649 595 905 755 711 967 1145 1033 744
 1126 972 993 938 1032 964 613 628 802 862 1058 805 806 807 999
 809 997 817 899 747 1109 875 989 811 1092 720 763 1081 1067 1142
 1079 1045 1121 766 1093 765 1146 764 1036 1071 853 1091 971 1031 1001
 891 1051 904 1023 1025 865 1011 1006 1007 988 644 1094 1135 723 834
 902 948 1087 1078 635 638 619 1026 803 1141 603 844 1027 1104 1119
 616 1020 1012 617 1117 1017 815 600 759 1065 1095 754 738 601 896
 890 1151 900 627 757 631 884 839 725 1034 909 724 883 1069 743
 812 886 637 854 961 841 787 1113 780 929 894 1115 911 1120 913
 914 1015 916 917 918 919 1114 921 922 923 924 925 772 927 928
 908 1057 1056 612 1000 1016 774 1140 937 797 1013 940 640 1019 639
 641 642 946 1139 855 949 784 980 952 1137 996 611 981 957 1055
 706 746 903 1063 597 799 728 1040 790 1138 983 1122 836 795 618
 614 1010 1111 769 1098 1129 951 956 1100 969 721 762 742 704 848
 816 1108 1107 633 796 1062 643 954 810 636 808 933 838 1068 1147
 1127 1105 846 847 782 1106 975 845 871 939 1118 915 934 874 778
 942 870 779 620 842 1103 843 861 866 775 776 713 837 798 792
 893 758 832 737 709 1101 966 648 752 1064 710 825 634 596 621
 1125 705 840 622 1112 1096 958 931 930 804 770 602 1133 994 962
 1043 878 1144 822 1002 897 1070 833 1072 1073 1074 615 629 1077 857
 824 1080 821 1082 1083 1097 606 1099 856 1088 1089 707 835 818 828
 850 879 1054 1084 978 1086 982 1039 630 1024 867 1005 1009 991 990
 814 605 976 1053 906 920 910 781 873 1014 868 912 826 970 646
 610 1049 794 1004 773 979 645 771 745 1061 625 851 777 953 968
 947 936 863 823 726 1066 791 830 1003 632 729 607 885
0 3 6 7 1 5 4 2 8 11 12 13 9 14
 10 20 58 47 17 38 15 57 54 67 32 59 39 36 29
 64 70 24 31 51 53 68 63 44 21 19 41 34 37 16
 18 40 45 42 62 56 60 50 48 46 30 52 43 26 66
 22 65 23 35 61 28 69 49 27 55 33 25 197 296 507
 423 461 428 457 135 185 205 219 207 194 186 206 502 335 269
 365 480 341 472 421 324 315 349 490 369 414 436 243 287 166
 229 355 329 484 434 397 359 353 316 473 247 300 432 354 331
 267 392 274 382 159 321 231 368 145 143 402 161 367 162 494
 201 198 78 188 199 214 458 422 449 445 130 446 456 503 426
 123 132 438 128 459 127 443 424 425 454 460 440 508 435 511
 505 103 351 311 409 256 238 464 235 236 233 234 183 82 191
 80 213 177 187 208 221 176 215 220 137 200 85 204 79 203
 178 181 189 139 134 71 196 136 202 222 217 210 180 218 192
 190 184 223 211 209 138 212 81 83 195 182 216 179 193 84
 307 116 362 498 268 309 437 463 439 171 170 174 175 430 173
 125 330 476 92 281 491 111 112 277 241 488 295 101 246 288
 282 261 165 242 410 452 120 248 257 350 447 225 433 338 448
 395 347 240 416 290 358 107 305 273 497 98 413 391 109 99
 396 482 131 417 88 489 408 398 357 356 260 375 168 343 303
 301 317 383 342 328 89 333 386 451 483 504 280 72 485 411
 493 468 249 388 97 336 429 453 337 506 389 390 313 401 91
 477 470 327 279 481 90 366 294 115 339 278 373 381 469 475
 495 102 412 271 262 285 377 169 312 258 352 250 387 496 314
 364 117 106 124 361 263 302 297 509 227 500 126 427 450 308
 501 492 310 110 254 245 442 298 276 334 96 462 284 407 322
 291 118 418 319 474 255 404 393 471 419 332 226 325 444 289
 253 133 228 244 114 167 379 283 340 113 326 420 275 344 251
 94 320 406 156 148 73 154 164 467 160 323 86 380 374 108
 372 142 499 239 77 237 140 370 405 151 371 158 157 100 93
 150 266 259 478 400 152 104 144 155 76 75 147 163 286 230
 172 455 272 129 403 304 270 378 348 376 306 87 394 479 224
 363 299 122 486 346 466 360 384 121 252 95 292 293 105 487
 431 345 318 119 441 510 399 265 232 149 465 74 415 141 146
 385 264 153 512 513 521 516 515 518 520 514 517 519 569 566
 543 533 577 578 544 553 562 548 573 570 525 539 571 563 555
 535 572 528 564 580 582 541 561 545 536 546 529 524 567 584
 550 581 542 527 537 530 538 557 552 576 556 551 560 583 540
 531 532 522 568 534 574 565 526 558 549 554 575 523 547 559
 579 589 592 587 591 585 588 590 593 586 943 735 1041 955 859
 1075 800 869 1150 901 768 736 749 1048 876 882 889 932 963 722
 974 1085 783 727 1076 1110 1047 1060 1046 858 860 872 1134 1102 1124
 1148 785 801 973 1052 992 786 748 1123 849 945 944 1130 719 998
 734 941 864 995 1022 887 659 667 666 657 664 676 662 652 694
 653 690 688 654 671 651 689 650 656 703 679 702 661 677 680
 693 673 658 691 692 687 698 686 697 684 675 701 696 699 665
 663 655 685 669 682 660 672 668 670 683 678 681 695 674 700
 765 1039 1131 1086 935 1142 1067 1128 1079 1028 807 924 914 913 922
 639 711 754 600 738 790 875 1040 625 948 1087 774 1013 1019 1015
 638 635 619 1026 910 803 1073 1070 752 885 879 954 810 947 643
 615 824 915 1147 939 1127 874 934 871 1068 1118 1016 862 758 710
 828 838 778 942 604 1038 1031 926 959 720 811 978 764 1071 989
 1050 814 908 1009 601 761 627 623 894 1017 773 1119 1051 970 1095
 902 1138 1065 812 1069 844 608 610 957 784 1055 911 715 925 745
 937 1140 708 867 1139 884 1117 766 730 1045 789 1044 1090 763 977
 1084 1054 891 1018 1029 1001 1059 1093 971 1091 1121 1136 982 1146 987
 853 1094 1135 1056 1057 1120 1008 1007 1005 759 598 1145 896 881 826
 886 920 1078 1149 595 644 605 976 950 744 637 912 743 938 724
 609 1143 990 626 892 991 873 613 1014 1049 1141 1004 1115 616 904
 907 1027 794 630 1012 628 780 834 815 972 906 967 841 1053 1151
 1104 1126 646 900 781 851 909 905 1109 961 1113 852 952 799 928
 917 1137 802 716 940 946 728 718 921 809 806 714 706 919 717
 903 1061 1063 597 747 981 817 746 923 899 979 949 641 980 642
 645 594 927 1000 1114 918 739 767 805 751 999 612 756 916 1024
 771 997 1116 1023 611 865 855 1020 868 1034 1033 969 1100 968 629
 614 1010 737 709 713 731 732 760 832 792 880 1035 1042 829 877
 827 888 788 622 878 1043 636 808 936 647 1132 813 704 762 742
 721 846 847 1105 1106 845 975 782 1108 1129 848 953 956 1107 816
 951 726 705 596 931 804 930 1111 898 1098 831 775 830 897 1122
 795 1002 836 861 823 779 870 620 1003 1144 822 1096 633 648 602
 796 1101 850 634 798 818 1103 962 1133 958 837 607 843 1064 842
 1066 1125 994 820 985 1112 1072 835 741 1074 740 606 632 1088 729
 1097 1082 707 1089 1077 712 599 821 857 1083 1080 1099 777 825 776
 791 863 1092 750 1030 1081 1036 1021 649 1058 797 1006 1011 755 757
 890 624 1037 1032 787 965 723 929 725 988 895 964 839 983 603
 631 993 854 984 819 753 640 772 996 1025 617 883 833 733 893
 933 960 793 769 966 1062 840 770 986 618 856 621 866
0 9 14 11 12 8 10 13 5 7 1 2 3 6
 4 20 42 16 43 38 15 57 40 67 64 46 39 36 24
 32 34 29 28 62 25 60 63 49 21 19 30 70 66 47
 56 54 22 58 51 18 68 35 33 59 41 69 17 26 37
 45 55 23 50 61 31 52 44 27 65 48 53 173 463 123
 443 461 425 505 464 415 255 483 224 407 271 393 351 343 380
 301 304 106 226 481 324 315 227 490 327 414 471 225 319 86
 367 266 381 376 375 100 467 252 379 107 360 300 391 273 98
 487 102 339 228 141 257 72 96 140 143 263 142 229 144 288
 174 172 171 137 170 175 446 460 508 445 435 458 132 424 438
 507 456 426 128 459 440 423 503 428 454 422 127 449 130 511
 457 430 502 125 437 439 71 135 134 139 136 138 320 478 491
 394 306 452 412 429 241 420 240 340 188 200 396 293 506 203
 244 259 189 236 235 238 196 233 202 222 356 261 474 307 323
 284 248 270 470 386 234 330 308 387 451 346 373 476 193 347
 218 281 348 285 276 509 409 296 256 78 199 201 214 103 197
 311 212 179 400 116 191 488 410 117 221 111 108 265 258 494
 264 210 237 453 112 177 345 184 321 444 109 243 250 121 305
 442 84 215 413 352 278 473 448 354 314 331 416 432 447 99
 85 441 104 336 431 489 312 398 357 217 495 434 230 335 479
 365 317 302 334 363 299 93 209 195 219 385 272 231 114 411
 119 468 245 388 97 417 208 242 337 79 389 332 313 500 361
 298 211 369 118 421 469 475 344 115 274 358 216 329 90 366
 260 392 187 186 124 498 371 232 408 246 290 433 83 496 497
 129 277 341 262 91 402 383 87 309 349 401 384 110 105 81
 251 372 466 427 510 249 395 477 268 342 368 465 190 194 322
 291 279 374 287 180 205 405 206 436 419 390 472 399 350 289
 133 253 382 178 485 239 316 283 220 275 326 176 113 294 501
 94 183 122 147 151 149 160 77 359 154 192 166 269 418 295
 492 161 378 167 164 165 145 486 404 148 377 158 76 397 333
 146 355 181 82 92 152 131 162 74 157 75 156 163 455 168
 198 286 280 364 403 480 223 499 362 484 213 297 80 303 207
 328 89 406 370 182 310 247 126 338 353 95 292 204 450 267
 88 120 318 493 482 254 325 101 169 73 462 155 185 159 150
 504 282 153 513 512 518 516 515 521 519 517 514 520 657 672
 673 656 671 669 668 670 655 666 664 662 667 585 659 665 685
 589 590 696 592 680 703 686 699 681 650 687 697 675 658 702
 682 701 586 692 688 690 691 678 676 689 593 684 677 694 591
 652 654 653 588 651 587 683 663 661 679 693 698 695 700 660
 674 535 564 574 540 539 568 572 556 542 944 1098 832 770 824
 942 827 704 831 833 614 822 732 828 816 838 821 837 830 778
 604 951 829 818 930 710 1100 776 647 713 820 1096 825 779 1099
 1133 705 707 843 636 643 775 634 835 1097 1130 943 945 941 622
 712 719 777 633 836 1101 571 525 548 569 573 552 570 531 583
 522 530 537 532 577 534 576 536 533 582 549 584 558 560 580
 554 543 567 538 527 546 575 541 529 551 524 581 528 561 563
 526 562 555 578 550 559 566 544 553 565 557 545 523 579 547
 609 627 853 610 935 720 624 1038 638 595 919 802 940 911 1077
 641 769 990 989 988 792 890 1145 1045 854 993 774 1016 615 862
 1079 1030 763 762 877 915 923 1082 991 896 893 1112 994 1113 992
 1019 859 803 788 934 888 742 939 721 1037 723 1013 1015 1111 1110
 1048 882 722 1075 974 1128 612 1121 891 1142 811 623 607 637 600
 649 892 1058 1006 1001 733 1039 978 813 986 709 970 1020 1119 1034
 855 744 1078 964 745 1104 1018 1086 806 1137 903 913 916 946 1069
 740 1043 708 865 906 815 907 613 730 625 977 605 628 619 789
 644 617 959 608 602 601 611 621 620 646 926 603 596 597 616
 1131 1143 898 1056 629 797 1005 1011 1008 1115 750 1040 885 848 772
 1114 900 1065 1049 1028 1084 1044 1035 953 1138 1071 938 851 912 983
 765 1094 754 1092 814 752 780 766 852 1149 972 757 759 987 866
 1117 841 965 1021 984 1090 873 771 884 1141 1139 1033 1027 996 883
 844 728 1091 920 1103 743 747 933 725 958 947 1014 928 899 952
 949 784 924 918 914 925 1126 1083 1088 1074 957 927 839 807 805
 1055 632 1063 1146 909 979 817 1066 1073 799 981 917 639 606 645
 642 640 714 787 886 716 751 599 717 739 1032 1031 753 715 1116
 834 1062 1024 1023 1059 867 902 1051 1122 1095 967 895 1047 793 1057
 768 1010 1002 773 858 760 749 731 1041 790 1108 976 1107 783 910
 800 1127 1147 998 857 1140 1052 798 1064 1046 897 894 869 1026 874
 871 1106 845 782 846 847 975 1105 880 956 881 950 1129 1042 876
 1085 850 785 982 931 929 1076 758 1135 735 1150 786 963 1132 868
 863 737 1022 985 819 1102 840 971 755 960 736 872 995 1036 1029
 856 887 726 748 808 727 781 962 1148 961 932 764 973 936 842
 746 729 810 860 861 954 1089 1123 1080 809 937 980 1061 921 1125
 849 1070 801 1072 922 734 767 889 878 718 741 1124 864 1134 1060
 966 795 626 598 635 631 648 630 1050 908 1120 1009 1007 1003 1004
 875 1067 1068 999 1000 794 1118 804 1109 738 969 812 706 724 1136
 1081 1087 948 1012 823 756 594 826 1053 618 1054 1151 901 761 879
 905 1144 968 711 791 997 870 955 1017 1025 796 1093 904
1 0 6 4 3 5 2 7 78 103 132 127 128 123
 130 125 112 107 121 92 110 101 102 131 91 120 122 96 106
 89 115 87 90 111 98 114 109 117 105 88 72 97 124 129
 95 119 118 133 113 99 126 94 108 77 100 74 76 86 73
 93 116 104 75 82 71 85 80 79 84 83 81 8 10 14
 13 12 9 11 24 39 40 18 21 52 17 16 20 28 61
 31 29 32 15 46 49 51 26 62 50 30 48 27 42 70
 38 57 64 43 58 67 36 54 59 37 56 41 25 66 55
 69 68 34 19 47 45 23 35 60 44 53 22 63 33 65
 201 199 197 188 214 198 409 351 256 311 296 458 454 449 445
 507 461 511 428 422 423 435 443 456 425 438 508 505 424 460
 440 457 459 426 446 503 236 235 233 234 464 238 281 269 277
 324 326 305 453 254 140 239 370 268 170 491 267 398 243 478
 405 462 476 334 381 335 474 298 483 506 336 433 154 377 295
 273 155 158 266 379 469 352 432 162 395 283 310 228 470 331
 323 494 371 372 264 286 437 430 463 174 172 173 175 439 171
 502 261 270 229 455 394 315 434 318 451 317 348 355 169 263
 404 386 410 262 319 271 316 396 418 350 401 313 272 448 314
 384 308 429 226 164 152 159 232 141 157 402 147 309 367 247
 407 250 397 246 382 339 312 265 148 452 357 237 362 383 343
 302 245 303 366 342 329 257 330 255 306 276 290 300 493 427
 442 413 275 327 274 376 259 149 400 415 150 498 406 163 341
 361 293 467 142 482 365 328 495 166 227 496 373 304 363 301
 322 353 393 356 364 282 378 417 444 497 345 481 307 151 338
 242 143 480 473 297 509 475 477 288 489 337 145 156 160 320
 499 504 466 472 465 488 485 299 492 479 359 486 412 248 294
 249 321 333 165 224 241 285 284 251 450 325 289 167 408 416
 375 287 292 340 392 332 441 146 420 490 360 244 291 358 230
 369 347 225 411 260 354 403 280 388 419 387 349 389 279 436
 390 374 144 385 421 253 252 510 399 278 168 431 258 414 161
 380 153 240 346 500 344 231 501 487 484 368 468 447 391 471
 137 183 210 206 180 134 189 218 192 217 202 135 200 139 196
 138 136 185 181 203 216 213 195 186 221 219 179 193 207 184
 223 212 191 205 209 215 178 204 177 187 208 194 222 190 182
 176 220 211 512 525 528 530 526 522 523 529 527 524 513 517
 518 519 516 521 520 514 515 570 573 571 569 539 548 563 536
 535 574 578 564 550 534 538 555 554 561 580 553 533 558 557
 546 575 572 566 552 577 531 532 576 537 568 547 581 583 556
 541 584 543 540 579 542 545 562 559 551 565 560 544 549 567
 582 589 1124 1110 1123 1130 1134 1150 1148 1102 585 590 586 593 592
 588 587 591 735 858 748 736 901 864 860 1060 785 1047 887 876
 974 882 786 783 1022 800 801 1085 992 749 722 1048 1075 1041 859
 955 973 932 889 768 998 727 1052 869 963 719 945 943 944 1046
 1076 941 872 995 734 849 662 664 666 667 657 689 604 1036 891
 1084 977 853 1090 730 1067 720 1001 1045 904 895 718 1037 881 929
 612 900 1087 725 619 909 603 754 757 1027 851 979 756 855 1020
 706 1056 865 920 638 826 1014 625 852 913 917 1006 918 1015 919
 766 1136 1128 763 1121 1131 764 1142 1146 765 598 595 600 601 597
 594 1149 761 1109 1137 1114 1115 1141 1139 1113 1138 1145 1104 767 1117
 1140 1126 1119 1143 1120 1116 596 599 1118 1105 1125 1144 1108 1103 1097
 1107 1099 1122 1129 1112 1132 760 1127 1147 762 1106 1135 1151 1111 1096
 1098 1100 1101 1133 659 688 650 671 694 676 690 653 651 656 652
 654 679 700 685 683 686 677 696 678 684 660 692 665 697 661
 681 658 655 691 695 702 687 672 698 673 680 699 703 670 675
 701 682 663 693 668 669 674 1028 926 1071 935 1039 1050 1054 811
 978 1086 959 1079 1081 1031 982 1021 987 1029 789 1044 1030 1018 750
 1038 744 1007 1065 1025 940 723 1016 924 923 892 976 635 627 773
 806 884 839 1049 1005 738 790 774 927 772 743 1033 794 759 805
 781 771 797 803 807 802 631 948 610 711 817 617 746 1058 715
 624 1017 637 1032 922 1013 905 1034 753 1023 716 728 616 1008 916
 628 896 739 784 996 745 608 787 914 928 613 925 907 630 883
 894 644 854 965 910 1004 890 844 983 873 981 997 708 908 1024
 747 1057 1078 1012 984 886 1040 875 938 921 937 1011 640 1019 639
 641 642 1000 950 605 1069 755 980 868 714 717 867 623 862 999
 1026 751 626 819 912 1009 911 1051 724 993 611 620 712 856 897
 951 879 726 1068 833 960 732 741 710 740 1064 975 936 820 733
 831 618 880 778 793 804 836 615 1082 829 934 1083 825 709 629
 1070 947 621 1066 752 915 823 1073 798 871 792 1003 606 808 775
 930 791 770 782 985 1077 614 795 813 779 777 830 816 742 845
 758 850 707 729 1035 828 931 986 1074 1072 824 832 713 877 933
 878 622 857 837 810 643 846 893 843 607 776 866 942 788 861
 885 1010 956 647 870 1080 954 705 874 953 848 994 731 847 842
 818 1042 636 888 1043 838 721 704 1002 898 939 822 827 821 634
 737 863 1093 971 1059 1091 989 1092 949 841 964 902 649 646 970
 967 952 1095 799 780 906 1053 1055 812 815 814 990 1063 899 957
 809 834 991 903 972 988 645 1094 609 1061 946 961 633 648 840
 1062 632 796 769 968 602 962 835 969 1089 966 1088 958
