0 1 2 3 4 5 6 9 10 7 8 13 14 11 12 15 16
 24 26 28 30 21 22 23 17 25 18 27 19 29 20 34 36 41 31
 43 32 44 42 40 39 33 38 35 37 46 45 50 52 57 47 59 48
 55 60 53 58 49 56 51 54 62 61 63 64 65 67 66 69 68 70
 71 77 74 73 75 76 72 81 82 84 78 79 85 80 83 89 90 91
 86 87 88 93 92 95 94 103 107 113 115 101 100 112 96 110 118 114
 97 116 121 104 119 102 98 106 99 108 120 105 111 117 109 125 124 123
 122
0 1 2 4 3 6 5 7 8 9 10 12 11 14 13 17 19
 15 25 16 27 24 28 26 21 18 23 20 22 30 29 31 32 40 42
 46 44 37 38 39 33 41 34 43 36 45 35 49 51 47 58 48 61
 56 62 57 53 55 50 60 59 52 54 63 65 64 66 67 69 68 72
 77 70 76 75 74 73 71 78 79 85 82 81 83 84 80 88 93 86
 92 91 90 89 87 96 98 94 106 95 114 116 117 115 122 105 104 97
 112 124 110 109 121 107 125 99 102 100 101 119 118 123 111 103 120 108
 113
0 1 2 5 6 3 4 8 7 10 9 11 12 13 14 18 20
 23 15 29 16 26 30 17 25 24 21 28 27 19 22 33 35 31 39
 32 45 46 40 34 38 42 41 44 43 36 37 47 48 56 55 62 60
 53 54 50 49 57 58 59 52 61 51 63 65 64 67 66 68 69 73
 74 75 70 71 72 77 76 80 85 78 83 84 81 82 79 86 87 93
 90 89 91 92 88 97 99 102 94 112 95 111 110 96 114 123 116 113
 122 109 108 101 100 98 106 103 125 105 118 117 124 121 120 107 104 119
 115
0 1 2 3 4 5 6 8 7 10 9 14 13 12 11 16 15
 28 20 24 18 22 21 27 19 29 30 23 17 25 26 46 40 37 45
 38 39 33 35 36 32 44 43 42 41 34 31 61 58 60 62 55 56
 59 57 51 52 54 48 53 49 47 50 63 64 65 67 66 68 69 70
 71 77 73 74 76 75 72 85 80 79 83 84 81 82 78 92 91 90
 93 88 87 86 89 100 101 120 111 108 110 94 95 121 117 115 106 105
 119 98 112 99 97 109 116 118 104 113 103 114 107 96 102 124 125 122
 123
0 2 1 3 5 4 6 11 12 13 14 7 8 9 10 15 16
 18 17 20 19 21 22 25 26 23 24 29 30 27 28 47 48 49 50
 51 52 54 53 58 56 57 55 59 60 61 62 31 32 33 34 35 36
 38 37 42 40 41 39 43 44 45 46 63 64 65 68 69 66 67 70
 71 73 72 77 76 75 74 86 87 88 89 90 92 91 93 78 79 80
 81 82 84 83 85 94 95 97 96 99 98 101 100 106 107 108 109 102
 103 104 105 116 117 114 115 112 113 110 111 121 120 119 118 122 124 123
 125
0 3 6 1 4 5 2 15 22 21 16 29 25 27 23 7 10
 17 30 19 26 9 8 14 24 12 20 13 28 11 18 31 47 59 38
 35 53 50 34 62 51 61 42 46 55 45 43 32 60 49 37 40 52
 36 54 44 57 56 58 33 48 41 39 64 63 65 70 71 75 76 66
 67 72 74 73 68 69 77 94 95 123 125 122 101 100 124 105 118 106
 121 109 102 112 114 78 79 96 104 98 119 84 83 91 113 97 86 88
 111 120 90 115 107 92 103 93 110 116 117 87 99 108 89 82 80 85
 81
1 0 2 7 9 8 10 3 5 4 6 11 13 12 14 31 32
 34 33 36 35 38 37 39 42 41 40 43 44 45 46 15 16 18 17
 20 19 22 21 23 26 25 24 27 28 29 30 47 48 50 49 52 51
 53 54 56 55 58 57 61 62 59 60 63 66 67 64 65 68 69 78
 79 81 80 85 83 84 82 70 71 73 72 77 75 76 74 86 87 89
 88 93 92 91 90 94 96 95 97 103 102 104 105 99 98 100 101 107
 106 109 108 116 123 114 122 112 115 110 118 117 120 119 124 113 111 121
 125
