0 1 2 3 4 5 6 7 8
0 9 10 11 12 13 14 15 16
0 18 22 25 26 30 31 36 38
0 19 21 23 24 27 33 35 37
0 17 20 28 29 32 34 39 40
1 41 42 43 44 45 46 47 48
1 78 82 84 86 87 89 97 99
1 79 81 83 85 91 92 94 96
1 77 80 88 90 93 95 98 100
2 56 153 171 189 207 225 261 279
2 58 155 172 190 208 226 263 281
2 57 154 173 191 209 227 262 280
5 59 168 184 193 214 238 277 291
3 60 165 177 194 220 241 271 294
4 61 156 174 192 212 228 264 284
5 67 164 185 203 219 242 267 282
6 68 167 186 206 216 239 268 283
7 69 157 182 205 213 229 274 293
4 70 163 178 204 221 235 275 292
7 71 170 179 201 222 237 265 285
3 72 158 187 202 218 230 278 290
6 73 161 176 200 211 234 273 295
3 62 162 183 195 215 233 266 286
7 63 166 175 196 210 240 276 289
4 64 169 188 197 217 236 272 296
5 66 159 180 199 224 232 270 288
6 65 160 181 198 223 231 269 287
8 75 152 243 245 251 254 257 258
8 76 151 244 246 249 250 252 260
8 74 150 247 248 253 255 256 259
8 49 137 138 139 140 141 142 143
2 50 101 102 103 119 120 121 144
3 51 104 110 115 124 132 135 149
4 52 108 112 116 126 130 136 145
5 53 105 111 117 125 127 133 148
6 54 106 114 118 122 128 134 147
7 55 107 109 113 123 129 131 146
9 41 49 50 51 52 53 54 55
9 77 150 153 156 157 158 159 160
9 78 151 155 162 166 167 168 169
9 79 152 154 161 163 164 165 170
10 42 137 144 145 146 147 148 149
12 44 139 261 267 268 284 285 286
11 43 138 264 265 266 279 282 283
13 47 141 271 272 274 281 288 295
14 45 142 262 269 277 289 290 292
15 48 143 263 270 273 293 294 296
16 46 140 275 276 278 280 287 291
16 56 86 107 125 176 194 212 246
13 59 83 104 122 171 192 210 243
14 60 84 105 123 174 189 211 244
15 61 85 106 124 175 193 207 245
12 70 87 118 135 182 199 209 260
12 72 91 111 129 188 190 223 257
12 63 88 101 130 177 200 214 256
13 57 95 109 133 186 195 221 259
13 65 89 112 119 185 201 218 250
14 69 92 102 136 183 206 224 254
14 64 98 114 132 179 203 208 248
15 71 99 103 126 187 198 219 249
15 62 93 117 131 178 191 216 253
16 67 90 110 128 172 197 222 247
16 68 94 116 120 180 205 215 258
11 73 100 108 121 184 196 220 255
11 58 96 113 127 181 202 217 251
11 66 97 115 134 173 204 213 252
10 74 80 225 228 229 230 231 232
10 75 81 227 234 235 237 241 242
10 76 82 226 233 236 238 239 240
17 41 56 62 63 64 65 66 75
18 41 57 61 67 69 72 73 76
19 41 58 59 60 68 70 71 74
18 78 137 171 177 178 179 180 181
19 77 137 173 175 176 183 185 188
17 79 137 172 174 182 184 186 187
19 81 108 109 110 151 261 269 270
18 81 103 105 118 150 266 272 276
18 80 107 112 115 152 263 268 277
19 82 101 114 117 152 264 274 278
17 82 104 113 116 150 262 267 273
17 80 102 106 111 151 265 271 275
20 42 152 189 195 196 197 198 199
21 42 150 190 193 194 201 204 206
22 42 151 191 192 200 202 203 205
26 48 114 129 153 184 215 235 250
23 45 111 126 161 171 213 233 247
24 46 112 127 162 182 207 234 248
25 47 113 128 163 183 214 225 249
27 43 107 122 169 187 224 227 256
28 43 110 119 157 178 211 238 257
29 48 105 130 167 173 222 230 243
30 45 101 124 159 186 217 237 246
31 43 116 133 165 175 208 231 260
32 45 118 131 155 185 220 228 258
33 48 102 135 164 181 212 240 259
34 46 109 134 156 177 219 226 254
35 47 115 120 166 174 223 242 253
36 44 117 136 160 172 210 241 252
37 44 106 123 154 180 218 236 255
38 46 104 121 170 188 216 232 244
39 47 108 125 158 179 209 239 245
40 44 103 132 168 176 221 229 251
21 76 79 130 131 132 279 287 288
21 75 78 121 128 133 284 290 293
22 75 77 123 126 135 281 283 291
22 74 79 119 125 134 286 289 296
20 76 77 120 122 127 285 292 294
20 74 78 124 129 136 280 282 295
31 56 91 149 167 219 255 274 292
27 67 87 145 153 216 251 271 289
28 68 88 146 164 207 252 272 290
29 69 89 147 165 217 253 261 291
30 70 90 148 166 218 254 273 279
24 57 84 149 160 214 258 265 296
25 66 85 145 155 211 259 278 285
26 60 95 144 169 213 245 267 287
32 72 86 144 163 210 248 270 283
33 64 83 148 157 220 249 268 280
34 59 98 145 154 223 246 266 293
35 73 99 146 159 208 243 275 286
36 71 100 147 162 212 257 262 288
37 62 96 144 156 222 260 277 295
38 65 92 146 168 209 247 264 294
39 58 93 149 161 224 250 276 284
40 61 97 148 170 215 256 269 281
23 63 94 147 158 221 244 263 282
35 56 95 118 136 143 170 202 238
32 71 92 115 133 140 153 200 236
33 72 93 116 134 141 168 189 237
34 73 94 117 135 142 169 201 225
24 66 90 103 129 142 165 192 239
25 68 89 111 132 143 156 196 227
26 63 99 110 127 141 154 206 228
27 65 100 105 124 139 163 205 226
28 57 96 114 126 139 166 194 232
29 70 85 107 121 141 160 203 233
30 62 84 108 122 140 164 190 229
31 59 97 102 131 139 158 197 234
36 64 87 109 120 138 161 193 230
37 69 88 104 125 138 155 198 235
38 58 86 106 130 142 157 195 242
39 67 83 101 123 143 162 204 231
40 60 91 112 128 138 159 191 240
23 61 98 113 119 140 167 199 241
40 55 100 171 206 242 260 278 296
36 51 96 185 189 239 256 275 293
37 52 97 186 203 225 257 276 294
38 53 98 187 204 240 258 261 295
39 54 99 188 205 241 259 277 279
24 54 92 178 196 230 246 267 281
25 50 93 182 194 236 243 269 282
26 52 83 176 199 226 253 265 290
27 50 91 179 195 228 252 273 291
28 53 87 183 192 237 255 263 287
29 51 95 180 190 234 249 264 289
30 55 94 173 198 238 248 271 284
31 54 88 174 201 233 251 270 280
32 52 90 181 193 227 244 274 286
33 55 89 172 200 232 245 266 292
34 50 84 175 202 235 247 268 288
35 53 85 177 197 229 250 262 283
23 51 86 184 191 231 254 272 285
22 49 82 207 220 221 222 223 224
21 49 80 209 210 211 215 217 219
20 49 81 208 212 213 214 216 218
