0 1 4 2 3 5 7 8 6 10 11 9 15 20 24 25 21
 23 14 17 22 26 13 19 18 12 16 29 27 28 30 31 32 33 34
 35 36 37 39 40 38 41 46 44 47 42 45 43 64 61 53 58 51
 60 59 48 62 54 52 57 50 65 63 56 55 49 68 66 67 71 69
 70 74 72 73 77 80 79 76 75 78 82 83 81 93 97 92 95 87
 96 85 101 100 98 91 88 99 90 84 89 86 94 104 105 107 106 103
 102 123 114 119 125 124 108 118 116 121 112 109 122 111 115 110 113 117
 120 140 139 136 133 137 129 127 131 126 143 142 141 135 132 134 130 128
 138 158 154 151 153 149 156 159 157 150 160 161 144 148 146 155 152 147
 145 164 162 163 165 166 167 168 169 170 171 172 173 174 175 178 180 181
 177 179 176 184 182 183 186 187 185 201 196 199 197 190 200 188 205 204
 202 195 192 203 194 191 193 189 198 206 207 212 213 209 208 211 210 214
 215 216 217 218 219 220 223 221 222 232 237 229 225 236 235 233 224 231
 238 228 226 234 227 230 241 239 240 243 244 242 247 245 246 255 256 263
 261 250 264 259 262 258 253 249 265 251 260 248 252 257 254 268 266 267
 275 276 279 278 277 272 280 282 281 274 283 269 273 270 271 285 286 284
 293 294 297 292 301 298 299 296 291 288 300 290 287 289 295 302 306 308
 303 305 304 307 309 310 311 312 313 314 316 317 315 320 318 319 334 331
 327 333 332 325 330 321 324 323 335 326 329 328 322 337 338 336 353 344
 346 352 339 347 349 351 340 342 350 345 341 348 343 355 356 354 362 368
 367 359 366 369 371 358 363 370 360 364 357 361 365 373 374 372 387 388
 382 375 384 385 376 386 380 389 383 377 378 381 379 391 392 390 401 405
 398 404 403 406 396 393 400 394 407 399 402 395 397 412 422 413 416 417
 425 419 423 424 408 409 421 415 414 418 420 411 410 428 426 427 437 439
 436 435 438 433 442 443 440 434 441 429 430 432 431 446 444 445 453 460
 461 458 459 448 456 450 451 447 449 454 455 452 457
0 1 4 2 3 5 7 8 6 12 15 25 21 14 23 26 11
 22 17 20 24 9 18 13 19 16 10 29 27 28 30 34 33 36 35
 31 32 37 39 40 38 41 45 47 43 46 42 44 49 63 51 54 57
 58 50 65 64 60 59 53 52 56 55 48 61 62 68 66 67 71 69
 70 74 72 73 77 80 79 76 75 78 82 83 81 101 84 87 89 99
 86 98 90 95 94 97 96 92 93 91 100 88 85 104 105 107 106 103
 102 118 122 113 121 111 114 110 124 117 120 119 108 116 112 123 109 125
 115 137 128 138 126 131 134 142 140 130 139 135 129 127 136 141 133 143
 132 161 157 155 148 152 150 153 144 147 149 146 154 159 158 145 160 156
 151 164 162 163 165 166 170 169 172 171 167 168 173 174 175 181 179 176
 180 177 178 184 182 183 186 187 185 191 190 193 205 203 189 202 194 199
 198 201 200 196 197 195 204 192 188 206 207 211 210 213 212 208 209 214
 218 217 220 219 215 216 224 231 232 238 226 228 235 225 236 223 233 230
 222 227 234 237 229 221 241 239 240 243 244 242 247 245 246 265 250 253
 248 257 249 261 254 263 258 252 260 262 255 259 264 256 251 270 282 276
 273 271 266 269 272 280 277 279 278 275 268 281 274 283 267 292 298 290
 286 289 295 287 294 293 284 297 288 300 291 299 285 301 296 302 305 307
 306 303 308 304 313 311 314 309 312 310 316 317 315 333 324 329 331 327
 334 332 320 318 328 322 325 321 330 319 326 335 323 349 350 345 340 342
 336 339 347 352 351 337 348 343 341 346 338 353 344 358 368 364 361 365
 357 369 359 366 355 371 354 367 362 363 370 360 356 379 384 389 385 372
 375 380 376 386 374 387 382 388 377 378 383 373 381 403 407 397 405 398
 401 391 404 400 390 394 402 395 399 392 406 393 396 420 410 421 408 415
 414 422 416 412 423 425 418 411 409 413 424 417 419 442 435 432 441 443
 440 434 427 428 433 429 430 426 431 439 436 438 437 456 453 447 452 445
 454 455 457 446 448 459 461 460 458 451 449 444 450
0 1 2 4 3 5 6 8 7 13 22 20 23 9 21 17 24
 15 26 25 11 14 10 12 16 19 18 29 28 27 30 32 31 35 36
 33 34 37 40 39 38 41 44 46 42 47 43 45 50 54 48 63 56
 55 49 53 52 61 62 65 64 57 58 51 60 59 67 66 68 71 70
 69 72 74 73 80 77 76 79 78 75 82 81 83 92 95 93 97 90
 94 88 99 84 86 89 85 101 87 100 91 98 96 106 107 105 104 102
 103 115 111 117 109 122 116 120 108 113 110 125 124 114 123 112 121 119
 118 142 130 134 143 127 138 137 135 128 133 140 132 131 141 136 139 126
 129 160 150 148 155 146 157 145 156 154 158 152 147 151 149 153 161 144
 159 162 164 163 165 166 168 167 171 172 169 170 173 174 175 180 178 177
 181 176 179 184 183 182 186 185 187 199 197 201 196 194 198 192 203 191
 189 193 188 205 190 204 195 202 200 206 207 213 212 211 210 209 208 214
 216 215 219 220 217 218 225 237 227 228 221 238 223 224 233 235 236 234
 229 232 230 231 222 226 240 239 241 244 243 242 246 245 247 253 251 265
 249 254 248 252 257 260 255 261 263 256 258 264 259 262 250 269 275 280
 266 272 273 270 271 276 267 274 283 282 281 268 279 278 277 300 297 289
 295 290 286 288 299 296 301 298 287 292 285 294 291 284 293 302 308 306
 307 304 305 303 314 312 313 310 311 309 317 316 315 330 323 327 326 329
 319 335 328 321 320 325 322 318 333 334 331 332 324 342 348 352 341 349
 339 336 346 345 344 343 350 337 340 347 353 338 351 359 360 367 365 361
 354 355 358 371 369 366 357 364 356 370 363 368 362 385 380 383 379 377
 376 384 375 373 382 381 374 378 372 388 389 386 387 406 398 395 399 407
 392 400 402 391 393 396 404 397 405 401 403 390 394 421 411 420 409 419
 423 417 425 418 414 416 412 410 408 424 413 422 415 436 443 431 438 435
 428 439 437 440 430 426 433 429 432 434 442 441 427 459 455 451 458 461
 460 453 446 457 450 456 445 454 452 447 444 449 448
0 1 2 3 4 5 6 7 8 9 10 11 12 13 14 15 16
 17 18 19 20 21 22 23 24 25 26 27 28 29 30 31 32 33 34
 35 36 41 66 68 67 37 43 42 46 47 44 45 50 51 48 49 65
 64 63 60 59 62 61 56 55 58 57 54 53 52 38 40 39 81 83
 82 162 163 164 102 105 104 103 107 106 69 71 70 87 86 85 84 98
 101 100 99 97 95 96 93 94 92 88 91 90 89 75 78 77 76 80
 79 145 146 144 148 147 161 151 150 159 160 157 158 156 152 155 154 153
 149 128 129 126 127 143 132 131 139 142 141 140 138 137 133 136 135 134
 130 110 108 109 112 111 125 115 114 121 124 123 122 120 118 119 116 117
 113 72 73 74 165 166 167 168 169 170 171 172 173 175 174 177 176 180
 181 178 179 185 187 186 182 184 183 189 188 191 190 202 205 204 203 201
 199 200 197 198 196 192 195 194 193 207 206 209 208 211 210 213 212 302
 309 314 310 313 312 311 354 356 355 358 359 357 360 361 362 363 364 368
 371 370 369 366 367 365 315 317 316 245 247 246 242 244 243 250 251 248
 249 262 265 264 263 261 259 260 257 258 256 252 255 254 253 286 285 284
 289 290 287 288 295 296 297 292 291 294 293 300 301 298 299 268 267 266
 271 272 269 270 277 276 279 278 273 274 275 282 283 280 281 214 304 303
 307 308 305 306 215 217 220 219 218 216 239 241 240 390 392 391 393 394
 395 397 396 399 398 400 407 406 405 404 403 401 402 372 373 374 377 375
 376 385 386 387 389 388 378 380 379 384 381 383 382 221 223 222 226 224
 225 227 228 229 230 231 238 236 237 232 235 234 233 336 337 338 340 341
 339 347 349 348 351 353 352 350 342 343 344 346 345 318 320 319 321 322
 323 325 324 327 326 328 334 335 333 332 331 330 329 410 411 408 409 413
 412 415 414 422 425 424 423 421 420 416 419 418 417 444 445 446 449 450
 451 447 448 452 453 459 461 460 458 457 454 456 455 426 427 428 432 433
 429 430 431 434 435 441 443 442 440 439 436 438 437
0 1 3 4 2 5 8 6 7 10 31 11 12 32 24 25 21
 36 18 17 20 35 13 23 33 34 26 28 29 27 30 9 22 14 15
 16 19 43 64 63 65 42 46 44 41 47 37 45 58 68 61 39 60
 59 51 67 66 48 62 38 40 57 50 49 56 55 53 52 54 92 88
 89 133 134 137 153 109 152 110 156 108 97 101 98 71 95 93 82 100
 87 70 86 96 99 69 91 81 94 90 85 83 84 124 144 121 146 145
 120 119 123 114 77 149 157 103 75 147 79 155 106 117 111 161 105 115
 159 164 140 74 136 127 163 73 141 131 72 130 126 128 135 143 162 132
 129 151 158 154 125 104 116 102 78 148 150 76 113 160 122 80 112 107
 118 139 142 138 165 166 167 168 169 170 171 172 173 176 177 178 180 175
 181 174 179 196 192 193 201 205 202 199 197 186 184 204 190 183 189 200
 203 182 195 185 198 194 188 187 191 208 209 212 213 211 210 207 206 303
 444 431 429 447 448 430 373 392 284 403 275 334 330 340 281 396 298 389
 376 272 343 322 352 287 422 425 421 261 265 262 256 252 253 247 255 243
 263 258 250 245 257 264 251 244 249 246 254 260 259 242 248 372 221 318
 398 232 332 344 357 402 348 384 393 366 233 360 339 329 381 390 354 336
 404 387 327 368 321 350 371 236 226 335 380 407 351 227 377 304 306 308
 307 302 305 214 426 449 450 433 432 451 416 420 417 223 338 286 382 278
 367 292 346 299 385 369 231 280 361 238 349 273 378 391 267 222 362 331
 279 289 328 370 270 230 296 359 224 397 399 323 291 337 268 319 401 333
 297 406 375 301 325 282 271 394 383 345 386 288 341 320 285 356 405 293
 229 274 358 225 326 277 395 324 269 400 234 363 290 355 266 374 353 294
 237 388 276 342 283 235 295 347 379 365 228 300 364 241 412 316 413 419
 423 315 239 415 424 317 411 408 410 414 409 240 418 428 445 215 437 439
 436 435 438 452 218 314 310 219 311 457 454 456 455 446 427 309 453 460
 461 458 459 434 313 441 443 442 440 220 216 312 217
0 1 4 3 2 30 27 28 29 9 11 10 21 23 14 16 15
 20 24 22 17 12 19 13 18 26 25 6 7 8 5 31 36 33 35
 34 32 37 38 40 39 41 43 42 45 44 47 46 51 50 49 48 64
 65 63 58 57 56 55 62 61 60 59 54 52 53 66 68 67 162 164
 163 81 82 83 102 106 107 103 104 105 72 73 74 127 128 126 129 133
 137 136 135 134 132 143 131 130 142 139 141 140 138 75 78 79 80 76
 77 110 109 108 112 111 119 118 116 115 125 114 113 124 121 123 122 120
 117 86 84 85 87 96 95 93 88 92 91 90 89 101 98 100 99 97
 94 145 144 146 148 147 160 159 157 152 156 155 154 153 151 161 150 149
 158 69 71 70 165 173 167 172 169 171 170 168 166 174 175 177 176 179
 178 181 180 187 185 186 183 184 182 198 200 199 197 192 196 195 194 193
 191 188 190 189 205 202 204 203 201 214 302 304 303 306 308 307 305 206
 215 220 217 219 218 216 372 373 374 376 375 377 387 385 386 389 388 381
 384 383 382 380 378 379 245 247 246 315 317 316 239 241 240 409 408 411
 410 416 420 419 418 417 415 412 414 413 425 422 424 423 421 286 284 285
 288 287 290 289 295 297 296 299 301 300 298 294 291 293 292 267 268 266
 270 269 272 271 281 283 282 280 273 275 274 279 276 278 277 207 209 208
 213 210 212 211 309 310 314 313 312 311 242 244 243 318 320 319 321 323
 322 325 324 333 335 334 332 331 330 329 326 328 327 354 356 355 357 359
 358 361 362 360 363 364 367 366 365 371 368 370 369 336 338 337 339 341
 340 344 342 343 345 346 349 348 347 351 353 352 350 221 222 223 225 224
 226 237 238 236 232 235 234 233 228 229 227 231 230 390 392 391 393 395
 394 397 396 402 403 401 400 398 399 407 406 405 404 249 248 251 250 258
 260 259 257 252 256 255 254 253 265 262 264 263 261 444 446 445 449 451
 450 448 447 453 452 454 457 456 455 461 459 460 458 426 428 427 433 432
 429 431 430 435 434 436 439 438 437 443 441 442 440
0 1 3 2 4 31 9 11 10 6 8 7 17 13 28 19 26
 12 27 15 22 21 20 25 29 23 16 18 14 24 33 5 32 30 36
 35 34 37 39 38 40 41 56 59 54 62 63 57 50 52 48 65 49
 55 44 53 42 47 61 43 64 58 45 46 60 51 68 67 66 159 152
 150 109 114 118 131 88 133 87 129 95 116 115 121 103 138 137 78 76
 101 135 96 130 106 99 80 91 143 105 94 141 89 132 84 139 98 93
 127 113 72 124 111 119 108 73 82 81 122 74 112 125 83 117 123 110
 120 136 107 140 79 92 75 102 77 142 90 126 86 85 104 128 100 134
 97 153 161 162 158 148 156 71 163 70 144 154 160 149 164 147 69 155
 145 146 151 157 165 167 166 168 173 172 171 170 169 174 175 180 178 177
 181 176 179 199 192 190 197 191 202 201 196 184 186 183 205 194 200 189
 185 203 182 195 188 187 198 204 193 215 309 268 284 285 267 266 286 217
 206 216 214 220 219 218 249 256 258 347 359 417 367 453 412 433 340 344
 434 456 408 447 360 438 401 400 393 320 318 319 391 392 390 374 221 338
 354 336 446 426 373 222 445 223 427 355 356 372 337 444 428 212 211 208
 300 272 299 270 308 276 297 274 304 282 293 289 307 278 287 209 210 213
 283 290 280 288 303 296 279 298 306 292 275 294 271 269 305 310 291 277
 301 295 281 273 207 302 313 312 311 314 334 321 328 243 244 242 316 333
 327 331 332 326 323 317 335 330 324 325 322 315 329 252 263 250 411 231
 376 436 416 232 454 381 224 443 458 450 388 431 424 251 260 261 425 378
 225 237 435 413 448 375 460 432 227 387 410 442 452 262 255 248 364 341
 409 358 439 455 346 418 451 430 459 422 368 351 441 247 245 246 241 403
 398 404 405 395 399 240 239 407 394 396 397 406 402 235 377 369 339 229
 362 429 449 343 226 382 440 461 437 386 457 353 357 254 259 265 414 384
 352 366 230 233 361 342 421 238 379 419 389 370 348 264 257 253 236 363
 415 350 383 371 228 345 380 234 423 349 385 365 420
0 2 3 1 4 5 7 8 6 9 31 10 34 32 18 12 35
 19 33 36 13 16 22 23 24 25 26 27 29 30 28 11 20 14 15
 21 17 70 72 76 77 83 84 87 99 97 91 92 108 147 145 112 151
 115 132 140 122 120 138 155 136 137 156 131 150 114 162 104 105 69 71
 37 75 39 80 38 73 78 40 74 79 81 41 82 85 42 43 86 44
 100 93 98 96 101 45 89 47 94 46 88 95 90 66 67 103 163 107
 164 126 49 148 127 146 64 130 161 142 58 153 62 158 60 133 159 135
 54 48 144 50 110 65 149 125 56 123 157 121 160 117 59 152 118 154
 52 111 128 51 109 129 63 113 143 55 141 116 139 119 124 57 134 61
 53 102 68 106 165 166 167 168 169 170 171 172 173 183 187 190 191 203
 201 195 196 182 184 174 185 175 186 177 176 189 188 178 204 197 202 200
 205 179 193 181 198 180 192 199 194 206 207 212 213 209 208 211 210 241
 222 237 226 232 238 234 221 223 215 218 216 235 227 228 229 230 231 224
 219 236 217 220 225 233 214 240 239 243 246 245 247 242 244 263 261 255
 256 248 264 257 262 260 265 249 253 251 258 250 252 259 254 319 427 338
 352 350 438 439 321 322 323 432 429 347 326 443 339 329 341 374 445 392
 460 458 383 384 449 447 399 378 393 394 395 407 376 455 377 316 414 415
 425 409 417 411 356 357 370 365 368 367 302 315 317 336 428 268 343 344
 342 345 346 433 431 277 442 280 441 283 270 437 272 426 267 320 440 331
 332 275 273 274 435 434 430 327 276 333 271 436 334 354 309 355 369 313
 314 360 361 362 363 364 371 311 359 358 310 366 312 444 285 391 405 404
 457 450 292 398 287 401 459 403 297 295 296 452 453 372 284 446 386 387
 385 388 389 451 448 291 461 288 290 299 454 300 456 423 421 419 420 304
 303 413 412 408 424 305 422 308 306 410 416 307 418 318 337 266 328 278
 348 349 279 325 324 269 353 351 335 281 340 282 330 390 373 286 379 293
 400 294 380 396 397 375 406 298 301 402 289 381 382
0 5 6 7 8 1 2 3 4 9 11 10 21 18 22 16 15
 23 13 19 24 12 14 17 20 26 25 29 28 27 30 31 33 32 35
 34 36 37 69 70 71 41 43 42 45 44 47 46 84 85 87 86 92
 88 89 93 91 96 100 99 95 90 94 101 98 97 81 82 83 38 39
 40 72 74 73 102 103 107 105 104 106 66 67 68 48 49 51 50 53
 54 61 56 52 55 62 60 57 65 64 59 58 63 75 76 79 78 80
 77 109 108 110 112 111 114 113 116 115 125 123 122 124 121 119 118 120
 117 127 126 129 128 135 136 140 142 139 130 131 138 137 134 132 143 133
 141 144 146 145 148 147 160 159 161 152 156 157 158 153 154 155 150 149
 151 162 164 163 166 165 167 169 168 171 170 172 173 206 207 209 208 210
 212 211 213 242 243 244 245 246 247 248 250 249 251 256 253 255 254 252
 260 259 258 257 262 261 264 263 265 174 175 177 176 178 180 179 181 214
 215 217 216 219 218 220 318 320 319 326 328 327 321 322 323 324 325 332
 329 331 330 335 334 333 317 315 316 182 183 184 185 186 187 188 190 189
 191 196 193 195 194 192 200 199 198 197 202 201 204 203 205 284 285 286
 291 293 292 294 297 296 295 287 289 288 290 301 300 299 298 266 267 268
 276 278 277 279 269 271 270 272 275 274 273 283 282 281 280 302 304 303
 308 307 306 305 309 314 311 313 312 310 240 241 239 221 223 222 227 228
 229 230 231 224 226 225 233 235 234 232 238 237 236 336 338 337 348 347
 349 343 342 344 346 345 340 339 341 351 350 353 352 390 392 391 398 399
 400 393 394 395 397 396 403 402 401 404 406 405 407 372 374 373 378 379
 380 375 376 377 384 383 382 381 386 385 387 389 388 354 356 355 360 361
 362 364 363 357 358 359 367 366 365 368 370 369 371 412 414 413 415 408
 410 409 411 420 417 419 418 416 422 421 424 423 425 444 446 445 451 450
 449 448 447 453 452 457 455 456 454 459 458 460 461 426 428 427 433 432
 431 430 429 435 434 439 437 438 436 441 440 442 443
1 0 3 2 4 37 38 40 39 48 61 62 63 51 50 64 55
 52 57 53 59 49 60 54 58 65 56 67 66 68 41 47 46 45 43
 44 42 5 6 8 7 30 36 34 35 33 32 31 9 21 14 13 17
 19 23 16 26 18 24 20 22 10 11 12 15 25 28 27 29 69 71
 70 73 72 74 77 78 75 76 79 80 164 162 163 161 151 150 149 147
 153 154 146 160 157 145 159 156 158 155 152 148 144 105 104 103 102 107
 106 126 140 134 135 139 131 130 143 127 138 129 137 128 136 133 141 142
 132 108 116 120 118 114 113 125 122 110 111 121 119 117 112 109 123 124
 115 101 94 91 88 100 87 86 85 99 89 90 98 96 93 97 95 92
 84 82 83 81 165 174 181 180 179 176 178 177 175 166 173 170 172 171
 169 168 167 182 184 183 185 187 186 191 190 189 188 203 193 194 202 200
 197 201 199 196 198 195 192 204 205 206 214 218 220 217 215 219 216 207
 211 213 210 208 212 209 221 233 232 238 226 225 227 228 229 230 231 223
 222 235 234 237 236 224 241 240 239 243 242 244 316 317 315 326 321 330
 318 322 331 325 320 335 328 327 319 332 329 324 334 323 333 441 440 443
 438 429 436 426 442 433 428 430 434 432 437 435 427 431 439 452 445 456
 460 449 459 444 455 447 446 450 454 451 461 448 453 458 457 302 313 311
 309 312 310 314 305 307 304 306 303 308 247 245 246 251 259 255 249 252
 264 262 254 248 258 257 261 250 253 260 265 263 256 341 337 345 339 342
 336 340 348 353 338 350 347 343 349 346 351 352 344 377 387 380 376 385
 372 381 379 373 383 378 375 388 384 382 389 374 386 359 362 370 365 357
 354 364 361 356 360 368 363 367 358 371 355 366 369 411 412 423 409 425
 414 415 417 418 408 419 413 422 420 424 421 410 416 399 393 406 390 391
 401 395 396 407 397 398 400 403 405 402 392 404 394 272 281 275 270 276
 282 278 274 277 280 271 279 269 283 267 266 273 268 290 285 293 292 298
 288 294 296 284 299 295 291 286 301 300 289 287 297
