0 1 2 4 3 5 6 7 9 8 10 12 11 13 14 15 17 16 18 20 19 21 23
 22 25 24 27 26 29 28 30 32 31 33 35 34 36 38 37 40 39 42 41 44 43 45 46
 47 48 49 50 52 51 53 55 54 56 57 58 59 61 60 62 63 65 64 67 66 68 70 69
 71
0 1 3 2 4 5 6 8 7 9 11 10 12 13 14 16 15 17 19 18 20 22 21
 23 28 26 25 29 24 27 31 30 32 34 33 35 37 36 38 41 43 39 44 40 42 45 46
 47 48 49 51 50 52 55 54 53 56 57 58 61 60 59 62 65 64 63 68 67 66 71 70
 69
0 1 2 4 3 5 6 7 9 8 10 12 11 14 13 18 20 19 15 17 16 36 38
 37 40 39 44 43 42 41 33 35 34 30 32 31 21 23 22 25 24 29 28 27 26 45 46
 47 49 48 53 54 55 50 51 52 57 56 62 71 69 70 58 68 66 67 64 65 63 60 61
 59
0 1 2 4 3 6 5 10 12 11 7 9 8 13 14 15 17 16 18 20 19 33 35
 34 39 40 42 41 44 43 36 38 37 21 23 22 30 32 31 24 25 27 26 29 28 45 47
 46 48 49 53 54 55 50 51 52 58 62 56 68 66 67 57 71 69 70 60 61 59 64 65
 63
0 1 2 4 3 7 10 5 11 12 6 8 9 15 18 13 19 20 14 16 17 21 42
 41 25 24 35 34 38 37 30 44 43 33 27 26 36 29 28 40 39 23 22 32 31 45 47
 46 49 48 50 54 55 53 51 52 59 71 68 56 64 65 63 62 60 61 69 70 58 66 67
 57
0 2 1 3 4 5 7 6 8 9 10 12 11 21 36 33 39 40 30 24 25 13 22
 23 19 20 26 27 31 32 18 28 29 15 41 42 14 37 38 16 17 34 35 43 44 45 46
 47 50 53 48 51 52 49 54 55 56 57 59 58 60 61 71 63 66 67 64 65 68 69 70
 62
0 5 10 12 11 1 6 7 9 8 2 4 3 13 14 36 38 37 21 23 22 18 20
 19 43 44 39 40 41 42 30 32 31 33 35 34 15 17 16 26 27 28 29 24 25 46 45
 47 56 57 63 64 65 68 66 67 48 49 58 71 69 70 62 50 51 52 54 55 53 60 61
 59
1 0 2 3 4 13 14 15 16 17 18 19 20 5 6 7 8 9 10 11 12 21 22
 23 25 24 28 29 26 27 30 31 32 36 37 38 33 34 35 39 40 41 42 43 44 45 48
 49 46 47 50 51 52 53 54 55 56 58 57 59 60 61 62 63 64 65 69 70 71 66 67
 68
