0 1 2 3 4 6 5 8 7 10 9 12 11 14
 13 16 15 17 18 19 20 22 21 24 23 26 25 28 27
 30 29 32 31 33 34 35 37 36 39 38 41 40 43 42
 45 44 47 46 48 49 50 51 52 53 55 54 57 56 59
 58 61 60 63 62 65 64 67 66 69 68 71 70 73 72
 75 74 77 76 78 79 80 81 82 83 84 86 85 88 87
 90 89 92 91 94 93 96 95 97 98 99 100 101 102 104
 103 106 105 108 107 110 109 112 111 114 113 115 116 117 118
 119 120 122 121 124 123 126 125 128 127 130 129 132 131 134
 133 136 135 138 137 140 139 142 141 144 143 145 146 147 149
 148 151 150 153 152 155 154 157 156 159 158 160 161 162 163
 164 166 165 168 167 169 170 171 172 174 173 176 175 178 177
 180 179 182 181 184 183 186 185 188 187 190 189 192 191 194
 193 196 195 198 197 200 199 202 201 204 203 206 205 208 207
 210 209 212 211 214 213 216 215 218 217 220 219 222 221 224
 223 226 225 228 227 230 229 232 231 234 233 236 235 238 237
 240 239 242 241 244 243 246 245 248 247 250 249 252 251 254
 253 256 255 258 257 260 259 262 261 264 263 266 265 268 267
 270 269 272 271 274 273 276 275 278 277 280 279 282 281 284
 283 286 285 288 287 290 289 292 291 294 293 296 295 298 297
 300 299 302 301 304 303 306 305 308 307 310 309 312 311 314
 313 316 315 318 317 320 319 322 321 324 323 326 325 328 327
 330 329 332 331 334 333 336 335 338 337 340 339 342 341 344
 343 346 345 348 347 350 349 352 351 354 353 356 355 358 357
 360 359 362 361 364 363 366 365 368 367 370 369 372 371 374
 373 376 375 378 377 380 379 382 381 384 383 385 386 387 388
 390 389 392 391 394 393 396 395 398 397 400 399 401 402 403
 404 405 407 406 409 408 411 410 413 412 415 414 417 416 419
 418 421 420 423 422 425 424 427 426 429 428 431 430 433 432
 435 434 437 436 439 438 441 440 443 442 445 444 447 446 449
 448 451 450 453 452 455 454 457 456 459 458 461 460 463 462
 465 464 467 466 469 468 471 470 473 472 475 474 477 476 479
 478 481 480 483 482 485 484 487 486 489 488 491 490 493 492
 495 494 497 496 499 498 501 500 503 502 505 504 507 506 509
 508 511 510 513 512 515 514 517 516 519 518 521 520 523 522
 525 524 527 526 529 528 531 530 533 532 535 534 537 536 539
 538 541 540 543 542 545 544 547 546 549 548 551 550 553 552
 555 554 557 556 559 558 561 560 563 562 565 564 567 566 569
 568 571 570 573 572 575 574 577 576 579 578 581 580 583 582
 585 584 587 586 589 588 591 590 593 592 595 594 597 596 599
 598 601 600 603 602 605 604 607 606 609 608 611 610 613 612
 615 614 617 616 619 618 621 620 623 622 625 624 627 626 629
 628 631 630 633 632 635 634 637 636 639 638 641 640 643 642
 645 644 647 646 649 648 651 650 653 652 655 654 657 656 659
 658 661 660 663 662 665 664 667 666 669 668 671 670 673 672
 675 674 677 676 679 678 681 680 683 682 685 684 687 686 689
 688 691 690 693 692 695 694 697 696 699 698 701 700 703 702
 705 704 707 706 709 708 711 710 713 712 715 714 717 716 719
 718 721 720 723 722 725 724 727 726 729 728 731 730 733 732
 735 734 737 736 739 738 741 740 743 742 745 744 747 746 749
 748 751 750 753 752 755 754 757 756 759 758 761 760 763 762
 765 764 767 766 769 768 771 770 773 772 775 774 777 776 779
 778 781 780 783 782 785 784 787 786 789 788 791 790 793 792
 795 794 797 796 799 798 801 800 803 802 805 804 807 806 809
 808 811 810 813 812 815 814 817 816 819 818 821 820 823 822
 825 824 827 826 829 828 831 830 833 832 835 834 837 836 839
 838 841 840 843 842 845 844 847 846 849 848 851 850 853 852
 855 854 857 856 859 858 861 860 863 862 865 864 867 866 869
 868 871 870 873 872 875 874 877 876 879 878 881 880 883 882
 885 884 887 886 889 888 891 890 893 892 895 894 897 896 899
 898 901 900 903 902 905 904 907 906 909 908 911 910 913 912
 915 914 917 916 919 918 921 920 923 922 925 924 927 926 929
 928 931 930 933 932 935 934 937 936 939 938 941 940 943 942
 945 944 947 946 949 948 951 950 953 952 955 954 957 956 959
 958 961 960 963 962 965 964 967 966 969 968 970 971 972 973
 974 975 976 977 978 979 980 981 982 983 985 984 987 986 989
 988 991 990 992 993 994 995 997 996 999 998 1001 1000 1003 1002
 1005 1004 1007 1006 1009 1008 1011 1010 1013 1012 1015 1014 1017 1016 1019
 1018 1021 1020 1023 1022 1025 1024 1027 1026 1029 1028 1031 1030 1033 1032
 1035 1034 1037 1036 1039 1038 1041 1040 1043 1042 1045 1044 1047 1046 1049
 1048 1051 1050 1053 1052 1055 1054 1057 1056 1059 1058 1060 1061 1062 1063
 1065 1064 1067 1066 1069 1068 1071 1070 1073 1072 1075 1074 1076 1077 1078
 1079 1080 1082 1081 1084 1083 1086 1085 1088 1087 1090 1089 1092 1091 1094
 1093 1096 1095 1098 1097 1100 1099 1102 1101 1104 1103 1105 1106 1107 1108
 1109 1110 1111 1112 1113 1114 1116 1115 1118 1117 1119 1120 1122 1121 1124
 1123 1126 1125 1128 1127 1129 1131 1130 1133 1132 1135 1134 1137 1136 1138
 1139 1140 1141 1142 1143 1144 1145 1147 1146 1149 1148 1151 1150 1153 1152
 1155 1154 1157 1156 1159 1158 1161 1160 1163 1162 1165 1164 1167 1166 1169
 1168 1171 1170 1173 1172 1174 1175 1176 1177 1178 1179 1180 1181 1182 1184
 1183 1186 1185 1188 1187 1190 1189 1191 1192 1193 1194 1195 1196 1197 1199
 1198 1201 1200 1203 1202 1205 1204 1207 1206 1209 1208 1211 1210 1213 1212
 1215 1214 1217 1216 1219 1218 1221 1220 1223 1222 1225 1224 1226 1228 1227
 1230 1229 1231 1232 1234 1233 1236 1235 1238 1237 1240 1239 1241 1243 1242
 1245 1244 1247 1246 1249 1248 1250 1251 1252 1253 1254 1255 1256 1257 1259
 1258 1261 1260 1263 1262 1265 1264 1267 1266 1269 1268 1271 1270 1273 1272
 1275 1274 1277 1276 1279 1278 1281 1280 1283 1282 1285 1284 1286 1287 1288
 1289 1290 1291 1292 1293 1294 1295 1297 1296 1299 1298 1300 1302 1301 1304
 1303 1305 1306 1307 1308 1309 1310 1311 1313 1312 1315 1314 1317 1316 1319
 1318 1321 1320 1323 1322 1325 1324 1327 1326 1329 1328 1331 1330 1333 1332
 1335 1334 1337 1336 1339 1338 1340 1341 1342 1343 1345 1344 1347 1346 1348
 1350 1349 1352 1351 1353 1354 1355 1356 1357 1358 1359 1360 1361 1362 1363
 1364 1365 1367 1366 1369 1368 1371 1370 1373 1372 1375 1374 1377 1376 1379
 1378 1381 1380 1383 1382 1385 1384 1387 1386 1389 1388 1391 1390 1393 1392
 1395 1394 1397 1396 1399 1398 1401 1400 1403 1402 1405 1404 1407 1406 1409
 1408 1411 1410 1413 1412 1415 1414 1417 1416 1419 1418 1421 1420 1423 1422
 1425 1424 1427 1426 1429 1428
0 1 3 2 4 13 14 9 10 8 7 15 16 6
 5 12 11 17 19 18 20 29 30 25 26 24 23 32 31
 22 21 27 28 33 35 34 47 46 40 41 39 38 45 44
 42 43 36 37 50 52 48 53 49 51 72 73 66 67 65
 64 75 74 76 77 58 59 57 56 70 71 69 68 55 54
 60 61 63 62 78 80 79 81 83 82 84 93 94 90 89
 87 88 95 96 86 85 92 91 98 97 99 120 117 119 140
 139 143 144 127 128 132 131 135 136 124 123 115 118 101 116
 102 100 141 142 113 114 129 130 108 107 126 125 109 110 137
 138 112 111 134 133 103 104 122 121 106 105 146 145 147 158
 159 152 153 151 150 156 157 155 154 149 148 172 170 164 169
 162 185 186 197 198 163 161 171 160 188 187 180 179 199 200
 175 176 201 202 195 196 166 165 173 174 203 204 194 193 191
 192 184 183 168 167 178 177 182 181 190 189 253 254 256 255
 301 302 261 262 263 264 316 315 314 313 304 303 347 348 276
 275 345 346 272 271 338 337 336 335 235 236 234 233 277 278
 365 366 354 353 295 296 380 379 355 356 321 322 373 374 206
 205 207 208 331 332 286 285 212 211 214 213 363 364 371 372
 310 309 227 228 381 382 223 224 238 237 320 319 351 352 378
 377 259 260 330 329 360 359 362 361 318 317 244 243 343 344
 350 349 210 209 219 220 341 342 323 324 269 270 383 384 217
 218 215 216 293 294 279 280 250 249 308 307 368 367 369 370
 287 288 258 257 376 375 231 232 229 230 357 358 306 305 298
 297 226 225 222 221 299 300 282 281 241 242 248 247 340 339
 289 290 291 292 266 265 240 239 325 326 328 327 268 267 252
 251 333 334 283 284 245 246 274 273 312 311 405 402 404 403
 427 426 408 409 422 423 417 416 418 419 412 413 401 386 388
 387 385 424 425 392 391 421 420 400 399 429 428 395 396 398
 397 410 411 394 393 407 406 389 390 414 415 479 478 480 481
 483 482 516 517 514 515 497 496 600 601 598 599 448 449 447
 446 506 507 580 581 596 597 505 504 592 593 577 576 538 539
 528 529 569 568 526 527 536 537 491 490 548 549 586 587 430
 431 433 432 434 435 521 520 595 594 553 552 472 473 540 541
 573 572 440 441 546 547 535 534 561 560 456 457 451 450 609
 608 570 571 555 554 439 438 437 436 557 556 484 485 603 602
 567 566 469 468 465 464 582 583 562 563 500 501 471 470 463
 462 493 492 578 579 585 584 499 498 475 474 607 606 488 489
 512 513 518 519 604 605 502 503 533 532 589 588 524 525 466
 467 511 510 494 495 590 591 460 461 543 542 453 452 531 530
 544 545 477 476 564 565 575 574 459 458 486 487 455 454 445
 444 443 442 522 523 559 558 550 551 508 509 697 696 695 694
 855 854 820 821 856 857 762 763 792 793 882 883 853 852 761
 760 842 843 784 785 744 745 799 798 642 643 644 645 639 638
 641 640 958 959 752 753 896 897 746 747 780 781 908 909 748
 749 930 931 901 900 870 871 928 929 965 964 675 674 676 677
 670 671 673 672 935 934 865 864 832 833 963 962 800 801 743
 742 895 894 779 778 612 613 610 611 960 961 812 813 866 867
 811 810 772 773 808 809 888 889 947 946 759 758 825 824 885
 884 734 735 914 915 911 910 917 916 837 836 795 794 879 878
 721 720 797 796 943 942 967 966 688 689 635 634 653 652 659
 658 803 802 649 648 913 912 954 955 714 715 628 629 621 620
 819 818 940 941 956 957 874 875 707 706 919 918 816 817 692
 693 655 654 831 830 633 632 839 838 936 937 881 880 623 622
 730 731 736 737 636 637 687 686 750 751 899 898 877 876 709
 708 704 705 701 700 945 944 777 776 764 765 617 616 851 850
 716 717 968 969 869 868 782 783 683 682 932 933 728 729 786
 787 893 892 631 630 891 890 939 938 863 862 822 823 626 627
 614 615 619 618 921 920 927 926 848 849 680 681 703 702 828
 829 665 664 924 925 771 770 806 807 732 733 790 791 625 624
 718 719 949 948 711 710 844 845 840 841 690 691 651 650 804
 805 662 663 922 923 952 953 951 950 657 656 724 725 754 755
 723 722 726 727 774 775 858 859 903 902 873 872 860 861 667
 666 661 660 835 834 678 679 789 788 846 847 767 766 738 739
 814 815 712 713 886 887 906 907 905 904 757 756 769 768 647
 646 699 698 684 685 668 669 740 741 827 826 992 979 980 983
 978 993 977 976 974 971 972 982 981 973 1052 1053 1000 1001 1034
 1035 1020 1021 970 975 995 994 1051 1050 1031 1030 987 986 1029 1028
 1015 1014 1043 1042 1038 1039 1022 1023 1044 1045 1004 1005 1032 1033 1059
 1058 991 990 1011 1010 1046 1047 1056 1057 1002 1003 998 999 1017 1016
 989 988 1055 1054 1009 1008 1049 1048 1006 1007 1013 1012 1025 1024 1040
 1041 996 997 985 984 1036 1037 1027 1026 1018 1019 1080 1062 1061 1076
 1095 1096 1089 1090 1099 1100 1084 1083 1086 1085 1103 1104 1063 1079 1078
 1077 1060 1087 1088 1070 1071 1072 1073 1082 1081 1067 1066 1098 1097 1102
 1101 1065 1064 1091 1092 1069 1068 1093 1094 1075 1074 1105 1106 1107 1109
 1108 1110 1112 1111 1113 1119 1127 1128 1122 1121 1114 1120 1117 1118 1126
 1125 1123 1124 1116 1115 1142 1172 1173 1148 1149 1153 1152 1165 1164 1143
 1145 1144 1141 1129 1138 1140 1139 1162 1163 1133 1132 1171 1170 1134 1135
 1160 1161 1166 1167 1168 1169 1155 1154 1147 1146 1136 1137 1157 1156 1159
 1158 1150 1151 1131 1130 1174 1177 1176 1175 1179 1178 1180 1181 1192 1218
 1219 1217 1216 1213 1212 1223 1222 1194 1182 1195 1191 1193 1197 1196 1208
 1209 1202 1203 1201 1200 1207 1206 1204 1205 1199 1198 1225 1224 1187 1188
 1220 1221 1185 1186 1184 1183 1215 1214 1189 1190 1210 1211 1231 1240 1239
 1233 1234 1226 1232 1230 1229 1238 1237 1235 1236 1227 1228 1254 1281 1280
 1264 1265 1268 1269 1270 1271 1255 1257 1256 1253 1241 1250 1252 1251 1277
 1276 1283 1282 1272 1273 1245 1244 1279 1278 1247 1246 1249 1248 1263 1262
 1285 1284 1258 1259 1266 1267 1242 1243 1260 1261 1274 1275 1288 1291 1286
 1290 1289 1287 1294 1293 1292 1295 1339 1338 1328 1329 1308 1324 1325 1332
 1333 1306 1305 1309 1300 1307 1311 1310 1318 1319 1320 1321 1323 1322 1313
 1312 1315 1314 1316 1317 1302 1301 1334 1335 1299 1298 1337 1336 1304 1303
 1327 1326 1330 1331 1296 1297 1341 1340 1355 1361 1419 1418 1390 1391 1356
 1400 1401 1408 1409 1359 1358 1342 1348 1360 1354 1353 1357 1343 1364 1365
 1362 1363 1384 1385 1378 1379 1375 1374 1386 1387 1370 1371 1388 1389 1369
 1368 1383 1382 1380 1381 1367 1366 1373 1372 1377 1376 1347 1346 1421 1420
 1415 1414 1425 1424 1412 1413 1350 1349 1429 1428 1406 1407 1405 1404 1352
 1351 1427 1426 1399 1398 1394 1395 1422 1423 1344 1345 1392 1393 1417 1416
 1396 1397 1410 1411 1402 1403
0 1 4 3 2 9 10 15 16 6 5 13 14 12
 11 8 7 17 19 18 20 29 30 25 26 24 23 32 31
 22 21 27 28 50 51 52 70 71 75 74 58 59 62 63
 67 66 55 54 48 53 33 34 35 49 46 47 76 77 41
 40 64 65 43 42 61 60 44 45 73 72 37 36 68 69
 38 39 57 56 79 78 80 81 83 82 84 93 94 90 89
 87 88 95 96 86 85 92 91 97 99 98 100 102 101 114
 113 107 108 106 105 112 111 109 110 103 104 120 119 118 117
 116 115 136 135 138 137 144 143 129 130 128 127 142 141 140
 139 121 122 123 124 133 134 131 132 125 126 147 146 145 152
 153 156 157 149 148 158 159 151 150 155 154 169 171 163 162
 172 182 181 199 200 160 170 161 164 184 183 178 177 175 176
 197 198 165 166 173 174 204 203 193 194 201 202 196 195 188
 187 191 192 180 179 168 167 190 189 185 186 239 240 237 238
 330 329 260 259 258 257 287 288 286 285 331 332 310 309 306
 305 227 228 226 225 368 367 273 274 370 369 267 268 208 207
 206 205 323 324 384 383 294 293 359 360 356 355 380 379 280
 279 361 362 213 214 211 212 313 314 303 304 338 337 236 235
 350 349 344 343 232 231 352 351 292 291 253 254 342 341 381
 382 217 218 216 215 321 322 277 278 245 246 333 334 346 345
 347 348 315 316 264 263 223 224 358 357 221 222 376 375 262
 261 302 301 374 373 366 365 290 289 242 241 363 364 371 372
 209 210 220 219 296 295 377 378 265 266 353 354 281 282 271
 272 297 298 300 299 269 270 275 276 340 339 249 250 307 308
 248 247 256 255 326 325 319 320 229 230 233 234 328 327 317
 318 311 312 336 335 251 252 284 283 243 244 402 387 386 401
 415 414 421 420 425 424 407 406 428 429 411 410 388 385 403
 405 404 395 396 412 413 399 400 409 408 389 390 423 422 426
 427 391 392 416 417 393 394 419 418 398 397 462 463 465 464
 495 494 511 510 516 517 483 482 445 444 442 443 600 601 599
 598 581 580 504 505 593 592 506 507 576 577 596 597 431 430
 432 433 565 564 525 524 543 542 590 591 537 536 490 491 550
 551 522 523 440 441 512 513 588 589 544 545 477 476 546 547
 434 435 573 572 535 534 540 541 609 608 453 452 457 456 559
 558 436 437 485 484 571 570 439 438 555 554 556 557 481 480
 468 469 563 562 602 603 584 585 567 566 498 499 474 475 606
 607 501 500 470 471 489 488 493 492 578 579 479 478 582 583
 518 519 521 520 508 509 604 605 526 527 466 467 532 533 594
 595 514 515 496 497 587 586 459 458 549 548 450 451 553 552
 531 530 574 575 487 486 473 472 454 455 569 568 461 460 448
 449 447 446 529 528 561 560 539 538 502 503 678 679 680 681
 818 819 731 730 851 850 878 879 762 763 821 820 855 854 856
 857 634 635 637 636 631 630 632 633 785 784 842 843 799 798
 744 745 905 904 874 875 955 954 920 921 659 658 660 661 654
 655 657 656 969 968 812 813 806 807 887 886 841 840 902 903
 808 809 933 932 611 610 613 612 951 950 769 768 890 891 838
 839 742 743 801 800 937 936 862 863 757 756 869 868 752 753
 948 949 952 953 893 892 748 749 826 827 797 796 881 880 758
 759 825 824 917 916 913 912 777 776 910 911 616 617 793 792
 791 790 884 885 815 814 906 907 691 690 645 644 873 872 711
 710 938 939 703 702 836 837 698 699 719 718 822 823 623 622
 852 853 847 846 684 685 866 867 958 959 930 931 726 727 844
 845 889 888 945 944 638 639 895 894 865 864 734 735 732 733
 882 883 714 715 642 643 692 693 940 941 956 957 667 666 675
 674 965 964 665 664 738 739 914 915 615 614 624 625 761 760
 720 721 713 712 870 871 942 943 966 967 923 922 755 754 689
 688 670 671 641 640 779 778 766 767 935 934 618 619 765 764
 626 627 629 628 925 924 928 929 697 696 788 789 771 770 700
 701 829 828 746 747 649 648 927 926 621 620 716 717 795 794
 737 736 668 669 780 781 687 686 708 709 786 787 961 960 962
 963 946 947 673 672 646 647 741 740 919 918 729 728 724 725
 817 816 722 723 908 909 653 652 834 835 858 859 876 877 861
 860 775 774 676 677 848 849 694 695 751 750 803 802 831 830
 782 783 901 900 705 704 682 683 707 706 650 651 805 804 773
 772 896 897 899 898 810 811 833 832 662 663 982 994 992 979
 975 974 978 993 976 973 981 980 970 995 1019 1018 1055 1054 1005
 1004 1032 1033 972 977 971 983 1046 1047 1020 1021 1056 1057 1034 1035
 988 989 1025 1024 1058 1059 1045 1044 1048 1049 1028 1029 1031 1030 984
 985 999 998 1041 1040 1006 1007 1037 1036 1015 1014 1016 1017 991 990
 1003 1002 1026 1027 1053 1052 1022 1023 1051 1050 1010 1011 997 996 1013
 1012 1042 1043 1038 1039 986 987 1001 1000 1009 1008 1077 1080 1079 1078
 1081 1082 1101 1102 1098 1097 1091 1092 1088 1087 1094 1093 1076 1060 1063
 1062 1061 1065 1064 1100 1099 1096 1095 1072 1073 1104 1103 1071 1070 1074
 1075 1085 1086 1068 1069 1083 1084 1067 1066 1089 1090 1105 1106 1109 1108
 1107 1110 1111 1113 1112 1120 1121 1122 1126 1125 1119 1114 1116 1115 1128
 1127 1117 1118 1123 1124 1143 1167 1166 1157 1156 1164 1165 1146 1147 1140
 1139 1138 1145 1144 1129 1142 1141 1137 1136 1172 1173 1160 1161 1162 1163
 1169 1168 1132 1133 1170 1171 1151 1150 1153 1152 1135 1134 1130 1131 1154
 1155 1159 1158 1149 1148 1174 1176 1175 1177 1180 1179 1178 1192 1182 1206
 1207 1225 1224 1209 1208 1212 1213 1195 1181 1196 1197 1191 1193 1194 1223
 1222 1211 1210 1216 1217 1220 1221 1184 1183 1187 1188 1200 1201 1190 1189
 1219 1218 1203 1202 1214 1215 1205 1204 1198 1199 1185 1186 1231 1240 1239
 1233 1234 1226 1232 1230 1229 1238 1237 1235 1236 1227 1228 1241 1284 1285
 1263 1262 1267 1266 1275 1274 1256 1255 1257 1254 1253 1251 1250 1252 1272
 1273 1278 1279 1244 1245 1276 1277 1246 1247 1283 1282 1281 1280 1259 1258
 1248 1249 1265 1264 1261 1260 1270 1271 1268 1269 1243 1242 1290 1293 1292
 1294 1286 1291 1288 1287 1289 1306 1322 1323 1331 1330 1309 1317 1316 1335
 1334 1305 1295 1311 1310 1300 1308 1307 1337 1336 1327 1326 1301 1302 1328
 1329 1332 1333 1297 1296 1339 1338 1314 1315 1319 1318 1298 1299 1321 1320
 1303 1304 1312 1313 1324 1325 1342 1358 1340 1364 1375 1374 1419 1418 1363
 1380 1381 1394 1395 1356 1355 1354 1353 1361 1341 1365 1362 1357 1360 1348
 1343 1359 1415 1414 1398 1399 1390 1391 1422 1423 1344 1345 1421 1420 1429
 1428 1350 1349 1404 1405 1409 1408 1396 1397 1411 1410 1371 1370 1427 1426
 1352 1351 1387 1386 1369 1368 1406 1407 1412 1413 1383 1382 1401 1400 1384
 1385 1388 1389 1403 1402 1366 1367 1424 1425 1346 1347 1376 1377 1373 1372
 1417 1416 1392 1393 1378 1379
0 1 2 4 3 15 16 13 14 12 11 9 10 8
 7 6 5 17 18 20 19 32 31 29 30 28 27 25 26
 24 23 21 22 51 52 50 67 66 62 63 71 70 54 55
 59 58 74 75 49 48 35 33 34 53 43 42 61 60 44
 45 56 57 39 38 72 73 36 37 77 76 40 41 65 64
 47 46 68 69 79 78 80 81 82 84 83 95 96 93 94
 91 92 90 89 88 87 86 85 98 97 99 117 119 120 135
 136 132 131 139 140 123 124 128 127 144 143 116 115 100 118
 101 102 125 126 110 109 122 121 111 112 137 138 105 106 142
 141 104 103 130 129 108 107 133 134 113 114 145 147 146 156
 157 158 159 155 154 152 153 149 148 151 150 160 162 161 164
 163 168 167 165 166 170 169 172 171 190 189 191 192 203 204
 201 202 193 194 197 198 196 195 199 200 173 174 176 175 182
 181 185 186 184 183 188 187 180 179 178 177 244 243 241 242
 218 217 220 219 216 215 213 214 209 210 211 212 344 343 297
 298 352 351 300 299 371 372 327 328 382 381 325 326 360 359
 294 293 208 207 205 206 383 384 324 323 354 353 296 295 373
 374 322 321 314 313 316 315 288 287 285 286 369 370 378 377
 345 346 341 342 368 367 347 348 339 340 311 312 309 310 338
 337 264 263 261 262 358 357 356 355 239 240 251 252 224 223
 227 228 332 331 329 330 350 349 362 361 282 281 280 279 257
 258 259 260 375 376 379 380 255 256 247 248 236 235 232 231
 304 303 301 302 365 366 364 363 283 284 278 277 272 271 221
 222 270 269 276 275 305 306 225 226 249 250 291 292 289 290
 237 238 307 308 335 336 334 333 273 274 266 265 230 229 254
 253 318 317 267 268 320 319 233 234 246 245 403 401 405 404
 408 409 416 417 413 412 426 427 423 422 418 419 386 402 385
 388 387 411 410 390 389 406 407 393 394 425 424 392 391 400
 399 429 428 397 398 414 415 396 395 420 421 467 466 468 469
 555 554 512 513 521 520 557 556 546 547 584 585 540 541 583
 582 461 460 459 458 456 457 455 454 452 453 450 451 542 543
 591 590 430 431 433 432 565 564 525 524 568 569 527 526 549
 548 587 586 516 517 573 572 579 578 600 601 602 603 531 530
 514 515 511 510 553 552 544 545 597 596 560 561 559 558 592
 593 496 497 437 436 495 494 483 482 571 570 438 439 566 567
 472 473 476 477 562 563 492 493 574 575 598 599 607 606 594
 595 447 446 463 462 501 500 443 442 478 479 588 589 498 499
 434 435 440 441 506 507 505 504 529 528 470 471 523 522 475
 474 518 519 484 485 533 532 605 604 486 487 608 609 448 449
 445 444 480 481 551 550 464 465 509 508 539 538 502 503 535
 534 489 488 491 490 576 577 536 537 581 580 684 685 682 683
 759 758 715 714 881 880 790 791 720 721 736 737 884 885 825
 824 816 817 725 724 945 944 767 766 754 755 722 723 938 939
 831 830 711 710 774 775 919 918 888 889 873 872 960 961 772
 773 703 702 709 708 835 834 893 892 922 923 877 876 949 948
 827 826 701 700 839 838 891 890 613 612 611 610 950 951 768
 769 963 962 832 833 778 779 894 895 874 875 676 677 660 661
 871 870 920 921 662 663 646 647 929 928 616 617 732 733 794
 795 623 622 641 640 632 633 744 745 798 799 853 852 717 716
 823 822 625 624 843 842 844 845 849 848 727 726 958 959 858
 859 911 910 896 897 639 638 931 930 614 615 878 879 856 857
 796 797 636 637 689 688 908 909 659 658 649 648 942 943 695
 694 953 952 914 915 802 803 805 804 801 800 621 620 851 850
 719 718 765 764 729 728 788 789 785 784 786 787 969 968 861
 860 933 932 887 886 917 916 631 630 883 882 854 855 734 735
 628 629 674 675 902 903 644 645 693 692 664 665 941 940 678
 679 946 947 738 739 741 740 912 913 742 743 792 793 730 731
 821 820 763 762 749 748 808 809 956 957 967 966 955 954 964
 965 704 705 654 655 699 698 670 671 761 760 618 619 818 819
 627 626 812 813 653 652 680 681 666 667 697 696 753 752 934
 935 927 926 829 828 924 925 936 937 771 770 750 751 847 846
 783 782 814 815 650 651 707 706 669 668 905 904 900 901 712
 713 756 757 810 811 899 898 907 906 643 642 836 837 777 776
 634 635 841 840 672 673 687 686 780 781 866 867 863 862 747
 746 657 656 690 691 869 868 864 865 806 807 978 974 977 993
 971 981 995 972 970 992 994 975 983 982 990 991 988 989 987
 986 985 984 979 973 980 976 1032 1033 1058 1059 1045 1044 1037 1036
 1040 1041 1053 1052 1051 1050 1029 1028 1035 1034 1057 1056 1038 1039 1047
 1046 1043 1042 1054 1055 1031 1030 1049 1048 1010 1011 1024 1025 997 996
 1012 1013 1002 1003 1017 1016 1005 1004 1020 1021 1000 1001 1018 1019 1026
 1027 1008 1009 1006 1007 1023 1022 1014 1015 999 998 1078 1076 1077 1079
 1092 1091 1082 1081 1088 1087 1101 1102 1093 1094 1097 1098 1061 1062 1060
 1063 1080 1066 1067 1085 1086 1084 1083 1068 1069 1099 1100 1064 1065 1073
 1072 1103 1104 1075 1074 1090 1089 1071 1070 1096 1095 1105 1106 1109 1108
 1107 1110 1112 1111 1113 1114 1125 1126 1128 1127 1120 1119 1123 1124 1122
 1121 1116 1115 1117 1118 1139 1163 1162 1158 1159 1148 1149 1156 1157 1141
 1129 1142 1138 1140 1143 1145 1144 1171 1170 1135 1134 1173 1172 1169 1168
 1166 1167 1137 1136 1133 1132 1164 1165 1130 1131 1161 1160 1155 1154 1152
 1153 1146 1147 1150 1151 1174 1177 1176 1175 1180 1179 1178 1193 1191 1199
 1198 1212 1213 1204 1205 1215 1214 1182 1197 1181 1196 1195 1194 1192 1183
 1184 1221 1220 1222 1223 1188 1187 1216 1217 1211 1210 1208 1209 1186 1185
 1189 1190 1207 1206 1224 1225 1200 1201 1203 1202 1219 1218 1226 1238 1237
 1239 1240 1232 1231 1235 1236 1234 1233 1227 1228 1230 1229 1251 1273 1272
 1275 1274 1264 1265 1260 1261 1253 1241 1254 1250 1252 1255 1257 1256 1282
 1283 1249 1248 1279 1278 1247 1246 1280 1281 1284 1285 1276 1277 1242 1243
 1244 1245 1271 1270 1262 1263 1267 1266 1259 1258 1269 1268 1286 1294 1293
 1292 1291 1290 1289 1288 1287 1307 1318 1319 1325 1324 1305 1315 1314 1330
 1331 1300 1310 1295 1311 1309 1306 1308 1326 1327 1301 1302 1336 1337 1297
 1296 1329 1328 1333 1332 1298 1299 1313 1312 1320 1321 1304 1303 1322 1323
 1338 1339 1317 1316 1335 1334 1343 1359 1363 1340 1388 1389 1427 1426 1364
 1366 1367 1424 1425 1361 1356 1357 1354 1355 1362 1341 1365 1353 1358 1342
 1348 1360 1350 1349 1410 1411 1421 1420 1404 1405 1398 1399 1429 1428 1390
 1391 1396 1397 1408 1409 1423 1422 1415 1414 1345 1344 1379 1378 1412 1413
 1406 1407 1381 1380 1375 1374 1417 1416 1419 1418 1373 1372 1395 1394 1383
 1382 1369 1368 1393 1392 1386 1387 1400 1401 1402 1403 1370 1371 1384 1385
 1352 1351 1346 1347 1376 1377
0 1 8 6 12 9 2 13 4 7 16 15 3 11
 10 5 14 17 25 32 29 30 22 31 24 18 27 26 28
 20 21 23 19 58 66 71 55 67 75 50 59 74 54 52
 63 70 51 62 39 46 61 72 76 43 77 68 47 44 48
 64 40 33 73 57 38 41 53 69 36 42 56 49 35 45
 65 60 34 37 79 80 78 81 90 95 93 94 86 96 88
 91 82 89 92 84 85 83 87 99 97 98 126 142 137 141
 134 115 129 130 125 118 133 138 121 122 116 128 140 114 135
 109 105 132 139 104 110 144 120 108 100 127 143 113 112 136
 123 101 103 117 131 111 102 124 119 107 106 151 149 155 152
 145 158 147 150 157 156 146 148 159 154 153 180 188 185 168
 178 179 204 203 164 190 184 191 182 187 194 186 198 165 160
 201 163 175 162 173 161 169 199 195 171 197 172 170 193 183
 196 192 174 181 200 189 176 167 166 177 202 282 277 273 206
 320 237 318 249 244 307 276 335 272 233 270 230 295 219 238
 377 293 217 250 370 353 258 351 319 260 359 343 317 288 341
 316 378 214 310 363 331 211 236 344 313 285 345 314 369 209
 232 352 315 300 326 297 328 268 226 266 222 324 220 322 218
 375 257 379 259 278 216 205 329 365 336 275 208 302 366 207
 301 248 251 239 256 212 227 210 223 271 356 269 358 262 374
 384 264 274 306 241 333 279 215 332 347 367 308 304 368 289
 245 291 253 371 286 381 287 373 234 383 229 357 263 355 261
 281 284 311 340 213 338 330 361 349 243 350 303 255 231 372
 290 247 235 339 337 364 242 382 292 325 296 267 380 265 376
 327 294 283 280 312 309 362 305 348 334 246 346 252 228 360
 225 299 323 342 254 298 321 240 224 354 221 412 392 418 423
 408 405 427 404 417 422 403 416 413 426 419 409 395 390 424
 411 428 396 393 429 420 397 385 386 415 398 391 425 407 402
 421 400 389 406 401 388 394 414 410 387 399 509 500 494 505
 451 475 524 499 532 493 457 578 548 497 465 450 537 483 456
 602 600 573 440 448 569 590 445 434 491 486 565 587 469 517
 579 601 520 473 541 479 441 464 545 588 603 572 467 530 515
 566 449 474 523 443 591 583 460 582 568 557 556 461 551 437
 528 447 432 599 431 571 538 439 533 430 549 529 433 536 525
 539 463 561 576 466 609 606 559 478 597 594 589 592 506 496
 570 604 502 438 482 581 472 596 436 508 562 558 504 442 492
 605 560 567 446 507 577 574 608 468 598 580 503 498 477 593
 490 489 586 585 546 514 535 516 547 462 488 454 607 534 584
 459 527 501 470 452 552 595 521 553 435 481 543 522 564 555
 487 485 484 455 575 519 458 554 518 531 513 476 544 512 542
 495 453 480 444 471 526 550 510 563 540 511 716 724 726 714
 891 771 631 670 743 701 888 799 748 632 808 641 779 649 838
 665 960 795 621 668 740 709 963 780 810 623 757 616 769 659
 833 675 760 688 713 615 640 966 923 755 622 898 876 737 705
 637 776 694 854 687 904 619 656 723 798 899 794 967 652 721
 954 635 912 697 677 921 929 661 809 961 811 889 753 826 953
 868 871 647 663 875 909 926 747 834 674 883 959 823 900 627
 763 781 664 941 897 843 964 643 783 770 865 657 934 933 919
 613 610 922 612 877 935 653 864 861 873 611 832 896 639 654
 911 920 936 930 853 874 842 882 940 822 625 650 824 849 620
 685 839 958 830 845 863 858 683 630 806 777 952 938 768 887
 703 801 812 761 792 636 968 764 857 691 915 681 908 884 814
 614 784 886 778 969 711 805 813 773 807 775 862 673 962 965
 893 744 927 914 949 732 782 626 869 856 762 642 885 680 617
 906 633 956 939 690 890 901 937 667 831 662 699 741 894 829
 924 913 844 852 706 629 866 855 821 634 848 910 825 676 618
 847 698 645 950 841 947 867 707 742 903 925 772 803 946 945
 827 738 767 646 728 932 918 817 720 729 816 736 739 693 786
 766 802 689 672 725 944 686 931 727 804 704 746 836 951 955
 917 928 710 793 733 957 942 765 682 624 628 750 820 840 749
 948 648 943 837 678 700 751 671 651 916 789 902 881 835 734
 759 660 774 797 666 715 880 696 717 859 735 679 788 758 796
 695 718 860 872 791 790 754 719 722 851 870 895 905 800 712
 752 818 819 692 684 638 644 730 850 787 708 731 669 655 846
 828 745 907 878 785 658 879 756 892 702 815 1029 1020 1034 1032
 1022 1051 1045 1046 1006 1037 1058 1005 1038 1056 1002 980 998 979 1039
 1003 1057 999 985 1049 987 1031 1044 1043 1036 1017 1033 1054 1059 1014
 1008 972 977 1010 1035 1053 1047 1041 1011 1050 989 984 986 991 1009
 1028 995 1055 993 1042 1023 997 1021 1001 1052 981 1000 973 971 1026
 970 1019 990 983 992 1015 1007 1012 1048 1025 1024 974 975 1013 996
 976 1040 978 1004 1018 1027 1030 994 1016 982 988 1086 1088 1104 1099
 1061 1089 1096 1080 1100 1083 1084 1076 1103 1095 1090 1085 1098 1067 1071
 1064 1093 1073 1066 1092 1097 1101 1079 1075 1060 1087 1102 1070 1069 1062
 1072 1081 1094 1068 1063 1078 1091 1065 1074 1082 1077 1105 1106 1109 1107
 1108 1110 1113 1111 1112 1125 1122 1123 1116 1128 1127 1121 1119 1118 1117
 1126 1120 1115 1114 1124 1161 1169 1149 1155 1140 1164 1145 1141 1153 1170
 1135 1167 1163 1133 1172 1168 1136 1152 1134 1171 1156 1159 1132 1165 1162
 1150 1166 1131 1160 1173 1154 1148 1138 1147 1139 1137 1146 1158 1143 1129
 1157 1144 1130 1142 1151 1174 1177 1175 1176 1179 1180 1178 1221 1206 1219
 1214 1208 1196 1191 1225 1200 1197 1199 1218 1190 1186 1202 1211 1187 1217
 1193 1188 1216 1194 1223 1184 1220 1192 1183 1210 1222 1212 1195 1203 1209
 1204 1207 1224 1189 1181 1205 1215 1182 1213 1185 1201 1198 1236 1240 1232
 1231 1238 1229 1228 1233 1235 1234 1226 1237 1230 1239 1227 1269 1273 1257
 1277 1242 1282 1267 1280 1259 1262 1258 1265 1266 1261 1243 1271 1274 1250
 1284 1247 1253 1252 1281 1249 1251 1241 1278 1283 1254 1245 1255 1244 1275
 1256 1276 1270 1272 1268 1246 1285 1264 1279 1260 1263 1248 1292 1291 1290
 1286 1294 1293 1289 1287 1288 1333 1298 1309 1317 1319 1313 1338 1330 1320
 1315 1314 1334 1331 1325 1316 1328 1297 1302 1307 1306 1326 1308 1337 1296
 1336 1327 1332 1329 1301 1318 1311 1335 1303 1300 1339 1322 1310 1304 1305
 1295 1321 1299 1324 1323 1312 1344 1423 1425 1401 1355 1417 1340 1373 1395
 1407 1393 1385 1379 1367 1387 1370 1378 1381 1346 1402 1392 1376 1405 1398
 1410 1409 1428 1348 1408 1429 1358 1396 1397 1345 1422 1390 1360 1350 1359
 1415 1420 1343 1349 1411 1399 1414 1391 1342 1421 1404 1419 1424 1364 1383
 1368 1365 1347 1416 1356 1352 1389 1362 1363 1384 1426 1357 1377 1382 1413
 1353 1361 1406 1369 1366 1351 1403 1372 1371 1386 1375 1400 1427 1418 1354
 1374 1341 1380 1388 1394 1412
0 1 2 3 4 6 5 8 7 10 9 12 11 14
 13 16 15 17 18 19 20 22 21 24 23 26 25 28 27
 30 29 32 31 33 34 35 37 36 39 38 41 40 43 42
 45 44 47 46 48 49 50 51 52 53 55 54 57 56 59
 58 61 60 63 62 65 64 67 66 69 68 71 70 73 72
 75 74 77 76 78 79 80 98 119 117 120 143 144 132 131
 135 136 123 124 127 128 139 140 99 81 97 115 118 116 134
 133 125 126 129 130 141 142 121 122 137 138 100 102 83 101
 82 84 111 112 91 92 105 106 93 94 107 108 88 87 104
 103 89 90 113 114 95 96 109 110 85 86 388 387 385 392
 391 390 389 393 394 395 396 400 399 398 397 976 1063 975 973
 1077 997 996 1022 1023 1061 982 972 994 1069 1068 1012 1013 1020 1021
 1093 1094 1086 1085 1029 1028 1036 1037 985 984 1006 1007 1070 1071 989
 988 1009 1008 1017 1016 1090 1089 1001 1000 1081 1082 449 448 645 644
 717 716 797 796 484 485 734 735 719 718 519 518 771 770 858
 859 888 889 775 774 767 766 724 725 479 478 695 694 522 523
 863 862 700 701 827 826 498 499 777 776 886 887 807 806 671
 670 673 672 626 627 623 622 511 510 850 851 891 890 799 798
 646 647 559 558 475 474 699 698 835 834 678 679 747 746 836
 837 439 438 625 624 525 524 630 631 861 860 530 531 656 657
 576 577 731 730 819 818 451 450 739 738 455 454 488 489 878
 879 495 494 768 769 443 442 722 723 575 574 466 467 865 864
 441 440 629 628 742 743 740 741 487 486 490 491 651 650 658
 659 503 502 707 706 752 753 505 504 783 782 562 563 871 870
 811 810 465 464 751 750 708 709 692 693 784 785 539 538 540
 541 901 900 542 543 899 898 683 682 787 786 147 403 146 145
 151 150 149 148 152 153 154 155 159 158 157 156 405 404 386
 402 401 409 408 407 406 423 422 429 428 416 417 414 415 425
 424 427 426 411 410 419 418 421 420 413 412 642 643 640 641
 825 824 885 884 286 285 330 329 320 319 849 848 610 611 206
 205 306 305 921 920 310 309 955 954 875 874 904 905 936 937
 362 361 325 326 949 948 910 911 814 815 274 273 813 812 234
 233 676 677 794 795 213 214 338 337 311 312 339 340 962 963
 316 315 790 791 245 246 927 926 346 345 352 351 873 872 909
 908 262 261 761 760 714 715 732 733 220 219 615 614 237 238
 290 289 914 915 923 922 295 296 964 965 957 956 967 966 372
 371 373 374 377 378 689 688 667 666 755 754 680 681 713 712
 852 853 618 619 272 271 930 931 355 356 845 844 727 726 846
 847 762 763 820 821 324 323 299 300 950 951 960 961 894 895
 662 663 830 831 803 802 829 828 773 772 800 801 703 702 808
 809 841 840 634 635 780 781 633 632 748 749 446 447 639 638
 521 520 720 721 556 557 736 737 260 259 288 287 257 258 332
 331 291 292 607 606 602 603 789 788 613 612 432 433 430 431
 208 207 269 270 952 953 342 341 756 757 918 919 297 298 343
 344 711 710 584 585 945 944 547 546 817 816 254 253 256 255
 697 696 480 481 279 280 550 551 382 381 876 877 940 941 545
 544 968 969 367 368 236 235 675 674 276 275 241 242 597 596
 916 917 348 347 365 366 661 660 553 552 514 515 210 209 218
 217 616 617 321 322 231 232 567 566 906 907 302 301 516 517
 215 216 620 621 308 307 335 336 333 334 932 933 282 281 608
 609 364 363 349 350 549 548 652 653 793 792 513 512 570 571
 856 857 230 229 317 318 222 221 593 592 228 227 248 247 938
 939 604 605 354 353 369 370 384 383 637 636 496 497 759 758
 482 483 212 211 268 267 594 595 589 588 929 928 252 251 598
 599 360 359 477 476 472 473 669 668 304 303 572 573 855 854
 435 434 244 243 591 590 586 587 912 913 278 277 283 284 947
 946 601 600 903 902 565 564 568 569 445 444 263 264 554 555
 823 822 764 765 223 224 294 293 240 239 328 327 958 959 942
 943 358 357 507 506 459 458 684 685 313 314 882 883 880 881
 437 436 249 250 225 226 266 265 934 935 582 583 925 924 380
 379 376 375 843 842 460 461 728 729 509 508 470 471 832 833
 526 527 704 705 654 655 453 452 529 528 897 896 501 500 805
 804 560 561 744 745 892 893 462 463 778 779 686 687 868 869
 665 664 839 838 469 468 578 579 648 649 457 456 535 534 866
 867 580 581 492 493 532 533 537 536 690 691 1076 993 171 163
 1062 162 160 1060 983 1079 1078 992 170 978 188 187 1046 1047 194
 193 1041 1040 981 971 172 1080 166 165 1102 1101 202 201 1092 1091
 1099 1100 189 190 196 195 1074 1075 175 176 1052 1053 198 197 1084
 1083 177 178 167 168 1073 1072 1043 1042 184 183 1045 1044 1103 1104
 1059 1058 185 186 1097 1098 991 990 1027 1026 1031 1030 986 987 1067
 1066 1064 1065 1014 1015 1096 1095 1087 1088 1035 1034 977 169 974 161
 1050 1051 1049 1048 174 173 191 192 1025 1024 1010 1011 970 164 980
 979 995 203 204 1019 1018 182 181 1056 1057 200 199 1003 1002 179
 180 1055 1054 1038 1039 1004 1005 999 998 1032 1033 1105 1106 1107 1108
 1109 1112 1113 1110 1111 1145 1156 1157 1155 1154 1140 1129 1162 1163 1164
 1165 1173 1172 1171 1170 1120 1159 1158 1161 1160 1167 1166 1169 1168 1139
 1138 1119 1142 1141 1144 1143 1114 1148 1149 1146 1147 1153 1152 1151 1150
 1118 1117 1115 1116 1131 1130 1133 1132 1121 1122 1123 1124 1135 1134 1137
 1136 1128 1127 1126 1125 1175 1174 1177 1176 1287 1290 1292 1340 1354 1327
 1326 1392 1393 1399 1398 1331 1330 1300 1306 1359 1348 1361 1311 1362 1381
 1380 1388 1389 1317 1316 1373 1372 1371 1370 1319 1318 1409 1408 1407 1406
 1418 1419 1415 1414 1424 1425 1333 1332 1428 1429 1339 1338 1256 1266 1267
 1263 1262 1251 1254 1276 1277 1243 1242 1249 1248 1283 1282 1253 1236 1235
 1273 1272 1278 1279 1238 1237 1252 1231 1250 1241 1232 1257 1226 1255 1264
 1265 1269 1268 1230 1229 1258 1259 1227 1228 1261 1260 1274 1275 1245 1244
 1270 1271 1233 1234 1246 1247 1284 1285 1240 1239 1280 1281 1291 1178 1289
 1288 1179 1286 1180 1294 1293 1341 1410 1411 1412 1413 1191 1420 1421 1417
 1416 1355 1192 1343 1360 1353 1363 1196 1378 1379 1386 1387 1203 1202 1209
 1208 1374 1375 1385 1384 1395 1394 1184 1183 1404 1405 1190 1189 1221 1220
 1347 1346 1350 1349 1225 1224 1181 1295 1358 1307 1422 1423 1335 1334 1194
 1337 1336 1426 1427 1309 1182 1305 1357 1356 1342 1193 1308 1195 1197 1310
 1365 1364 1376 1377 1382 1383 1207 1206 1205 1204 1320 1321 1366 1367 1312
 1313 1199 1198 1368 1369 1323 1322 1314 1315 1200 1201 1396 1397 1185 1186
 1325 1324 1390 1391 1188 1187 1402 1403 1400 1401 1328 1329 1213 1212 1211
 1210 1296 1297 1298 1299 1217 1216 1304 1303 1214 1215 1301 1302 1344 1345
 1218 1219 1351 1352 1222 1223
0 1 2 4 3 15 16 13 14 12 11 9 10 8
 7 6 5 79 51 52 50 58 59 66 67 63 62 71 70
 74 75 54 55 33 35 34 47 46 40 41 39 38 45 44
 42 43 36 37 48 53 20 18 19 49 32 31 76 77 22
 21 64 65 25 26 61 60 24 23 73 72 27 28 68 69
 30 29 57 56 78 17 80 81 83 82 84 93 94 90 89
 87 88 95 96 86 85 92 91 99 98 97 115 116 118 137
 138 130 129 125 126 121 122 142 141 133 134 100 101 119 102
 117 120 110 109 139 140 108 107 144 143 105 106 135 136 114
 113 132 131 104 103 124 123 111 112 127 128 1063 1062 1060 1075
 1074 1072 1073 1071 1070 1068 1069 1067 1066 1064 1065 976 388 975 386
 980 1022 1023 996 997 970 983 971 405 395 396 1006 1007 415 414
 1002 1003 1019 1018 1026 1027 409 408 990 991 1013 1012 393 394 987
 986 1031 1030 418 419 1005 1004 411 410 1038 1039 639 638 447 446
 796 797 717 716 518 519 718 719 734 735 484 485 814 815 777
 776 551 550 862 863 812 813 807 806 675 674 672 673 711 710
 775 774 905 904 874 875 756 757 859 858 547 546 725 724 480
 481 695 694 615 614 436 437 882 883 760 761 713 712 508 509
 688 689 842 843 668 669 548 549 864 865 657 656 723 722 860
 861 616 617 434 435 907 906 444 445 836 837 490 491 678 679
 487 486 497 496 853 852 685 684 845 844 467 466 574 575 515
 514 792 793 566 567 636 637 747 746 488 489 455 454 835 834
 621 620 619 618 846 847 507 506 577 576 531 530 470 471 462
 463 744 745 894 895 830 831 805 804 801 800 832 833 772 773
 501 500 654 655 829 828 529 528 663 662 561 560 893 892 897
 896 703 702 705 704 527 526 452 453 802 803 977 163 974 161
 1024 1025 1010 1011 192 191 174 173 1051 1050 1049 1048 994 992 973
 981 172 1037 1036 185 186 201 202 1053 1052 177 178 1020 1021 198
 197 1059 1058 1000 1001 1017 1016 1035 1034 1014 1015 640 641 643 642
 288 287 260 259 721 720 736 737 788 789 292 291 207 208 613
 612 876 877 382 381 325 326 949 948 827 826 700 701 344 343
 919 918 309 310 954 955 342 341 770 771 816 817 767 766 697
 696 254 253 763 762 220 219 299 300 324 323 296 295 967 966
 758 759 301 302 652 653 359 360 933 932 929 928 335 336 268
 267 881 880 850 851 313 314 821 820 214 213 627 626 660 661
 728 729 379 380 365 366 339 340 961 960 950 951 963 962 934
 935 924 925 917 916 646 647 249 250 276 275 225 226 890 891
 819 818 629 628 902 903 369 370 912 913 738 739 318 317 743
 742 794 795 732 733 312 311 337 338 956 957 964 965 706 707
 692 693 753 752 787 786 750 751 871 870 783 782 900 901 781
 780 748 749 633 632 808 809 635 634 840 841 645 644 448 449
 257 258 286 285 331 332 329 330 884 885 824 825 520 521 556
 557 849 848 602 603 606 607 320 319 205 206 431 430 432 433
 610 611 545 544 940 941 911 910 499 498 362 361 279 280 936
 937 523 522 367 368 968 969 887 886 274 273 677 676 236 235
 233 234 670 671 298 297 888 889 920 921 305 306 953 952 270
 269 944 945 585 584 255 256 478 479 754 755 461 460 375 376
 377 378 583 582 922 923 237 238 265 266 878 879 211 212 216
 215 438 439 281 282 251 252 768 769 525 524 790 791 573 572
 218 217 441 440 565 564 872 873 568 569 346 345 321 322 601
 600 591 590 586 587 699 698 246 245 495 494 264 263 482 483
 823 822 476 477 727 726 473 472 358 357 239 240 223 224 959
 958 598 599 594 595 931 930 588 589 443 442 731 730 316 315
 571 570 210 209 908 909 353 354 384 383 351 352 231 232 605
 604 927 926 230 229 222 221 475 474 554 555 516 517 764 765
 625 624 458 459 363 364 350 349 356 355 327 328 294 293 943
 942 609 608 272 271 307 308 334 333 630 631 513 512 303 304
 857 856 854 855 247 248 284 283 228 227 278 277 938 939 947
 946 592 593 741 740 244 243 451 450 715 714 510 511 262 261
 623 622 666 667 681 680 553 552 371 372 348 347 373 374 914
 915 597 596 559 558 241 242 289 290 799 798 650 651 563 562
 899 898 542 543 464 465 683 682 709 708 541 540 810 811 504
 505 784 785 502 503 539 538 659 658 867 866 649 648 838 839
 691 690 868 869 456 457 535 534 686 687 469 468 579 578 778
 779 532 533 536 537 581 580 492 493 665 664 169 171 993 403
 387 162 160 385 982 979 164 404 978 170 1040 1041 193 194 1046
 1047 188 187 402 972 401 995 168 167 1056 1057 423 422 180 179
 199 200 176 175 1045 1044 392 391 189 190 429 428 424 425 181
 182 417 416 166 165 390 389 184 183 1042 1043 195 196 1054 1055
 426 427 406 407 204 203 985 984 1029 1028 1008 1009 989 988 399
 400 397 398 412 413 1033 1032 999 998 420 421 147 1076 146 145
 159 158 156 157 155 154 152 153 151 150 148 149 1061 1078 1077
 1079 1080 1097 1098 1085 1086 1084 1083 1101 1102 1099 1100 1093 1094 1092
 1091 1103 1104 1082 1081 1090 1089 1088 1087 1096 1095 1105 1109 1107 1108
 1106 1110 1113 1112 1111 1145 1168 1169 1166 1167 1142 1138 1165 1164 1162
 1163 1150 1151 1149 1148 1139 1161 1160 1158 1159 1155 1154 1156 1157 1120
 1129 1141 1140 1119 1143 1144 1114 1171 1170 1127 1128 1126 1125 1173 1172
 1134 1135 1137 1136 1133 1132 1130 1131 1124 1123 1121 1122 1118 1117 1116
 1115 1146 1147 1152 1153 1178 1287 1289 1288 1174 1179 1180 1340 1354 1266
 1267 1426 1427 1272 1273 1413 1412 1353 1254 1257 1250 1357 1363 1364 1383
 1382 1376 1377 1385 1384 1371 1370 1372 1373 1378 1379 1284 1285 1401 1400
 1424 1425 1270 1271 1419 1418 1283 1282 1264 1265 1394 1395 1307 1326 1327
 1336 1337 1308 1306 1329 1328 1302 1301 1296 1297 1332 1333 1358 1420 1421
 1399 1398 1422 1423 1411 1410 1194 1360 1348 1342 1192 1359 1343 1193 1429
 1428 1396 1397 1349 1350 1223 1222 1184 1183 1391 1390 1217 1216 1188 1187
 1414 1415 1405 1404 1344 1345 1408 1409 1220 1221 1211 1210 1291 1175 1177
 1176 1290 1286 1292 1294 1293 1295 1238 1237 1331 1330 1309 1235 1236 1335
 1334 1305 1232 1226 1231 1300 1311 1310 1318 1319 1320 1321 1323 1322 1313
 1312 1315 1314 1316 1317 1339 1338 1228 1227 1233 1234 1298 1299 1240 1239
 1303 1304 1230 1229 1324 1325 1181 1341 1253 1256 1279 1278 1416 1417 1252
 1263 1262 1393 1392 1191 1182 1355 1361 1195 1241 1255 1251 1356 1365 1196
 1197 1362 1389 1388 1381 1380 1204 1205 1207 1206 1387 1386 1201 1200 1209
 1208 1368 1369 1198 1199 1202 1203 1374 1375 1366 1367 1268 1269 1351 1352
 1225 1224 1261 1260 1244 1245 1212 1213 1407 1406 1276 1277 1402 1403 1281
 1280 1248 1249 1189 1190 1275 1274 1347 1346 1218 1219 1243 1242 1247 1246
 1215 1214 1186 1185 1258 1259
0 1 2 3 4 6 5 8 7 10 9 12 11 14
 13 16 15 33 35 34 78 42 43 39 38 41 40 37 36
 45 44 47 46 17 19 18 28 27 24 23 26 25 21 22
 30 29 32 31 79 52 80 53 49 51 69 68 58 59 56
 57 63 62 61 60 67 66 65 64 55 54 73 72 71 70
 76 77 74 75 20 48 50 115 116 118 99 141 142 126 125
 129 130 133 134 122 121 137 138 120 100 84 98 117 119 124
 123 131 132 135 136 143 144 128 127 139 140 81 82 101 83
 102 97 94 93 104 103 88 87 112 111 89 90 105 106 91
 92 107 108 95 96 113 114 85 86 109 110 976 977 147 447
 446 639 638 643 642 641 640 645 644 449 448 388 975 1063 163
 1076 841 840 808 809 169 993 171 403 635 634 780 781 528 529
 654 655 463 462 561 560 892 893 744 745 748 749 633 632 784
 785 503 502 709 708 465 464 539 538 659 658 398 397 400 399
 716 717 734 735 518 519 797 796 718 719 485 484 704 705 868
 869 1038 1039 999 998 470 471 687 686 410 411 421 420 1004 1005
 1033 1032 833 832 527 526 663 662 665 664 895 894 778 779 419
 418 412 413 258 257 260 259 721 720 557 556 896 897 987 986
 501 500 1031 1030 831 830 829 828 1015 1014 1095 1096 839 838 649
 648 286 285 288 287 773 772 1066 1067 867 866 468 469 1087 1088
 578 579 825 824 521 520 803 802 453 452 535 534 456 457 884
 885 736 737 703 702 1064 1065 691 690 581 580 493 492 1034 1035
 330 329 332 331 805 804 800 801 537 536 532 533 751 750 1082
 1081 1009 1008 811 810 542 543 787 786 683 682 871 870 562 563
 707 706 1090 1089 651 650 1016 1017 540 541 989 988 1001 1000 692
 693 899 898 752 753 901 900 783 782 505 504 385 994 1060 160
 613 612 610 611 431 430 433 432 206 205 208 207 401 995 172
 1080 405 675 674 697 696 233 234 255 256 676 677 480 481 254
 253 236 235 478 479 671 670 695 694 672 673 394 393 396 395
 731 730 879 878 439 438 441 440 1051 1050 1010 1011 149 148 159
 158 589 588 308 307 957 956 311 312 567 566 906 907 182 181
 200 199 963 962 295 296 229 230 668 669 586 587 549 548 422
 423 416 417 795 794 220 219 967 966 955 954 964 965 326 325
 621 620 497 496 585 584 270 269 196 195 384 383 565 564 1043
 1042 616 617 513 512 515 514 733 732 213 214 304 303 1099 1100
 593 592 244 243 177 178 949 948 339 340 310 309 338 337 202
 201 367 368 349 350 547 546 545 544 477 476 1084 1083 757 756
 555 554 264 263 1045 1044 184 183 357 358 507 506 459 458 684
 685 820 821 762 763 960 961 950 951 299 300 324 323 887 886
 499 498 474 475 451 450 699 698 525 524 740 741 768 769 1022
 1023 997 996 1068 1069 1012 1013 1070 1071 1006 1007 391 392 390 389
 819 818 510 511 851 850 495 494 623 622 625 624 627 626 629
 628 1049 1048 192 191 174 173 1025 1024 151 150 155 154 153 152
 157 156 926 927 284 283 364 363 712 713 179 180 1056 1057 204
 203 1003 1002 246 245 248 247 689 688 472 473 425 424 428 429
 407 406 414 415 1055 1054 1018 1019 354 353 568 569 232 231 667
 666 322 321 373 374 427 426 409 408 591 590 913 912 318 317
 221 222 360 359 198 197 1092 1091 652 653 715 714 209 210 217
 218 262 261 969 968 941 940 875 874 904 905 435 434 517 516
 211 212 315 316 921 920 594 595 928 929 187 188 947 946 189
 190 342 341 377 378 813 812 553 552 759 758 761 760 572 573
 854 855 911 910 596 597 917 916 290 289 1102 1101 945 944 251
 252 175 176 382 381 193 194 352 351 1073 1072 791 790 793 792
 483 482 216 215 1046 1047 335 336 306 305 334 333 939 938 167
 168 348 347 755 754 817 816 815 814 615 614 570 571 857 856
 302 301 914 915 276 275 274 273 242 241 1052 1053 953 952 282
 281 166 165 1041 1040 873 872 876 877 1075 1074 619 618 853 852
 764 765 823 822 942 943 958 959 1103 1104 1058 1059 294 293 223
 224 356 355 845 844 727 726 846 847 437 436 881 880 883 882
 313 314 583 582 1097 1098 924 925 185 186 250 249 265 266 376
 375 380 379 991 990 728 729 460 461 1027 1026 767 766 701 700
 826 827 771 770 1093 1094 739 738 1021 1020 890 891 646 647 742
 743 1028 1029 985 984 1036 1037 1085 1086 807 806 725 724 858 859
 777 776 747 746 531 530 576 577 837 836 489 488 455 454 860
 861 574 575 467 466 490 491 487 486 723 722 1077 982 972 973
 974 161 145 146 978 981 980 979 971 983 933 932 268 267 370
 369 903 902 1079 170 386 402 601 600 228 227 372 371 661 660
 237 238 608 609 346 345 444 445 604 605 278 277 365 366 680
 681 923 922 598 599 637 636 909 908 930 931 272 271 240 239
 327 328 934 935 225 226 843 842 509 508 559 558 798 799 631
 630 443 442 834 835 679 678 656 657 864 865 387 1061 1062 162
 319 320 291 292 602 603 606 607 789 788 849 848 164 970 1078
 992 404 344 343 551 550 936 937 297 298 362 361 711 710 918
 919 279 280 888 889 522 523 775 774 862 863 1105 1107 1106 1109
 1108 1113 1112 1111 1110 1145 1156 1157 1155 1154 1139 1120 1160 1161 1158
 1159 1169 1168 1166 1167 1129 1165 1164 1163 1162 1170 1171 1173 1172 1140
 1119 1138 1141 1142 1144 1143 1114 1148 1149 1146 1147 1153 1152 1151 1150
 1118 1117 1115 1116 1123 1124 1121 1122 1133 1132 1131 1130 1127 1128 1126
 1125 1134 1135 1137 1136 1181 1340 1295 1341 1354 1358 1253 1174 1287 1393
 1392 1326 1327 1331 1330 1399 1398 1194 1291 1309 1191 1307 1252 1256 1263
 1262 1266 1267 1279 1278 1236 1235 1238 1237 1273 1272 1417 1416 1337 1336
 1410 1411 1335 1334 1420 1421 1427 1426 1412 1413 1422 1423 1362 1388 1389
 1381 1380 1364 1293 1382 1383 1205 1204 1207 1206 1376 1377 1292 1373 1372
 1319 1318 1316 1317 1371 1370 1311 1365 1196 1180 1294 1310 1197 1363 1378
 1379 1385 1384 1199 1198 1312 1313 1200 1201 1323 1322 1374 1375 1209 1208
 1320 1321 1368 1369 1203 1202 1386 1387 1367 1366 1314 1315 1306 1182 1305
 1355 1342 1192 1241 1232 1254 1176 1418 1419 1428 1429 1348 1424 1425 1409
 1408 1288 1286 1195 1356 1193 1255 1250 1264 1265 1284 1285 1246 1247 1245
 1244 1274 1275 1269 1268 1396 1397 1185 1186 1402 1403 1188 1187 1351 1352
 1217 1216 1213 1212 1345 1344 1175 1177 1290 1361 1339 1338 1415 1414 1300
 1407 1406 1332 1333 1359 1178 1289 1308 1360 1179 1353 1357 1343 1226 1257
 1231 1251 1283 1282 1276 1277 1249 1248 1243 1242 1270 1271 1239 1240 1258
 1259 1230 1229 1233 1234 1261 1260 1280 1281 1227 1228 1395 1394 1184 1183
 1391 1390 1324 1325 1190 1189 1404 1405 1328 1329 1400 1401 1350 1349 1304
 1303 1214 1215 1222 1223 1347 1346 1211 1210 1296 1297 1218 1219 1224 1225
 1301 1302 1221 1220 1298 1299
0 2 3 4 1 6 5 11 12 9 10 14 13 16
 15 7 8 17 19 18 20 29 30 25 26 24 23 32 31
 22 21 27 28 79 52 51 71 70 66 67 63 62 59 58
 74 75 54 55 49 80 34 33 78 48 36 37 65 64 40
 41 77 76 42 43 60 61 38 39 68 69 47 46 73 72
 44 45 56 57 50 35 53 145 162 160 161 217 218 215 216
 210 209 219 220 211 212 213 214 404 402 388 981 1079 995 764
 765 571 570 732 733 794 795 573 572 823 822 1063 976 1080 975
 979 992 734 735 856 857 797 796 763 762 718 719 820 821 518
 519 483 482 485 484 855 854 717 716 517 516 146 147 81 149
 148 154 155 152 153 159 158 150 151 157 156 172 170 164 83
 169 295 296 354 353 82 171 84 163 293 294 279 280 266 265
 240 239 274 273 268 267 311 312 252 251 362 361 359 360 250
 249 370 369 308 307 367 368 377 378 238 237 198 197 186 185
 301 302 261 262 263 264 316 315 314 313 304 303 306 305 310
 309 226 225 227 228 167 168 166 165 191 192 174 173 284 283
 363 364 254 253 255 256 183 184 196 195 328 327 371 372 177
 178 202 201 92 91 86 85 285 286 332 331 241 242 289 290
 282 281 298 297 291 292 299 300 231 232 324 323 341 342 376
 375 93 94 89 90 246 245 334 333 322 321 278 277 345 346
 348 347 288 287 257 258 222 221 326 325 224 223 381 382 259
 260 329 330 247 248 339 340 235 236 337 338 206 205 380 379
 88 87 96 95 181 182 190 189 176 175 200 199 349 350 272
 271 343 344 351 352 270 269 276 275 365 366 187 188 179 180
 373 374 383 384 358 357 230 229 320 319 317 318 356 355 233
 234 204 203 244 243 194 193 208 207 335 336 99 385 401 386
 429 428 424 425 420 421 406 407 414 415 410 411 98 387 405
 403 97 400 399 417 416 396 395 408 409 390 389 422 423 419
 418 393 394 413 412 391 392 426 427 397 398 1053 1052 1000 1001
 624 625 622 623 126 125 121 122 944 945 767 766 1067 1066 1074
 1075 592 593 576 577 580 581 507 506 504 505 597 596 704 705
 712 713 696 697 694 695 1006 1007 1045 1044 922 923 709 708 1058
 1059 1037 1036 731 730 615 614 999 998 755 754 1040 1041 637 636
 880 881 109 110 1098 1097 776 777 509 508 452 453 460 461 558
 559 759 758 123 124 107 108 878 879 618 619 853 852 950 951
 929 928 864 865 663 662 635 634 1002 1003 723 722 997 996 669
 668 638 639 895 894 1081 1082 1083 1084 677 676 768 769 911 910
 140 139 760 761 608 609 561 560 1005 1004 871 870 877 876 935
 934 737 736 721 720 686 687 458 459 688 689 454 455 640 641
 1086 1085 671 670 701 700 778 779 450 451 1032 1033 456 457 751
 750 942 943 966 967 604 605 898 899 503 502 1021 1020 1035 1034
 629 628 440 441 626 627 439 438 130 129 141 142 133 134 138
 137 585 584 546 547 724 725 817 816 1070 1071 1073 1072 1068 1069
 1065 1064 955 954 875 874 905 904 921 920 657 656 661 660 655
 654 659 658 986 987 991 990 989 988 984 985 1048 1049 1025 1024
 1011 1010 1050 1051 868 869 926 927 480 481 478 479 1012 1013 1043
 1042 834 835 892 893 1014 1015 1017 1016 953 952 610 611 747 746
 805 804 756 757 800 801 909 908 741 740 144 143 435 434 437
 436 882 883 642 643 1096 1095 541 540 583 582 791 790 884 885
 616 617 793 792 938 939 1057 1056 1046 1047 836 837 872 873 710
 711 815 814 702 703 645 644 699 698 127 128 104 103 510 511
 557 556 1103 1104 965 964 924 925 897 896 781 780 1092 1091 675
 674 775 774 444 445 501 500 470 471 562 563 136 135 106 105
 825 824 621 620 917 916 1023 1022 831 830 1039 1038 788 789 844
 845 684 685 848 849 1094 1093 1100 1099 512 513 495 494 520 521
 497 496 433 432 467 466 447 446 529 528 536 537 544 545 548
 549 575 574 552 553 472 473 443 442 594 595 555 554 113 114
 851 850 818 819 867 866 469 468 564 565 667 666 859 858 486
 487 1030 1031 753 752 653 652 612 613 714 715 132 131 111 112
 514 515 607 606 931 930 586 587 491 490 673 672 773 772 1018
 1019 1027 1026 786 787 647 646 826 827 918 919 1087 1088 631 630
 632 633 499 498 749 748 649 648 742 743 770 771 533 532 1028
 1029 889 888 579 578 665 664 525 524 448 449 1101 1102 940 941
 1090 1089 682 683 430 431 901 900 706 707 651 650 948 949 961
 960 959 958 538 539 1009 1008 1054 1055 603 602 972 1061 115 116
 117 971 1060 1062 119 1077 100 1076 1078 101 963 962 832 833 526
 527 569 568 982 983 974 977 691 690 679 678 907 906 681 680
 807 806 902 903 550 551 590 591 841 840 861 860 828 829 887
 886 588 589 476 477 543 542 522 523 936 937 863 862 812 813
 566 567 947 946 462 463 693 692 932 933 809 808 474 475 891
 890 839 838 957 956 969 968 464 465 810 811 973 118 102 970
 489 488 803 802 535 534 727 726 728 729 738 739 980 978 120
 993 994 744 745 914 915 913 912 843 842 846 847 784 785 599
 598 530 531 799 798 493 492 600 601 783 782 1105 1106 1109 1108
 1107 1114 1144 1143 1145 1119 1117 1118 1125 1126 1120 1110 1115 1116 1123
 1124 1121 1122 1128 1127 1113 1130 1131 1156 1157 1170 1171 1161 1160 1129
 1142 1141 1112 1111 1140 1139 1138 1136 1137 1173 1172 1147 1146 1155 1154
 1168 1169 1148 1149 1164 1165 1150 1151 1152 1153 1158 1159 1167 1166 1163
 1162 1134 1135 1133 1132 1174 1176 1175 1177 1197 1195 1192 1178 1191 1200
 1201 1224 1225 1199 1198 1190 1189 1179 1196 1181 1180 1182 1194 1193 1222
 1223 1183 1184 1221 1220 1217 1216 1210 1211 1188 1187 1206 1207 1212 1213
 1218 1219 1202 1203 1186 1185 1204 1205 1208 1209 1215 1214 1231 1278 1279
 1277 1276 1226 1232 1263 1262 1284 1285 1270 1271 1268 1269 1241 1238 1237
 1230 1229 1260 1261 1242 1243 1256 1255 1257 1254 1253 1251 1250 1252 1244
 1245 1240 1239 1272 1273 1234 1233 1282 1283 1247 1246 1249 1248 1264 1265
 1280 1281 1258 1259 1266 1267 1235 1236 1227 1228 1274 1275 1361 1363 1362
 1310 1309 1353 1342 1306 1358 1287 1387 1386 1406 1407 1286 1316 1317 1334
 1335 1356 1365 1340 1294 1354 1343 1360 1336 1337 1408 1409 1423 1422 1329
 1328 1415 1414 1396 1397 1338 1339 1384 1385 1381 1380 1401 1400 1320 1321
 1395 1394 1383 1382 1417 1416 1288 1289 1311 1341 1374 1375 1392 1393 1293
 1318 1319 1304 1303 1305 1357 1300 1291 1290 1364 1295 1292 1355 1307 1359
 1308 1348 1332 1333 1399 1398 1411 1410 1302 1301 1421 1420 1344 1345 1428
 1429 1349 1350 1405 1404 1326 1327 1297 1296 1390 1391 1388 1389 1426 1427
 1351 1352 1322 1323 1378 1379 1331 1330 1403 1402 1312 1313 1298 1299 1314
 1315 1371 1370 1412 1413 1367 1366 1425 1424 1347 1346 1377 1376 1372 1373
 1324 1325 1419 1418 1369 1368
0 17 18 19 20 22 21 24 23 26 25 28 27 30
 29 31 32 1 2 3 4 5 6 7 8 9 10 11 12
 13 14 16 15 33 35 34 46 47 41 40 38 39 44 45
 43 42 37 36 49 48 52 51 50 53 59 58 60 61 54
 55 57 56 70 71 73 72 75 74 76 77 63 62 64 65
 66 67 69 68 78 79 80 81 145 146 147 148 149 150 151
 153 152 154 155 158 159 156 157 98 97 99 385 388 387 396
 395 397 398 392 391 394 393 389 390 400 399 401 386 403 402
 404 405 411 410 412 413 407 406 409 408 425 424 422 423 429
 428 427 426 415 414 417 416 420 421 418 419 82 83 84 86
 85 88 87 89 90 92 91 96 95 94 93 160 163 164 161
 162 167 168 166 165 170 169 171 172 177 178 179 180 174 173
 176 175 194 193 196 195 197 198 200 199 204 203 201 202 181
 182 183 184 186 185 187 188 192 191 189 190 431 430 432 433
 452 453 451 450 457 456 455 454 458 459 461 460 437 436 435
 434 439 438 441 440 443 442 445 444 446 447 448 449 472 473
 470 471 468 469 467 466 463 462 464 465 477 476 475 474 478
 479 481 480 508 509 502 503 507 506 504 505 501 500 499 498
 495 494 497 496 493 492 483 482 491 490 487 486 484 485 489
 488 560 561 559 558 567 566 562 563 564 565 568 569 554 555
 557 556 580 581 577 576 571 570 574 575 573 572 578 579 593
 592 596 597 588 589 595 594 587 586 590 591 583 582 585 584
 604 605 609 608 606 607 598 599 600 601 603 602 510 511 512
 513 515 514 517 516 518 519 521 520 527 526 528 529 523 522
 524 525 532 533 534 535 536 537 531 530 545 544 547 546 549
 548 551 550 553 552 538 539 541 540 543 542 100 116 102 101
 112 111 107 108 109 110 103 104 106 105 113 114 115 118 117
 119 120 125 126 127 128 121 122 124 123 137 138 139 140 144
 143 142 141 132 131 129 130 135 136 133 134 205 206 208 207
 223 224 221 222 225 226 227 228 229 230 231 232 234 233 236
 235 211 212 210 209 215 216 213 214 218 217 219 220 245 246
 248 247 243 244 242 241 240 239 238 237 251 252 249 250 254
 253 255 256 275 276 282 281 279 280 283 284 277 278 273 274
 269 270 271 272 267 268 265 266 260 259 264 263 261 262 258
 257 342 341 344 343 345 346 347 348 350 349 351 352 357 358
 360 359 353 354 356 355 367 368 362 361 364 363 366 365 380
 379 381 382 383 384 369 370 371 372 373 374 375 376 377 378
 298 297 299 300 287 288 286 285 292 291 294 293 289 290 296
 295 305 306 309 310 308 307 303 304 312 311 302 301 325 326
 327 328 321 322 318 317 324 323 313 314 319 320 316 315 336
 335 338 337 339 340 330 329 334 333 331 332 613 612 610 611
 653 652 647 646 649 648 650 651 660 661 654 655 659 658 657
 656 668 669 663 662 665 664 667 666 670 671 676 677 675 674
 673 672 616 617 618 619 621 620 614 615 625 624 628 629 626
 627 623 622 632 633 634 635 636 637 631 630 639 638 644 645
 642 643 641 640 686 687 689 688 684 685 683 682 679 678 680
 681 693 692 690 691 696 697 695 694 716 717 722 723 720 721
 727 726 719 718 724 725 714 715 728 729 711 710 699 698 706
 707 703 702 701 700 709 708 704 705 713 712 858 859 875 874
 867 866 873 872 868 869 862 863 864 865 871 870 855 854 853
 852 861 860 856 857 877 876 850 851 888 889 908 909 896 897
 904 905 893 892 891 890 878 879 884 885 881 880 902 903 894
 895 883 882 887 886 900 901 907 906 899 898 919 918 930 931
 920 921 924 925 928 929 934 935 927 926 936 937 913 912 911
 910 917 916 914 915 933 932 922 923 953 952 959 958 955 954
 960 961 939 938 942 943 949 948 963 962 944 945 947 946 951
 950 940 941 965 964 956 957 968 969 966 967 757 756 748 749
 746 747 753 752 731 730 750 751 741 740 743 742 734 735 739
 738 744 745 736 737 732 733 754 755 771 770 774 775 780 781
 773 772 782 783 759 758 768 769 766 767 779 778 763 762 788
 789 785 784 777 776 765 764 786 787 761 760 808 809 806 807
 813 812 810 811 790 791 795 794 817 816 797 796 802 803 799
 798 793 792 814 815 801 800 805 804 826 827 841 840 829 828
 835 834 836 837 830 831 838 839 818 819 822 823 845 844 820
 821 825 824 832 833 842 843 849 848 847 846 978 979 980 981
 992 993 995 994 970 971 972 973 983 982 991 990 989 988 986
 987 984 985 974 975 977 976 1033 1032 1030 1031 1035 1034 1028 1029
 1041 1040 1042 1043 1039 1038 1036 1037 1045 1044 1049 1048 1050 1051 1046
 1047 1052 1053 1055 1054 1059 1058 1057 1056 1003 1002 999 998 996 997
 1000 1001 1011 1010 1008 1009 1004 1005 1007 1006 1012 1013 1019 1018 1014
 1015 1017 1016 1021 1020 1022 1023 1026 1027 1024 1025 1060 1076 1063 1062
 1075 1074 1069 1068 1066 1067 1073 1072 1070 1071 1064 1065 1061 1079 1078
 1077 1080 1088 1087 1086 1085 1083 1084 1081 1082 1100 1099 1097 1098 1101
 1102 1104 1103 1092 1091 1089 1090 1094 1093 1095 1096 1106 1105 1107 1108
 1109 1174 1175 1177 1176 1226 1227 1228 1229 1230 1231 1232 1234 1233 1236
 1235 1238 1237 1240 1239 1241 1242 1243 1244 1245 1246 1247 1249 1248 1250
 1251 1252 1253 1254 1255 1256 1257 1262 1263 1264 1265 1266 1267 1269 1268
 1258 1259 1261 1260 1275 1274 1277 1276 1272 1273 1270 1271 1282 1283 1284
 1285 1278 1279 1281 1280 1110 1111 1113 1112 1178 1179 1180 1295 1300 1296
 1297 1299 1298 1302 1301 1303 1304 1305 1308 1307 1306 1309 1310 1311 1319
 1318 1317 1316 1322 1323 1314 1315 1321 1320 1312 1313 1327 1326 1324 1325
 1331 1330 1328 1329 1339 1338 1336 1337 1333 1332 1334 1335 1114 1116 1115
 1118 1117 1119 1120 1121 1122 1123 1124 1125 1126 1127 1128 1129 1131 1130
 1133 1132 1135 1134 1136 1137 1138 1139 1140 1141 1142 1143 1144 1145 1155
 1154 1156 1157 1147 1146 1149 1148 1151 1150 1152 1153 1165 1164 1163 1162
 1158 1159 1160 1161 1171 1170 1172 1173 1167 1166 1169 1168 1286 1289 1288
 1287 1291 1290 1294 1293 1292 1181 1184 1183 1185 1186 1182 1187 1188 1190
 1189 1191 1194 1193 1192 1195 1196 1197 1209 1208 1205 1204 1200 1201 1198
 1199 1206 1207 1203 1202 1213 1212 1210 1211 1217 1216 1214 1215 1222 1223
 1225 1224 1221 1220 1218 1219 1340 1341 1348 1343 1350 1349 1352 1351 1342
 1344 1345 1346 1347 1353 1357 1356 1355 1354 1360 1359 1358 1361 1365 1364
 1363 1362 1388 1389 1380 1381 1373 1372 1370 1371 1386 1387 1384 1385 1383
 1382 1369 1368 1378 1379 1377 1376 1375 1374 1367 1366 1409 1408 1406 1407
 1412 1413 1411 1410 1415 1414 1419 1418 1417 1416 1421 1420 1393 1392 1390
 1391 1396 1397 1395 1394 1398 1399 1402 1403 1400 1401 1404 1405 1429 1428
 1427 1426 1424 1425 1422 1423
1 0 2 4 3 8 7 6 5 10 9 12 11 16
 15 14 13 81 82 83 84 86 85 88 87 89 90 92 91
 94 93 95 96 100 101 102 103 104 105 106 107 108 109 110
 111 112 113 114 115 116 120 117 119 118 123 124 121 122 127
 128 126 125 132 131 130 129 136 135 133 134 140 139 138 137
 144 143 141 142 97 98 99 17 18 19 20 22 21 24 23
 25 26 28 27 30 29 31 32 78 79 80 33 34 35 36
 37 38 39 40 41 42 43 44 45 46 47 48 49 51 53
 52 50 56 57 54 55 61 60 58 59 65 64 63 62 68
 69 67 66 73 72 71 70 76 77 75 74 145 147 146 151
 150 149 148 153 152 155 154 159 158 157 156 160 161 162 164
 163 166 165 168 167 172 171 170 169 174 173 176 175 180 179
 178 177 185 186 188 187 181 182 184 183 190 189 192 191 196
 195 194 193 200 199 198 197 204 203 202 201 208 207 206 205
 209 210 211 212 213 214 215 216 217 218 219 220 230 229 231
 232 233 234 235 236 222 221 223 224 225 226 227 228 254 253
 255 256 243 244 241 242 250 249 251 252 246 245 247 248 238
 237 239 240 264 263 262 261 260 259 258 257 270 269 272 271
 266 265 268 267 276 275 274 273 279 280 277 278 283 284 281
 282 313 314 316 315 317 318 319 320 321 322 323 324 327 328
 326 325 330 329 332 331 335 336 334 333 338 337 339 340 285
 286 288 287 289 290 291 292 293 294 295 296 300 299 297 298
 302 301 304 303 308 307 305 306 310 309 311 312 377 378 371
 372 370 369 367 368 363 364 381 382 383 384 380 379 376 375
 373 374 365 366 349 350 361 362 347 348 346 345 343 344 359
 360 358 357 341 342 356 355 351 352 353 354 1060 1061 1062 1063
 1067 1066 1064 1065 1068 1069 1070 1071 1074 1075 1073 1072 1076 1080 1078
 1079 1077 1083 1084 1081 1082 1086 1085 1087 1088 1089 1090 1092 1091 1094
 1093 1096 1095 1098 1097 1100 1099 1101 1102 1103 1104 431 430 433 432
 441 440 439 438 437 436 435 434 447 446 448 449 443 442 444
 445 452 453 450 451 455 454 457 456 460 461 458 459 478 479
 480 481 467 466 469 468 474 475 476 477 470 471 472 473 462
 463 464 465 483 482 485 484 487 486 489 488 491 490 493 492
 497 496 495 494 501 500 499 498 509 508 506 507 504 505 503
 502 514 515 520 521 510 511 517 516 519 518 512 513 528 529
 526 527 524 525 522 523 531 530 533 532 535 534 537 536 550
 551 547 546 549 548 552 553 541 540 543 542 538 539 544 545
 557 556 555 554 561 560 559 558 566 567 569 568 562 563 565
 564 571 570 573 572 575 574 577 576 579 578 581 580 585 584
 583 582 590 591 594 595 586 587 596 597 588 589 592 593 599
 598 601 600 603 602 605 604 607 606 609 608 612 613 610 611
 629 628 622 623 627 626 625 624 616 617 621 620 619 618 615
 614 639 638 640 641 643 642 645 644 631 630 632 633 635 634
 637 636 663 662 665 664 669 668 667 666 671 670 673 672 675
 674 677 676 647 646 649 648 653 652 651 650 655 654 657 656
 659 658 661 660 695 694 697 696 684 685 682 683 691 690 693
 692 687 686 689 688 679 678 681 680 704 705 703 702 701 700
 698 699 712 713 711 710 709 708 706 707 721 720 718 719 716
 717 715 714 725 724 723 722 728 729 726 727 793 792 794 795
 796 797 791 790 802 803 804 805 801 800 798 799 807 806 809
 808 815 814 813 812 817 816 810 811 825 824 818 819 820 821
 822 823 831 830 833 832 829 828 826 827 834 835 836 837 838
 839 840 841 846 847 842 843 844 845 848 849 737 736 731 730
 732 733 734 735 744 745 743 742 738 739 740 741 747 746 749
 748 756 757 753 752 751 750 755 754 760 761 762 763 764 765
 759 758 772 773 771 770 767 766 769 768 774 775 776 777 778
 779 780 781 784 785 786 787 782 783 788 789 853 852 851 850
 856 857 854 855 860 861 858 859 864 865 862 863 868 869 866
 867 875 874 877 876 871 870 873 872 883 882 884 885 879 878
 880 881 896 897 892 893 894 895 888 889 890 891 886 887 907
 906 905 904 909 908 901 900 899 898 903 902 917 916 914 915
 912 913 911 910 922 923 929 928 918 919 926 927 924 925 921
 920 932 933 930 931 937 936 935 934 944 945 943 942 941 940
 938 939 953 952 960 961 962 963 947 946 965 964 967 966 968
 969 948 949 950 951 955 954 957 956 958 959 973 972 971 970
 977 976 975 974 993 992 994 995 983 982 987 986 985 984 991
 990 989 988 979 978 980 981 1012 1013 1014 1015 1018 1019 1017 1016
 1020 1021 1023 1022 1027 1026 1025 1024 996 997 998 999 1003 1002 1000
 1001 1004 1005 1007 1006 1011 1010 1009 1008 1031 1030 1029 1028 1035 1034
 1033 1032 1038 1039 1036 1037 1043 1042 1041 1040 1046 1047 1044 1045 1051
 1050 1049 1048 1054 1055 1052 1053 1059 1058 1057 1056 385 386 387 388
 391 392 390 389 393 394 395 396 400 399 397 398 401 405 403
 404 402 408 409 406 407 411 410 412 413 414 415 417 416 419
 418 421 420 423 422 425 424 426 427 428 429 1105 1110 1111 1113
 1112 1106 1107 1109 1108 1114 1117 1118 1115 1116 1120 1119 1122 1121 1124
 1123 1128 1127 1126 1125 1138 1131 1130 1133 1132 1136 1137 1134 1135 1129
 1141 1142 1139 1140 1143 1144 1145 1153 1152 1156 1157 1155 1154 1147 1146
 1151 1150 1148 1149 1159 1158 1161 1160 1163 1162 1165 1164 1172 1173 1171
 1170 1169 1168 1166 1167 1174 1178 1179 1180 1175 1176 1177 1182 1181 1184
 1183 1186 1185 1189 1190 1187 1188 1193 1192 1191 1196 1195 1194 1197 1199
 1198 1201 1200 1210 1211 1215 1214 1219 1218 1222 1223 1202 1203 1213 1212
 1205 1204 1225 1224 1207 1206 1221 1220 1208 1209 1217 1216 1226 1228 1227
 1230 1229 1231 1232 1234 1233 1236 1235 1238 1237 1240 1239 1295 1297 1296
 1298 1299 1304 1303 1302 1301 1300 1307 1310 1305 1306 1309 1308 1311 1312
 1313 1314 1315 1329 1328 1331 1330 1332 1333 1334 1335 1316 1317 1318 1319
 1324 1325 1336 1337 1320 1321 1322 1323 1326 1327 1338 1339 1286 1287 1290
 1292 1288 1293 1289 1291 1294 1241 1243 1242 1244 1245 1250 1249 1248 1247
 1246 1253 1254 1251 1256 1255 1252 1257 1258 1259 1260 1261 1270 1271 1272
 1273 1278 1279 1280 1281 1274 1275 1282 1283 1263 1262 1265 1264 1266 1267
 1268 1269 1276 1277 1284 1285 1340 1342 1341 1343 1347 1346 1345 1344 1353
 1350 1349 1352 1351 1348 1354 1358 1356 1362 1355 1363 1360 1364 1357 1359
 1361 1365 1367 1366 1369 1368 1371 1370 1373 1372 1390 1391 1393 1392 1399
 1398 1401 1400 1406 1407 1414 1415 1423 1422 1426 1427 1374 1375 1377 1376
 1409 1408 1416 1417 1379 1378 1381 1380 1403 1402 1405 1404 1382 1383 1395
 1394 1411 1410 1428 1429 1384 1385 1396 1397 1419 1418 1421 1420 1387 1386
 1425 1424 1388 1389 1412 1413
