0 1 2 4 3 5 7 6 8 14 17 15 13 12 9 11 16
 10 19 18 20 21 24 23 22 27 26 25 35 31 30 29 34 36 32
 28 33 38 37 39 42 45 40 44 43 41 48 47 46 49 54 53 55
 51 50 52 57 56 59 58 68 70 66 64 63 69 62 71 60 65 61
 67 75 74 73 72 76 80 82 81 77 79 78 84 83 85 86 87 89
 88 90 93 92 91 94 96 95 97 99 98 104 103 105 101 100 102 106
 108 107 109 111 110 112 121 117 116 115 114 120 119 118 113 123 122 124
 132 129 130 131 126 127 128 125 133 142 138 141 140 135 139 137 136 134
 151 149 148 150 147 145 144 146 143 157 161 158 162 160 152 154 167 156
 153 155 166 165 164 163 159 169 168
0 1 4 3 2 5 7 6 8 9 13 12 11 10 16 17 14
 15 20 19 18 21 24 23 22 26 25 27 28 34 35 36 33 32 29
 30 31 37 39 38 47 43 42 41 48 46 45 40 44 51 56 49 54
 53 52 57 50 55 60 66 58 69 68 67 72 74 59 63 62 61 73
 75 64 70 65 71 79 83 84 76 82 81 80 77 78 85 86 89 88
 87 90 92 91 93 96 95 94 101 100 105 98 97 104 103 102 99 106
 109 108 107 112 111 110 113 120 118 117 116 115 121 114 119 123 122 124
 129 130 132 128 125 126 133 127 131 139 140 137 136 141 134 135 138 142
 148 144 150 151 149 143 147 145 146 165 156 155 154 153 168 159 158 163
 166 167 160 169 152 161 162 157 164
0 1 3 2 4 5 6 8 7 12 14 11 9 17 10 16 15
 13 20 19 18 21 23 22 24 27 26 25 34 29 31 30 36 35 28
 33 32 39 38 37 44 47 46 48 40 45 42 41 43 52 51 50 49
 57 56 55 54 53 61 67 64 58 75 74 60 66 65 59 73 72 71
 70 69 68 63 62 80 77 79 78 76 83 84 81 82 85 86 89 88
 87 90 93 92 91 95 94 96 102 104 103 101 100 97 99 98 105 106
 108 107 109 112 111 110 118 121 115 119 120 113 116 117 114 122 124 123
 125 127 126 129 128 131 130 133 132 140 137 139 135 142 136 134 141 138
 149 145 144 147 146 151 143 150 148 162 158 164 160 157 156 153 168 155
 165 152 169 154 161 167 166 159 163
0 1 3 4 2 5 7 8 6 11 16 12 9 15 13 14 17
 10 18 19 20 25 35 36 34 26 21 27 32 22 24 23 33 28 30
 29 31 51 57 54 73 79 66 60 75 83 63 82 69 37 56 49 38
 50 55 39 53 52 41 42 76 44 64 77 84 74 59 45 78 71 47
 48 68 80 81 61 43 46 72 58 40 65 70 67 62 85 86 87 88
 89 91 92 90 93 104 101 99 95 103 102 98 97 96 100 105 94 107
 109 108 106 134 138 137 169 159 145 149 152 155 151 166 156 129 131 127
 123 130 132 126 133 128 125 124 122 136 135 110 139 141 112 140 111 142
 167 163 154 121 117 168 165 118 153 147 119 115 150 146 143 120 161 144
 114 148 160 113 116 158 157 162 164
0 1 3 2 4 18 13 14 15 10 8 17 16 11 12 9 7
 6 19 20 5 21 23 22 24 27 26 25 34 29 31 30 36 35 28
 33 32 84 79 80 66 74 72 56 51 60 61 52 67 41 40 71 73
 58 48 64 62 69 42 43 55 57 59 47 45 44 70 75 49 46 50
 65 53 63 68 54 37 78 38 77 83 76 39 82 81 85 89 86 87
 88 90 93 92 91 102 98 101 95 103 104 96 105 99 97 94 100 110
 135 134 136 111 112 106 153 131 157 155 126 159 132 163 164 148 149 146
 156 165 120 168 158 121 166 162 116 142 138 141 108 140 109 107 139 137
 124 143 147 144 123 150 145 151 122 133 128 114 152 115 125 118 129 119
 127 160 161 167 169 154 130 113 117
0 1 4 3 2 9 11 12 19 5 10 6 7 13 18 15 20
 17 14 8 16 28 33 27 32 35 30 23 21 29 26 31 24 22 34
 25 36 37 58 60 59 43 42 41 49 76 79 66 51 44 73 48 54
 53 52 84 70 78 38 40 39 69 68 67 83 75 47 63 62 61 56
 74 77 50 71 65 45 72 57 46 82 81 80 64 55 85 88 87 86
 89 93 91 92 90 101 95 97 96 105 100 99 94 104 103 102 98 113
 154 144 155 158 128 159 106 143 125 116 117 129 139 148 134 169 164 142
 115 150 163 111 118 145 138 160 141 121 149 162 167 131 119 147 133 124
 114 108 130 166 140 120 135 126 161 152 153 107 109 156 157 110 112 132
 151 136 127 123 165 146 137 168 122
0 2 1 3 4 5 8 7 6 9 14 11 19 20 10 17 18
 15 16 12 13 39 46 48 47 57 56 49 58 72 84 74 76 59 83
 73 75 37 38 21 45 41 43 42 44 40 22 24 23 27 55 51 53
 52 54 50 26 25 28 33 60 81 80 82 77 71 79 68 67 69 78
 65 29 35 31 36 32 64 70 66 62 61 63 34 30 85 86 89 88
 87 94 99 98 97 90 95 96 93 92 91 105 101 103 102 104 100 106
 107 109 108 119 118 120 113 121 115 117 116 111 110 112 114 124 123 122
 128 133 131 125 129 132 127 130 126 159 147 167 156 145 148 165 160 164
 158 154 138 157 135 139 152 163 166 149 162 144 155 137 146 143 134 141
 168 153 150 142 140 151 136 161 169
0 5 6 7 8 1 2 3 4 10 9 16 17 13 14 15 11
 12 18 20 19 21 37 38 39 25 26 27 50 49 55 52 56 53 54
 51 57 22 23 24 40 41 44 46 42 47 43 45 48 29 28 35 31
 33 34 30 32 36 58 61 63 59 62 60 64 72 75 70 74 69 67
 71 65 73 68 66 77 76 81 79 80 78 83 82 84 86 85 88 87
 89 106 107 109 108 122 123 124 125 126 127 128 131 132 130 129 133 90
 91 93 92 110 112 111 143 144 147 146 145 151 150 148 149 94 95 96
 97 98 99 100 104 103 101 102 105 134 135 136 138 137 141 142 139 140
 113 114 117 116 115 120 121 119 118 154 155 152 153 165 164 162 163 161
 160 158 159 157 156 168 169 166 167
1 0 2 3 4 21 22 24 23 28 29 33 32 34 35 36 30
 31 25 27 26 5 6 8 7 18 20 19 9 10 16 17 12 11 13
 14 15 37 38 39 40 43 42 41 45 44 48 47 46 76 77 79 82
 81 80 78 83 84 58 59 60 63 62 61 70 71 66 69 68 67 64
 65 73 72 75 74 49 50 55 51 54 53 52 56 57 85 90 92 93
 91 86 89 87 88 94 95 96 97 99 98 105 101 104 103 102 100 106
 110 111 112 107 108 109 113 115 114 117 116 120 119 118 121 123 122 124
 143 145 146 144 148 150 149 151 147 134 138 137 136 135 139 141 140 142
 125 128 126 127 133 129 131 130 132 157 156 158 159 153 152 154 155 161
 160 167 166 169 168 163 162 165 164
