0 1 2 8 3 6 7 5 4 9 12 15 13 10
 14 16 11 61 36 42 32 62 46 20 54 48 45 57 63
 28 27 24 23 26 17 25 38 37 18 40 41 39 64 55
 22 33 44 21 35 52 53 43 65 56 31 51 50 30 59
 60 58 34 47 29 19 49 67 70 68 72 66 69 71 73
 78 80 75 77 79 74 76 83 82 84 81 86 87 85 130
 94 118 110 133 117 98 99 95 97 89 96 119 91 126 116
 136 128 104 102 100 103 101 88 105 92 120 121 109 125 134
 108 122 123 114 115 135 93 107 124 112 131 111 132 129 113
 90 127 106 142 137 139 141 143 138 140 155 191 192 157 169
 190 147 174 185 183 172 180 153 150 152 151 149 154 168 166
 163 165 164 162 167 182 186 145 161 189 159 184 188 175 173
 176 144 146 148 156 177 158 187 170 179 178 160 171 181 193
 222 241 218 236 231 212 203 200 205 201 202 204 226 232 229
 196 240 213 214 215 199 211 208 210 209 206 207 194 221 224
 225 223 219 233 227 216 239 238 220 228 195 197 235 230 198
 237 217 234 246 244 245 243 247 242 500 346 497 529 502 289
 384 400 394 395 352 369 353 364 367 432 446 282 449 443 474
 506 330 488 425 410 524 340 489 452 513 413 450 436 441 444
 263 439 255 392 383 401 387 391 296 307 308 326 315 299 303
 325 304 317 320 322 316 311 294 314 306 295 301 327 302 321
 293 292 300 310 324 318 312 323 298 313 319 297 309 305 405
 456 518 262 508 534 424 463 268 522 525 274 482 412 476 453
 531 498 418 495 516 406 490 460 519 511 484 334 517 279 464
 349 458 469 491 273 454 461 479 331 328 465 523 473 341 521
 532 272 507 382 380 288 398 256 390 379 396 287 393 397 257
 291 377 389 385 399 381 388 254 290 378 386 286 253 354 362
 361 368 359 366 365 373 363 374 372 357 376 370 371 358 249
 251 250 248 252 360 355 375 356 428 442 285 280 438 284 437
 266 283 451 445 440 429 431 265 427 448 435 433 447 264 267
 434 430 281 457 520 261 459 526 277 423 535 514 408 470 533
 417 259 342 338 278 404 487 332 333 416 336 509 466 269 483
 407 348 512 275 504 402 350 481 462 510 527 485 403 503 501
 344 499 492 420 530 347 421 528 422 496 478 337 477 414 471
 515 271 260 486 468 351 475 480 426 270 258 343 409 505 415
 339 467 329 276 493 419 345 494 411 335 472 455 536 559 567
 551 579 577 571 548 543 547 545 546 544 563 575 580 540 573
 583 581 549 538 537 558 562 560 561 556 554 553 555 557 570
 568 569 572 542 565 541 582 584 574 576 552 539 566 550 564
 578 585 586 587 592 588 593 590 589 591 594 597 596 600 601
 598 595 599 602 608 603 606 607 605 604 609 613 610 615 611
 612 614 635 647 631 640 654 625 641 630 626 655 632 642 643
 620 657 633 624 618 636 637 638 616 634 651 653 652 650 649
 646 617 648 645 644 628 627 656 622 619 629 621 639 623 658
 660 664 661 665 662 659 663 667 670 668 671 666 672 669 686
 704 721 710 691 719 701 707 716 673 684 685 683 682 675 711
 689 674 692 677 679 697 699 703 702 717 709 676 693 694 715
 690 720 688 718 705 695 700 706 698 681 678 696 713 712 680
 714 708 687 724 727 725 722 726 728 723 737 774 743 769 748
 747 759 735 738 729 740 741 739 742 760 734 756 762 744 764
 730 732 770 751 757 767 746 772 758 753 736 731 765 755 776
 733 775 777 768 754 750 752 763 745 766 749 761 771 773 791
 825 808 798 826 799 786 813 800 802 801 779 803 795 794 792
 793 778 824 796 811 814 784 817 812 822 806 804 805 780 807
 820 821 781 787 823 783 810 809 788 818 782 816 815 790 785
 797 789 819 836 849 857 841 866 870 860 874 835 837 827 839
 840 838 864 861 832 852 842 848 863 867 858 872 865 873 847
 855 869 834 871 828 850 875 845 831 853 830 868 862 846 851
 854 843 829 859 844 856 833 926 937 938 927 961 1095 1052 1072
 1136 983 896 972 1047 1022 1106 1085 976 1036 1077 969 1014 1101 1001
 964 982 1024 907 1084 1060 1035 1144 989 1028 1150 1082 973 1058 1151
 1134 1046 918 916 917 920 921 919 931 932 936 922 935 933 878
 930 934 925 940 879 929 876 941 939 928 877 923 924 1131 883
 995 1079 1048 1093 951 948 953 949 950 952 1145 900 908 1030 1091
 975 1011 985 1073 893 1055 999 1154 1070 1081 998 915 1061 1135 1162
 914 1141 1016 1065 1148 1025 1107 1132 955 1096 1137 880 1139 1097 905
 902 1161 960 901 1042 912 1125 1120 1088 895 1167 1040 1157 1069 1067
 1164 966 1092 1032 904 1133 947 991 967 1031 886 909 892 1000 996
 1121 1062 1123 1115 1169 992 1158 1007 1108 956 978 1039 1119 1026 962
 884 988 963 1063 1019 957 1017 897 1059 1050 1102 906 970 1094 1142
 1165 1130 1049 1138 984 1098 899 1044 958 994 993 1008 1105 1124 1153
 1129 1089 1078 1152 910 1111 1012 891 943 1033 881 987 1147 1103 1168
 1122 1112 1143 1068 903 1083 1071 913 1160 1110 977 1080 1057 1126 1010
 888 1074 885 1075 1117 1023 942 1041 1056 894 1009 971 1114 1155 1159
 1140 997 1002 1090 954 890 889 986 1054 981 1013 1018 1038 945 1146
 1020 944 1006 1087 990 1156 1043 1100 1118 1104 974 887 1034 1053 882
 1116 1166 959 946 968 1045 1113 1021 1163 1029 1004 1015 1086 1003 1037
 1005 980 1064 898 979 1027 1127 1128 911 1076 1149 1051 1109 965 1066
 1099
0 1 7 3 2 8 5 4 6 9 16 12 14 13
 11 10 15 17 49 57 42 33 44 27 28 23 24 25 26
 36 40 18 39 38 37 41 60 46 21 55 53 64 56 19
 61 59 34 58 50 31 51 48 45 30 47 32 20 43 54
 52 29 22 63 65 35 62 68 67 71 70 72 66 69 73
 75 77 79 74 76 78 80 82 85 83 87 81 84 86 88
 117 119 113 107 124 92 123 131 120 127 134 105 104 101 100
 102 103 89 94 95 96 98 97 99 125 122 116 118 106 115
 129 111 132 130 108 126 91 93 110 121 90 114 109 128 136
 112 133 135 137 139 141 143 138 140 142 165 179 156 189 190
 150 152 154 149 151 153 155 163 167 162 166 168 164 175 146
 191 170 188 182 178 173 144 174 176 185 181 158 192 148 160
 183 187 171 157 145 147 169 180 186 159 184 177 161 172 210
 238 228 224 222 202 218 216 212 241 196 233 221 193 209 207
 208 206 205 232 235 223 195 239 240 230 217 237 211 234 229
 203 220 226 194 215 214 199 213 201 236 197 231 204 225 227
 200 219 198 251 373 374 356 352 370 250 248 249 252 242 427
 466 465 337 303 529 493 528 419 501 480 413 377 473 312 309
 384 332 284 397 491 381 456 438 490 287 315 524 520 514 530
 526 533 262 406 418 412 405 424 408 477 383 525 334 417 518
 341 488 430 255 435 516 328 346 531 421 496 522 387 331 265
 429 391 432 277 416 392 260 470 504 534 349 401 451 425 437
 304 478 267 444 487 447 307 436 452 492 310 263 428 439 295
 269 298 431 441 510 449 450 323 364 369 359 365 362 355 376
 371 243 247 245 244 246 357 368 353 375 367 361 354 358 360
 363 366 372 313 316 440 275 485 499 497 344 266 474 479 330
 446 333 279 484 338 301 471 314 433 348 326 448 507 468 411
 258 459 278 455 515 517 409 521 481 475 486 519 513 512 489
 523 276 527 415 426 509 535 532 464 299 396 394 306 378 272
 402 257 467 305 420 494 500 472 414 259 270 407 461 296 511
 324 505 399 256 386 469 445 380 280 273 290 382 389 282 254
 253 302 463 336 434 502 495 498 347 385 453 264 293 476 388
 311 340 289 300 283 319 274 442 390 482 288 317 458 393 443
 342 321 268 294 395 460 379 286 454 281 508 350 285 325 322
 291 398 400 297 318 462 292 329 410 345 422 503 403 339 261
 457 343 271 308 320 404 483 335 423 506 351 327 557 563 565
 578 551 546 539 576 572 549 564 559 540 568 571 548 584 536
 555 556 554 553 569 581 582 544 552 574 541 567 577 538 545
 583 566 579 561 573 537 543 575 570 542 550 560 547 580 558
 562 585 586 593 588 587 591 592 590 589 594 596 601 597 599
 600 598 595 607 603 602 608 605 604 606 653 642 647 621 656
 632 637 620 639 610 643 626 654 611 614 648 657 616 645 628
 646 629 636 623 617 613 625 641 644 627 633 619 631 618 640
 615 638 630 622 655 609 652 650 651 649 612 624 634 635 658
 661 660 665 663 664 662 659 668 667 672 670 671 669 666 673
 701 712 677 678 676 680 681 679 689 695 693 716 720 691 690
 708 718 696 694 706 717 707 687 721 715 674 702 699 703 700
 685 686 684 683 682 713 675 709 710 711 697 719 704 692 688
 698 705 714 728 724 726 725 723 722 727 773 745 741 758 768
 776 762 736 775 764 747 732 763 755 751 760 767 735 752 761
 738 744 753 739 743 737 759 748 734 740 742 750 756 746 731
 749 766 774 730 777 770 771 769 729 772 765 754 757 733 818
 813 824 823 797 785 796 805 808 804 807 806 780 791 781 812
 789 810 809 817 799 825 801 803 779 800 811 783 794 816 826
 784 815 787 814 802 793 795 788 782 821 822 819 778 820 792
 790 798 786 865 828 842 840 873 846 858 869 833 855 874 848
 862 850 852 853 841 838 837 872 834 844 875 830 856 843 829
 868 871 857 851 835 831 849 854 870 827 866 863 867 864 861
 847 839 836 832 859 845 860 1076 1070 1078 1082 944 1101 1040 992
 1142 929 889 886 891 887 888 890 1034 968 1100 1029 1166 937 899
 902 903 900 898 901 1011 1044 1102 991 1056 960 1131 1054 1169 1047
 939 1006 922 985 1062 907 1008 1157 924 948 916 880 963 1059 1106
 1113 1118 1004 1038 942 1003 923 1125 1026 1094 1146 893 961 1139 1160
 925 994 1016 1108 935 1036 1167 1143 1057 911 978 1090 1030 988 1117
 987 1055 1124 938 1019 920 996 896 1021 940 1145 1017 1069 1154 1133
 1032 1107 1130 955 1132 905 1097 1096 943 895 1109 1164 1042 1023 1063
 1150 972 919 1112 894 1141 918 1162 912 930 958 1027 904 1048 1148
 1020 1115 1052 1095 964 1098 1092 1001 974 1138 1137 921 1105 1119 1009
 926 931 1041 1161 959 1127 956 897 1126 1035 983 1025 1010 1012 1066
 1156 1144 1147 1045 1163 906 1093 967 1068 1129 979 1158 947 1168 1064
 910 884 1116 915 1005 953 909 1153 1120 980 1165 989 1043 995 957
 1002 1024 1114 969 986 1136 1074 1073 1084 1086 877 1079 1081 879 1085
 1088 1087 876 1077 1080 1089 878 1071 1083 1075 1072 977 973 1031 882
 962 1123 1152 1058 1018 1122 993 1134 1039 1051 950 946 1151 1110 1046
 1135 975 976 883 885 1033 1053 1103 999 998 970 952 951 1155 1007
 941 1149 1000 1065 1014 1061 1111 1049 954 1091 881 984 971 1128 1159
 933 1022 945 1050 1121 1028 1067 914 949 934 936 1060 928 981 908
 990 1099 892 1015 1037 1013 982 1140 965 932 917 927 966 1104 913
 997
0 1 5 8 2 4 6 3 7 9 10 12 16 15
 13 14 11 25 34 59 62 37 57 23 17 24 27 28 26
 46 64 55 21 60 53 49 31 32 35 30 33 29 45 48
 42 44 41 20 56 38 54 65 50 18 52 36 43 58 22
 63 40 51 47 19 39 61 71 67 66 72 69 68 70 73
 75 79 76 80 77 74 78 84 82 81 83 87 85 86 106
 89 120 104 121 133 99 97 94 98 95 96 111 112 109 110
 107 108 116 91 136 128 119 126 130 132 125 117 88 118 115
 103 135 122 92 129 123 131 100 93 102 124 101 114 134 127
 113 90 105 142 139 143 140 137 141 138 167 181 155 182 156
 174 183 180 147 185 172 190 163 164 166 168 162 165 173 148
 179 184 186 171 192 176 150 144 175 160 191 154 187 177 151
 157 178 189 152 170 161 188 158 169 153 145 146 149 159 214
 206 217 220 210 200 199 228 208 240 194 218 234 203 241 239
 195 225 193 213 215 211 212 231 209 236 216 223 237 227 196
 205 197 230 229 198 222 233 219 202 226 224 207 204 238 221
 201 232 235 253 379 400 389 385 397 515 337 516 434 305 257
 256 254 255 242 359 440 456 425 476 506 342 486 341 314 321
 339 449 461 444 501 403 357 526 458 496 307 363 361 252 364
 362 360 288 289 291 290 287 286 452 418 365 523 285 492 519
 283 424 480 248 467 517 282 280 521 510 405 532 371 284 270
 505 353 494 262 487 358 269 412 406 529 281 375 472 478 402
 292 419 420 370 415 259 308 251 409 258 320 373 407 374 327
 426 318 413 352 411 414 356 297 445 527 534 344 438 522 535
 338 296 324 312 306 299 528 518 348 333 531 442 512 330 443
 264 513 525 247 244 394 384 398 388 380 383 399 390 395 392
 396 401 381 382 387 243 393 245 377 391 246 378 386 427 421
 417 508 495 266 463 249 408 367 268 448 433 368 453 498 482
 372 446 274 416 260 490 460 355 328 326 276 493 316 475 349
 336 468 462 303 350 457 334 483 332 340 503 347 331 301 346
 313 271 455 329 422 278 530 423 511 489 470 261 450 464 410
 436 304 250 437 514 459 469 354 428 441 366 524 317 491 343
 323 447 504 293 473 295 369 520 345 273 277 300 509 351 533
 431 322 454 310 404 376 263 488 481 272 502 267 500 298 309
 477 335 439 311 325 435 302 466 465 474 507 265 279 275 484
 432 499 429 315 294 479 451 485 497 430 471 319 558 537 581
 572 582 547 553 563 579 542 584 554 538 566 557 546 567 545
 541 540 552 570 561 560 562 536 559 575 580 564 569 556 544
 549 550 578 577 574 576 543 573 539 583 568 565 548 555 571
 551 585 586 589 588 593 592 590 591 587 594 600 596 595 599
 601 597 598 605 608 602 604 606 603 607 645 624 650 619 616
 639 625 649 617 611 622 637 630 612 614 654 634 627 635 633
 643 652 620 628 632 615 626 657 631 656 623 651 638 629 642
 609 644 648 646 647 613 618 655 621 636 610 640 641 653 658
 664 659 661 663 665 660 662 672 667 666 671 669 670 668 710
 682 675 701 716 691 686 707 719 694 720 681 692 703 718 685
 687 676 717 688 702 674 693 704 715 683 696 697 690 695 679
 699 714 705 721 677 673 709 712 713 711 706 700 708 678 689
 684 698 680 722 724 728 727 725 726 723 729 731 735 734 732
 733 730 772 741 740 737 742 739 738 758 763 754 775 762 776
 757 746 749 760 759 774 748 743 751 756 768 767 764 766 765
 777 744 747 752 753 773 736 769 770 771 745 750 755 761 817
 790 805 821 809 792 802 784 825 795 822 812 823 786 797 811
 810 803 781 783 799 826 788 789 785 787 806 818 807 804 808
 824 819 820 801 778 815 816 814 813 780 794 793 796 800 779
 782 791 798 858 841 842 865 846 869 840 873 844 863 830 870
 845 871 853 843 829 874 855 864 868 836 867 838 849 852 828
 857 839 834 872 862 861 859 860 827 848 831 837 847 851 866
 875 850 833 854 856 835 832 1064 1053 1060 1062 1014 1135 1094 1115
 1071 1114 1030 1091 1011 1131 948 975 895 892 897 893 894 896 1156
 940 966 993 983 1026 978 1009 914 1048 1083 963 924 1164 991 1015
 995 964 956 1084 990 1145 884 1038 887 1111 955 1044 1159 967 1076
 1138 1143 901 1046 905 1047 1107 1153 1004 987 1162 1023 1005 944 942
 943 947 945 946 1010 1142 1100 1122 1125 1072 891 910 1032 1101 992
 1040 929 1112 898 1088 981 918 1037 1140 882 1151 1002 1075 1102 1049
 889 954 1110 1012 1031 1160 1152 915 1123 1093 911 957 917 1029 1089
 951 965 1081 1074 931 934 906 1077 969 1126 1116 1085 935 1169 1108
 1158 1117 1086 1128 1147 933 890 1130 1133 971 1018 1016 913 919 880
 1136 1166 936 952 899 972 973 1167 1129 999 938 1090 904 916 926
 959 1070 1006 900 1141 996 1034 1120 881 930 1095 950 1168 994 1106
 1025 1058 877 1050 1051 1068 1069 1057 1059 1052 1056 1061 878 1065 1054
 1067 879 1055 876 1063 1066 1124 920 1134 980 958 1013 1119 1039 1099
 885 1041 912 1146 1161 986 1121 1036 1165 909 1109 886 922 976 902
 968 925 949 1008 982 1118 1045 985 1024 961 1020 1148 907 1001 1157
 988 1092 1132 1103 1019 1079 1144 1028 941 1078 928 1080 1000 989 1098
 1035 1022 1150 939 1139 1155 888 974 923 977 953 1042 1113 979 960
 1007 927 921 1096 1043 883 1017 1154 1097 1163 1087 998 997 1073 1021
 1082 1027 962 1003 937 1033 1137 908 1127 1105 984 1149 1104 903 932
 970
0 1 6 5 4 7 8 3 2 9 15 11 10 16
 13 12 14 27 46 45 65 34 19 25 17 26 23 24 28
 37 41 39 38 36 40 18 49 55 64 53 21 60 52 51
 20 22 35 56 42 33 58 63 48 31 59 29 57 47 61
 62 30 50 54 43 32 44 68 67 71 70 72 66 69 81
 107 112 106 110 111 109 108 84 73 82 87 86 85 83 99
 78 92 129 132 105 76 75 74 80 79 77 96 95 94 98
 97 89 91 136 116 128 126 130 119 88 103 123 121 133 100
 135 125 104 131 122 134 120 113 90 114 102 93 124 117 127
 115 101 118 228 206 229 230 231 201 221 360 509 274 319 451
 269 492 452 478 487 584 510 364 252 361 362 363 553 511 473
 464 583 272 500 461 481 498 430 547 432 294 580 459 574 463
 435 302 501 460 311 572 325 265 278 453 489 315 456 429 140
 212 197 226 205 236 142 199 222 227 217 195 209 198 200 196
 223 220 138 137 143 141 139 213 238 241 202 218 237 207 204
 232 194 214 215 233 219 203 208 224 225 216 240 239 234 193
 211 210 235 145 181 169 176 177 187 346 433 318 566 339 182
 186 153 168 161 514 424 395 310 525 357 281 475 543 507 541
 277 564 562 410 558 353 523 270 434 306 428 559 401 383 391
 255 392 183 172 174 180 185 147 290 338 571 506 419 288 503
 411 344 359 439 372 271 426 567 483 537 337 462 263 409 556
 368 441 249 330 287 436 291 552 333 578 415 450 367 286 491
 268 550 469 314 342 273 575 544 332 336 482 303 573 313 490
 340 508 502 326 347 454 316 476 407 341 320 440 413 327 328
 427 343 345 329 551 335 549 546 266 448 308 420 334 569 402
 414 331 297 159 158 170 171 148 184 152 164 146 173 149 167
 188 166 155 150 165 157 179 160 175 163 156 178 154 418 307
 295 516 518 563 560 520 548 530 540 406 405 524 254 382 534
 539 412 381 304 323 522 380 533 317 279 486 577 465 276 321
 542 493 354 484 280 366 293 369 284 282 250 283 322 479 309
 581 555 455 504 248 400 472 371 390 253 324 365 565 393 554
 404 267 519 425 480 397 442 532 421 403 538 505 535 443 477
 568 417 312 512 398 447 521 494 470 570 305 528 379 488 579
 408 513 264 437 358 529 423 545 389 256 438 416 384 449 515
 296 576 422 394 396 243 378 474 356 582 370 244 352 499 373
 245 471 247 399 561 557 246 485 251 536 275 257 189 190 374
 242 466 377 387 348 355 258 289 444 457 458 301 495 350 351
 349 292 446 259 191 151 192 144 162 531 386 298 262 526 497
 300 285 376 468 385 299 527 445 467 388 260 375 431 517 261
 496 585 586 593 588 587 591 592 590 589 595 600 594 596 597
 601 598 599 627 624 649 637 633 629 611 606 617 635 626 640
 655 651 647 608 644 653 609 630 634 618 632 642 648 643 645
 650 619 625 636 613 622 652 616 631 614 621 620 639 646 612
 604 607 605 603 602 654 656 638 610 641 623 657 628 615 659
 664 661 658 660 665 662 663 785 786 790 789 787 788 778 1110
 1086 841 882 1123 1051 1078 847 950 964 1022 937 1068 1143 837 1072
 848 1023 1144 1164 991 1050 970 1069 932 1087 963 1015 892 969 1126
 929 1162 1154 831 942 888 1132 1025 974 924 995 994 1137 1117 858
 900 1153 851 772 754 731 758 749 759 752 727 740 757 746 763
 767 777 741 722 728 723 724 726 725 729 773 742 747 733 730
 768 745 738 760 739 756 766 771 748 770 735 762 764 751 769
 776 736 755 737 765 732 750 753 774 761 734 744 775 743 823
 818 668 824 813 797 796 817 825 812 795 822 784 808 779 794
 819 810 802 821 791 826 806 804 780 807 670 666 669 671 667
 783 803 793 814 805 801 811 815 782 672 816 800 781 820 792
 809 798 799 1128 956 1111 881 1082 1067 949 697 696 992 1063 1079
 1156 915 955 1107 1010 690 983 1102 1021 941 993 926 966 710 887
 1027 940 695 989 1098 946 1157 1168 925 1116 965 917 1083 1026 1057
 1106 1055 1073 1118 679 682 1169 1125 1114 879 1119 833 1005 1066 1109
 708 938 843 910 923 1133 904 712 836 874 857 870 866 860 985
 1018 1151 1039 1006 680 922 968 1020 1148 707 844 954 1034 1121 873
 903 1028 675 704 720 683 699 698 886 1090 1092 1054 1074 930 1158
 981 1141 1062 1004 898 928 1030 1038 1043 958 921 1139 962 883 999
 1070 1061 951 998 976 885 952 1076 1065 1007 673 1001 709 827 880
 674 884 865 953 862 877 693 876 878 1113 849 1127 1009 1120 948
 889 711 852 978 977 1096 943 961 1136 1142 902 850 718 1124 971
 907 721 1099 982 1146 1002 1100 832 834 856 687 705 1131 1077 914
 1122 959 835 689 988 987 890 1031 935 1095 839 868 875 700 863
 716 1047 1003 906 979 1140 1011 715 931 677 1053 842 1049 713 1103
 678 1152 855 1017 703 859 688 864 1112 1105 1089 908 896 919 913
 975 899 1138 1040 1019 920 1084 894 1037 1029 1104 939 972 1064 980
 1080 912 957 1059 1036 984 1052 692 944 1044 933 1160 901 867 1165
 1093 854 1060 1129 686 717 702 830 1081 840 1033 828 1012 829 1097
 1075 1101 909 1042 1159 1041 927 845 936 871 1108 1149 945 1091 996
 960 853 1032 838 691 893 986 694 895 1161 1166 869 681 997 1088
 1008 990 846 947 676 1045 891 916 973 1130 905 1035 701 1058 1147
 685 1155 714 1013 1046 1134 684 1085 911 1056 1145 861 872 1014 1016
 1150 897 1135 1024 1000 1115 1071 719 934 967 1094 1048 1163 706 1167
 918
0 1 6 5 4 7 8 3 2 66 34 30 32 33
 31 29 35 65 15 19 45 27 46 43 42 22 59 47 50
 18 38 37 40 41 39 36 16 14 11 10 12 13 64 55
 62 61 25 21 57 17 53 58 51 28 54 23 44 63 52
 60 26 20 56 48 24 49 68 72 9 69 70 67 71 73
 78 80 75 77 79 74 76 84 83 87 86 85 81 82 129
 105 107 132 92 99 88 104 102 103 101 100 93 135 114 113
 118 121 126 119 136 116 130 128 91 97 96 110 133 120 95
 90 134 89 108 131 111 106 125 123 124 94 115 127 112 109
 117 98 122 558 553 578 550 577 544 549 360 197 475 205 346
 379 214 253 385 389 397 400 363 206 252 361 362 364 503 457
 506 227 271 483 462 350 455 196 303 328 326 276 332 342 486
 341 314 340 493 301 334 313 349 336 468 347 316 237 331 181
 182 357 434 242 339 393 500 344 372 291 258 436 437 294 373
 261 491 490 499 532 435 296 380 533 534 295 262 149 183 164
 144 184 371 427 392 489 297 480 394 498 488 478 479 282 293
 535 260 259 145 177 176 189 187 169 374 410 319 226 428 451
 523 466 306 236 514 424 395 310 525 190 186 153 168 161 507
 212 277 433 509 353 270 228 281 274 318 377 178 175 191 188
 170 146 398 256 215 390 384 388 511 419 338 355 288 464 359
 290 411 222 330 441 249 199 287 368 272 409 209 195 289 439
 444 337 263 217 461 348 473 426 415 367 286 333 450 229 445
 343 369 442 244 366 225 329 246 376 207 351 193 438 243 335
 354 345 443 245 250 264 247 198 469 370 201 219 502 311 210
 403 224 431 449 447 267 352 325 422 404 302 273 251 423 458
 454 356 315 476 495 221 529 517 521 235 299 429 519 485 203
 265 312 474 275 305 482 240 268 432 324 508 430 471 218 298
 307 518 522 406 382 524 304 520 516 412 418 526 386 213 531
 238 405 254 323 202 241 381 530 165 158 152 155 159 154 166
 171 150 147 157 179 185 163 172 192 148 180 173 167 156 162
 160 174 151 255 505 248 284 472 440 208 292 234 278 266 494
 230 378 452 233 283 365 453 510 496 481 492 285 279 231 383
 257 477 320 232 446 211 487 280 387 460 327 484 358 391 194
 504 465 456 399 467 269 501 200 375 448 463 470 223 396 497
 308 401 459 527 512 204 515 413 425 420 416 300 408 407 421
 309 220 322 513 239 216 321 414 417 317 402 528 140 562 564
 543 566 541 141 567 571 537 583 552 556 570 536 551 555 568
 557 547 565 573 572 582 538 575 545 540 560 548 563 539 138
 139 143 142 137 554 546 581 580 542 569 576 579 561 584 574
 559 585 589 586 590 587 593 591 592 588 594 600 597 598 596
 595 599 601 626 645 649 656 657 631 615 606 627 655 651 617
 640 635 607 648 618 642 614 641 644 622 647 632 638 633 650
 625 624 616 629 610 604 608 605 603 602 621 620 639 646 612
 623 637 619 630 613 634 653 643 611 628 654 652 636 609 666
 784 782 779 780 778 781 783 668 671 658 669 670 672 667 1125
 777 1056 1072 738 1010 1142 1122 1100 1054 930 915 976 1158 986 988
 751 756 732 759 1121 978 931 1001 1078 1026 984 1104 888 920 1061
 776 1027 896 1152 975 927 1161 1021 1087 1120 1147 1058 881 985 923
 1150 1086 900 858 870 844 845 863 871 830 1114 1115 1135 1071 682
 1014 1094 1013 898 981 1068 1007 958 699 979 917 959 941 1051 687
 982 892 1050 1093 717 1028 1009 1008 716 676 980 1070 925 957 1029
 688 1112 940 1089 942 926 1113 1088 1069 960 911 1134 949 1006 823
 796 813 785 818 824 797 664 822 817 812 795 825 810 808 790
 794 819 661 659 806 787 814 792 798 820 803 791 802 800 801
 786 805 811 815 662 807 788 821 799 660 789 804 826 809 663
 665 793 816 727 851 866 836 860 857 841 874 726 728 723 722
 724 725 875 854 834 839 840 848 847 852 873 853 865 846 859
 855 842 831 864 838 850 856 849 829 835 832 828 862 869 867
 868 837 827 872 861 843 833 1119 1110 1128 879 767 757 740 763
 772 746 1048 1024 897 1000 934 679 1117 743 1046 916 1155 701 1035
 734 1085 994 973 685 707 731 968 1020 1148 922 939 1098 1019 1064
 1080 1132 1062 1139 1022 1079 1092 928 1076 1004 1143 962 964 1063 937
 886 952 1043 1065 1090 992 1038 1141 921 1030 1156 1074 885 983 739
 889 1144 907 914 720 704 696 698 683 675 1015 970 1129 1095 1136
 961 1052 745 761 730 769 1023 1003 1047 977 901 971 955 1165 1077
 965 1166 903 906 993 893 692 677 987 768 742 753 748 749 764
 1044 1127 997 890 694 969 1102 990 1002 1123 954 944 950 991 1081
 718 1011 674 882 690 1034 1037 1168 998 1036 899 999 972 894 924
 1025 946 1084 1157 974 1040 912 951 1059 1138 883 1154 1105 919 765
 755 737 736 678 1103 908 887 703 713 695 1049 913 1017 1162 929
 989 689 1075 773 752 733 760 953 932 1107 705 681 1041 895 709
 1045 1057 1131 1159 943 884 1055 691 758 770 766 747 909 902 1149
 1032 947 966 936 693 711 721 948 1164 1096 880 1099 878 702 1053
 1116 762 771 729 774 933 1060 673 1146 935 1126 1124 876 715 877
 710 1108 945 1033 1073 1097 963 735 750 686 1106 1042 1083 1140 1012
 1031 1101 700 996 1091 1160 714 1151 684 1067 1137 905 741 775 754
 744 680 1082 891 1018 1111 1145 995 1130 1039 697 1153 1066 904 719
 938 706 910 918 1118 1133 956 1109 967 1169 712 1016 708 1163 1005
 1167
0 1 4 3 7 6 8 2 5 17 28 27 25 67
 23 24 26 9 48 40 21 42 34 11 10 14 15 12 16
 58 19 51 69 56 44 62 54 61 20 70 57 63 33 30
 37 71 22 29 49 50 31 18 68 43 60 72 38 53 36
 66 47 46 41 64 65 35 52 13 45 39 55 59 32 88
 104 102 100 101 103 105 83 128 121 80 98 132 110 127 73
 118 111 95 124 92 93 113 114 129 87 135 79 74 77 76
 75 78 116 126 91 130 84 119 136 123 131 106 89 115 117
 97 90 85 109 125 107 108 94 86 82 120 96 122 81 112
 133 134 99 137 251 252 250 242 248 249 374 376 247 353 359
 152 149 153 150 154 151 155 370 356 557 352 373 210 553 361
 206 363 364 362 360 366 244 355 208 368 365 536 207 354 243
 372 554 357 245 358 367 375 556 555 246 369 371 193 209 161
 289 422 295 389 334 520 476 561 447 343 512 497 191 192 176
 172 164 383 544 231 439 519 293 562 503 584 225 294 446 494
 525 237 226 481 415 342 281 235 572 297 461 213 417 220 412
 477 552 296 138 160 144 157 159 156 140 142 143 139 141 436
 463 303 517 255 393 443 321 269 483 266 475 311 480 522 421
 419 272 459 332 458 485 380 420 318 280 429 287 199 537 286
 290 291 530 524 539 238 526 533 575 239 211 224 198 236 568
 551 541 581 257 465 437 329 335 431 268 527 267 377 339 479
 279 396 484 513 490 378 495 528 535 449 351 399 507 508 304
 328 403 310 397 565 202 346 253 410 404 331 385 548 214 196
 261 549 307 558 423 323 400 349 166 189 148 174 167 171 145
 190 178 146 182 170 188 181 173 147 185 184 163 177 183 168
 165 169 179 387 392 571 456 274 460 205 523 263 453 313 521
 222 538 314 316 529 559 498 391 444 532 401 450 326 434 478
 492 271 457 445 543 256 452 388 227 264 442 215 317 204 578
 384 438 309 228 510 506 322 398 467 540 315 547 531 319 270
 468 302 427 516 276 223 579 569 486 493 433 455 234 241 505
 534 448 325 409 474 502 407 275 278 491 284 499 197 574 466
 336 435 254 464 402 454 320 395 583 340 386 413 216 200 411
 265 473 194 564 501 432 381 414 567 546 542 416 273 258 259
 229 260 308 221 471 382 550 283 469 230 327 511 509 451 425
 285 426 350 233 277 563 576 305 337 545 195 218 330 312 344
 406 203 405 496 470 338 262 306 348 424 324 504 158 514 333
 418 299 488 288 515 232 345 482 394 428 298 379 341 219 175
 187 186 180 162 441 301 580 212 240 462 300 487 570 390 518
 472 577 440 201 573 282 408 292 566 489 500 582 430 560 347
 217 585 588 592 586 591 589 587 593 590 597 600 598 594 601
 595 596 599 649 603 653 651 652 609 650 604 623 644 634 654
 618 622 617 620 632 655 639 613 637 642 640 627 633 657 628
 630 646 641 610 616 621 638 631 611 625 626 648 636 614 624
 647 635 629 615 619 607 606 608 605 602 656 643 612 645 673
 890 828 888 889 887 886 891 901 736 900 899 902 898 903 658
 864 771 680 681 679 676 677 678 1078 1072 778 1087 1086 820 1081
 1085 876 819 1082 818 1077 1084 822 1074 1079 867 865 866 863 827
 1080 1073 821 1089 878 729 770 772 769 773 1070 1088 1083 879 1076
 1075 1071 877 924 923 948 791 935 922 916 713 829 1032 978 1111
 977 1092 667 1131 798 904 954 1012 973 841 786 842 1010 1011 975
 825 826 852 1001 843 910 1133 1110 1090 1132 1091 808 1107 1031 974
 799 1025 956 853 976 710 675 712 709 711 1030 1049 955 1130 693
 868 1017 946 930 995 1041 918 760 980 1054 1044 970 725 1105 926
 905 1103 967 1118 764 749 848 844 854 838 1097 1062 979 953 750
 1021 1051 1058 963 861 1019 1116 911 998 706 696 691 684 687 1016
 1119 738 744 700 660 745 1064 1096 1042 1154 1007 972 947 1155 800
 908 1002 751 767 743 803 1122 1068 1123 801 1066 1048 958 753 730
 779 1108 1117 999 990 981 1033 802 1056 703 701 702 699 674 813
 1095 1153 1046 986 1152 1099 1114 718 714 682 692 991 951 1100 1141
 1057 1039 662 664 665 663 661 659 1045 1104 882 1004 938 959 669
 670 672 668 671 666 747 789 1113 880 862 1125 737 788 1008 984
 1124 1129 727 1059 805 925 912 1138 722 724 728 907 812 917 1053
 906 797 895 1018 1000 949 723 909 987 1166 941 1167 1146 1027 1162
 919 1112 823 855 726 1003 940 1101 884 816 732 757 774 1127 856
 937 1149 914 896 814 997 982 962 809 950 1136 780 1067 833 755
 731 761 777 776 758 794 804 831 996 931 1047 1165 832 1026 1065
 1028 835 944 945 1093 883 785 943 920 782 851 942 739 850 1036
 1029 1151 1061 869 1169 1163 735 752 763 921 1140 1013 792 824 1038
 793 983 784 1128 897 957 766 1023 1139 1150 1020 765 746 741 849
 1158 1060 1148 892 1009 929 993 796 846 915 806 1034 836 1109 830
 754 952 815 1043 1106 807 936 870 1142 787 985 1144 1052 783 1024
 840 1063 875 1069 872 969 697 705 695 686 721 698 688 717 689
 715 685 690 694 704 707 708 720 716 719 683 734 742 762 894
 966 847 873 811 932 845 1040 1143 885 810 968 781 1005 756 871
 1168 748 768 994 1102 860 928 795 857 817 790 1050 881 837 834
 939 960 933 988 1161 1006 733 775 740 759 1121 913 1145 1022 1157
 1126 1137 992 1120 1134 989 971 961 934 1147 1055 1035 1115 859 839
 858 874 1037 1159 1156 1015 965 1014 1160 1098 927 1164 1094 893 1135
 964
0 2 1 6 5 4 3 8 7 9 10 11 12 13
 14 15 16 23 40 51 61 60 65 17 25 24 67 28 27
 30 29 35 34 66 32 31 41 68 39 38 18 36 43 42
 52 70 49 59 54 46 72 19 44 71 48 64 69 63 62
 47 21 20 58 57 55 22 33 26 37 56 45 53 50 139
 162 163 164 165 168 167 166 201 193 200 203 205 204 202 292
 242 300 299 301 298 246 245 244 536 247 243 318 297 546 327
 320 308 302 547 319 311 325 315 294 310 323 543 305 303 304
 324 313 548 321 544 293 322 545 314 306 295 296 326 309 317
 316 307 312 140 143 73 137 142 141 138 173 153 185 188 160
 169 176 177 181 145 187 189 171 179 192 184 148 186 74 75
 76 77 80 79 78 149 172 156 170 144 175 174 150 151 180
 157 178 152 190 191 159 146 161 154 147 155 182 183 158 82
 239 235 207 241 208 213 83 81 87 84 86 85 228 196 198
 220 223 214 215 199 211 212 238 225 232 233 209 230 237 210
 240 217 227 226 206 231 221 229 218 219 236 195 234 222 216
 194 224 197 89 99 96 95 94 98 329 402 328 427 452 257
 537 256 255 253 443 556 530 477 507 455 567 509 373 519 480
 364 490 491 453 578 583 552 571 422 451 424 512 513 515 541
 535 528 381 380 386 395 560 382 88 124 112 129 130 101 93
 91 90 92 106 117 118 116 128 135 105 132 113 109 136 120
 127 111 134 133 100 108 104 122 125 114 119 110 131 103 250
 248 485 376 531 499 357 358 516 466 582 554 540 555 522 375
 471 353 354 534 474 366 518 365 448 345 346 413 433 334 335
 407 492 478 510 584 269 351 349 414 420 549 569 551 566 266
 440 343 331 389 385 399 287 286 291 393 559 378 288 562 401
 377 391 390 398 383 400 289 558 561 392 379 394 388 249 488
 504 497 479 359 514 434 576 438 581 355 367 570 539 533 484
 442 368 526 277 496 279 520 445 251 529 501 481 532 459 356
 409 574 468 517 411 493 374 475 419 258 577 426 557 538 352
 521 486 278 252 272 506 263 500 502 503 432 461 460 573 464
 463 563 337 575 436 483 565 344 495 580 348 441 505 261 361
 406 268 430 579 469 418 330 450 553 403 572 270 271 360 439
 508 472 423 405 511 333 456 429 457 458 404 476 454 262 494
 265 362 498 280 281 408 282 336 437 350 267 425 449 342 568
 564 550 421 542 285 428 260 332 431 417 347 284 97 254 447
 416 340 283 527 115 123 126 102 107 121 369 525 371 275 487
 339 341 259 446 396 384 290 397 387 465 524 470 372 264 523
 370 415 276 489 462 435 467 410 444 273 482 473 412 338 274
 363 585 586 587 588 589 590 591 592 593 602 611 609 610 612
 614 613 615 594 606 605 604 603 608 607 596 597 595 598 600
 599 601 618 646 616 634 642 657 639 625 649 623 628 629 626
 627 655 635 643 637 619 631 640 633 653 622 636 651 620 632
 645 644 617 648 647 624 654 641 656 638 650 630 652 621 658
 659 660 661 662 663 664 665 688 711 689 697 706 702 694 675
 692 673 699 704 696 720 683 698 687 680 707 718 721 682 666
 668 691 690 674 705 672 700 678 669 681 676 695 708 671 719
 677 693 670 684 701 710 709 667 713 712 715 714 717 716 685
 703 679 686 722 723 724 725 726 727 728 729 730 731 732 733
 734 735 736 737 738 739 740 741 742 743 744 745 746 747 748
 749 750 751 752 753 754 755 756 757 758 759 760 761 762 763
 764 765 766 767 768 769 770 771 772 773 774 775 776 777 892
 982 917 1013 1070 845 981 1137 1132 1143 831 900 1144 976 1018 1120
 996 1016 962 1033 1031 842 1118 866 968 1045 921 920 919 918 916
 1079 993 1119 1081 1053 861 1059 945 862 835 967 1122 1042 906 984
 1073 955 1012 893 1049 1133 1134 788 1148 1142 903 818 1036 963 985
 880 961 974 799 978 1071 783 1099 991 1023 1165 1044 1154 891 1011
 1108 1159 1083 1104 1051 1056 946 814 817 960 914 1005 801 1169 966
 1027 1029 1009 1102 1085 1084 1048 896 895 897 894 839 1075 964 1098
 986 1035 935 1001 1025 973 1107 852 778 827 879 877 876 878 1135
 1138 789 1140 1147 834 977 1096 822 1163 1026 953 1111 1115 1037 930
 864 1160 808 780 807 806 805 804 1030 1092 1110 957 1014 1077 1041
 1086 913 1039 1126 1103 1151 886 997 969 1101 998 1006 1088 1050 1054
 1066 816 860 1057 1090 1112 1015 1080 1150 909 975 825 1032 925 1093
 1113 863 840 796 837 882 1038 868 819 802 937 1087 1156 1157 889
 841 954 791 904 843 1094 1114 784 779 988 823 838 884 1095 983
 1076 1017 847 1109 810 1153 1078 794 936 939 1019 1161 887 1082 1020
 1021 865 940 1028 1089 871 1091 853 826 781 926 950 795 990 792
 999 1003 1004 1162 848 1166 888 908 869 1007 870 922 798 956 797
 1116 885 836 912 965 931 1128 928 821 1100 850 803 1127 1158 875
 828 942 858 1055 813 943 1052 859 947 1063 815 1065 1064 1067 1058
 1061 1060 944 1062 1069 1068 782 844 1117 824 1097 881 989 927 995
 809 951 812 1002 856 874 873 929 970 941 1008 948 1010 923 958
 979 987 905 1074 883 846 1043 938 872 933 857 1129 1155 890 854
 992 924 910 949 959 980 911 1034 1072 800 811 793 1167 820 1164
 1152 1168 932 1046 1040 1105 1131 1130 786 829 830 898 1139 785 899
 1136 901 1145 833 787 790 1141 1149 902 832 1146 952 934 1124 994
 851 1106 971 972 1047 855 915 1000 1022 907 1123 849 1024 1121 1125
 867
0 9 10 11 12 13 14 15 16 1 2 3 4 5
 6 7 8 18 17 22 21 20 19 37 36 38 40 39 41
 29 30 31 32 33 34 35 24 23 25 27 26 28 58 52
 59 60 63 62 49 48 51 50 43 61 55 54 65 64 42
 44 45 53 47 46 57 56 66 68 67 72 71 70 69 73
 137 138 139 140 141 142 143 81 82 83 84 85 86 87 194
 193 197 198 195 196 211 212 213 199 214 215 226 200 216 227
 238 239 221 231 230 229 228 206 201 217 207 224 222 223 225
 233 235 234 241 205 204 220 219 218 208 202 203 232 240 209
 210 236 237 74 75 76 77 78 79 80 144 146 145 148 147
 149 156 162 169 170 172 171 150 163 176 173 174 175 151 157
 164 177 179 180 178 152 153 155 154 159 160 161 158 165 168
 166 167 181 182 183 184 187 188 185 186 192 191 190 189 89
 88 92 93 90 91 97 101 112 129 130 124 123 111 114 128
 133 134 94 95 96 98 99 102 113 127 126 125 106 116 117
 115 118 100 103 110 109 108 107 131 119 121 120 135 136 104
 105 132 122 242 256 254 255 257 253 263 267 264 266 265 247
 244 245 243 246 258 259 260 261 262 248 250 252 251 249 270
 274 268 273 278 271 269 279 277 276 272 275 408 462 282 514
 515 292 389 382 391 377 390 291 285 293 294 295 296 297 349
 351 350 348 432 433 438 441 365 482 528 523 411 473 475 474
 418 360 356 367 469 459 524 518 414 366 470 492 484 483 442
 439 412 476 368 471 369 493 449 448 352 339 521 419 420 504
 344 404 505 525 301 298 300 299 338 423 472 531 316 357 455
 519 315 487 509 461 460 306 323 317 332 334 405 371 372 373
 497 496 495 289 384 381 380 379 287 398 378 388 387 386 385
 286 290 288 392 393 394 399 400 401 383 395 396 397 428 477
 345 370 507 529 280 443 450 310 330 522 322 508 512 530 314
 341 342 506 486 353 485 454 494 427 402 452 463 517 302 303
 434 435 436 437 304 329 465 305 328 409 468 467 466 516 337
 336 410 464 429 481 425 358 511 526 527 319 364 363 281 430
 451 440 446 445 444 318 324 333 354 311 313 312 331 403 478
 479 480 453 307 327 326 424 422 361 488 489 490 491 325 335
 426 376 375 374 498 499 500 510 520 513 343 346 421 406 415
 362 501 456 416 503 283 284 447 431 321 359 502 340 413 309
 320 347 457 458 308 407 417 355 532 533 534 535 537 536 540
 541 538 539 573 568 544 565 564 580 579 549 550 554 581 553
 551 567 566 582 558 561 562 559 560 569 546 545 556 555 543
 563 575 576 574 542 572 570 571 577 578 548 547 552 557 584
 583 586 585 588 587 589 591 590 593 592 658 659 661 660 662
 663 664 665 722 723 724 725 726 727 728 729 730 731 734 735
 733 732 736 742 743 744 745 746 747 748 749 750 751 752 753
 754 755 756 757 758 769 770 771 772 773 764 765 766 767 768
 737 738 739 740 741 759 760 761 762 763 774 775 777 776 594
 595 597 596 598 599 600 601 666 668 667 671 672 669 670 827
 828 835 830 829 832 831 834 833 858 859 860 861 862 844 845
 852 841 843 842 846 849 848 847 851 850 863 865 864 867 866
 853 854 855 856 857 836 837 839 838 840 869 868 871 870 873
 875 872 874 602 603 604 605 606 607 608 609 610 611 615 614
 612 613 616 644 645 646 647 648 617 618 619 620 621 622 623
 624 625 626 627 628 629 630 631 632 633 649 650 651 652 653
 639 640 641 642 643 634 635 636 637 638 654 655 657 656 778
 779 780 781 782 783 784 786 785 788 787 790 789 813 814 815
 816 817 798 799 796 797 802 803 800 801 806 807 804 805 818
 819 820 821 822 791 792 793 794 795 808 809 810 811 812 825
 826 823 824 673 674 677 676 679 678 681 680 675 709 710 712
 711 713 690 692 691 687 688 693 696 695 694 698 697 689 704
 705 706 707 708 682 683 684 685 686 699 701 700 703 702 715
 714 717 716 720 718 721 719 877 876 879 878 891 888 887 890
 886 889 884 882 881 885 883 880 917 916 919 918 920 921 911
 910 915 912 914 913 905 904 907 906 909 908 899 898 901 903
 902 900 893 892 895 894 896 897 1052 1054 1055 1050 1051 1061 1062
 1057 1056 1058 1063 1060 1059 1053 1066 1067 1065 1064 1068 1069 949 948
 951 952 950 953 943 942 946 944 945 947 961 964 963 959 960
 957 958 954 973 956 955 969 970 971 972 965 966 967 968 962
 983 985 986 987 988 980 979 982 981 974 1001 975 976 977 978
 995 998 992 991 994 993 989 1000 999 990 997 996 984 1005 1004
 1003 1002 1007 1006 1009 1008 1072 1074 1075 1070 1071 1083 1084 1077 1085
 1080 1076 1078 1079 1082 1081 1073 1086 1087 1088 1089 1034 1035 1036 1049
 1030 1031 1032 1046 1041 1040 1039 1038 1047 1044 1043 1048 1037 1042 1045
 1033 925 926 922 935 923 924 930 929 931 934 933 927 928 932
 939 938 936 937 940 941 1013 1014 1010 1025 1011 1012 1020 1017 1021
 1022 1019 1024 1023 1015 1016 1018 1026 1027 1028 1029 1136 1138 1139 1134
 1135 1130 1131 1133 1132 1146 1142 1141 1143 1145 1147 1140 1144 1137 1149
 1148 1116 1117 1113 1112 1115 1114 1110 1111 1123 1124 1121 1120 1125 1118
 1119 1122 1128 1129 1126 1127 1095 1096 1098 1097 1093 1094 1090 1107 1091
 1092 1105 1101 1100 1102 1106 1103 1099 1104 1109 1108 1161 1167 1158 1168
 1169 1160 1162 1164 1152 1165 1155 1150 1156 1166 1157 1159 1163 1151 1153
 1154
1 0 2 6 5 3 8 4 7 73 80 79 76 75
 77 74 78 131 99 116 124 100 106 127 92 120 123 134 117
 93 118 113 135 121 129 114 96 97 95 94 98 89 109 112
 136 115 104 108 122 101 107 128 91 102 133 105 126 90 130
 111 88 132 119 125 103 110 87 85 82 84 86 83 81 9
 16 10 13 14 11 15 12 71 68 69 72 70 66 67 58
 39 30 65 54 28 40 18 38 37 41 36 62 52 56 19
 44 51 46 53 21 64 49 60 55 24 25 33 42 63 27
 47 48 26 35 45 32 29 50 20 43 17 59 61 34 31
 57 23 22 140 143 139 142 138 141 137 179 172 158 175 153
 187 177 189 181 169 145 176 148 184 192 173 186 171 167 164
 166 165 163 168 162 183 160 154 191 151 178 157 180 147 159
 155 188 185 156 182 150 146 149 190 144 174 170 161 152 536
 560 565 575 549 554 569 547 545 543 546 544 548 579 576 580
 550 541 542 568 571 570 572 551 574 582 540 578 561 562 559
 558 537 552 555 566 539 557 583 584 581 573 556 563 567 564
 538 577 553 243 246 247 242 244 245 498 347 496 528 494 438
 444 437 451 280 509 462 343 522 471 393 290 378 383 385 424
 407 458 354 526 338 473 372 415 507 356 478 395 381 380 254
 386 382 433 448 266 440 446 427 319 326 305 293 318 302 300
 320 303 323 299 304 322 308 327 309 311 314 321 306 297 310
 295 324 298 313 315 296 325 301 316 317 292 312 307 294 490
 375 423 508 331 403 268 358 334 261 410 371 341 482 349 353
 422 248 495 346 404 476 328 365 515 453 488 336 513 504 463
 342 270 480 472 467 505 460 477 332 350 470 527 274 340 535
 512 456 277 285 282 434 441 436 439 449 435 443 263 447 430
 442 429 428 267 432 281 450 283 264 265 284 445 431 271 534
 516 485 466 506 351 459 525 481 275 483 457 489 339 335 499
 501 503 345 531 518 474 329 278 391 389 377 257 253 399 255
 288 396 256 400 289 390 401 398 291 287 384 286 387 397 392
 379 388 394 414 511 337 409 272 376 330 373 461 514 369 464
 533 487 359 273 426 348 465 367 491 524 355 258 406 479 413
 269 469 374 412 357 510 368 411 259 484 370 405 333 420 419
 502 418 497 492 500 249 530 251 344 250 279 454 366 452 262
 352 402 520 532 517 408 519 361 468 360 475 260 455 364 276
 416 363 425 523 529 493 421 252 486 417 362 521 193 223 237
 216 206 240 213 205 202 200 201 203 204 236 196 208 219 234
 231 233 197 239 225 224 222 194 221 235 198 241 227 230 214
 212 199 215 211 195 210 218 232 217 207 226 229 228 209 238
 220 585 594 596 601 598 595 600 599 597 586 593 587 591 588
 589 590 592 602 606 605 603 608 604 607 609 611 613 614 610
 615 612 646 638 619 631 642 649 624 639 641 628 652 620 655
 627 651 640 622 653 645 648 617 644 647 630 633 626 654 621
 616 636 635 634 637 625 629 657 632 618 650 643 623 656 658
 672 669 668 667 666 671 670 662 665 661 664 663 659 660 683
 680 691 720 675 699 696 704 698 685 686 682 673 684 677 706
 689 718 721 687 715 702 678 701 694 716 719 705 703 697 693
 707 676 711 690 700 714 708 688 681 712 695 679 717 713 674
 709 710 692 725 728 722 724 726 723 727 838 868 848 861 844
 828 854 869 839 840 837 827 836 835 867 858 860 830 849 852
 865 842 872 850 856 862 864 875 834 874 855 846 863 841 832
 873 853 871 831 866 845 859 843 833 857 851 847 870 829 792
 820 796 782 798 814 810 805 821 790 817 809 802 794 791 778
 795 793 808 780 826 783 815 788 803 812 823 813 785 797 824
 779 786 819 822 804 799 784 789 801 818 781 825 800 787 806
 807 816 811 741 747 773 762 768 776 745 758 742 739 740 737
 738 729 755 732 763 748 750 731 761 743 744 751 749 764 775
 759 736 757 766 734 752 756 769 767 765 746 730 754 760 774
 735 771 777 770 733 753 772 934 924 940 931 985 1018 1110 1039
 1006 1151 988 944 1031 1162 912 1071 1097 963 1054 899 905 1116 1061
 969 1020 1146 1046 1083 975 1014 1082 970 1149 1033 906 1115 1106 885
 974 902 952 953 950 949 948 951 879 928 937 933 929 925 932
 935 876 927 878 922 926 930 939 936 923 941 938 877 1089 1030
 972 1067 1142 1163 921 920 917 919 918 916 1130 1124 1164 943 1127
 904 991 880 1015 1036 998 1063 1005 1158 1002 964 989 898 995 889
 1134 1060 1075 1100 1029 1012 1038 1017 1062 1086 1090 961 1041 892 896
 915 1059 1011 1123 1128 890 1135 1074 1138 1055 1153 1118 1105 1081 945
 956 1154 1136 1140 959 1104 1147 960 1025 888 1035 1073 987 1132 1095
 1155 982 992 911 1099 1021 967 1109 1159 1004 1148 883 1047 1166 1150
 1126 886 893 965 1107 1072 981 1139 990 1113 1056 910 907 1119 946
 1051 954 1165 997 1112 1077 895 1102 1160 1114 1161 1141 1001 955 999
 1078 942 1064 1079 1045 1143 979 1085 957 909 1120 1016 1010 1098 1129
 1152 1053 1069 1144 1084 903 891 1096 1057 882 1131 1137 1087 1034 1076
 1013 996 913 976 1103 1169 1065 986 1044 1117 1133 1157 1058 1019 1027
 1007 1052 968 984 1050 994 973 1101 894 1040 1094 881 980 1003 901
 900 887 884 1091 1042 1168 1145 977 1000 1009 914 1125 1092 1080 1088
 897 1032 1008 1048 1111 1068 1043 1024 947 978 1028 962 983 1122 1167
 966 1121 1066 971 1070 1108 958 993 1022 1093 908 1049 1026 1037 1156
 1023
