0 1 3 10 12 2 4 6 5 11 7 8 9 20
 13 19 22 18 23 21 16 17 15 14 24 30 28 26 31
 34 29 33 35 32 27 25 44 46 37 40 45 36 43 41
 39 38 42 90 141 158 120 56 97 103 166 156 60 137 65
 107 49 83 71 157 98 105 95 66 94 79 163 85 125 68
 150 106 54 91 147 161 146 75 136 73 57 117 67 131 76
 140 115 50 47 142 63 104 116 72 144 101 160 100 124 48
 145 88 114 143 86 55 92 113 93 69 167 159 138 58 133
 89 102 128 77 149 52 122 129 123 148 127 153 130 119 126
 64 80 135 155 112 84 78 108 82 121 139 53 96 87 109
 70 118 134 59 154 132 165 164 99 110 51 61 162 81 74
 152 151 62 111 260 280 220 210 288 286 200 169 234 274 172
 211 168 245 222 196 199 181 262 233 225 270 242 258 279 278
 256 198 187 241 224 190 257 188 287 271 175 249 183 283 251
 277 267 243 173 180 217 284 235 272 171 186 276 250 239 226
 177 207 189 223 182 218 219 205 246 221 247 227 231 191 259
 282 248 216 214 212 185 206 261 275 269 237 244 215 240 208
 273 194 170 265 266 285 268 281 213 178 209 204 238 263 203
 201 192 230 176 252 179 184 228 174 253 197 264 193 255 254
 232 236 195 229 202 333 341 302 296 388 300 370 326 387 332
 384 334 385 395 345 339 306 361 317 344 323 340 320 399 401
 367 362 406 298 405 316 301 409 293 391 390 352 397 299 342
 290 373 398 356 360 389 355 379 303 347 319 338 346 309 372
 351 386 408 375 335 295 365 394 371 403 322 311 305 353 314
 396 327 377 400 366 383 307 297 378 337 376 315 407 318 392
 402 343 364 350 325 330 359 294 357 374 304 363 349 348 331
 308 381 369 313 329 324 393 358 354 404 310 368 382 328 336
 292 312 289 380 321 291 413 527 415 516 423 523 424 447 466
 497 498 449 444 471 496 529 411 419 457 504 435 448 446 499
 428 495 490 484 483 469 507 487 470 510 425 480 433 420 450
 473 429 418 530 520 430 514 460 500 521 526 493 468 518 452
 455 519 437 426 442 421 458 467 481 451 522 482 512 478 485
 438 454 513 515 441 491 511 503 436 456 431 524 439 477 517
 427 508 486 440 489 509 445 472 476 494 506 432 417 416 434
 488 502 461 464 465 475 443 462 505 501 410 474 492 459 479
 412 453 528 422 463 414 525 534 540 537 536 538 539 531 532
 541 533 535 543 552 551 550 549 546 545 548 544 542 547 584
 650 586 649 651 631 568 633 629 571 574 573 640 639 576 557
 555 553 617 618 661 597 658 595 596 560 670 621 622 623 665
 664 663 600 668 579 582 581 643 646 654 591 588 673 656 613
 604 605 606 612 564 626 567 625 624 565 671 628 563 627 566
 583 648 672 647 585 572 630 634 632 570 637 577 638 635 575
 614 616 554 669 556 615 660 657 594 662 593 659 620 562 619
 558 559 561 599 602 598 667 666 580 642 578 645 644 590 592
 589 652 655 653 607 608 610 603 611 609 587 569 636 601 641
 710 761 759 709 760 708 695 746 747 748 692 694 752 750 749
 701 699 791 732 731 677 730 676 723 772 770 769 771 683 682
 738 684 680 724 726 727 777 728 774 756 792 703 758 755 702
 717 764 768 718 714 789 788 782 783 781 711 762 712 763 707
 790 696 693 744 745 751 753 698 700 697 678 675 733 729 674
 722 773 719 793 720 737 681 685 735 734 725 776 794 778 775
 705 757 704 706 754 767 716 766 715 713 786 784 785 787 780
 689 742 741 690 687 740 691 743 688 686 739 679 721 736 765
 779 800 798 801 804 805 803 795 796 799 797 802 916 851 854
 912 915 918 859 917 857 856 885 886 889 884 829 902 905 844
 841 903 848 911 847 910 908 808 865 861 922 809 820 874 875
 872 873 814 812 811 813 815 881 883 879 825 824 837 900 896
 839 895 923 892 832 893 833 913 914 853 855 925 921 920 926
 858 919 860 827 826 830 828 887 888 842 904 906 901 843 845
 924 907 849 846 909 850 807 806 810 863 864 819 877 818 817
 816 876 867 871 866 868 869 870 822 880 878 821 882 898 836
 838 897 840 894 831 890 834 835 852 862 823 899 891 977 979
 975 1036 1034 1033 983 984 1037 1041 1039 1045 950 951 1011 948 1025
 964 965 1022 1047 1030 972 971 1031 974 930 990 988 991 932 927
 940 1001 942 939 997 936 937 935 933 934 1004 945 946 1003 943
 1002 961 962 1019 963 1046 1017 957 1015 958 1013 955 1012 1035 978
 976 980 1032 1040 985 986 981 1038 952 1008 1010 1007 949 1026 966
 968 967 1023 1027 1028 1029 969 970 989 931 928 929 987 941 999
 1000 1043 998 994 992 995 996 993 1005 1006 1044 947 944 960 1020
 1018 1021 959 956 1014 954 1016 953 982 1009 1024 973 938 1042 1058
 1051 1053 1056 1049 1048 1057 1054 1050 1052 1055 1065 1066 1068 1060 1067
 1059 1061 1069 1064 1062 1063 1074 1075 1078 1071 1072 1079 1077 1080 1073
 1076 1070 1081 1088 1086 1087 1084 1092 1082 1083 1091 1085 1090 1089 1094
 1098 1102 1101 1093 1103 1096 1099 1097 1100 1095 1104 1105
0 1 12 9 2 4 5 8 6 10 11 7 3 21
 19 14 18 16 22 13 17 20 23 15 24 30 28 26 31
 34 29 33 35 32 27 25 43 45 40 36 44 42 37 46
 41 39 38 96 99 136 132 93 78 63 123 77 142 65 118
 102 82 111 70 162 62 133 83 61 79 90 109 163 87 69
 156 60 127 153 145 115 144 56 134 113 58 74 160 103 129
 95 116 154 146 165 161 73 84 147 71 75 114 106 89 157
 68 126 49 124 100 122 80 92 155 47 158 138 57 150 152
 66 119 97 130 128 140 131 107 121 72 143 141 48 67 59
 166 98 64 105 137 117 104 101 151 52 85 94 139 53 125
 148 164 54 120 108 86 88 91 81 135 112 167 159 51 55
 50 76 149 110 238 195 245 269 283 217 179 286 256 275 207
 199 266 197 187 235 228 279 237 223 264 251 222 267 284 213
 185 176 227 246 234 182 211 280 273 236 173 218 216 277 260
 177 201 190 214 258 282 203 281 255 248 249 206 189 233 253
 247 209 208 278 196 240 205 229 230 226 170 193 287 210 172
 221 204 261 239 242 192 241 219 220 175 171 270 268 265 168
 200 244 181 243 263 288 259 186 191 225 224 212 178 188 285
 169 215 231 194 257 184 276 183 274 180 232 198 262 250 174
 271 202 272 252 254 363 328 376 384 289 352 307 304 345 310
 348 371 400 364 361 355 347 375 312 359 322 357 315 401 390
 409 298 301 399 392 320 362 391 406 293 367 395 339 387 397
 402 351 360 340 366 407 295 308 306 403 311 353 342 354 330
 396 377 309 336 349 365 318 358 393 334 316 370 338 300 321
 346 297 343 332 337 404 405 303 291 305 331 317 329 373 394
 296 379 398 372 302 344 341 325 294 292 335 368 350 386 333
 380 378 388 324 374 314 383 408 319 327 382 356 381 326 389
 299 313 385 290 323 369 414 503 509 423 507 488 447 525 442
 429 520 485 427 416 420 497 486 450 415 463 487 459 475 515
 412 436 446 458 493 477 506 505 518 421 419 438 482 453 526
 511 528 468 435 434 441 437 476 523 472 445 512 516 467 430
 466 425 470 496 462 478 501 424 527 461 457 491 451 465 519
 460 483 422 439 517 521 410 489 432 502 522 433 492 513 464
 448 490 498 504 474 443 479 411 473 431 452 514 530 417 524
 510 449 413 418 444 484 469 471 455 426 529 428 481 500 456
 499 508 480 494 454 440 495 533 535 532 537 539 531 540 541
 534 538 536 543 552 551 550 549 546 545 548 544 542 547 660
 661 662 659 596 564 625 565 671 566 568 630 634 570 571 577
 638 635 639 576 616 557 669 617 618 608 604 610 611 612 590
 652 588 653 656 599 602 667 600 668 584 586 647 585 651 582
 578 642 643 646 620 560 562 619 670 621 558 622 559 561 623
 657 658 594 593 595 567 624 628 563 627 569 572 633 629 632
 636 637 573 574 640 575 614 554 555 556 553 615 607 613 605
 603 606 609 654 592 589 655 673 665 598 664 601 666 650 587
 648 583 672 649 579 580 581 641 645 644 597 626 631 591 663
 723 722 770 719 720 771 741 742 691 743 686 739 790 746 693
 748 745 692 752 750 751 698 699 677 678 675 729 674 786 785
 787 788 781 767 766 717 714 768 713 724 727 776 794 778 774
 762 759 763 712 709 706 758 704 755 754 721 772 773 793 769
 689 690 687 740 688 695 696 744 747 694 753 749 700 791 697
 731 733 730 679 676 784 780 789 782 779 716 764 718 715 765
 725 726 777 728 775 711 761 710 760 707 756 757 705 792 703
 683 682 737 738 681 735 684 685 736 734 680 701 732 783 708
 702 796 800 805 803 797 798 802 795 804 799 801 883 879 823
 878 825 819 820 818 817 816 918 859 921 857 920 852 854 915
 912 853 923 894 832 834 891 924 911 846 908 909 867 868 869
 813 815 898 836 895 897 899 807 865 862 863 809 904 906 902
 844 841 885 886 827 829 887 881 822 821 824 882 877 874 875
 872 873 876 917 856 926 858 919 860 913 914 916 851 855 925
 892 831 893 890 833 835 848 847 849 910 850 814 871 866 812
 811 870 837 900 896 838 839 840 808 806 861 922 864 842 901
 905 903 845 889 884 826 830 888 880 907 810 843 828 945 1006
 1044 947 944 1002 941 940 938 942 939 1040 1037 982 986 981 1035
 975 976 1032 1033 957 1014 956 1015 958 1030 971 1027 973 974 970
 1042 996 995 935 933 961 962 1046 1017 959 930 989 991 928 987
 927 1024 966 965 967 1023 1022 952 1009 1011 951 1007 949 1004 1005
 1003 946 943 999 1000 1001 997 998 983 984 1041 1039 1038 977 979
 1036 980 1034 954 1013 955 953 1012 972 1031 1028 1029 969 994 936
 937 993 934 960 1018 963 1021 1019 990 931 988 932 929 1025 1026
 964 968 1047 1045 1008 950 1010 948 1043 985 978 1016 992 1020 1049
 1058 1057 1055 1048 1052 1050 1056 1054 1053 1051 1065 1066 1068 1060 1067
 1059 1061 1069 1064 1062 1063 1074 1075 1078 1071 1072 1079 1077 1080 1073
 1076 1070 1081 1084 1082 1090 1091 1088 1085 1087 1086 1089 1092 1083 1101
 1097 1098 1100 1096 1093 1102 1095 1099 1103 1094 1104 1105
0 1 11 8 10 9 3 2 12 6 5 4 7 18
 17 20 14 15 19 16 23 22 13 21 25 33 547 28 551
 550 544 543 32 30 552 27 458 475 426 496 484 420 501 446
 490 508 453 513 414 89 138 467 51 44 481 163 77 483 493
 519 479 412 131 53 153 525 428 127 469 477 522 431 415 84
 85 156 167 461 115 37 55 518 66 65 96 38 450 45 449
 474 40 432 74 130 43 137 36 161 122 470 526 150 134 87
 116 157 445 136 58 41 164 118 424 117 124 79 90 139 495
 54 425 81 109 99 489 46 485 527 63 158 413 125 419 162
 492 91 439 447 454 42 112 437 456 503 494 443 422 509 457
 103 512 61 159 514 57 48 451 440 515 463 143 94 504 39
 436 502 141 499 268 309 365 292 379 403 237 347 314 355 317
 206 392 318 197 189 241 384 202 336 207 192 245 297 348 407
 321 224 232 242 324 255 276 408 193 396 387 263 230 308 215
 380 303 272 345 327 334 386 208 319 174 266 204 370 375 383
 290 312 307 389 250 188 273 200 222 393 402 271 227 374 315
 371 274 231 361 220 323 212 287 295 299 254 185 316 280 405
 262 256 296 195 394 343 320 168 329 172 313 275 259 358 377
 306 322 187 234 184 171 248 246 339 404 373 209 236 311 397
 351 346 354 179 342 293 372 367 178 536 170 352 344 325 534
 225 257 532 279 302 173 205 376 378 349 400 298 382 258 267
 169 253 221 180 364 310 226 286 282 217 201 181 175 294 269
 260 278 203 362 285 363 214 244 219 229 353 177 210 305 304
 213 198 337 331 341 239 233 360 211 252 332 300 277 247 289
 191 216 176 541 288 228 395 261 531 283 409 381 368 223 398
 238 194 284 326 390 335 350 401 399 340 359 406 328 264 391
 270 539 535 369 356 388 199 366 338 183 533 301 538 330 333
 357 291 537 251 385 540 49 120 105 123 121 104 435 487 524
 47 430 473 62 491 448 69 506 497 155 76 486 128 510 142
 106 455 488 478 102 50 52 498 416 113 529 71 418 459 429
 147 146 64 411 441 83 462 148 78 423 528 119 166 417 95
 434 410 471 427 433 92 465 530 59 160 93 468 67 80 511
 70 107 108 165 111 516 145 132 466 460 56 464 88 154 110
 149 523 452 151 86 133 480 507 72 75 140 442 472 521 517
 73 476 114 135 98 421 152 482 520 444 68 100 126 97 438
 60 500 144 101 129 82 505 218 182 281 235 265 243 190 186
 249 240 196 29 545 26 35 24 34 31 546 548 542 549 758
 641 645 704 792 773 660 770 596 772 584 763 586 803 762 673
 764 656 804 717 663 666 599 799 727 635 701 749 640 753 558
 685 623 735 738 691 627 687 740 690 788 611 612 805 787 570
 748 631 744 696 733 553 617 614 679 675 618 556 730 800 678
 706 579 703 646 797 595 793 662 719 798 647 585 759 651 709
 718 588 768 654 591 714 794 728 776 601 668 777 700 639 636
 576 698 796 684 561 620 681 801 671 564 743 628 802 603 609
 607 789 780 782 747 629 693 571 634 795 644 593 712 622 566
 702 582 705 580 642 755 769 597 594 721 659 720 710 587 761
 711 648 649 766 592 713 590 589 774 664 725 600 778 751 577
 573 638 699 737 734 670 560 683 559 741 624 742 565 625 563
 604 785 786 610 608 790 633 569 568 745 757 578 581 756 643
 723 657 722 661 658 707 583 650 672 760 652 716 655 653 715
 602 667 665 724 598 791 750 752 637 575 562 682 621 619 736
 567 686 626 689 688 784 613 779 605 606 695 692 572 630 746
 677 557 729 554 731 616 555 732 669 615 676 767 726 574 783
 632 765 775 697 781 694 754 771 708 680 739 674 815 996 992
 870 869 973 846 848 974 850 991 861 809 932 988 819 938 875
 876 1043 980 855 913 915 976 841 843 845 965 1053 890 954 834
 1013 1055 1010 1011 888 951 1051 963 899 1021 839 1052 856 919 918
 926 860 946 878 881 1044 1050 995 811 993 1048 937 909 1027 910
 1028 1056 1031 807 864 863 928 1054 931 942 816 873 1001 1049 1000
 912 1036 975 925 1057 979 967 842 964 844 966 1016 833 923 958
 835 1015 826 887 885 950 830 1009 895 898 840 1019 962 1041 986
 1037 982 985 824 947 882 825 1006 814 968 1018 1058 1003 933 812
 936 994 866 935 972 969 971 849 847 865 990 808 930 922 940
 999 820 872 939 977 1032 916 851 1035 1026 906 1024 905 1025 1023
 953 957 893 832 891 889 884 827 828 1007 1020 1017 838 837 897
 1046 921 857 859 920 917 858 945 879 1004 822 880 944 1042 871
 867 868 813 911 907 1030 908 1029 989 987 810 806 929 997 817
 941 874 818 978 914 852 853 1034 1022 901 904 902 903 1014 894
 831 892 955 1008 1045 829 952 886 900 836 961 960 896 984 981
 1040 983 1039 883 943 1005 823 821 924 862 877 854 956 948 970
 927 998 1033 1012 949 934 1047 959 1038 1002 1080 1059 1071 1072 1081
 1079 1064 1067 1063 1062 1078 1076 1069 1065 1075 1061 1068 1074 1077 1066
 1060 1073 1070 1083 1092 1082 1087 1089 1088 1086 1090 1084 1085 1091 1098
 1103 1100 1097 1094 1095 1101 1096 1093 1099 1102 1104 1105
0 1 4 12 5 6 8 11 7 3 9 10 2 19
 15 23 17 20 16 14 21 13 18 22 27 542 25 550 34
 31 544 551 546 32 24 28 272 280 250 189 195 208 255 188
 263 266 168 183 385 193 214 198 365 300 408 313 213 381 378
 254 197 307 357 323 397 244 370 222 199 228 205 219 252 333
 312 278 171 388 376 395 356 264 262 351 315 366 275 353 236
 311 364 260 368 191 352 373 398 302 340 225 220 223 212 321
 331 269 245 204 233 305 346 396 176 363 227 316 320 317 270
 242 174 295 324 355 319 338 202 309 325 248 289 314 274 175
 358 342 394 194 382 360 318 178 232 354 261 211 216 257 229
 294 291 237 173 238 239 210 369 400 392 310 187 322 332 337
 251 271 339 405 93 36 129 86 457 493 471 483 426 151 475
 85 44 107 54 460 163 513 89 88 133 75 134 504 422 59
 496 50 127 487 501 480 139 40 442 67 106 410 125 415 56
 509 463 528 60 440 512 494 476 38 61 511 530 41 165 413
 443 484 46 126 438 529 94 79 505 461 469 143 466 132 446
 451 167 87 142 136 420 435 53 76 100 66 101 508 497 45
 462 108 477 429 43 522 490 473 120 105 458 158 155 37 431
 454 453 455 154 96 416 417 109 82 414 102 152 124 39 49
 119 160 42 90 114 70 498 146 452 112 117 166 434 515 164
 430 456 65 55 439 73 526 492 157 411 150 145 130 514 437
 518 436 525 432 121 77 495 467 447 424 470 74 104 499 78
 507 62 131 147 103 503 113 468 450 445 135 116 97 111 521
 149 517 83 481 433 92 80 140 502 479 156 64 115 84 57
 128 425 464 118 63 485 123 419 99 161 144 48 489 98 52
 506 418 122 491 47 472 486 69 68 428 524 148 482 441 71
 516 141 51 159 474 138 449 95 110 519 91 72 153 520 527
 412 162 137 423 58 81 169 299 279 348 386 531 399 401 276
 235 350 306 541 246 172 196 335 371 181 282 273 533 256 389
 375 367 234 192 253 285 377 200 301 535 334 249 359 207 393
 243 281 296 287 372 308 293 240 539 326 383 180 384 362 379
 184 403 406 259 206 536 215 298 292 267 170 341 258 537 347
 218 226 283 407 380 328 190 387 409 297 247 344 329 288 290
 534 224 349 217 345 284 404 304 265 177 343 391 231 230 330
 540 303 201 402 532 185 203 241 179 268 182 361 374 538 327
 336 209 186 277 221 286 390 510 427 500 459 478 465 444 523
 488 421 448 552 543 33 26 545 35 549 547 29 30 548 639
 698 751 574 701 609 606 779 613 789 559 681 737 620 685 671
 686 567 564 743 744 629 632 631 748 777 776 774 726 728 719
 770 597 658 793 585 647 707 648 763 617 677 557 614 679 588
 764 653 589 768 644 704 641 643 703 702 582 757 642 579 706
 749 575 791 577 636 603 780 784 605 607 735 558 734 562 619
 627 740 687 563 741 625 570 693 692 695 572 568 666 663 600
 602 598 599 595 593 659 769 660 709 649 759 710 584 730 553
 615 675 729 669 673 714 713 592 766 654 635 782 561 723 587
 640 697 573 637 796 750 611 781 787 612 610 785 683 680 670
 623 801 621 689 739 628 626 802 634 747 630 633 746 724 775
 794 727 725 721 662 773 661 596 594 711 712 583 762 803 672
 733 554 618 678 616 656 717 590 804 716 752 700 753 576 638
 786 788 604 608 805 622 684 560 738 682 691 624 690 565 742
 694 696 569 571 795 601 664 668 665 667 771 657 772 798 722
 708 586 650 651 761 732 674 556 800 555 767 591 765 718 652
 756 754 645 758 578 580 792 646 797 581 705 566 790 799 731
 655 688 745 778 676 715 699 783 736 720 760 755 846 1027 969
 911 972 899 1019 897 1018 900 815 993 811 992 933 922 987 989
 865 806 919 856 858 984 917 951 826 889 827 885 965 1022 1026
 902 842 855 975 916 852 913 833 890 954 1014 923 1003 878 821
 945 883 873 1043 872 997 819 909 1028 847 848 974 895 1017 1020
 896 898 1021 813 871 1042 866 814 996 809 928 861 988 807 932
 982 1037 981 921 918 986 887 828 948 1008 1011 843 841 903 964
 906 968 976 912 853 1032 977 1036 1013 891 894 832 958 824 1044
 943 880 947 816 938 877 940 1001 908 950 953 881 818 910 973
 907 850 1056 971 960 839 836 962 1052 934 812 867 870 868 930
 862 808 810 990 983 926 1038 1041 860 952 949 884 1009 888 1045
 844 845 966 1053 905 1033 980 1057 854 978 957 834 1015 892 893
 956 1002 946 822 1006 1050 823 941 942 876 820 1049 999 1030 970
 924 1031 849 959 963 840 838 961 994 869 937 1048 936 863 991
 864 931 1054 857 859 1058 920 1040 830 1010 886 1051 829 1025 1047
 967 904 1024 1035 851 979 925 914 1012 1016 831 835 1055 1004 825
 879 882 1005 998 875 817 1000 874 837 995 927 985 901 915 1046
 935 929 1039 1023 1034 1029 1007 955 944 939 1071 1060 1076 1066 1059
 1067 1072 1064 1069 1074 1080 1062 1070 1079 1065 1061 1078 1077 1063 1081
 1068 1075 1073 1100 1096 1095 1103 1101 1102 1099 1093 1098 1094 1097 1082
 1088 1092 1085 1087 1083 1090 1091 1084 1089 1086 1104 1105
0 1 6 4 8 7 11 9 10 2 12 3 5 15
 22 18 21 13 20 23 19 14 17 16 36 102 163 47 103
 166 167 138 101 164 78 165 38 535 43 44 537 541 531 46
 42 24 536 412 479 179 493 28 420 217 205 523 461 244 419
 507 271 261 411 280 240 207 183 505 223 213 210 481 29 482
 427 177 530 260 486 34 242 209 32 25 255 169 33 522 197
 514 469 259 227 451 201 218 494 222 30 256 517 463 471 448
 248 181 516 184 279 180 426 475 511 433 206 510 208 27 224
 287 174 453 272 281 525 457 506 216 212 200 26 250 236 31
 470 249 518 429 456 267 243 480 202 35 527 439 239 428 278
 434 425 462 504 438 170 203 225 485 199 238 487 421 251 477
 410 464 484 495 317 309 357 54 122 64 51 52 85 294 399
 403 311 302 160 389 327 289 129 326 70 316 402 365 115 349
 53 68 107 398 87 407 303 307 352 130 66 86 133 385 72
 310 83 120 350 373 140 131 374 98 386 345 118 113 335 396
 388 79 97 143 60 336 108 155 65 135 291 114 366 61 390
 346 290 297 344 82 391 99 93 162 372 296 315 409 59 92
 353 314 117 142 128 400 406 375 134 69 367 308 71 319 116
 351 139 364 312 154 395 141 383 156 397 356 313 384 354 159
 363 340 358 306 150 459 246 189 220 253 449 190 466 454 282
 232 528 226 450 414 437 172 483 491 276 262 478 520 489 515
 503 175 191 499 496 521 492 173 269 233 214 194 219 288 229
 245 211 270 188 264 283 252 418 215 185 196 502 228 235 273
 467 254 501 277 231 436 424 458 192 234 498 186 198 526 187
 257 268 423 258 178 476 265 460 513 519 488 171 247 432 182
 452 275 176 230 168 241 435 195 263 284 417 465 455 274 266
 430 221 422 204 285 193 529 490 508 497 286 500 431 416 413
 512 237 415 468 524 509 55 330 110 376 333 405 152 404 112
 94 119 148 408 545 387 109 343 324 342 381 338 552 361 158
 341 550 100 544 84 355 58 153 56 73 144 125 67 126 145
 401 301 57 337 49 48 334 96 80 151 147 382 77 347 157
 137 322 393 292 300 370 88 50 136 161 121 348 378 149 321
 293 63 123 127 368 76 362 89 75 547 295 379 359 543 331
 392 106 551 369 124 111 320 380 90 339 325 105 81 91 377
 394 146 332 548 62 299 318 305 360 132 546 304 328 104 323
 542 329 298 95 549 74 371 539 532 39 533 538 540 534 40
 41 37 45 447 446 441 473 443 474 445 444 440 442 472 567
 739 743 628 686 599 726 776 728 600 578 579 755 758 706 611
 784 603 786 609 621 683 560 737 682 651 583 647 761 587 749
 701 574 637 576 554 679 617 733 678 571 629 570 745 694 597
 720 722 658 594 717 652 590 589 718 654 713 653 764 765 591
 690 565 742 563 627 598 602 777 774 663 641 581 645 704 643
 605 783 612 606 788 781 558 561 738 622 681 620 708 709 711
 584 762 648 698 700 577 752 640 616 676 677 614 618 744 693
 692 569 633 630 721 769 661 723 657 659 566 666 705 638 557
 626 689 671 564 802 688 668 799 664 667 775 724 582 580 792
 757 646 644 608 607 780 610 785 736 562 670 619 559 710 707
 712 803 586 575 635 796 699 753 750 555 553 669 732 729 800
 695 790 634 632 568 660 770 798 773 595 691 687 741 625 624
 727 601 794 725 665 642 702 703 754 797 604 805 789 782 613
 685 623 684 801 735 763 672 760 585 650 697 791 636 639 573
 556 615 674 730 675 795 572 746 631 748 719 772 593 596 793
 588 715 804 716 673 592 655 656 767 766 714 779 680 649 696
 662 787 734 759 747 771 740 778 756 751 731 768 949 830 1011
 1051 886 977 1057 976 854 979 967 1026 1053 841 906 833 891 1055
 957 1013 815 935 1048 992 871 872 819 817 874 1001 881 1003 882
 1004 1005 929 928 810 864 987 986 856 858 917 1037 1030 969 974
 1031 973 837 1021 839 896 1019 948 889 1007 885 952 853 1033 916
 912 914 980 845 844 1022 1024 901 964 834 1015 831 954 894 955
 866 934 995 936 868 814 1049 938 876 998 940 821 824 946 943
 822 1050 863 931 807 1054 989 806 1040 985 860 1058 859 849 847
 907 909 846 961 1052 959 899 836 826 941 1039 1056 1020 884 951
 1045 887 1008 827 852 1032 925 1034 915 965 1047 966 904 905 956
 923 953 1016 835 812 993 813 937 994 939 942 1043 875 999 816
 1002 878 1006 879 883 809 808 861 988 927 981 919 921 982 918
 984 971 970 972 1028 1027 1029 960 838 1018 840 900 963 950 829
 828 1010 1009 975 855 1036 1035 978 843 1025 902 1023 968 1014 958
 1012 890 893 1042 811 996 870 933 877 818 820 1000 997 825 945
 944 947 823 932 922 990 865 930 857 983 926 1041 1038 850 910
 924 908 848 962 898 1046 1017 897 851 842 832 867 1044 991 913
 903 892 869 880 862 888 873 920 911 895 1075 1070 1076 1080 1078
 1071 1079 1074 1073 1077 1072 1068 1063 1060 1069 1062 1067 1059 1065 1066
 1064 1061 1081 1091 1099 1088 1087 1092 1090 1098 1089 1102 1101 1100 1084
 1097 1093 1094 1082 1083 1104 1085 1086 1095 1096 1103 1105
0 2 4 15 9 22 7 18 17 5 23 19 10 21
 8 6 13 11 20 16 12 1 3 14 24 34 33 31 32
 26 27 35 30 25 28 29 516 416 451 482 422 460 492 448
 525 445 490 80 428 414 410 447 453 129 128 67 62 488 522
 43 418 41 119 98 99 113 513 112 115 515 37 438 165 111
 109 51 126 131 94 472 526 509 166 441 118 120 440 110 519
 463 57 86 455 421 489 159 477 432 36 135 511 493 439 46
 524 40 136 497 114 512 38 427 42 137 452 457 503 444 449
 45 162 147 498 435 63 44 433 424 458 87 167 468 85 103
 506 59 487 125 95 71 66 157 155 102 470 484 133 411 61
 56 50 462 146 480 502 508 450 471 130 70 55 124 39 426
 523 148 514 105 228 220 388 298 541 536 293 382 362 189 235
 221 326 367 377 356 385 310 320 253 224 539 233 171 251 186
 250 217 216 363 170 276 274 175 283 259 206 244 531 282 248
 262 177 387 285 396 261 218 354 325 275 277 260 249 389 290
 409 324 179 330 208 403 305 333 369 304 313 238 395 371 173
 254 215 172 402 347 219 169 272 210 532 534 364 327 337 295
 214 349 197 242 225 345 533 538 207 355 307 407 405 309 394
 374 318 229 241 404 344 535 346 537 266 230 316 353 540 343
 294 204 384 265 321 200 314 211 190 178 222 237 201 376 350
 336 287 390 401 299 281 288 213 368 372 232 243 322 236 338
 203 397 231 301 239 341 348 168 312 198 286 358 391 406 176
 191 234 182 291 296 193 195 267 335 196 185 271 351 308 340
 300 400 393 365 187 212 278 339 366 245 292 289 247 331 188
 375 383 360 252 268 323 194 227 334 199 329 284 246 328 258
 205 386 352 264 357 303 280 317 373 306 240 209 380 263 270
 392 273 202 192 257 226 223 181 408 378 311 279 332 183 174
 180 269 256 184 370 255 48 83 90 52 501 141 461 467 145
 456 475 161 491 442 116 91 64 496 72 108 140 101 415 517
 521 474 96 47 412 466 81 132 530 84 49 494 434 429 481
 122 134 479 93 58 106 160 151 144 89 419 459 464 79 152
 507 500 54 436 478 431 158 425 485 127 77 117 483 100 150
 528 123 469 495 413 510 142 74 88 163 92 417 499 446 97
 465 420 78 65 149 527 60 139 505 529 143 73 486 104 454
 53 75 437 443 518 107 154 476 82 121 138 68 156 504 430
 164 423 520 153 473 76 69 399 398 359 302 315 297 319 381
 379 361 342 547 546 543 551 545 548 544 550 542 552 549 580
 645 642 582 641 886 888 828 884 826 576 638 574 636 635 843
 903 901 842 841 915 855 925 913 912 662 594 659 658 593 1062
 1068 1065 1069 1064 859 919 858 921 856 650 648 583 584 647 809
 810 864 865 861 590 591 673 656 655 653 652 589 592 654 588
 581 646 643 578 579 887 829 827 889 885 640 639 575 573 577
 904 844 905 845 902 906 914 854 853 852 851 916 661 595 596
 657 597 660 1061 1067 1063 1060 1059 926 860 920 917 918 586 585
 651 672 649 587 808 863 922 862 806 807 644 830 637 1066 857
 792 702 758 755 705 704 1009 948 952 1008 1011 951 697 791 700
 751 750 701 1047 1022 966 1023 1024 979 975 980 1036 976 771 769
 770 721 719 1070 1078 1071 1073 1074 1080 1038 1037 1041 983 1040 986
 759 712 710 711 760 989 930 929 990 928 754 703 756 757 706
 949 950 1010 1007 1045 753 749 699 752 698 964 967 1025 968 965
 1032 1035 1034 977 978 772 773 723 720 793 1076 1079 1077 1075 1072
 981 985 1039 984 982 708 707 762 761 763 927 931 987 988 991
 765 713 717 764 718 715 767 766 716 768 714 1026 1033 722 709
 932 1053 1057 798 803 1054 797 1051 796 1081 1058 804 617 555 615
 554 669 892 834 835 893 831 867 869 815 868 813 612 606 605
 604 613 569 570 571 568 572 839 899 836 900 898 622 559 619
 562 620 822 823 879 883 881 626 627 565 625 564 601 666 668
 598 664 924 910 850 908 848 616 556 557 614 553 833 891 832
 894 923 890 870 812 866 871 814 811 608 611 609 610 607 603
 634 633 632 630 631 629 837 840 897 896 895 560 561 623 621
 670 558 825 824 882 821 880 878 628 566 624 567 671 665 667
 600 602 663 909 849 907 847 846 618 838 563 599 911 678 675
 733 677 731 730 1012 1015 1016 957 956 933 995 935 1042 996 781
 788 783 789 782 694 696 692 693 695 959 1017 963 960 1020 1019
 738 737 683 682 685 943 1044 1005 947 1003 739 690 689 688 743
 740 774 776 778 724 725 728 970 1027 972 1029 971 1028 674 729
 676 732 679 953 954 1014 958 1013 934 937 994 936 993 787 780
 784 786 785 747 745 746 748 744 962 1018 1046 961 1021 680 734
 681 736 735 1002 946 1004 945 944 686 687 691 741 742 775 727
 794 726 777 969 1031 973 1030 974 955 992 779 790 684 1006 1055
 1048 805 795 801 1050 800 1052 802 799 1056 874 876 872 877 819
 820 875 873 817 818 816 1000 997 938 942 939 941 998 940 999
 1001 1043 1049 1090 1084 1089 1092 1087 1091 1085 1088 1086 1083 1082 1099
 1096 1093 1095 1100 1101 1103 1098 1102 1094 1097 1104 1105
0 6 15 4 3 5 1 21 14 22 11 10 19 18
 8 2 20 23 13 12 16 7 9 17 24 31 30 25 29
 32 33 34 26 27 35 28 347 389 337 355 313 333 307 367
 290 369 326 177 190 399 402 210 299 298 184 175 251 403 359
 392 357 391 193 195 346 364 215 200 237 372 338 179 320 207
 241 204 221 219 281 361 254 187 174 256 286 171 304 201 258
 198 269 270 279 278 363 276 351 398 368 250 315 332 244 329
 386 365 288 188 268 228 289 285 335 216 295 305 379 408 407
 314 202 183 257 302 274 334 272 383 409 283 217 235 345 203
 381 196 405 192 325 220 238 218 214 208 271 297 186 388 191
 354 255 352 327 301 319 169 322 262 344 194 343 382 296 287
 342 259 324 199 427 66 487 99 437 529 78 56 499 77 526
 157 516 482 464 90 68 469 130 107 92 430 88 159 67 63
 120 133 87 514 144 148 62 137 135 167 143 447 474 74 47
 438 102 483 433 467 140 71 55 165 76 142 141 73 460 451
 452 440 513 442 51 411 458 422 492 488 490 155 419 150 139
 439 508 75 457 445 80 468 471 512 485 510 129 124 448 449
 131 106 163 93 83 95 505 415 126 416 525 489 410 420 54
 91 82 48 111 528 146 486 85 501 89 122 434 84 504 113
 465 109 108 81 121 125 42 521 470 429 417 128 59 58 65
 96 441 151 79 418 166 50 500 45 424 479 423 515 436 41
 98 123 476 477 443 134 138 425 60 421 94 132 40 158 413
 105 494 527 127 37 112 119 456 44 162 507 463 453 49 149
 72 64 53 46 426 412 498 153 104 466 161 43 517 52 509
 100 493 164 461 118 160 61 431 38 103 36 530 518 156 428
 496 462 480 481 450 154 473 145 152 69 520 454 117 491 57
 39 475 70 110 455 478 495 459 524 116 97 497 444 136 86
 446 147 519 114 101 115 170 233 321 312 539 173 181 387 341
 182 185 340 222 404 311 356 358 247 406 353 277 380 537 168
 284 541 331 206 246 178 197 348 280 293 360 180 330 239 223
 224 303 264 230 317 371 350 339 266 242 362 263 395 397 292
 267 211 384 176 240 273 373 212 531 370 248 366 294 376 385
 310 375 309 252 213 535 189 249 229 225 253 231 396 243 308
 316 377 318 393 323 236 328 261 536 538 172 275 533 390 226
 400 282 540 205 209 265 378 234 374 349 300 394 306 534 532
 401 232 245 336 227 260 291 523 414 484 511 522 506 503 502
 432 435 472 545 550 549 547 542 551 552 543 546 548 544 917
 860 856 918 920 832 831 833 891 893 664 602 663 601 667 820
 873 872 875 874 925 914 851 915 854 656 592 673 588 655 882
 883 821 881 823 642 580 644 579 581 605 603 606 611 610 626
 567 624 564 565 658 596 661 657 597 595 659 593 660 662 594
 921 857 919 858 926 892 894 890 923 834 668 665 666 600 599
 818 876 877 817 816 819 852 916 855 912 853 913 589 590 652
 653 654 591 880 822 879 824 825 646 578 582 641 645 612 608
 604 613 609 607 625 566 627 563 671 628 859 835 598 878 643
 1041 984 1038 981 986 1040 1016 1014 1013 954 1015 956 778 726 775
 776 728 727 939 940 942 997 1001 980 1035 1033 979 978 715 766
 767 714 716 944 946 1004 943 1044 1006 755 756 754 704 706 792
 786 781 780 782 779 687 740 686 743 742 1039 983 982 1037 985
 955 957 1012 953 958 794 724 774 777 725 941 998 1043 1000 999
 977 976 1032 975 1036 718 765 764 713 717 945 1002 1003 947 1005
 757 758 702 703 705 783 784 788 789 787 688 691 741 689 739
 720 723 773 721 771 769 719 770 793 772 722 938 1034 768 785
 690 1049 1057 804 805 802 1058 1055 799 1050 797 798 924 911 909
 908 846 827 888 884 889 828 568 571 569 572 570 583 585 647
 649 584 866 867 812 811 814 623 560 559 620 622 840 899 895
 898 839 1066 1069 1060 1059 1062 806 808 865 861 863 576 637 573
 635 575 669 618 554 617 556 847 850 848 910 849 886 887 826
 885 830 829 630 632 629 631 634 633 648 651 650 587 586 672
 870 871 815 813 869 868 619 670 561 558 621 896 837 836 900
 897 838 1063 1061 1065 1067 1064 1068 864 862 922 807 810 574 577
 639 636 638 616 557 615 553 555 907 562 809 640 614 973 1030
 970 1027 974 971 1007 1010 949 951 1011 695 694 692 693 696 760
 708 707 762 761 935 995 1042 994 992 736 737 680 735 681 682
 963 1018 1019 1021 962 1074 1077 1080 1078 1075 929 991 928 987 931
 990 751 752 791 698 701 753 676 732 675 729 679 731 1029 972
 969 1028 1031 1008 952 950 1009 1045 745 747 744 748 746 712 711
 759 709 763 934 933 996 937 936 684 683 734 685 738 1046 1020
 960 1017 961 1073 1070 1072 1071 1076 989 930 927 988 932 699 700
 697 749 750 677 733 674 730 678 948 790 710 993 959 1079 1051
 795 803 1048 1052 1081 1056 801 1054 796 800 906 901 843 842 844
 902 845 904 903 841 905 967 1026 1025 1047 1022 965 1023 964 968
 966 1024 1053 1094 1103 1097 1101 1095 1093 1098 1100 1096 1099 1102 1091
 1090 1087 1086 1089 1085 1083 1088 1092 1082 1084 1104 1105
0 24 27 34 35 26 25 30 28 33 29 31 32 551
 542 548 550 547 552 549 544 546 545 543 1 6 5 2 8
 10 7 11 12 9 3 4 41 45 38 42 46 36 39 44
 43 37 40 92 145 159 124 60 91 103 166 152 56 134 58
 109 51 94 76 160 84 117 86 67 83 81 163 88 122 73
 149 113 62 97 140 162 142 69 135 68 64 105 66 119 71
 147 110 52 47 146 61 108 112 77 139 101 157 99 120 53
 141 85 111 148 95 59 90 106 96 75 167 158 138 65 127
 87 102 121 72 150 50 125 126 118 143 133 154 132 131 129
 57 82 136 151 116 98 78 104 80 128 144 48 93 89 107
 74 123 137 55 153 130 165 164 100 115 49 63 161 79 70
 156 155 54 114 381 404 349 329 409 406 322 292 366 384 291
 327 294 356 337 317 320 305 389 365 342 399 355 358 405 392
 370 319 307 372 339 311 354 309 408 394 296 378 298 402 379
 388 393 360 289 300 348 403 375 387 290 308 386 377 368 340
 304 328 310 338 303 341 344 325 357 350 363 347 352 314 380
 400 369 343 335 333 306 332 382 385 391 367 361 336 376 330
 383 315 295 397 396 407 390 401 334 302 331 326 359 395 324
 323 312 351 297 364 299 301 345 293 373 318 398 313 362 374
 353 371 316 346 321 212 218 178 175 277 180 256 204 272 206
 274 213 275 263 228 224 185 244 196 219 201 226 199 270 281
 237 255 286 183 279 195 184 288 174 269 268 231 265 179 225
 171 253 264 245 243 262 242 251 182 227 198 223 229 188 241
 230 276 287 235 214 170 233 271 236 284 200 190 181 232 191
 266 211 250 282 234 273 187 176 249 222 240 194 285 197 278
 283 216 252 221 205 208 238 168 246 254 177 247 220 217 209
 186 260 248 193 210 203 267 258 257 280 189 239 261 207 215
 169 192 173 259 202 172 410 529 412 519 426 524 427 447 469
 507 506 451 444 467 494 527 414 416 454 489 434 450 446 505
 430 508 479 491 487 466 497 483 468 515 422 500 432 417 448
 473 431 421 528 522 428 512 456 480 511 525 488 470 513 463
 464 516 439 423 442 418 461 471 501 449 520 502 514 477 492
 436 457 518 510 441 484 521 486 438 460 429 523 437 478 509
 424 495 503 440 504 517 445 472 475 496 498 433 420 419 435
 493 482 458 455 462 476 443 465 499 481 413 474 485 453 490
 415 459 530 425 452 411 526 539 532 535 536 533 534 541 540
 531 538 537 14 23 20 22 21 17 15 19 16 13 18 570
 644 595 639 666 631 564 654 614 599 563 559 659 649 600 603
 588 553 647 663 645 611 628 586 601 578 670 652 657 664 646
 623 618 576 668 569 608 590 637 665 633 594 555 672 667 613
 562 567 577 602 568 642 605 625 619 589 669 658 574 648 598
 561 627 673 617 585 607 620 660 636 584 643 606 653 615 575
 629 641 558 671 593 635 634 622 591 662 556 640 630 604 624
 554 573 583 571 612 566 656 651 580 626 560 661 650 581 610
 565 621 655 638 572 582 592 557 597 587 609 579 632 596 616
 843 899 873 824 887 815 842 898 913 918 807 814 891 897 872
 858 828 922 890 895 841 878 826 844 910 875 863 869 831 836
 907 851 812 835 845 850 882 860 864 892 924 820 914 886 808
 849 874 920 854 823 921 916 883 889 871 833 909 855 919 809
 923 848 819 881 885 903 908 821 853 813 846 816 912 861 811
 839 915 825 926 830 901 817 857 879 862 840 876 925 888 870
 837 904 822 859 867 893 838 905 829 810 894 906 900 911 877
 832 896 902 847 818 880 852 917 827 806 866 856 834 884 868
 865 1064 1062 1065 1068 1069 1067 1059 1060 1063 1061 1066 788 684 718
 733 773 748 706 743 685 679 745 755 783 736 715 741 766 723
 677 751 696 787 690 772 753 702 779 729 791 707 703 764 770
 749 759 694 680 674 697 708 744 782 735 719 709 705 785 742
 722 731 790 756 689 767 711 747 758 700 712 794 789 768 793
 701 763 728 688 676 720 699 760 778 695 757 784 737 710 726
 792 738 717 678 762 727 692 686 713 769 774 693 780 687 681
 675 776 754 781 739 765 771 775 704 740 730 698 777 746 682
 716 750 725 786 683 732 721 724 691 734 714 761 752 967 973
 942 1041 1010 995 958 968 1001 1036 1011 1046 939 944 1039 929 1014
 940 945 989 1042 1015 966 962 1031 985 953 1017 997 1032 981 933
 964 1037 975 950 988 959 970 949 927 934 1013 965 976 1003 928
 993 961 971 1005 978 1045 990 957 1030 983 1004 952 994 1016 963
 946 980 991 1021 974 986 932 996 955 1023 1034 1007 935 1026 972
 984 977 1008 1000 1006 1009 931 937 1022 969 943 948 987 954 1018
 1027 1044 992 1012 998 1033 1038 1002 1019 1028 1043 982 951 956 1024
 999 1040 936 960 1025 941 1035 930 947 1029 1020 979 938 1047 1080
 1073 1074 1078 1071 1070 1079 1076 1072 1075 1077 801 802 804 796 803
 795 797 805 800 798 799 1053 1052 1056 1049 1050 1057 1055 1058 1051
 1054 1048 1081 1087 1085 1088 1083 1090 1082 1084 1089 1086 1092 1091 1102
 1095 1094 1096 1100 1103 1101 1097 1099 1093 1098 1105 1104
1 0 12 4 3 9 10 7 11 5 6 8 2 17
 18 22 19 13 14 16 21 20 15 23 24 540 535 537 531
 533 539 538 532 534 541 536 549 548 546 544 542 547 551 543
 545 552 550 115 137 101 140 98 100 146 68 64 53 76 96
 126 58 66 81 107 124 130 162 163 150 134 71 59 113 94
 118 114 166 50 84 104 105 133 78 62 108 158 73 88 67
 135 91 82 148 120 75 152 123 127 80 72 153 116 103 131
 49 155 121 167 54 119 111 112 51 132 47 142 69 97 143
 102 144 90 159 151 65 109 125 154 77 138 149 61 56 92
 60 48 139 83 55 57 147 86 136 128 87 52 160 141 93
 95 106 164 99 79 156 70 145 110 129 89 165 85 157 63
 117 161 74 122 169 205 196 277 259 175 241 275 223 237 272
 178 227 176 232 218 219 180 172 188 279 250 258 266 197 253
 170 224 233 193 271 242 265 225 229 230 268 179 276 281 184
 244 246 181 235 252 288 239 260 206 270 255 269 174 211 182
 199 200 210 231 209 201 191 284 185 192 280 247 264 214 183
 262 228 286 194 273 212 285 254 215 171 186 261 249 236 203
 168 238 287 278 256 248 251 216 245 213 267 195 202 243 177
 221 207 190 240 234 282 274 189 283 198 257 222 204 217 173
 263 226 208 187 220 430 443 465 484 411 461 470 474 468 525
 456 435 475 438 515 455 519 483 429 444 494 476 493 499 454
 529 513 459 418 487 439 416 458 436 502 498 482 478 422 467
 486 491 419 521 518 501 415 464 496 437 420 506 450 433 445
 460 448 451 520 472 452 503 507 431 488 516 425 457 527 523
 508 524 471 479 421 492 510 528 517 505 466 434 449 413 522
 410 477 453 446 424 447 442 526 490 500 440 489 473 495 509
 412 469 504 485 432 514 423 481 480 512 427 414 462 441 497
 417 426 511 463 530 428 293 384 367 357 350 368 345 316 375
 339 366 295 320 309 341 337 403 379 402 347 335 408 323 398
 306 358 299 392 342 297 385 388 291 369 378 382 310 381 298
 321 376 364 356 397 389 363 301 318 374 387 325 396 308 409
 390 328 326 331 315 380 305 399 400 332 289 386 330 401 333
 377 360 395 346 312 406 334 391 353 394 349 344 294 354 303
 404 362 307 324 407 336 322 314 292 340 296 365 373 352 302
 304 338 348 319 361 371 317 327 290 355 405 313 372 300 393
 311 343 359 351 370 329 383 30 27 33 34 25 26 35 29
 31 28 32 37 44 38 45 42 39 43 40 41 36 46 703
 758 756 706 704 696 790 746 744 694 688 743 740 691 742 680
 684 738 735 737 784 785 780 779 788 676 678 675 731 679 713
 718 764 765 717 710 707 760 761 711 775 778 728 724 774 772
 769 719 723 720 791 701 699 753 752 697 700 751 698 750 749
 705 754 702 755 792 748 745 747 692 695 739 687 741 686 690
 736 682 681 685 734 683 789 781 782 787 786 783 730 732 729
 677 733 674 716 714 766 767 715 762 712 709 759 763 777 794
 725 726 727 776 773 721 793 722 771 770 757 693 689 768 708
 581 646 582 645 642 580 630 568 572 629 571 631 628 624 564
 563 671 565 558 562 560 621 559 612 603 604 611 613 618 615
 616 669 553 652 591 589 653 590 654 587 583 672 649 650 648
 599 665 602 601 663 594 660 658 596 662 579 643 644 578 641
 570 633 632 569 634 567 627 566 626 625 622 619 623 561 670
 608 610 609 605 607 614 556 617 554 557 673 656 588 592 655
 586 647 584 651 585 598 667 666 664 600 661 659 593 597 595
 638 636 574 576 635 577 573 640 639 637 575 620 606 555 668
 657 801 805 800 799 798 797 795 802 804 803 796 854 925 912
 852 913 830 827 826 828 829 856 857 917 918 859 882 821 880
 879 883 814 871 866 869 813 840 837 897 898 839 923 831 892
 893 894 849 910 924 850 907 901 845 904 903 841 861 863 810
 862 865 872 877 819 876 874 916 855 851 853 915 885 889 888
 887 886 884 858 919 920 926 860 921 822 825 824 823 881 878
 867 812 868 811 815 870 896 836 899 895 838 833 891 834 890
 835 832 908 846 909 847 911 848 905 906 842 902 843 864 809
 807 808 922 817 818 875 873 820 914 900 844 806 816 1032 1036
 977 978 1033 980 951 950 952 949 948 1037 1039 984 983 1041 1002
 946 944 947 1003 994 1042 936 937 996 1046 1020 959 1019 1018 961
 958 953 954 1013 956 1030 971 973 970 1031 968 965 1022 966 1025
 1026 931 927 932 929 989 988 1000 997 939 942 941 938 975 976
 1035 979 1034 1011 1010 1009 1008 1007 981 1038 1040 985 986 1006 1044
 945 1004 1005 992 993 935 933 934 963 960 1017 1021 962 1016 955
 1014 1012 957 972 969 974 1028 1027 967 1023 1024 1047 964 990 930
 928 991 987 998 999 1001 940 1043 1045 982 943 995 1015 1029 1051
 1058 1050 1048 1055 1056 1057 1052 1053 1054 1049 1099 1095 1096 1101 1093
 1094 1098 1097 1100 1103 1102 1091 1086 1090 1085 1088 1084 1087 1089 1083
 1092 1082 1104 1071 1077 1074 1080 1070 1078 1079 1073 1076 1075 1072 1068
 1060 1059 1063 1065 1069 1066 1062 1064 1061 1067 1081 1105
