<v, Krein array>
<2759, [ 88, 31684/465, 356/15, 1, 1424/465, 979/15 ]>

P =
[   1  360 1408  990]
[   1   93  -16  -78]
[   1    0  -16   15]
[   1  -12   44  -33]

Q =
[      1      88    1958     712]
[      1  341/15       0 -356/15]
[      1      -1   -89/4    89/4]
[      1 -104/15    89/3 -356/15]

L = 
[
    [1 0 0 0]
    [0 1 0 0]
    [0 0 1 0]
    [0 0 0 1],

    [  0 360   0   0]
    [  1 117 176  66]
    [  0  45 180 135]
    [  0  24 192 144],

    [   0    0 1408    0]
    [   0  176  704  528]
    [   1  180  732  495]
    [   0  192  704  512],

    [  0   0   0 990]
    [  0  66 528 396]
    [  0 135 495 360]
    [  1 144 512 333]
]

L* =
[
    [1 0 0 0]
    [0 1 0 0]
    [0 0 1 0]
    [0 0 0 1],

    [        0        88         0         0]
    [        1  8771/465 31684/465         0]
    [        0  1424/465   5692/93    356/15]
    [        0         0    979/15    341/15],

    [        0         0      1958         0]
    [        0 31684/465 126647/93   7921/15]
    [        1   5692/93 129406/93    1513/3]
    [        0    979/15  16643/12  30349/60],

    [       0        0        0      712]
    [       0        0  7921/15  2759/15]
    [       0   356/15   1513/3  2759/15]
    [       1   341/15 30349/60  3649/20]
]
