<v, Krein array>
<540, [ 77, 60, 13, 1, 12, 65 ]>

P =
[  1  77 385  77]
[  1  17  -5 -13]
[  1  -1  -5   5]
[  1 -13  25 -13]

Q =
[  1  77 385  77]
[  1  17  -5 -13]
[  1  -1  -5   5]
[  1 -13  25 -13]

L = 
[
    [1 0 0 0]
    [0 1 0 0]
    [0 0 1 0]
    [0 0 0 1],

    [ 0 77  0  0]
    [ 1 16 60  0]
    [ 0 12 52 13]
    [ 0  0 65 12],

    [  0   0 385   0]
    [  0  60 260  65]
    [  1  52 280  52]
    [  0  65 260  60],

    [ 0  0  0 77]
    [ 0  0 65 12]
    [ 0 13 52 12]
    [ 1 12 60  4]
]

L* =
[
    [1 0 0 0]
    [0 1 0 0]
    [0 0 1 0]
    [0 0 0 1],

    [ 0 77  0  0]
    [ 1 16 60  0]
    [ 0 12 52 13]
    [ 0  0 65 12],

    [  0   0 385   0]
    [  0  60 260  65]
    [  1  52 280  52]
    [  0  65 260  60],

    [ 0  0  0 77]
    [ 0  0 65 12]
    [ 0 13 52 12]
    [ 1 12 60  4]
]
