<v, Krein array>
<1728, [ 110, 189/2, 15, 1, 15/2, 90 ]>

P =
[  1 264 770 693]
[  1  48  14 -63]
[  1   0 -10   9]
[  1 -24  50 -27]

Q =
[   1  110 1386  231]
[   1   20    0  -21]
[   1    2  -18   15]
[   1  -10   18   -9]

L = 
[
    [1 0 0 0]
    [0 1 0 0]
    [0 0 1 0]
    [0 0 0 1],

    [  0 264   0   0]
    [  1  60 140  63]
    [  0  48 108 108]
    [  0  24 120 120],

    [  0   0 770   0]
    [  0 140 315 315]
    [  1 108 364 297]
    [  0 120 330 320],

    [  0   0   0 693]
    [  0  63 315 315]
    [  0 108 297 288]
    [  1 120 320 252]
]

L* =
[
    [1 0 0 0]
    [0 1 0 0]
    [0 0 1 0]
    [0 0 0 1],

    [    0   110     0     0]
    [    1  29/2 189/2     0]
    [    0  15/2 175/2    15]
    [    0     0    90    20],

    [     0      0   1386      0]
    [     0  189/2 2205/2    189]
    [     1  175/2 2223/2    186]
    [     0     90   1116    180],

    [  0   0   0 231]
    [  0   0 189  42]
    [  0  15 186  30]
    [  1  20 180  30]
]
