<v, Krein array>
<527, [ 30, 2883/136, 93/8, 1, 279/136, 155/8 ]>

P =
[  1  96 270 160]
[  1  34  -9 -26]
[  1   0  -9   8]
[  1  -6  15 -10]

Q =
[    1    30   310   186]
[    1  85/8     0 -93/8]
[    1    -1 -31/3  31/3]
[    1 -39/8  31/2 -93/8]

L = 
[
    [1 0 0 0]
    [0 1 0 0]
    [0 0 1 0]
    [0 0 0 1],

    [ 0 96  0  0]
    [ 1 40 45 10]
    [ 0 16 48 32]
    [ 0  6 54 36],

    [  0   0 270   0]
    [  0  45 135  90]
    [  1  48 141  80]
    [  0  54 135  81],

    [  0   0   0 160]
    [  0  10  90  60]
    [  0  32  80  48]
    [  1  36  81  42]
]

L* =
[
    [1 0 0 0]
    [0 1 0 0]
    [0 0 1 0]
    [0 0 0 1],

    [       0       30        0        0]
    [       1 1061/136 2883/136        0]
    [       0  279/136   555/34     93/8]
    [       0        0    155/8     85/8],

    [       0        0      310        0]
    [       0 2883/136  5735/34    961/8]
    [       1   555/34  3131/17    217/2]
    [       0    155/8   1085/6  2635/24],

    [      0       0       0     186]
    [      0       0   961/8   527/8]
    [      0    93/8   217/2   527/8]
    [      1    85/8 2635/24  775/12]
]
