<v, Krein array>
<1225, [ 90, 84, 225/29, 1, 210/29, 90 ]>
r.1 = sqrt(145)

P =
[                1               522               522               180]
[                1  1/2*(7*r.1 + 29) 1/2*(-7*r.1 + 29)               -30]
[                1                -3                -3                 5]
[                1 1/2*(-7*r.1 + 29)  1/2*(7*r.1 + 29)               -30]

Q =
[                   1                   90                 1044                   90]
[                   1  1/58*(35*r.1 + 145)                   -6 1/58*(-35*r.1 + 145)]
[                   1 1/58*(-35*r.1 + 145)                   -6  1/58*(35*r.1 + 145)]
[                   1                  -15                   29                  -15]

L = 
[
    [1 0 0 0]
    [0 1 0 0]
    [0 0 1 0]
    [0 0 0 1],

    [  0 522   0   0]
    [  1 245 216  60]
    [  0 216 216  90]
    [  0 174 261  87],

    [  0   0 522   0]
    [  0 216 216  90]
    [  1 216 245  60]
    [  0 261 174  87],

    [  0   0   0 180]
    [  0  60  90  30]
    [  0  90  60  30]
    [  1  87  87   5]
]

L* =
[
    [1 0 0 0]
    [0 1 0 0]
    [0 0 1 0]
    [0 0 0 1],

    [     0     90      0      0]
    [     1      5     84      0]
    [     0 210/29     75 225/29]
    [     0      0     90      0],

    [   0    0 1044    0]
    [   0   84  870   90]
    [   1   75  893   75]
    [   0   90  870   84],

    [     0      0      0     90]
    [     0      0     90      0]
    [     0 225/29     75 210/29]
    [     1      0     84      5]
]
