<v, Krein array>
<2025, [ 44, 35, 31, 1, 5/2, 14 ]>

P =
[   1  308 1364  352]
[   1   98  -31  -68]
[   1    8  -31   22]
[   1   -7   14   -8]

Q =
[    1    44   616  1364]
[    1    14    16   -31]
[    1    -1   -14    14]
[    1 -17/2  77/2   -31]

L = 
[
    [1 0 0 0]
    [0 1 0 0]
    [0 0 1 0]
    [0 0 0 1],

    [  0 308   0   0]
    [  1 113 186   8]
    [  0  42 210  56]
    [  0   7 217  84],

    [   0    0 1364    0]
    [   0  186  930  248]
    [   1  210  913  240]
    [   0  217  930  217],

    [  0   0   0 352]
    [  0   8 248  96]
    [  0  56 240  56]
    [  1  84 217  50]
]

L* =
[
    [1 0 0 0]
    [0 1 0 0]
    [0 0 1 0]
    [0 0 0 1],

    [   0   44    0    0]
    [   1    8   35    0]
    [   0  5/2 21/2   31]
    [   0    0   14   30],

    [    0     0   616     0]
    [    0    35   147   434]
    [    1  21/2 403/2   403]
    [    0    14   182   420],

    [   0    0    0 1364]
    [   0    0  434  930]
    [   0   31  403  930]
    [   1   30  420  913]
]
