<v, Krein array>
<1000, [ 63, 48, 24, 1, 6, 28 ]>

P =
[  1  63 504 432]
[  1  23  24 -48]
[  1   3 -16  12]
[  1  -7  14  -8]

Q =
[  1  63 504 432]
[  1  23  24 -48]
[  1   3 -16  12]
[  1  -7  14  -8]

L = 
[
    [1 0 0 0]
    [0 1 0 0]
    [0 0 1 0]
    [0 0 0 1],

    [ 0 63  0  0]
    [ 1 14 48  0]
    [ 0  6 33 24]
    [ 0  0 28 35],

    [  0   0 504   0]
    [  0  48 264 192]
    [  1  33 254 216]
    [  0  28 252 224],

    [  0   0   0 432]
    [  0   0 192 240]
    [  0  24 216 192]
    [  1  35 224 172]
]

L* =
[
    [1 0 0 0]
    [0 1 0 0]
    [0 0 1 0]
    [0 0 0 1],

    [ 0 63  0  0]
    [ 1 14 48  0]
    [ 0  6 33 24]
    [ 0  0 28 35],

    [  0   0 504   0]
    [  0  48 264 192]
    [  1  33 254 216]
    [  0  28 252 224],

    [  0   0   0 432]
    [  0   0 192 240]
    [  0  24 216 192]
    [  1  35 224 172]
]
