<v, Krein array>
<1911, [ 195, 1925/12, 169/24, 1, 455/24, 715/4 ]>

P =
[   1  270  540 1100]
[   1   39   15  -55]
[   1   -3   -6    8]
[   1  -45   99  -55]

Q =
[     1    195   1650     65]
[     1  169/6  -55/3  -65/6]
[     1  65/12  -55/3 143/12]
[     1  -39/4     12  -13/4]

L = 
[
    [1 0 0 0]
    [0 1 0 0]
    [0 0 1 0]
    [0 0 0 1],

    [  0 270   0   0]
    [  1  49 110 110]
    [  0  55  50 165]
    [  0  27  81 162],

    [  0   0 540   0]
    [  0 110 100 330]
    [  1  50 214 275]
    [  0  81 135 324],

    [   0    0    0 1100]
    [   0  110  330  660]
    [   0  165  275  660]
    [   1  162  324  613]
]

L* =
[
    [1 0 0 0]
    [0 1 0 0]
    [0 0 1 0]
    [0 0 0 1],

    [      0     195       0       0]
    [      1  403/12 1925/12       0]
    [      0  455/24     169  169/24]
    [      0       0   715/4    65/4],

    [      0       0    1650       0]
    [      0 1925/12    1430  715/12]
    [      1     169  4271/3   169/3]
    [      0   715/4    1430   165/4],

    [     0      0      0     65]
    [     0      0 715/12  65/12]
    [     0 169/24  169/3   13/8]
    [     1   65/4  165/4   13/2]
]
