<v, Krein array>
<726, [ 87, 66, 16, 1, 11, 72 ]>

P =
[  1  87 522 116]
[  1  21  -6 -16]
[  1  -1  -6   6]
[  1 -12  27 -16]

Q =
[  1  87 522 116]
[  1  21  -6 -16]
[  1  -1  -6   6]
[  1 -12  27 -16]

L = 
[
    [1 0 0 0]
    [0 1 0 0]
    [0 0 1 0]
    [0 0 0 1],

    [ 0 87  0  0]
    [ 1 20 66  0]
    [ 0 11 60 16]
    [ 0  0 72 15],

    [  0   0 522   0]
    [  0  66 360  96]
    [  1  60 381  80]
    [  0  72 360  90],

    [  0   0   0 116]
    [  0   0  96  20]
    [  0  16  80  20]
    [  1  15  90  10]
]

L* =
[
    [1 0 0 0]
    [0 1 0 0]
    [0 0 1 0]
    [0 0 0 1],

    [ 0 87  0  0]
    [ 1 20 66  0]
    [ 0 11 60 16]
    [ 0  0 72 15],

    [  0   0 522   0]
    [  0  66 360  96]
    [  1  60 381  80]
    [  0  72 360  90],

    [  0   0   0 116]
    [  0   0  96  20]
    [  0  16  80  20]
    [  1  15  90  10]
]
