<v, Krein array>
<800, [ 119, 100, 15, 1, 20, 105 ]>

P =
[  1 119 595  85]
[  1  19  -5 -15]
[  1  -1  -5   5]
[  1 -21  35 -15]

Q =
[  1 119 595  85]
[  1  19  -5 -15]
[  1  -1  -5   5]
[  1 -21  35 -15]

L = 
[
    [1 0 0 0]
    [0 1 0 0]
    [0 0 1 0]
    [0 0 0 1],

    [  0 119   0   0]
    [  1  18 100   0]
    [  0  20  84  15]
    [  0   0 105  14],

    [  0   0 595   0]
    [  0 100 420  75]
    [  1  84 450  60]
    [  0 105 420  70],

    [ 0  0  0 85]
    [ 0  0 75 10]
    [ 0 15 60 10]
    [ 1 14 70  0]
]

L* =
[
    [1 0 0 0]
    [0 1 0 0]
    [0 0 1 0]
    [0 0 0 1],

    [  0 119   0   0]
    [  1  18 100   0]
    [  0  20  84  15]
    [  0   0 105  14],

    [  0   0 595   0]
    [  0 100 420  75]
    [  1  84 450  60]
    [  0 105 420  70],

    [ 0  0  0 85]
    [ 0  0 75 10]
    [ 0 15 60 10]
    [ 1 14 70  0]
]

Ext Q-bip Double
{120,119,100,15;1,20,105,120}
