<v, Krein array>
<2704, [ 51, 1248/25, 28, 1, 52/25, 24 ]>

P =
[   1  765 1428  510]
[   1  141  -28 -114]
[   1   11  -28   16]
[   1  -15   24  -10]

Q =
[    1    51  1224  1428]
[    1  47/5  88/5   -28]
[    1    -1   -24    24]
[    1 -57/5 192/5   -28]

L = 
[
    [1 0 0 0]
    [0 1 0 0]
    [0 0 1 0]
    [0 0 0 1],

    [  0 765   0   0]
    [  1 284 392  88]
    [  0 210 405 150]
    [  0 132 420 213],

    [   0    0 1428    0]
    [   0  392  756  280]
    [   1  405  752  270]
    [   0  420  756  252],

    [  0   0   0 510]
    [  0  88 280 142]
    [  0 150 270  90]
    [  1 213 252  44]
]

L* =
[
    [1 0 0 0]
    [0 1 0 0]
    [0 0 1 0]
    [0 0 0 1],

    [      0      51       0       0]
    [      1    2/25 1248/25       0]
    [      0   52/25  523/25      28]
    [      0       0      24      27],

    [       0        0     1224        0]
    [       0  1248/25 12552/25      672]
    [       1   523/25 13952/25      644]
    [       0       24      552      648],

    [   0    0    0 1428]
    [   0    0  672  756]
    [   0   28  644  756]
    [   1   27  648  752]
]

Ext Q-bip Double
{52,51,1248/25,28;1,52/25,24,52}
