<v, Krein array>
<506, [ 22, 3703/180, 2783/175, 1, 1771/900, 506/35 ]>

P =
[  1 210 280  15]
[  1  49 -42  -8]
[  1   1  -6   4]
[  1  -6   8  -3]

Q =
[      1      22     230     253]
[      1   77/15   23/21 -253/35]
[      1  -33/10  -69/14  253/35]
[      1 -176/15   184/3  -253/5]

L = 
[
    [1 0 0 0]
    [0 1 0 0]
    [0 0 1 0]
    [0 0 0 1],

    [  0 210   0   0]
    [  1 111  96   2]
    [  0  72 129   9]
    [  0  28 168  14],

    [  0   0 280   0]
    [  0  96 172  12]
    [  1 129 144   6]
    [  0 168 112   0],

    [ 0  0  0 15]
    [ 0  2 12  1]
    [ 0  9  6  0]
    [ 1 14  0  0]
]

L* =
[
    [1 0 0 0]
    [0 1 0 0]
    [0 0 1 0]
    [0 0 0 1],

    [        0        22         0         0]
    [        1    77/180  3703/180         0]
    [        0  1771/900 5203/1260  2783/175]
    [        0         0    506/35    264/35],

    [          0           0         230           0]
    [          0    3703/180   10879/252     5819/35]
    [          1   5203/1260 236371/1764   22264/245]
    [          0      506/35     4048/49   32568/245],

    [          0           0           0         253]
    [          0           0     5819/35     3036/35]
    [          0    2783/175   22264/245 179124/1225]
    [          1      264/35   32568/245   27324/245]
]
