<v, Krein array>
<2304, [ 98, 81, 36, 1, 6, 54 ]>

P =
[   1  196 1323  784]
[   1   52   27  -80]
[   1    4  -21   16]
[   1  -12   27  -16]

Q =
[   1   98 1323  882]
[   1   26   27  -54]
[   1    2  -21   18]
[   1  -10   27  -18]

L = 
[
    [1 0 0 0]
    [0 1 0 0]
    [0 0 1 0]
    [0 0 0 1],

    [  0 196   0   0]
    [  1  44 135  16]
    [  0  20 112  64]
    [  0   4 108  84],

    [   0    0 1323    0]
    [   0  135  756  432]
    [   1  112  762  448]
    [   0  108  756  459],

    [  0   0   0 784]
    [  0  16 432 336]
    [  0  64 448 272]
    [  1  84 459 240]
]

L* =
[
    [1 0 0 0]
    [0 1 0 0]
    [0 0 1 0]
    [0 0 0 1],

    [ 0 98  0  0]
    [ 1 16 81  0]
    [ 0  6 56 36]
    [ 0  0 54 44],

    [   0    0 1323    0]
    [   0   81  756  486]
    [   1   56  762  504]
    [   0   54  756  513],

    [  0   0   0 882]
    [  0   0 486 396]
    [  0  36 504 342]
    [  1  44 513 324]
]
