<v, Krein array>
<1029, [ 126, 110, 18, 1, 18, 105 ]>

P =
[  1 126 770 132]
[  1  21   0 -22]
[  1   0  -7   6]
[  1 -21  35 -15]

Q =
[  1 126 770 132]
[  1  21   0 -22]
[  1   0  -7   6]
[  1 -21  35 -15]

L = 
[
    [1 0 0 0]
    [0 1 0 0]
    [0 0 1 0]
    [0 0 0 1],

    [  0 126   0   0]
    [  1  15 110   0]
    [  0  18  90  18]
    [  0   0 105  21],

    [  0   0 770   0]
    [  0 110 550 110]
    [  1  90 583  96]
    [  0 105 560 105],

    [  0   0   0 132]
    [  0   0 110  22]
    [  0  18  96  18]
    [  1  21 105   5]
]

L* =
[
    [1 0 0 0]
    [0 1 0 0]
    [0 0 1 0]
    [0 0 0 1],

    [  0 126   0   0]
    [  1  15 110   0]
    [  0  18  90  18]
    [  0   0 105  21],

    [  0   0 770   0]
    [  0 110 550 110]
    [  1  90 583  96]
    [  0 105 560 105],

    [  0   0   0 132]
    [  0   0 110  22]
    [  0  18  96  18]
    [  1  21 105   5]
]
