<v, Krein array>
<816, [ 17, 63/5, 3757/525, 1, 119/75, 51/35 ]>

P =
[  1  45 315 455]
[  1  27  63 -91]
[  1  11 -25  13]
[  1  -3   3  -1]

Q =
[     1     17    135    663]
[     1   51/5     33 -221/5]
[     1   17/5  -75/7 221/35]
[     1  -17/5   27/7 -51/35]

L = 
[
    [1 0 0 0]
    [0 1 0 0]
    [0 0 1 0]
    [0 0 0 1],

    [ 0 45  0  0]
    [ 1 16 28  0]
    [ 0  4 28 13]
    [ 0  0  9 36],

    [  0   0 315   0]
    [  0  28 196  91]
    [  1  28 130 156]
    [  0   9 108 198],

    [  0   0   0 455]
    [  0   0  91 364]
    [  0  13 156 286]
    [  1  36 198 220]
]

L* =
[
    [1 0 0 0]
    [0 1 0 0]
    [0 0 1 0]
    [0 0 0 1],

    [       0       17        0        0]
    [       1     17/5     63/5        0]
    [       0   119/75   289/35 3757/525]
    [       0        0    51/35   544/35],

    [        0         0       135         0]
    [        0      63/5     459/7   1989/35]
    [        1    289/35   1653/49 22542/245]
    [        0     51/35    918/49 28128/245],

    [           0            0            0          663]
    [           0            0      1989/35     21216/35]
    [           0     3757/525    22542/245 2072096/3675]
    [           1       544/35    28128/245   130254/245]
]
