<v, Krein array>
<2120, [ 39, 2000/53, 55/2, 1, 120/53, 25/2 ]>

P =
[   1  520 1287  312]
[   1  120  -33  -88]
[   1   14  -33   18]
[   1  -10   15   -6]

Q =
[    1    39   650  1430]
[    1     9  35/2 -55/2]
[    1    -1 -50/3  50/3]
[    1   -11  75/2 -55/2]

L = 
[
    [1 0 0 0]
    [0 1 0 0]
    [0 0 1 0]
    [0 0 0 1],

    [  0 520   0   0]
    [  1 189 297  33]
    [  0 120 320  80]
    [  0  55 330 135],

    [   0    0 1287    0]
    [   0  297  792  198]
    [   1  320  774  192]
    [   0  330  792  165],

    [  0   0   0 312]
    [  0  33 198  81]
    [  0  80 192  40]
    [  1 135 165  11]
]

L* =
[
    [1 0 0 0]
    [0 1 0 0]
    [0 0 1 0]
    [0 0 0 1],

    [      0      39       0       0]
    [      1   14/53 2000/53       0]
    [      0  120/53 979/106    55/2]
    [      0       0    25/2    53/2],

    [        0         0       650         0]
    [        0   2000/53 24475/159    1375/3]
    [        1   979/106 33220/159    2585/6]
    [        0      25/2    1175/6    1325/3],

    [     0      0      0   1430]
    [     0      0 1375/3 2915/3]
    [     0   55/2 2585/6 2915/3]
    [     1   53/2 1325/3 5765/6]
]

Ext Q-bip Double
{40,39,2000/53,55/2;1,120/53,25/2,40}
