<v, Krein array>
<1170, [ 84, 65, 1440/91, 1, 84/13, 390/7 ]>

P =
[  1  91 350 728]
[  1  26  25 -52]
[  1   1 -10   8]
[  1 -13  25 -13]

Q =
[     1     84    845    240]
[     1     24   65/7 -240/7]
[     1      6 -169/7  120/7]
[     1     -6   65/7  -30/7]

L = 
[
    [1 0 0 0]
    [0 1 0 0]
    [0 0 1 0]
    [0 0 0 1],

    [ 0 91  0  0]
    [ 1 16 50 24]
    [ 0 13 26 52]
    [ 0  3 25 63],

    [  0   0 350   0]
    [  0  50 100 200]
    [  1  26 115 208]
    [  0  25 100 225],

    [  0   0   0 728]
    [  0  24 200 504]
    [  0  52 208 468]
    [  1  63 225 439]
]

L* =
[
    [1 0 0 0]
    [0 1 0 0]
    [0 0 1 0]
    [0 0 0 1],

    [      0      84       0       0]
    [      1      18      65       0]
    [      0   84/13   432/7 1440/91]
    [      0       0   390/7   198/7],

    [       0        0      845        0]
    [       0       65 30420/49  7800/49]
    [       1    432/7 29692/49  8640/49]
    [       0    390/7 30420/49  8255/49],

    [        0         0         0       240]
    [        0         0   7800/49   3960/49]
    [        0   1440/91   8640/49 30480/637]
    [        1     198/7   8255/49   2070/49]
]
