<v, Krein array>
<560, [ 39, 256/7, 8, 1, 24/7, 32 ]>

P =
[  1 195 234 130]
[  1  35  -6 -30]
[  1   0  -6   5]
[  1 -15  24 -10]

Q =
[    1    39   416   104]
[    1     7     0    -8]
[    1    -1 -32/3  32/3]
[    1    -9    16    -8]

L = 
[
    [1 0 0 0]
    [0 1 0 0]
    [0 0 1 0]
    [0 0 0 1],

    [  0 195   0   0]
    [  1  80  84  30]
    [  0  70  75  50]
    [  0  45  90  60],

    [  0   0 234   0]
    [  0  84  90  60]
    [  1  75 108  50]
    [  0  90  90  54],

    [  0   0   0 130]
    [  0  30  60  40]
    [  0  50  50  30]
    [  1  60  54  15]
]

L* =
[
    [1 0 0 0]
    [0 1 0 0]
    [0 0 1 0]
    [0 0 0 1],

    [    0    39     0     0]
    [    1  10/7 256/7     0]
    [    0  24/7 193/7     8]
    [    0     0    32     7],

    [      0       0     416       0]
    [      0   256/7 6176/21   256/3]
    [      1   193/7 6512/21   232/3]
    [      0      32   928/3   224/3],

    [    0     0     0   104]
    [    0     0 256/3  56/3]
    [    0     8 232/3  56/3]
    [    1     7 224/3  64/3]
]

Ext Q-bip Double
{40,39,256/7,8;1,24/7,32,40}
