<v, Krein array>
<2324, [ 69, 5488/83, 770/23, 1, 322/83, 840/23 ]>

P =
[   1  483 1518  322]
[   1   91  -22  -70]
[   1    8  -22   13]
[   1  -15   24  -10]

Q =
[      1      69    1176    1078]
[      1      13  448/23 -770/23]
[      1      -1 -392/23  392/23]
[      1     -15 1092/23 -770/23]

L = 
[
    [1 0 0 0]
    [0 1 0 0]
    [0 0 1 0]
    [0 0 0 1],

    [  0 483   0   0]
    [  1 144 308  30]
    [  0  98 315  70]
    [  0  45 330 108],

    [   0    0 1518    0]
    [   0  308  990  220]
    [   1  315  992  210]
    [   0  330  990  198],

    [  0   0   0 322]
    [  0  30 220  72]
    [  0  70 210  42]
    [  1 108 198  15]
]

L* =
[
    [1 0 0 0]
    [0 1 0 0]
    [0 0 1 0]
    [0 0 0 1],

    [         0         69          0          0]
    [         1     156/83    5488/83          0]
    [         0     322/83 60405/1909     770/23]
    [         0          0     840/23     747/23],

    [             0              0           1176              0]
    [             0        5488/83 23678760/43907     301840/529]
    [             1     60405/1909 26618620/43907     284130/529]
    [             0         840/23     309960/529     292824/529],

    [         0          0          0       1078]
    [         0          0 301840/529 268422/529]
    [         0     770/23 284130/529 268422/529]
    [         1     747/23 292824/529 259728/529]
]

Ext Q-bip Double
{70,69,5488/83,770/23;1,322/83,840/23,70}
