<v, Krein array>
<2530, [ 54, 5082/115, 143/5, 1, 231/115, 132/5 ]>

P =
[   1  450 1404  675]
[   1  120  -26  -95]
[   1    5  -26   20]
[   1  -10   24  -15]

Q =
[     1     54   1188   1287]
[     1   72/5   66/5 -143/5]
[     1     -1    -22     22]
[     1  -38/5  176/5 -143/5]

L = 
[
    [1 0 0 0]
    [0 1 0 0]
    [0 0 1 0]
    [0 0 0 1],

    [  0 450   0   0]
    [  1 161 234  54]
    [  0  75 250 125]
    [  0  36 260 154],

    [   0    0 1404    0]
    [   0  234  780  390]
    [   1  250  778  375]
    [   0  260  780  364],

    [  0   0   0 675]
    [  0  54 390 231]
    [  0 125 375 175]
    [  1 154 364 156]
]

L* =
[
    [1 0 0 0]
    [0 1 0 0]
    [0 0 1 0]
    [0 0 0 1],

    [       0       54        0        0]
    [       1 1013/115 5082/115        0]
    [       0  231/115   538/23    143/5]
    [       0        0    132/5    138/5],

    [        0         0      1188         0]
    [        0  5082/115  11836/23    3146/5]
    [        1    538/23 64746/115    3003/5]
    [        0     132/5    2772/5    3036/5],

    [     0      0      0   1287]
    [     0      0 3146/5 3289/5]
    [     0  143/5 3003/5 3289/5]
    [     1  138/5 3036/5 3256/5]
]
