<v, Krein array>
<1134, [ 49, 48, 644/75, 1, 196/75, 42 ]>

P =
[  1 483 350 300]
[  1  69 -10 -60]
[  1   0  -7   6]
[  1 -21  35 -15]

Q =
[    1    49   900   184]
[    1     7     0    -8]
[    1  -7/5   -18  92/5]
[    1 -49/5    18 -46/5]

L = 
[
    [1 0 0 0]
    [0 1 0 0]
    [0 0 1 0]
    [0 0 0 1],

    [  0 483   0   0]
    [  1 232 150 100]
    [  0 207 138 138]
    [  0 161 161 161],

    [  0   0 350   0]
    [  0 150 100 100]
    [  1 138 127  84]
    [  0 161  98  91],

    [  0   0   0 300]
    [  0 100 100 100]
    [  0 138  84  78]
    [  1 161  91  47]
]

L* =
[
    [1 0 0 0]
    [0 1 0 0]
    [0 0 1 0]
    [0 0 0 1],

    [     0     49      0      0]
    [     1      0     48      0]
    [     0 196/75  189/5 644/75]
    [     0      0     42      7],

    [     0      0    900      0]
    [     0     48 4860/7 1104/7]
    [     1  189/5    714  736/5]
    [     0     42    720    138],

    [      0       0       0     184]
    [      0       0  1104/7   184/7]
    [      0  644/75   736/5 2116/75]
    [      1       7     138      38]
]
